96.8527
96.7583
96.4531
96.2855
95.6857
96.4223
96.5145
96.4744
96.4289
96.3758
96.8023
96.3598
96.7582
96.7854
95.0996
96.5781
96.1989
96.4423
95.6168
95.8515
97.087
95.8157
96.1349
96.4664
96.0582
95.6118
96.0537
95.4625
96.5023
96.0141
96.2875
95.8603
96.4242
95.7116
96.1341
95.6148
96.6997
96.1103
96.2874
96.1205
96.7543
95.8882
96.9926
96.0112
96.5317
96.6651
96.1835
96.2217
95.9101
95.9755
95.943
96.4064
96.9821
96.7408
96.0216
96.1527
96.2033
95.3836
95.8763
96.1561
96.2639
96.1409
95.4435
96.8122
95.9509
96.4309
95.3884
96.1914
95.8117
95.9275
96.965
96.0838
97.2918
97.3759
96.0205
96.6148
95.6336
96.0414
96.9059
95.7092
97.1155
96.3151
96.1131
95.6839
96.3688
95.4913
96.2073
96.5195
96.3101
96.3298
95.6219
96.4224
96.7924
96.1163
95.9544
96.4072
96.1529
96.1991
95.2757
95.8619
96.2904
96.3527
95.959
95.8816
96.671
95.3148
96.643
95.9987
97.1228
96.3817
96.8798
95.1687
95.826
96.2157
96.5096
96.1535
95.9976
97.4891
96.6765
96.3218
96.1689
96.0195
96.604
96.2354
95.2933
96.5668
96.3727
95.8522
95.6372
96.6679
97.5441
96.3986
96.6089
96.2727
96.46
95.5552
96.7384
96.6001
95.8645
95.9769
95.8984
96.5975
95.732
96.4874
96.5108
95.867
96.4152
96.8423
96.1529
96.2508
96.2519
96.3748
96.1714
96.3435
95.4198
96.3695
95.9469
96.7098
95.7688
96.4265
96.4446
96.5431
96.4284
95.4707
95.8442
96.4178
96.1025
96.0252
96.0463
95.7802
96.0157
96.6335
96.7325
96.3851
96.0853
95.3264
96.4328
96.4066
96.4256
96.7155
97.2079
96.242
96.3426
95.6073
96.6378
95.7773
95.8978
96.0939
95.2833
95.8141
97.0236
96.5739
95.9847
96.1657
96.9378
96.0182
96.6802
95.7323
96.5557
96.56
96.0071
96.0751
97.2194
95.2902
96.5708
96.4167
96.8437
95.8085
96.4296
96.555
96.5961
96.0869
96.1396
97.2051
96.0316
95.6557
96.5696
95.9417
96.0652
95.8215
96.1228
95.6823
94.9051
96.5081
95.6683
95.5592
96.6546
97.5521
96.0868
96.6029
96.7982
95.4599
96.5109
96.9366
96.5228
96.68
96.5247
96.4543
96.0144
96.1905
96.4936
96.3422
96.7415
95.6449
95.5874
95.7418
95.674
96.3379
96.104
95.4701
96.8946
96.5735
96.0191
95.629
95.7729
96.2041
96.7135
96.6951
95.8581
96.4535
96.4052
96.356
95.4279
95.9107
95.7253
95.4305
96.8262
96.3041
96.0138
96.0635
96.1477
96.5209
96.6642
96.8047
96.6157
96.075
96.6361
96.729
97.0406
96.3444
95.4977
96.1348
96.8916
96.0822
96.7193
97.1766
95.7226
96.6519
95.5639
96.3995
95.7219
96.5566
96.0174
96.2935
96.4346
96.408
95.0777
96.7751
96.2856
95.8963
96.0563
96.68
95.8454
97.0371
97.2669
96.3091
95.3608
96.6418
96.7536
97.35
96.0578
96.2222
95.7313
95.9286
95.8057
95.1776
96.9857
95.6079
96.3764
95.975
95.7528
94.7293
96.1801
95.7928
96.2257
95.9066
95.3694
96.3473
96.0211
95.8217
96.4416
96.5868
96.3526
95.9082
95.9908
96.0007
96.8188
96.1351
96.2065
96.5331
96.081
96.4732
96.0549
95.2038
95.8486
96.3905
97.1504
97.3456
95.8041
97.5114
94.9582
96.1992
96.7397
96.9555
96.6998
95.5569
96.8099
96.5386
96.2577
95.0377
95.4917
96.2419
96.9746
95.7422
96.1735
95.6655
96.4716
96.5271
95.6746
95.6955
96.2804
96.5138
96.6628
96.2061
95.9414
97.5734
96.5265
96.6528
95.5337
96.1128
96.1647
95.9344
95.8625
96.4806
96.2567
95.8161
96.2987
95.8118
95.0867
95.5529
97.258
96.2291
95.4213
96.5111
96.2893
96.0435
96.4956
95.3373
96.1277
95.5331
96.0682
96.1222
96.5041
95.478
95.7978
96.1948
96.081
95.8327
96.4116
95.9874
96.6288
95.7392
95.896
96.4972
95.9031
96.4892
95.7649
96.1933
96.7309
95.9888
95.8216
97.2856
95.5956
95.9484
95.909
96.2902
95.4329
96.2968
96.0732
96.2377
95.394
96.0566
96.2843
96.4668
97.0616
95.9159
97.0588
96.3319
96.3767
95.6637
96.3016
95.9553
97.2549
96.1816
95.8152
96.2394
96.3793
97.4182
96.3057
96.7745
96.1138
97.3081
95.7966
95.8617
95.9171
96.755
95.7424
96.3753
96.5871
95.0485
97.0504
96.2724
95.6344
96.5331
96.3209
95.9612
96.3548
95.7075
96.5531
96.8429
95.6776
96.4556
96.1703
96.3215
96.6244
96.3172
96.8908
95.8397
96.0543
96.3572
96.4065
95.8814
96.6922
95.2389
95.9417
96.726
96.6742
96.4482
96.5592
95.8925
95.1304
96.2878
95.6941
96.9442
96.256
96.0946
95.8545
95.3255
96.161
96.6528
96.8114
96.0793
95.1988
96.5416
96.1929
95.8228
97.3706
95.9787
95.834
95.6644
96.2007
96.8892
96.0894
96.1481
96.7181
96.226
95.7216
96.5134
95.9792
96.5248
96.3858
96.1591
96.3281
96.058
95.9081
96.0252
96.2347
97.0294
95.7032
96.29
97.2859
97.1449
96.4414
96.1064
96.9904
95.9021
95.6565
95.7107
95.8791
96.4306
96.7723
96.1144
97.1428
95.8826
96.1661
95.4251
95.5225
96.9944
96.8267
97.474
95.5508
96.3252
96.3272
96.5824
96.1687
95.7951
95.8003
96.5796
97.0375
96.3656
96.6056
96.3775
96.4798
97.2466
96.2934
95.7495
96.1797
96.5685
96.4471
95.9866
96.1193
96.4956
96.08
96.1264
95.015
96.2616
96.6009
96.5494
96.9068
96.1721
96.1069
95.6796
96.4846
95.3991
95.996
97.1055
96.2673
95.6827
95.8259
95.5462
96.3195
95.5006
95.9218
96.8413
97.0991
96.1346
95.7138
95.5214
96.6503
97.1845
96.2408
96.1758
96.323
96.9775
95.8216
95.3486
95.6936
95.4732
96.0377
96.5144
96.1341
96.3772
96.5867
96.1998
96.0815
96.189
96.2359
96.1909
96.3664
96.3289
96.3031
96.1767
96.792
95.6355
96.0289
96.5634
96.7587
96.9822
96.5052
96.4755
96.2605
97.1385
96.4297
96.3049
95.5209
96.9058
96.3828
96.828
95.6516
95.158
96.1939
96.7739
96.8455
95.3314
96.2688
96.5825
94.9941
95.1356
95.872
96.0566
96.2798
96.5368
97.3678
96.1939
95.8727
96.5443
96.0873
96.3466
96.1701
95.8757
96.4852
96.6077
95.6617
96.7689
96.0553
96.0987
96.6364
96.3222
96.3148
96.2485
96.8415
96.8708
96.4441
95.6618
96.1206
96.1352
96.8873
97.0651
96.2673
96.3095
96.6352
96.3966
97.0032
96.462
96.1981
95.8814
96.9404
96.3549
96.3903
96.3088
95.8597
96.2439
96.4295
96.5911
95.9242
96.4222
96.049
95.9392
96.8553
96.3822
95.9511
97.7015
96.6022
96.0378
96.0394
95.8443
95.7224
95.5117
96.9235
96.6998
95.4341
95.8514
97.007
96.1936
96.0741
95.4364
96.4535
95.584
95.5965
96.2477
96.0947
95.7234
96.0442
95.2666
95.885
96.5294
96.8012
96.4223
96.5189
96.1338
97.0176
96.9046
95.8426
96.5966
95.7743
96.1795
96.2866
96.1946
96.3992
95.8772
96.5585
96.2429
96.6217
96.2273
95.9682
96.1988
96.772
95.3824
95.9969
96.9417
95.7345
96.3972
96.8337
96.7336
95.9632
96.7618
95.6243
95.9824
95.6743
95.9777
96.2532
97.8634
96.3146
96.6856
95.1897
96.2539
95.9331
97.1233
95.7526
96.5048
95.783
95.5998
95.2483
95.4884
97.005
95.7486
96.3306
96.2925
95.8914
96.5112
96.8107
95.9706
96.656
96.7881
95.9976
95.8013
96.2211
95.9165
96.0373
96.75
96.6727
96.556
96.2783
96.7254
96.2996
96.311
95.5157
95.2864
95.762
95.944
96.1375
95.6103
96.4446
96.4648
95.8527
97.0516
96.6051
95.9885
96.3217
95.8741
96.6628
95.8348
96.5027
96.5538
95.7508
96.5748
96.1198
96.5843
95.8787
95.5941
96.8457
96.5974
96.3891
95.3625
96.448
96.0673
95.9703
96.2254
95.2473
96.4623
96.579
95.8217
95.3867
96.3255
95.471
95.6775
96.4889
95.6983
96.4359
95.7622
97.1508
95.5467
95.3295
96.1824
95.9081
96.4441
96.1082
96.2436
96.1827
95.9157
96.2368
95.7813
97.0112
95.1822
95.9628
95.8109
96.1774
97.5049
95.6526
96.1137
96.3963
96.4306
95.8505
95.5983
95.5989
96.5021
96.7911
95.3831
96.6517
96.2154
95.9974
96.5046
96.6886
96.77
96.1231
95.2224
95.5105
96.488
96.742
96.485
95.9748
96.3319
96.2807
96.0878
96.6701
95.387
96.278
96.1837
96.1465
95.9898
96.6201
96.7418
96.1973
95.6293
96.2655
95.5819
96.7081
96.3507
95.0068
97.2585
95.9828
96.0789
96.1637
96.2203
97.0168
97.5576
97.5295
95.7121
96.0183
95.4989
95.4351
96.5873
97.0236
95.9177
96.973
96.3764
95.8314
96.6744
95.5457
96.6689
96.679
95.7119
95.7558
96.3287
96.2009
96.2193
96.2785
96.207
96.2503
96.3651
96.2987
96.4176
95.4581
96.0016
96.741
96.1902
97.5176
95.9155
97.1647
96.1112
95.5181
96.6736
96.5744
95.8737
95.7939
96.2503
96.2767
96.1854
97.2643
96.9655
95.5621
96.6032
96.0512
96.8726
96.2749
97.1604
96.5415
96.5026
96.4699
96.3885
96.0001
96.7745
96.7812
96.3499
96.4208
96.0995
95.7011
96.327
96.675
96.8587
95.7723
95.6019
96.791
96.2826
96.0931
95.6015
95.422
96.2327
97.101
96.1961
96.8381
95.6976
95.9235
96.2637
96.1781
95.9712
97.206
95.8931
95.8169
96.2786
96.327
96.1921
96.2458
97.5082
97.1834
96.2324
96.4253
96.3272
96.3565
95.8295
95.943
96.3834
95.9644
95.7157
96.1854
95.8156
96.7444
97.0062
95.7098
95.7076
95.756
95.3523
96.0752
95.6426
97.0441
95.8541
95.6383
96.4051
96.6207
96.4325
95.6242
95.9319
95.4289
95.9317
95.9183
95.866
95.5889
95.8811
96.1903
97.3471
96.7923
95.7603
97.0157
96.6696
97.0103
96.6391
95.946
96.3564
96.2925
96.92
97.3717
95.5853
96.004
97.1077
95.5366
96.3166
96.6615
95.2449
96.9999
96.0179
96.006
96.2906
96.9779
95.422
97.3448
95.9615
95.8644
96.3226
95.8366
95.4432
96.331
96.4767
96.192
95.8796
96.1028
96.7059
96.1855
95.9145
96.0804
97.4331
96.357
96.0134
96.2342
95.913
96.723
96.1324
96.0998
96.4998
96.3674
96.6557
96.8063
96.5919
95.9003
95.196
96.364
96.0211
95.9482
96.0234
96.1438
96.3416
95.9691
96.2633
96.0265
95.8618
95.5535
96.1231
95.8169
95.2708
96.6873
96.5382
96.5301
95.4126
96.0277
97.1606
96.9048
96.6734
95.9383
96.3387
96.9274
96.5267
96.013
95.933
96.58
96.8839
96.6751
95.875
96.3817
96.8205
95.9763
96.5446
96.3802
96.1256
97.2731
95.4977
95.8578
96.977
96.7407
96.367
96.174
97.2714
96.8721
95.7155
96.2463
96.1176
96.8804
96.1736
96.8636
96.3301
96.6305
95.6269
96.9393
95.9039
95.7551
96.5729
96.0782
96.4238
97.2634
96.331
96.2427
94.9933
95.9274
96.1324
96.4732
96.1002
96.5215
96.9975
96.4345
96.4715
95.6345
95.9171
97.5058
96.2921
95.9882
95.3506
95.1129
96.3056
95.6227
96.6679
96.7779
96.0462
96.8812
95.9226
96.4213
97.0155
96.0121
96.1478
96.1967
97.1496
96.651
95.9098
96.8261
95.2202
96.7609
97.4199
95.8453
95.9389
96.4834
96.6392
96.1244
96.4597
96.6095
96.642
96.1763
96.0653
96.473
96.4539
96.4085
95.841
95.3574
96.0044
96.0505
96.2854
95.8207
96.5793
96.6329
96.4559
95.6921
95.8185
96.128
95.8348
96.2641
96.0412
96.0963
96.5813
96.1243
96.4285
96.7251
96.572
95.9554
96.582
95.4828
96.3201
95.9616
96.0555
96.2634
96.705
96.44
96.5446
95.4224
95.5695
96.7456
96.6959
95.7457
95.8952
96.5161
96.0872
96.4873
96.2039
95.9897
97.0741
96.3435
96.0757
97.0623
96.4758
95.9347
96.2123
96.1462
95.8636
96.0432
96.5031
95.677
96.3124
96.6909
95.1268
96.1541
96.7669
95.6074
96.2453
95.1594
96.1089
97.5577
96.1621
96.6904
96.1375
96.1243
95.8582
95.2579
95.912
96.5549
95.7334
96.2989
96.0628
95.778
96.1116
95.8178
95.806
96.0387
95.2947
96.3002
96.068
96.1093
95.6753
96.9238
96.25
96.3953
96.4363
95.766
96.562
96.3826
96.4262
96.4405
96.555
96.7764
95.7141
96.0879
95.6923
96.5778
96.6595
96.0687
96.0738
96.5028
95.7957
97.0995
96.211
96.5222
95.8778
96.3709
96.2714
95.8894
96.167
96.437
95.6526
96.0554
96.4278
96.2743
96.3699
96.1796
95.733
95.7817
96.3602
96.5112
95.9066
96.4332
96.1796
96.5307
96.574
95.5243
96.62
95.1406
96.3021
95.5693
96.8889
96.2647
95.938
95.9524
95.8396
96.4709
95.9519
96.0811
97.1894
96.8795
95.9929
95.9836
96.0322
95.9088
95.8198
95.953
95.215
95.5811
96.3243
96.8618
95.5745
96.9178
96.1417
95.9642
95.4724
96.8257
96.7332
95.709
96.4169
95.5587
96.7084
95.8924
96.3067
95.5991
96.7196
95.2878
96.6591
95.8078
96.0702
96.8518
96.3427
95.5024
95.3998
97.2094
96.3029
97.0401
96.0316
96.64
96.1383
96.9856
96.5366
95.7234
95.604
96.6356
96.2215
96.2641
96.9529
96.236
96.1649
95.37
95.8305
96.5191
95.5677
96.3008
95.4391
96.3332
95.953
96.2379
96.8185
95.7329
97.3946
95.2302
95.5069
96.754
96.3874
95.8532
96.025
96.0788
96.1952
95.8841
96.6086
96.9052
96.1066
94.8437
96.636
96.1817
96.4174
96.3252
96.127
96.4799
96.6012
96.3088
96.8041
97.0126
96.2024
96.2835
96.4
95.6848
97.5558
95.4719
96.8495
95.1799
96.0251
95.6874
96.5314
96.0143
96.2573
95.7301
95.9742
96.0562
96.5606
95.6616
96.1546
95.8028
96.5503
96.2482
96.5239
96.8958
96.3659
95.7543
96.2335
96.4025
95.6481
96.6863
96.4914
96.5675
96.3163
96.7795
97.0207
95.7371
96.425
95.593
96.0858
95.5554
96.5938
95.8964
95.906
96.5604
96.6916
96.6609
96.3813
96.4929
95.6977
96.0967
96.0152
96.7214
96.5811
95.3113
97.0989
96.1312
96.8059
97.0796
96.0923
95.4199
96.5165
96.5364
95.8445
96.1389
95.1429
96.7118
96.0931
95.3753
95.7886
96.9385
96.0257
96.2061
97.2487
95.2102
96.3983
95.9604
96.0086
96.0285
96.4568
96.0133
95.7579
96.1114
95.8122
96.0193
95.7167
96.4356
96.265
96.9302
95.9279
96.5567
95.85
96.5628
97.1065
96.4485
96.5536
95.719
96.8553
97.7158
95.4072
96.4426
95.5067
97.1399
96.8144
96.1435
95.9621
95.8753
96.7701
96.1126
96.3012
96.717
97.1477
95.3352
96.534
95.5557
96.6139
97.0943
97.1193
96.0165
96.8838
96.5967
96.5687
95.9396
95.4769
95.9728
96.0046
95.1058
95.9817
96.0762
95.5481
95.2748
96.316
95.7999
96.3794
96.5499
96.3694
96.1316
96.4942
96.4059
97.2642
97.0584
95.6495
96.8343
97.1593
95.3659
96.0722
95.2733
96.438
97.3111
95.8309
95.4686
96.0995
96.882
96.0038
96.4626
97.0899
96.238
95.7044
95.9683
96.3718
96.2605
96.12
96.5592
96.2406
96.2867
96.28
97.3649
96.2854
97.1313
96.2844
96.0588
96.7128
95.4908
96.4816
96.3079
97.0039
96.1601
95.2587
96.4658
96.0924
96.6595
97.326
95.8486
97.0036
96.2155
96.6037
96.4763
97.0695
96.0372
96.5795
96.3721
96.1324
95.9465
96.3979
96.3531
97.1957
95.9003
95.8205
96.3022
96.404
95.6571
96.0515
95.323
95.9126
95.9707
96.0347
96.0008
96.1118
97.082
96.1552
95.9755
96.348
95.8553
96.0536
96.1351
96.5064
96.5117
96.8177
95.6222
96.5311
95.8146
96.8537
96.3797
95.4507
96.2422
95.7573
96.0655
96.2633
96.3069
97.1659
96.5672
96.6392
95.9847
95.8063
96.3723
96.3964
95.9852
95.9516
95.9102
96.6355
95.7785
96.8674
95.6021
96.506
96.4507
95.2486
96.9902
95.4832
97.2326
95.6486
96.3445
95.8068
96.6387
96.1061
96.2441
96.1875
96.8588
96.9655
95.5776
96.2503
96.2393
96.2658
96.7296
95.6695
94.6553
96.6582
95.7224
95.9764
96.5667
96.8955
96.5716
96.3232
96.8063
96.1479
96.2656
97.5888
95.8095
96.9858
96.7797
96.6905
96.4592
96.4864
96.5888
95.9233
96.2129
96.345
96.2081
95.6598
96.7523
96.8634
96.2303
96.0671
96.2113
95.779
95.921
96.5793
96.5167
96.4726
95.4126
95.2074
96.0846
96.5188
96.3587
96.0927
96.4016
96.477
96.513
96.2367
96.5131
96.582
95.4994
96.315
96.9309
96.8545
96.3492
95.1082
95.9013
95.9644
96.9775
95.9
96.5456
96.3542
95.8586
96.2621
96.0875
95.5959
95.8299
97.4286
96.5932
96.4613
96.1685
96.9082
95.8454
95.4141
96.6247
95.5407
96.155
96.3307
96.2817
96.3928
96.4882
96.089
96.5028
95.7737
96.5103
96.608
96.2636
96.3215
96.7289
96.0448
96.9613
96.8812
96.2266
96.6869
97.7217
96.0169
96.7825
95.7468
96.6997
96.3411
95.9925
96.6061
95.9079
95.8206
95.3708
96.5508
95.9218
95.0042
95.7889
96.5052
96.9937
96.4005
95.9063
96.2756
95.8257
96.2188
96.4142
96.3888
96.9496
96.3553
95.7521
96.3629
95.6167
96.5989
96.5799
95.4704
95.9209
96.476
95.4314
96.3499
96.0352
96.3124
96.2514
96.3893
95.9367
96.7382
95.9758
96.3835
96.1991
97.3792
96.6236
97.2983
96.5269
96.5713
96.42
96.2336
96.6545
96.0521
96.4808
95.9304
95.8826
95.5571
96.4124
97.0115
95.8088
96.0561
96.0605
95.3266
95.8517
96.8264
96.3527
96.4451
97.3962
95.6209
96.9265
95.9251
97.453
96.6366
96.5537
96.4995
96.5821
96.1124
96.668
96.2946
96.2867
96.2327
96.4934
96.1268
96.0818
96.6954
95.9517
96.162
96.703
95.3853
95.7292
97.0983
97.1692
96.186
96.3058
97.2239
96.2449
96.2718
96.5609
96.1441
96.9382
96.0809
96.7877
96.2436
95.3789
96.5547
96.416
95.7511
96.3385
96.353
96.7315
95.3399
96.5827
95.8843
95.9856
96.0375
95.4109
96.521
96.399
96.2794
96.0324
96.7177
95.7308
96.0539
97.1452
96.2175
96.1428
96.1831
97.0317
96.9389
96.4315
97.123
96.5946
95.441
96.0073
96.1807
96.5524
96.2283
96.1807
96.7969
96.4737
96.4161
96.4483
95.8142
95.789
96.4194
96.0438
97.1289
96.1342
96.6482
95.5324
95.7836
96.6139
96.674
96.8206
95.942
97.1031
96.544
96.5756
96.2195
95.8375
95.9414
96.7192
96.1907
96.5671
95.7515
95.6171
96.652
97.2635
96.348
95.7085
96.1997
95.6937
96.6989
95.9843
96.2944
96.3569
95.7187
96.9811
96.4611
96.2912
95.935
97.0919
95.8908
95.6555
96.0192
96.1231
95.9654
96.848
97.193
96.9294
96.1297
96.2922
96.3925
95.4907
96.1725
97.0495
95.4235
95.7676
96.9957
95.3646
96.7407
95.8665
95.9186
96.3356
96.0271
96.7507
96.3657
95.7979
96.3304
96.4783
96.5809
96.5206
96.6651
95.7426
96.4665
95.8497
96.105
96.3788
95.9718
96.2187
96.0918
96.2148
95.9639
95.7701
96.0642
96.2668
95.6221
96.4697
97.0327
96.555
96.4027
96.1373
97.402
96.3133
95.1047
96.2584
96.3326
96.3598
96.4956
96.7787
96.2295
95.5945
96.4937
95.9217
96.9859
96.3658
96.5508
95.3154
96.9943
97.3283
96.4584
95.799
96.2934
96.5546
96.1174
95.6648
96.9294
95.4604
96.5118
96.2779
96.4184
96.9136
96.2584
96.783
96.0948
96.0285
95.0381
97.0693
97.0001
96.2517
96.1156
96.8763
96.9522
96.2546
95.6917
97.12
96.4942
96.3155
96.7665
95.9981
97.0237
95.6401
96.7853
96.8953
96.6302
95.4468
96.908
95.7814
95.8607
96.1371
96.023
95.6916
96.8922
96.272
95.9461
96.8979
96.3485
96.2018
95.811
96.26
96.6484
95.308
95.7863
95.8111
95.8
95.7724
95.7436
96.1679
96.0525
97.4969
96.6447
97.2993
95.6638
97.0319
95.9897
96.1707
96.5877
96.3983
96.5306
97.0593
95.5511
96.671
95.7239
96.0056
95.8923
96.2004
96.4503
96.3993
96.0507
95.6606
96.0643
95.7767
96.1484
96.6738
96.8665
95.608
96.3219
95.4776
96.3384
96.7514
96.7341
95.9736
96.3994
96.1806
95.8312
96.6432
96.388
96.1241
96.2845
95.9606
95.713
96.7482
96.2441
96.4102
96.4591
96.5283
95.9617
95.7527
96.1853
95.8994
96.772
96.4253
96.9037
96.47
95.7191
96.1291
96.3081
96.625
97.2117
96.6998
96.6755
95.8548
96.372
96.4329
95.2644
96.0324
95.8722
96.8051
96.4598
95.8714
96.3696
96.4126
96.2559
96.0504
96.4648
96.0484
96.1809
96.4879
95.8068
96.1339
97.0802
96.2025
96.2967
96.2486
95.2322
96.3966
96.0888
96.1443
96.2815
97.1053
95.7915
96.446
96.3106
96.5338
96.4017
96.078
96.1358
95.9729
97.0064
96.7494
94.7059
96.5357
96.5551
96.2046
95.834
96.252
97.0116
96.2884
96.1173
96.2788
96.0163
96.37
96.2982
96.1187
96.2767
96.5508
95.849
96.1468
96.66
95.2407
95.8391
96.2679
95.8506
96.279
95.5819
96.2645
95.4204
94.9994
96.2617
95.2302
96.3397
96.4452
96.5075
95.9227
95.3483
95.424
95.9849
96.2629
96.1174
96.4011
97.0864
95.9427
96.5032
95.8443
96.5511
96.1233
96.532
96.3578
95.2359
95.9243
97.084
95.9906
96.1494
95.9072
96.7654
96.6527
95.8421
96.2417
96.1371
96.6979
96.0302
96.8843
96.712
96.5538
96.8508
95.9894
97.0289
96.2991
96.6265
95.6417
95.8882
96.9537
96.4568
95.6539
96.0726
96.3293
96.8424
96.8871
95.9568
96.1654
95.9969
95.4492
97.1132
95.8676
95.2652
95.8806
96.4217
96.3247
95.8451
96.1231
95.7497
96.0152
96.0924
96.5557
95.8828
96.1367
95.8179
96.6296
96.7016
96.669
95.9489
96.149
95.5855
96.034
96.2797
96.1053
95.133
95.4921
95.9976
95.7819
97.5274
96.8496
97.1887
96.2918
95.8169
95.0553
96.4384
95.3183
96.2215
96.1977
96.2868
96.4264
97.3382
95.4566
95.6505
96.4026
96.0169
96.1791
95.3951
96.2498
96.1234
95.6236
96.9834
96.5635
96.2859
96.5249
95.6444
95.7128
95.9119
96.3521
96.0821
95.962
96.2703
96.2846
96.4467
95.9664
96.2933
96.6955
96.632
96.5283
96.2522
96.0822
96.7211
96.381
96.6265
96.0434
96.6939
96.8786
96.4409
96.3635
96.5213
96.8298
96.2533
96.1612
96.3466
96.7549
96.1663
96.5332
96.0431
96.568
96.1528
95.7961
97.4939
96.1825
96.3572
97.0002
95.9455
96.3439
95.4013
96.275
96.5994
96.559
96.8466
96.7775
96.3345
96.2618
96.8597
96.5706
95.9813
97.037
95.1196
96.2878
95.928
96.2647
96.987
96.4415
96.1015
95.8543
95.5374
96.3779
95.7071
97.4527
95.9124
97.1751
96.8448
97.1352
97.2668
96.865
96.0203
96.433
95.9558
96.4502
95.8041
96.3823
95.5837
97.608
97.1024
96.367
96.7049
96.3769
95.7382
96.1974
95.7368
97.5861
96.7397
96.2073
95.7949
96.5643
96.3369
95.8678
96.98
95.6758
96.2224
96.4656
96.9927
96.8156
94.9919
95.9627
97.4374
95.8464
96.2611
95.8693
95.8568
96.8351
95.3338
96.036
96.0958
97.1337
96.148
96.266
96.1963
96.6524
96.8349
95.3871
95.8916
96.4941
97.0523
96.0037
96.0159
96.3506
96.0664
96.1477
95.6131
95.4263
96.1996
95.2442
96.1601
96.3951
96.3582
96.0912
95.8015
96.073
96.6557
96.0952
96.5548
96.0426
96.2644
95.7471
95.9442
96.6673
95.5851
97.1708
95.7354
95.9218
96.5493
96.6343
96.5266
95.8382
96.2797
97.3761
96.0247
97.4623
96.1099
95.4625
96.4942
95.6766
95.4428
95.8048
95.3974
96.1805
95.9094
96.1507
96.5875
95.5713
96.6936
96.865
96.3652
96.3321
96.2424
95.8836
96.5721
96.0877
95.9617
96.7726
95.9606
96.4118
95.7465
96.5714
96.6699
96.2928
95.9821
95.9046
95.8644
96.5429
96.698
96.3284
95.7726
96.4929
96.2775
95.8251
96.5394
95.8335
96.7669
95.8441
96.3231
96.1962
95.3565
95.996
96.7283
96.1752
95.4921
95.837
96.4856
95.6977
97.1039
95.9814
96.4091
96.2106
95.904
96.2136
96.5229
95.9235
96.7809
95.6303
96.1722
96.2514
96.3508
96.4543
96.4886
95.238
95.6207
95.6543
96.7044
97.0781
96.0835
95.3404
95.638
95.5078
96.0318
96.1075
95.8536
95.9072
96.4535
96.3443
95.8223
96.2858
96.4715
96.5492
95.9874
96.5079
95.4724
96.0889
95.8829
96.2758
96.5173
96.7471
96.3
95.8296
96.8238
96.061
95.6909
96.1568
96.7213
95.3181
96.5047
95.944
96.302
96.1558
96.8788
96.7293
96.2827
95.9381
96.8136
95.8378
95.3498
95.8924
96.5392
96.6937
96.5271
96.3751
96.399
95.1893
96.3827
95.4816
95.7774
97.0076
96.849
96.6736
96.6773
96.1892
95.5613
97.1821
95.9928
96.4693
96.1449
95.8331
96.266
95.4249
95.3222
96.0763
95.8796
96.9347
96.2339
96.7559
95.9229
97.1648
95.8494
96.1242
96.4975
95.2022
96.2768
96.7035
95.7057
95.9777
96.1581
96.4096
96.259
96.1363
96.7484
95.6573
96.7652
96.5382
96.4487
96.5389
95.8614
96.5985
96.041
96.8437
96.3717
96.1838
95.9215
96.3496
96.6437
96.6068
95.9422
95.6458
96.8231
95.7495
95.9536
96.1381
97.1801
96.4664
96.4711
96.099
96.602
97.6009
96.3893
95.7339
95.7492
97.2068
95.7448
96.2324
96.1509
95.5573
96.852
95.5283
96.2583
96.3148
95.3728
95.6476
96.0109
95.7394
96.7462
95.5568
96.1268
95.7435
96.6097
97.4189
95.531
96.3416
96.6842
97.0121
96.401
95.9937
96.4635
95.0445
96.7702
96.0323
96.779
96.7998
96.2176
95.3672
95.8176
96.905
95.9592
96.5291
96.7187
96.5233
96.4144
96.5674
96.6926
95.4574
96.3556
96.097
95.9233
96.1287
96.0293
95.8215
96.5068
96.0113
96.1042
96.6457
96.7869
96.5887
96.2658
96.3748
96.827
96.1733
96.0328
96.3351
97.0445
96.7355
95.7313
96.3226
96.571
96.4083
95.5058
95.9221
95.0093
97.3904
96.9283
96.7671
96.7518
96.3383
95.9773
96.922
95.8686
96.7285
95.8557
95.9908
97.1919
96.7485
96.6756
96.588
96.5838
95.4445
97.1354
95.9476
96.4434
96.4733
96.8982
96.9344
95.6805
96.4242
95.7903
96.4253
95.9647
96.5597
95.666
95.8287
96.1488
96.2322
95.6842
96.2906
96.3624
97.0869
96.5817
96.9391
96.2039
96.4092
95.7418
96.5861
96.7203
96.8264
96.0351
96.3831
95.1296
96.4346
96.1626
97.107
96.5604
95.9708
96.842
95.6695
96.4253
96.1303
96.5743
97.0446
96.2192
95.6716
96.712
95.9638
95.7051
96.0296
96.5302
96.2667
96.7703
97.2252
97.2357
95.5877
96.297
96.1997
95.5676
96.3386
96.6643
96.1491
96.6346
95.9274
96.092
95.7094
96.3119
96.1574
95.3361
96.5729
95.9303
96.1531
96.2841
95.9084
95.9342
95.8124
96.4026
95.9115
95.5211
95.6645
95.9117
96.0878
96.4481
96.9717
97.4782
96.3095
96.3424
95.464
95.949
96.3005
95.933
96.3409
96.232
95.6413
95.4996
96.7275
96.7443
97.0346
96.6982
96.2607
95.5651
96.0795
97.0105
96.851
96.1219
96.3855
96.1428
95.5639
96.8108
96.2099
96.6075
96.1647
96.469
95.7
96.2456
96.3686
96.176
95.3906
96.628
96.0299
95.8473
97.0343
96.0218
96.6397
95.9115
96.2334
96.4051
96.6414
96.6148
97.0875
96.431
96.0765
95.6678
96.7498
96.8183
96.3924
96.1337
96.4078
95.8238
96.4312
96.5238
96.2403
96.5827
95.5114
95.8332
96.568
95.8537
96.2708
94.922
95.9404
95.9995
96.0008
95.9794
96.3104
96.812
96.0483
94.9018
96.1101
95.9046
95.5665
96.6199
97.5856
96.8291
96.5915
95.6669
95.847
95.7154
95.7767
95.68
97.0514
96.8541
97.4541
95.6335
96.4449
96.6417
95.9215
95.7564
96.3764
96.265
96.1561
95.6818
96.4393
96.7425
95.692
96.0833
96.159
96.0521
95.4227
95.8477
96.1747
96.6701
96.2868
95.9915
96.4685
96.0473
96.0781
96.389
95.4443
95.5247
96.5473
96.2683
95.8005
97.2037
96.1559
96.1444
96.2155
95.7215
96.8316
95.3861
96.6693
96.6644
96.1037
96.236
96.4082
96.8668
96.4902
96.0948
96.0339
95.5254
96.2007
96.7648
96.9425
95.8977
95.4762
96.4761
96.5097
95.9149
95.684
95.2863
96.0433
95.2229
95.777
95.9404
96.181
96.7039
95.6367
97.073
95.8021
95.2467
96.6267
96.029
96.3505
96.3829
96.9319
97.0129
95.8557
96.0525
96.0456
96.6348
95.5777
96.0626
96.237
96.2458
96.3241
96.6054
96.3987
95.707
96.0777
96.4105
95.8613
96.6249
94.9309
95.6387
96.2895
95.4394
95.8994
96.3035
96.0931
96.3009
97.2287
95.6172
95.7976
96.1904
96.0212
96.008
96.1035
95.3355
96.8113
96.2576
96.4066
95.8277
97.2618
96.3485
96.5523
96.7596
95.8381
96.2734
96.6155
96.1538
96.2955
97.2754
96.2563
96.9764
96.0545
97.1501
95.9771
96.2424
95.7636
96.978
96.2049
96.1131
95.8793
95.7492
96.0665
96.4944
95.928
95.7558
95.9526
96.2887
97.125
95.7204
96.6324
96.2954
97.2001
97.0035
96.6956
97.6514
96.3787
96.3265
95.5786
95.8462
96.4186
96.2048
96.259
95.936
95.4922
96.679
95.9995
97.2956
96.3798
97.3351
96.0367
96.0916
95.7799
96.4144
96.716
96.6017
96.1448
96.8405
96.875
97.0258
96.6283
96.2806
97.3882
96.5998
96.775
96.2053
95.2553
95.12
96.1751
95.7284
97.234
95.915
95.8733
96.5741
96.5361
96.8329
96.0948
95.4925
95.8235
96.3393
96.5577
96.4043
96.3449
96.3839
96.1355
96.42
97.009
95.0927
96.2844
96.6041
95.8572
95.7103
96.1199
96.7178
96.1885
96.99
97.3612
96.9963
96.2558
96.2775
95.4286
95.6396
96.6566
96.5622
96.2584
95.9431
95.9833
96.2906
96.3471
97.1829
96.6417
95.7492
97.0831
96.3899
97.0994
96.2227
96.0803
95.4343
96.6806
97.2427
97.4795
95.7027
96.6083
97.2002
96.9581
96.0671
96.0495
96.3808
95.72
96.2713
96.8822
96.4447
96.2631
95.6681
96.4476
95.753
96.4677
97.0385
95.7112
96.8617
95.9033
96.4154
96.4119
96.2475
96.5408
95.915
96.546
96.9998
95.7295
96.4118
96.4028
95.4866
96.8127
96.6031
95.7881
96.0583
95.4088
96.379
96.9188
95.8565
96.3851
95.9071
96.6578
96.2522
96.3185
96.9548
95.2322
96.5849
96.003
96.6163
96.7573
96.2241
95.9817
96.007
95.9116
96.7031
96.6116
95.9643
96.5618
96.784
95.4393
96.7833
96.1601
96.4414
96.2847
96.2315
95.1751
95.718
96.5855
96.5958
96.3342
95.9382
95.6651
95.8937
97.0142
96.108
95.4163
96.3275
95.9429
96.753
96.2553
95.8572
96.3811
96.691
97.0832
96.8949
95.8269
96.5657
97.0742
97.0271
96.1532
97.0341
96.2752
95.0528
95.3982
96.5513
96.797
96.2926
96.0572
95.8979
96.0061
96.2508
95.9667
96.7871
96.414
95.7142
96.2367
96.1274
96.0395
96.0526
96.1623
95.9444
95.846
96.1504
97.2517
97.2063
96.0409
96.2939
96.0259
97.0653
95.7216
96.1068
97.3403
96.194
95.972
96.2002
96.058
95.9747
95.8193
96.3279
96.662
96.6805
96.1838
96.2934
96.2504
97.0199
97.0642
96.1804
95.9373
96.0787
96.0964
96.5039
95.8524
94.8801
97.3452
96.5804
96.1631
94.9619
96.402
95.5692
95.7166
95.32
96.2294
96.3987
96.3218
96.1088
96.3252
96.0879
96.4646
96.3912
96.1209
95.8792
96.4694
96.7774
95.6664
95.0497
96.4062
96.4239
96.4455
96.0982
95.8755
96.3001
96.6714
96.7334
95.8752
95.5963
96.0866
95.7244
95.9828
97.0304
95.9385
96.1892
96.0348
95.0521
96.0166
96.2432
95.6902
96.7352
95.5077
95.916
96.0963
96.0071
96.4247
96.1683
95.5613
95.6773
96.3608
96.2206
96.3418
97.2238
96.4869
95.7939
96.0919
96.5373
96.3911
96.7407
95.8329
95.7948
97.0725
96.3666
95.4865
95.8484
96.539
96.9522
95.9739
96.3877
97.4156
96.3657
96.841
96.6049
96.4781
96.0522
95.7412
96.3915
95.6703
95.5277
95.8872
96.2303
96.4281
95.7783
97.2705
95.5454
96.5644
96.222
96.5145
97.5386
95.9034
96.4968
96.5862
95.8824
96.6696
96.666
96.8117
96.149
96.99
96.2547
95.1945
96.2774
96.0431
96.5051
96.1447
96.0807
96.7945
96.2444
95.9179
96.4967
96.309
96.3104
96.6829
96.0007
96.3244
96.395
96.5061
96.6494
96.06
95.8125
95.8859
95.046
95.4835
96.5558
96.4577
95.7851
95.9887
96.5204
96.0986
96.433
96.4546
97.7235
96.1763
96.4263
96.1875
95.9817
95.7608
95.9831
95.8962
97.2425
96.7833
96.2013
96.7316
96.333
96.5117
95.7824
96.1739
96.9801
95.6887
94.7504
96.8434
96.7633
96.4299
95.953
96.697
96.3241
96.7041
95.847
97.2396
95.782
96.6652
95.8548
95.9715
96.9343
95.3059
96.9327
96.4538
95.9951
96.6778
96.7858
96.1703
95.606
96.645
97.0227
96.2183
96.252
95.4635
96.3756
96.6117
96.0503
97.007
96.0058
97.0222
96.7448
95.7505
95.5321
96.4041
95.6196
97.1549
95.3604
96.7711
96.7914
96.3268
96.2457
96.9354
96.7391
96.0482
94.7289
95.7013
96.0353
95.996
96.2517
96.5906
96.9238
96.0159
95.8611
96.5627
95.9264
97.5135
96.0348
95.8312
96.1661
96.0571
96.012
96.7424
94.8929
96.7008
96.7318
96.7244
97.1671
97.191
95.4686
96.0842
96.4496
95.5692
96.872
95.711
96.7858
95.7628
97.1048
96.5363
96.209
96.2763
95.5131
96.2644
96.2969
94.9092
95.7648
96.9939
95.8772
95.9022
95.9711
96.7612
96.4591
96.6462
96.9622
96.7053
96.4646
95.5049
97.3173
96.756
96.37
95.7093
96.5393
96.5162
95.7569
96.552
96.43
96.5968
97.1101
96.1435
95.677
96.8582
96.026
96.4833
95.8915
95.7799
96.1867
96.2925
95.3482
96.892
96.7294
95.935
96.2097
96.6871
95.7735
95.9259
96.9629
96.4591
96.9134
96.0057
96.3039
95.5028
96.2066
96.5863
96.2296
96.3624
96.4627
95.6924
95.9069
96.635
95.7409
96.6492
95.4878
96.5059
95.939
96.9674
96.1633
95.9568
95.9201
95.6459
96.0298
95.6841
96.6235
96.622
96.0713
97.048
96.443
96.0873
95.3478
96.9284
95.848
96.1208
95.6479
96.5469
96.2348
96.404
96.9907
96.3044
96.0427
96.7728
97.0072
96.74
95.5211
96.6104
96.2076
96.0971
96.1587
96.3751
95.9025
95.8774
96.3986
96.6628
95.9738
96.7265
96.959
96.5406
96.5372
96.1068
94.5859
95.9818
95.9967
96.4816
95.7602
95.3078
96.9306
96.3616
95.3583
96.2995
95.5504
95.912
95.8852
96.6149
96.3404
96.9583
96.9687
96.7585
96.392
96.2221
96.9159
96.9176
96.1032
96.9651
97.118
96.504
95.3739
96.6507
95.6472
96.5662
95.6704
96.5846
95.7811
95.6135
94.7128
95.8043
96.5951
95.9805
96.1396
96.3521
95.6478
96.14
96.6693
95.9206
95.8236
97.062
95.6699
95.9988
96.3753
96.3315
97.0166
95.9362
97.0528
95.5214
96.3953
97.7575
95.5782
96.9047
96.6534
95.3695
96.1741
96.9581
96.476
95.6359
97.1069
95.8119
96.233
95.7565
95.5392
95.7474
96.4926
95.9603
96.6706
95.9375
96.376
96.8448
96.5653
97.1745
96.1476
95.9484
95.7367
96.3724
95.9107
96.3684
97.022
96.0319
96.1299
96.4688
95.2234
96.459
96.1463
96.3031
96.1374
96.6192
96.6012
96.7179
95.8719
95.8155
95.794
96.342
95.2584
95.5439
95.8324
96.3443
95.9016
96.3143
96.6831
96.6984
96.2353
96.4037
96.4475
96.175
97.4191
96.6619
95.8943
96.2017
96.3629
96.3485
96.6766
96.4048
97.1723
95.6891
96.7368
95.9905
95.6334
96.3666
96.1531
96.8782
96.0402
96.7331
96.4825
95.8788
95.8451
96.0393
96.325
96.3962
96.3993
95.3769
95.822
97.1012
96.1053
96.1511
95.5489
95.6886
96.2394
96.2405
96.7778
97.7029
96.2816
96.2068
96.7236
96.4015
96.4882
96.852
96.4361
96.0501
95.5005
96.3399
95.5661
96.2084
96.1355
96.3103
96.8717
95.2789
96.2753
96.3401
95.8719
96.6903
95.4944
96.9666
95.2759
96.6609
96.4141
96.8351
96.2655
96.0121
96.9786
95.501
96.5872
97.1672
95.2352
95.4675
96.0885
96.237
96.1816
96.5162
95.5238
96.4143
96.4148
95.7469
96.4281
95.9395
96.0443
96.293
95.9764
96.9087
96.6287
96.1907
95.8957
96.7633
96.1042
96.1839
96.2208
96.169
95.5256
96.3012
96.8039
96.1132
96.3845
96.4886
96.6237
95.9916
95.9343
95.8201
96.1704
95.9261
96.3008
97.0727
95.452
96.654
95.7893
96.0578
96.5164
96.6683
97.4213
96.1402
96.0389
96.4173
95.9137
96.8649
96.5465
96.7658
96.4299
96.4113
97.2758
95.8607
96.6894
96.4208
95.9378
95.6811
96.566
97.6864
96.3079
96.0807
96.8083
96.3141
96.347
95.6404
96.5837
95.7687
96.6561
96.1412
95.9776
95.6328
97.1424
95.8282
96.4434
95.987
96.6225
97.0156
96.3165
95.9163
96.8484
96.7656
96.5635
95.763
96.4858
95.2048
96.8449
96.1378
96.2383
96.7234
97.1144
96.2972
95.4576
96.5274
95.9491
96.3693
95.1439
95.7109
95.8375
96.6265
96.6448
95.7181
96.0701
96.2709
95.8112
96.2366
96.1469
97.0093
96.4064
96.7614
95.5487
96.9445
97.306
95.824
96.1169
96.2431
96.3505
95.8657
97.1021
95.6711
96.6711
95.9646
95.5274
97.1974
97.2322
95.8898
95.8612
95.5751
96.0637
96.358
95.5049
96.5127
96.6521
97.4065
96.7744
95.8659
96.7522
96.5037
95.9002
96.3653
96.5938
96.2001
96.4054
96.4863
96.084
95.4009
95.6345
97.4345
96.8462
96.9581
96.3106
96.04
96.9105
96.6794
95.9753
96.0543
96.8404
96.6238
96.4603
95.9398
96.2269
96.8677
96.3411
96.1025
95.8214
96.5735
96.251
96.4377
95.8664
95.9746
95.9494
96.1892
96.0379
95.6899
95.5868
95.7861
95.2704
97.191
96.0583
95.6861
96.0974
96.0556
96.0837
96.1089
96.1917
96.9365
95.9911
95.9223
97.4528
96.3084
96.1038
96.2617
96.7015
96.3363
96.1823
95.553
95.9625
96.4542
96.4527
96.3436
95.879
96.3383
97.1233
96.4685
96.9113
95.8256
96.6248
96.2728
95.6901
96.3462
96.9802
96.5985
96.7254
96.5302
95.8784
96.1331
96.4815
97.0271
95.436
94.9987
96.3213
96.5694
96.3868
97.151
95.3963
95.2903
95.7207
96.6122
95.4082
95.5761
96.1868
96.72
96.9008
95.7403
96.537
96.0945
95.0234
95.5721
97.0938
95.9805
96.5655
96.533
96.2244
96.0117
96.9515
96.9368
95.744
96.483
96.2337
96.1184
95.5883
95.5488
96.9453
96.1383
95.8141
95.8329
96.737
96.4869
96.4984
96.5584
95.7284
96.6022
96.8087
96.0157
96
96.2242
96.8807
95.8979
96.8136
96.1516
97.1196
96.3334
96.6516
95.6082
96.7989
96.2671
95.9027
96.5834
96.2781
95.9308
96.1304
96.0811
95.8741
96.4204
96.6352
96.7964
96.5817
95.7706
96.2897
96.4199
95.1076
96.0453
96.3927
96.005
96.8103
95.2357
96.1307
95.5483
94.9504
96.7281
96.892
96.011
95.7816
96.4552
96.3991
95.7332
96.6866
96.6853
96.0653
95.3635
96.8243
95.8426
95.4737
95.4932
96.4842
96.7268
96.5167
96.2642
96.3403
96.6221
95.7117
95.4081
95.555
96.5244
96.36
96.2648
96.3139
95.967
96.4611
96.5122
96.0086
96.5376
96.0237
97.1732
96.2314
95.7645
97.2307
96.2011
96.3057
95.872
95.4715
97.0519
97.3901
96.7154
95.6262
95.7059
96.2019
95.5212
96.9923
96.225
96.9232
96.1444
96.0948
97.0891
96.0905
95.8286
96.3181
96.5084
96.9155
95.8629
95.8855
95.3279
96.2679
96.1008
96.5267
95.83
95.5814
96.1074
96.9526
96.3784
96.1812
96.1954
96.9984
96.7045
96.4967
95.6184
94.9402
96.3814
96.1222
97.707
96.191
96.1227
96.2505
96.6539
96.1764
96.3056
96.5477
96.9974
96.1634
96.7007
95.3801
95.8716
96.3119
96.5688
96.0745
95.5173
96.4797
96.4541
95.8603
96.0761
94.9997
96.7763
95.8349
96.0586
96.4176
96.4768
96.5281
95.4916
96.0461
95.3733
95.994
95.856
96.1541
96.2071
96.6213
97.0902
97.0318
96.6443
97.0502
95.886
96.425
97.3494
96.1335
96.2996
96.7287
96.5223
96.1101
96.2965
95.474
97.1559
96.3737
96.8304
95.1414
95.6289
95.5955
96.296
96.2783
96.3393
96.2876
96.2028
95.903
96.9076
96.7073
95.8691
95.389
95.2311
96.0703
96.1497
95.3709
96.2341
95.7582
96.1661
96.4841
96.9352
95.4267
97.1525
95.9034
95.9854
96.4743
96.2881
96.7512
97.1909
96.3255
96.1005
96.0837
95.634
96.7968
95.2242
96.42
96.0682
95.5614
96.7183
96.8493
95.5803
96.6719
97.2078
96.0458
96.04
96.5147
95.8728
96.2976
95.6926
96.1205
96.635
96.7486
96.7044
95.251
96.146
96.4045
95.4699
95.5091
96.6993
95.5584
95.6842
96.0285
96.5884
96.2494
96.9508
96.006
96.2074
95.3702
95.5832
96.4093
95.9227
95.8824
96.8695
96.7029
95.5943
96.0343
96.4289
96.7587
97.0576
96.0251
95.3271
95.9436
95.9634
97.2079
96.2124
96.241
95.8963
96.1372
95.9486
94.9656
95.3286
96.5254
96.6657
96.9159
96.0311
96.8412
96.4195
96.0747
96.5978
96.3282
96.6112
95.6031
96.4531
95.8255
95.1504
95.9273
96.5761
96.7699
95.9969
95.9311
96.9094
97.1143
95.2991
95.2197
96.9835
96.5771
95.7247
95.8007
96.114
97.0888
96.8316
95.7625
96.0843
96.4544
96.0437
96.1362
96.5298
96.2231
96.1596
96.0131
95.977
96.2206
96.344
96.6386
95.9383
96.1066
95.9449
96.4921
97.0508
96.6465
96.8218
96.1384
96.5859
95.8134
96.8008
96.6541
96.4087
96.3493
96.5245
96.5336
96.1906
95.4835
96.463
96.9608
95.863
96.7003
96.57
95.5667
96.6582
95.9533
95.7019
96.1463
95.4969
95.7334
96.0359
96.2273
95.7468
95.7027
96.6845
96.4897
95.431
96.2926
96.4455
96.7305
95.9932
96.0226
96.4048
97.1625
95.8126
96.3139
96.246
95.8118
96.9786
96.1765
96.1577
95.458
95.9719
96.6749
96.5741
96.2548
95.2332
96.6016
96.5919
95.4187
97.2738
97.1007
95.9735
96.6004
96.8871
96.0665
96.2507
96.0385
96.0977
96.3992
96.482
95.6466
96.6107
96.1115
95.5546
95.8887
95.9867
96.664
96.3482
96.5176
95.6008
95.874
96.3083
95.602
96.2936
94.9888
96.3372
95.8785
96.09
96.7997
95.5537
95.8796
95.1525
95.8361
96.5611
96.1606
95.7169
95.6932
96.3193
95.7132
96.7701
95.9598
96.2375
96.4664
96.3096
94.8852
96.4026
96.2623
96.3307
95.4731
96.5788
95.9223
95.6093
96.1006
96.5182
96.8774
95.8861
96.701
96.6949
95.2943
96.2877
96.2855
96.5494
96.5758
96.8562
95.9361
96.0951
96.3311
95.0122
95.7919
96.2747
96.3159
95.8115
96.0258
96.2566
96.6398
96.547
95.7649
95.8522
96.7558
96.7056
96.0117
96.8341
96.1409
96.3702
96.1677
95.9071
96.8388
96.5203
96.6479
96.341
96.3687
96.2075
96.4714
95.9573
96.519
96.7462
95.6829
95.5225
96.3249
96.9376
95.6437
96.2141
96.0367
96.2986
96.2012
95.6006
96.4974
96.1292
95.7611
96.0525
97.0191
96.6506
95.7302
95.9292
96.4084
96.0738
96.4861
95.8029
95.7287
96.0365
96.3937
95.8447
96.2586
96.1361
96.2083
95.3926
95.3796
96.2161
97.3116
95.0795
95.5906
95.6626
96.849
95.9576
96.1815
96.0252
95.4283
96.8821
96.2934
96.5843
95.9852
95.374
95.903
96.3052
96.3866
96.7357
96.0235
95.784
95.763
96.4126
96.1901
96.3637
95.53
96.2276
96.0045
95.8646
95.7353
96.3944
96.1006
96.5141
94.9643
96.3163
96.3568
95.9636
95.7634
96.8275
97.3354
96.5242
96.1453
96.7707
96.2827
96.9814
96.6102
95.8942
96.6446
96.979
96.4216
96.2477
96.119
95.4616
96.5374
97.0676
95.7721
96.0314
96.6046
97.2461
95.7998
95.7595
95.4931
96.4236
96.5132
95.651
96.0059
95.4954
95.9125
97.0089
96.1757
96.1721
95.6715
97.1484
96.2664
95.9408
96.8691
96.377
96.2103
96.7864
95.4868
96.6155
96.1855
95.6568
96.6552
97.1224
95.7476
96.4284
96.6937
96.649
95.3833
96.46
96.0785
95.5696
95.9827
95.9612
96.3846
95.9092
95.9522
96.2427
96.2859
95.4438
96.4668
96.4724
96.0019
96.4623
95.8304
96.0786
96.259
96.2468
96.9795
95.7191
96.0671
95.858
96.1142
96.6689
96.2039
95.588
95.4207
96.0298
95.8021
95.6748
95.4951
96.3517
96.2971
96.2691
96.177
95.5898
95.4805
96.4356
96.9067
96.0446
96.5119
96.5403
97.3038
96.3765
96.4712
96.6743
96.8009
96.5878
96.8881
95.6222
96.6363
96.9805
95.9975
95.9071
95.6178
96.1206
95.3625
95.7579
96.0805
96.8666
96.5543
95.549
96.2842
96.3365
96.3197
96.2126
96.4211
97.1889
96.8055
96.5521
96.6336
96.1967
96.6119
95.5852
96.132
95.9181
95.9599
96.2224
96.4999
96.3328
97.1159
96.3466
96.3174
96.1104
96.7409
96.6818
95.939
96.6263
95.6977
95.8047
95.6006
96.6482
96.3754
96.0721
96.9182
96.2162
97.2148
96.599
96.2153
95.7703
96.8655
95.907
96.9955
95.9476
96.5637
97.0611
96.7057
95.3322
96.1883
96.0738
96.3659
95.6859
96.2321
95.9086
95.7819
95.4697
96.4292
95.9847
95.9744
96.3957
97.3895
96.3991
95.5959
96.2618
96.9143
96.0788
96.5102
95.472
95.8052
96.0987
97.2209
96.2669
96.3878
96.109
96.0654
96.5087
96.2182
96.6961
96.592
95.3181
97.056
96.4833
96.0835
95.9747
97.122
96.6765
96.3948
97.043
96.383
96.9795
95.9197
96.6331
96.3621
96.4034
95.909
96.3224
96.0498
96.3087
95.9605
96.1257
95.4681
96.6157
97.2636
97.6705
96.6191
96.5388
96.2102
96.8036
96.763
96.2154
95.9831
95.7815
96.3784
97.3027
97.0504
96.0283
96.3139
96.4414
96.0956
96.3504
96.8663
96.0921
95.9558
96.1945
96.0176
96.7331
96.0018
96.3054
96.5608
96.2116
95.0162
96.3025
96.6357
96.2165
96.8281
95.8598
96.4854
95.403
96.4101
95.9342
97.5367
95.5278
95.9594
95.6641
96.0827
96.7087
96.3663
95.8313
96.2161
95.4452
96.0392
96.2848
96.0979
96.3476
96.4202
96.7193
95.534
96.2769
96.4511
96.339
96.039
96.1661
96.4107
95.3447
96.1688
95.9592
95.4369
96.1588
95.9816
96.1782
96.1721
95.8163
97.3886
96.077
96.0586
95.7085
96.1037
96.4265
96.7002
96.7498
97.2112
95.7285
96.142
96.2771
96.0241
96.2602
95.8627
95.4558
95.5644
97.2017
96.6528
95.487
96.2901
96.601
95.9672
95.0914
96.392
96.6159
95.8671
95.9334
96.5519
96.4255
96.0886
96.327
95.8568
96.9572
95.7746
97.0713
96.3341
96.5614
96.28
96.3043
96.2773
96.8439
95.9876
96.8342
96.5383
96.3285
96.8338
96.2193
96.9088
96.2374
95.7831
95.4353
96.2874
96.6726
96.3853
95.4429
96.303
96.2434
96.5522
95.5859
96.682
96.1852
97.1586
95.8608
96.5421
96.2886
96.2856
96.0309
96.2034
96.1971
95.7012
96.9277
95.9106
95.9472
96.666
96.6937
95.7844
95.3116
96.0993
96.2563
96.1753
95.9385
97.118
96.6125
96.3998
96.1686
96.4598
96.6502
96.342
96.4969
96.1959
96.1913
96.4015
96.8531
96.0164
95.8272
95.669
94.9776
96.1878
95.7528
95.7812
96.7434
95.4855
96.2441
95.2506
95.49
96.3752
95.4952
96.8285
95.4886
96.3109
97.0394
96.1067
95.7676
95.658
96.2635
96.1908
95.7229
95.7725
96.3727
96.2698
95.8972
96.2191
96.1387
96.2686
96.5264
94.6989
95.7898
95.7238
96.0093
96.0695
95.9107
96.1494
95.7698
96.2642
96.1885
96.1139
97.2704
97.3289
97.0644
96.9526
96.6311
96.2807
96.4102
96.6867
95.3609
96.678
95.8778
96.2119
96.0687
96.6183
96.972
95.9478
95.8693
95.529
96.2224
96.227
97.0117
94.5773
96.2319
95.3817
95.6724
96.1576
96.1445
96.3622
95.498
96.9178
96.5591
96.005
96.8967
96.6432
96.0844
96.3129
96.0132
95.9253
95.7579
95.8695
96.0408
97.0023
95.8504
96.344
96.378
95.835
96.6778
97.473
96.1465
96.4349
96.2017
95.9037
95.9893
96.5247
97.1033
95.8607
96.1638
96.8765
96.3343
96.6636
95.9798
96.41
96.6139
97.0406
97.2717
95.3986
96.224
96.5011
96.8412
96.3081
96.2738
96.1741
96.6178
95.7955
96.2695
95.3099
95.2032
96.5268
96.267
96.278
96.5876
95.7651
96.8307
96.4785
96.0828
96.1905
96.7778
95.5458
96.7367
96.0813
95.8893
96.6549
95.2559
95.5638
95.7477
96.634
95.2629
95.6734
96.5245
96.8995
97.3782
96.8026
96.0011
96.8012
95.7511
95.4043
96.7561
95.5285
95.3931
95.7374
96.3518
96.1304
95.6437
96.6705
96.1271
96.0185
96.9948
95.3278
96.322
96.0058
96.6922
95.7895
96.7251
97.1543
97.3743
96.2561
96.0934
96.6172
96.9344
95.6361
96.4561
95.8579
96.3545
96.7874
96.7379
95.6733
96.3145
96.6034
94.8518
96.2238
96.7907
96.0208
95.7643
96.4137
95.2692
96.2166
96.2972
96.5582
96.1882
96.2776
96.8548
96.5415
96.229
96.6618
95.3491
97.5522
95.6126
95.637
95.9397
95.9975
96.355
96.6148
96.1071
96.3063
96.4558
95.9393
96.2587
96.4135
96.1274
97.0622
96.9432
96.2634
96.9357
97.2652
96.5601
96.3032
96.2648
95.7978
96.498
96.6095
96.023
95.8273
96.9842
96.4975
96.2026
96.1156
95.6085
95.6339
96.9832
95.6832
95.9316
96.2333
96.6949
96.2066
96.2917
96.1053
95.8666
95.735
96.5831
95.9379
96.1955
96.2026
96.5402
95.6803
96.6502
96.5507
96.4635
97.0725
95.4438
96.3057
96.199
95.8457
96.4444
96.7156
96.8772
96.4739
96.2468
95.5972
97.0858
95.9714
95.9739
96.1693
96.3867
96.1441
96.0659
96.8421
95.7782
96.5634
96.4929
95.3413
95.8925
96.2447
95.8193
96.4668
96.2436
95.6428
96.8267
96.2536
95.9407
96.2178
96.6178
95.5589
97.0987
96.1502
96.9682
95.6755
95.7936
96.7455
96.9554
96.561
95.6362
96.1961
95.4682
96.7769
96.0088
96.5465
97.1899
96.9454
95.8482
96.6477
95.5436
96.9637
96.8126
96.4426
96.8298
97.4509
95.548
96.3701
96.9557
96.7893
96.4959
96.2401
96.3226
96.2628
95.7706
95.8174
95.0489
96.3167
96.8816
95.9145
96.138
95.2951
96.7677
96.3438
95.1902
97.31
96.7621
96.4765
96.8069
96.6588
96.4462
96.9261
96.3363
96.2688
96.7664
96.9149
96.4718
96.6687
96.1987
95.329
95.0979
96.3225
95.494
95.5927
95.6949
96.9916
97.1202
96.4236
96.8358
96.1538
96.8942
96.7814
96.9217
96.3568
97.1097
96.0035
95.9095
96.2092
96.5153
95.7103
96.6454
95.9539
96.2691
97.0325
96.2364
96.5986
96.8279
95.8411
96.2744
96.0863
96.7405
96.571
96.1412
95.7401
96.1571
96.1438
96.4021
96.1579
95.8518
96.7544
95.8258
96.3291
96.804
95.5031
96.4302
96.7345
96.0899
96.362
96.9667
96.7227
95.4999
95.7648
96.2374
96.3048
96.9592
96.7885
96.3147
96.5117
95.5338
96.3312
96.0702
95.3169
96.0814
95.3112
96.4118
96.3215
96.7508
96.5061
96.4446
96.7279
96.0056
96.2362
96.5808
96.521
96.4164
95.686
95.9216
95.4383
95.9568
96.4444
96.0385
95.3444
95.8743
95.7909
96.2355
97.2467
95.9384
96.6364
96.7502
95.9322
95.9873
95.4627
95.8789
95.9022
96.442
95.6465
96.9989
95.4823
96.1966
97.58
95.8921
95.7166
96.1237
97.215
96.3018
97.1975
96.2187
96.072
96.704
96.9283
95.8381
95.7406
96.0165
96.6702
95.5102
96.318
96.1848
96.6118
97.3999
96.3806
95.7211
96.4002
95.9837
96.1286
96.5649
96.5113
95.9642
96.5491
96.4771
96.846
96.4605
96.4034
96.7109
96.4134
95.3742
96.4055
97.4705
96.5609
96.6943
95.9361
97.4019
95.9906
96.586
96.8514
96.3968
96.7307
96.0605
96.7136
96.2324
95.7859
95.1913
95.7811
95.4266
95.9781
95.6506
96.2336
96.9078
95.7531
96.5087
96.8068
96.4599
96.591
95.2438
96.5108
96.7207
96.0803
97.4538
96.7159
95.9985
97.0656
96.4382
96.1373
96.2704
96.6132
96.2039
96.2541
97.004
96.6315
96.7658
96.0546
96.7416
95.8511
95.8195
96.8136
96.6637
95.749
97.0295
96.0462
96.6714
96.1636
96.7095
95.7703
96.1456
95.653
96.1909
95.7559
96.7575
96.3628
96.3207
96.6505
95.7651
96.3567
96.4083
96.5711
96.2093
96.1498
95.9325
95.5349
95.6509
96.0332
95.2918
96.1882
97.1933
96.1378
95.9154
96.6651
96.2253
96.4226
96.15
95.8502
97.42
95.9151
96.9184
96.279
96.4677
96.4593
95.1939
96.0898
96.7981
96.5665
96.712
96.8532
96.0422
95.8637
95.8067
95.632
96.8804
97.3643
96.6074
96.1581
96.7277
97.3341
96.5162
96.01
96.6638
96.6343
95.1712
96.3171
96.4447
96.2436
96.1751
95.7902
96.2379
95.9735
95.8039
96.1009
96.2796
95.9257
95.9843
96.052
96.9208
96.5109
95.8657
95.6488
97.038
96.7763
95.9235
96.6256
96.0288
96.6957
96.4369
96.759
95.7269
96.2596
95.5843
96.1195
96.5568
95.6502
96.2581
95.6595
96.0512
95.8952
95.4464
97.0256
96.0518
96.6007
95.5813
96.5762
95.623
96.0289
96.4861
96.0434
96.1921
96.4005
95.8468
96.2892
96.3133
97.3088
96.6798
96.4457
97.3219
96.4548
96.3675
96.1395
95.9266
96.4893
96.5348
96.0115
96.4229
96.3078
96.3672
95.3057
95.3636
96.3042
97.6678
96.4358
95.507
96.6274
96.4653
96.1316
95.9471
95.9882
96.8399
95.6068
97.089
96.6648
96.7799
95.8488
96.8931
95.5922
95.4771
96.0812
96.7675
96.3638
96.4282
95.6909
96.1798
96.0387
95.6893
95.9488
96.6894
96.2235
95.6855
95.9385
96.387
95.9846
96.6252
96.0484
96.2108
95.4567
95.9183
95.6448
95.9173
95.874
95.1312
95.969
96.1021
96.2116
96.0269
96.1251
95.3634
97.3754
96.8717
95.7027
95.8167
95.9808
95.3798
95.3138
96.8297
95.4012
96.575
97.2159
95.6147
96.3596
96.7015
95.9343
96.5466
96.4729
96.7472
96.4257
96.1089
96.9112
96.3982
96.505
96.7481
95.412
96.3826
96.6433
96.3251
95.9205
95.7477
96.1272
96.9578
96.1959
96.1398
96.351
96.4185
96.6241
96.2337
95.6456
96.5601
95.9407
96.2826
95.8682
96.2307
95.2275
96.7054
96.3082
96.776
95.9649
95.7751
96.9189
96.0753
95.6884
96.6112
96.3296
96.1074
95.8638
95.6199
96.4009
96.4922
97.2467
96.0046
95.7725
96.0298
96.2014
95.7976
95.9808
96.7577
95.756
95.6179
95.7416
95.9603
95.3924
96.26
95.5591
96.1223
95.9568
96.1559
96.3002
96.1821
96.1661
94.7199
97.2624
96.4099
96.0712
96.4744
96.8723
96.5563
95.7538
95.568
95.8356
95.7331
96.0162
95.2169
96.2823
95.8428
96.3176
96.0129
95.7709
96.3431
96.6412
97.1278
96.068
96.0767
96.2401
96.8283
96.6073
97.4042
95.1409
96.267
95.5647
95.9429
96.7969
96.2659
96.7541
96.8008
97.0502
96.3128
96.2522
96.4055
95.6212
96.6285
97.3036
95.943
96.6068
96.2387
96.8086
96.6091
95.8445
96.4375
96.0809
96.4199
97.157
96.7263
96.4464
96.7826
96.7732
96.1303
95.892
96.1869
95.3568
96.0961
96.4792
96.3113
96.7777
96.8288
96.7775
97.1606
96.7022
96.6208
96.156
96.4968
96.4897
96.311
95.7739
96.0004
97.0122
96.4596
96.1782
96.6344
96.3243
96.1261
94.6348
96.1086
95.3974
96.609
96.2406
96.1133
96.1481
97.1307
97.0987
96.5946
95.9762
95.8968
96.2877
96.4889
95.9065
95.9389
96.5532
96.3995
96.4528
96.1194
95.3239
96.4461
96.7103
96.3983
96.0211
95.9521
97.4991
96.5373
96.1952
95.255
96.0678
96.8449
96.4816
96.4219
97.071
96.6299
95.4204
96.7282
95.656
96.3185
96.2878
96.3289
96.0538
95.523
95.9995
96.612
96.6324
95.5635
96.1855
96.6507
95.6441
95.5955
96.8008
96.5791
96.3835
95.8118
96.6299
96.0896
96.7535
96.0371
96.2259
95.5736
95.8726
96.1448
96.9284
96.441
96.8564
96.1206
96.2037
95.9448
96.1579
96.4788
96.9814
96.1053
96.0962
96.6586
96.1725
96.612
96.2607
96.2344
95.6912
96.7021
96.1946
96.8908
96.1898
95.5653
96.9175
96.1021
96.5284
96.7266
96.5518
95.9131
96.7173
96.0432
95.6134
96.7144
95.185
95.5927
95.8868
97.0449
96.0577
96.8192
95.5845
95.9913
96.6574
95.9996
95.3226
96.7201
95.5306
96.3117
95.9331
96.6051
96.8251
96.2973
96.0154
96.3927
96.3525
95.4938
96.1728
95.7989
95.948
96.4402
95.7686
95.9732
96.6039
95.9359
96.5762
95.6646
95.7596
95.7925
96.6285
95.6113
96.3823
95.8741
95.9083
95.9264
96.7697
95.7752
96.0427
96.6552
96.1949
96.6448
96.4011
96.9652
95.3604
97.1613
96.1565
95.5571
96.4396
96.5205
96.0549
96.1377
96.5389
95.76
97.0962
96.0301
95.9746
96.2006
96.1029
97.0294
95.1102
95.9525
96.1857
97.0419
96.5304
97.0069
96.2559
96.16
96.5332
96.3871
96.2206
96.4741
96.4215
95.496
96.1299
96.5906
95.1546
97.5341
96.2245
96.3124
96.1381
97.0276
96.4158
96.0248
96.1763
96.549
96.1932
96.5674
96.5984
95.2658
96.2305
96.2504
96.1067
96.8186
96.5449
95.3944
96.7298
96.9205
95.7024
96.5135
95.4809
95.8975
95.6705
96.3918
95.9028
95.8613
96.4242
97.0405
97.2506
95.4632
95.7395
96.137
95.7758
96.0453
95.7539
96.2913
96.7356
95.5431
97.0072
96.5863
95.8995
96.3757
97.1831
96.0987
96.0633
96.4986
96.2383
96.6519
95.3728
96.7707
96.4571
95.5604
95.6862
95.7421
96.1868
96.6076
96.1483
96.241
96.4636
95.888
96.7257
96.4953
95.8119
95.9203
95.5686
95.7625
95.2708
96.883
95.6942
96.5127
96.7351
95.2731
96.5048
96.6935
96.1377
96.0647
95.7505
96.5186
96.2081
97.0106
96.4129
96.2351
95.2092
96.3955
96.8685
97.3301
96.6087
95.9169
95.8775
96.5955
96.2048
96.2283
96.8794
96.2096
95.7323
97.2243
96.9698
96.5394
96.1119
96.3443
96.3242
95.418
96.2626
97.7301
96.2046
95.9168
95.5283
96.5135
96.2605
95.9042
96.118
96.4872
96.5791
96.9802
96.0312
97.015
96.9605
96.054
96.2604
96.018
96.7036
97.0357
95.9546
95.6949
95.9883
96.6328
95.502
95.8196
96.4671
96.2282
96.2533
96.3456
95.2939
95.7548
96.4856
96.037
95.8634
95.9578
95.7763
97.1409
96.2491
95.8053
96.0725
96.3533
96.4588
96.6677
97.0692
95.7057
97.3006
96.5654
95.9307
96.4314
96.659
95.3024
95.8858
96.571
96.685
96.3636
96.0683
95.5912
96.0694
96.5844
96.4972
96.2942
96.8556
95.8116
96.0895
96.2566
96.0359
96.4445
96.568
96.8022
95.1333
96.1846
96.6633
96.0763
96.1731
96.5686
95.6251
96.0053
96.1313
96.182
95.9919
95.4376
95.9405
97.1946
97.1281
96.2264
96.3603
96.1897
95.4635
96.0155
95.3198
95.5269
96.5302
96.8908
95.8608
95.807
96.7315
97.2302
96.4747
96.8082
95.9851
95.3335
96.0162
96.2685
95.4478
96.4744
97.0815
95.9967
95.8865
96.4798
96.3208
95.4781
96.3385
96.7791
97.0193
97.4313
96.3917
95.6486
95.8947
95.8971
97.0147
95.789
96.4667
96.7258
96.4039
96.6437
96.1649
97.1593
96.7887
95.9854
95.8511
96.2772
95.9734
95.4879
96.2467
96.8172
96.5552
96.2284
96.2232
95.4724
95.9847
96.3181
97.7181
95.7617
95.4928
96.2785
96.2039
96.3962
95.4728
95.6937
96.1423
96.2231
97.1269
96.0033
95.9626
96.6341
96.6078
96.2122
95.9035
96.1706
96.6197
96.1929
96.0364
96.4568
96.2543
96.6189
96.4239
95.8891
95.9336
96.4775
95.2483
96.5079
95.6998
96.505
95.8909
95.1135
96.5138
96.0574
95.105
96.219
96.1727
95.1314
95.8241
96.4358
96.5435
96.546
95.9861
95.9365
96.2081
97.0956
95.9732
96.7474
96.1418
96.1503
96.0006
96.2248
95.9622
96.5592
95.2795
96.9337
95.8717
95.8867
96.904
97.0014
96.9835
96.2438
95.653
96.2111
96.3166
96.6557
96.8121
97.2134
96.4795
96.9804
96.5242
97.4085
96.4881
96.2296
96.3716
97.2109
95.665
96.9657
96.7405
95.5805
96.6698
95.916
96.9135
95.9563
96.2068
96.5583
97.0809
96.0712
96.6651
95.1634
96.9934
95.8588
95.9813
97.2122
96.2898
97.1491
95.7728
97.3113
95.2255
96.4877
96.1218
95.92
95.7995
96.2387
96.1044
96.4111
95.8478
96.6049
95.8859
95.8716
95.5971
96.8445
95.736
96.2725
95.8286
96.4568
96.2338
95.94
95.2162
96.5906
96.6108
96.7504
96.3651
96.1315
96.5039
96.5862
95.6158
96.3965
96.0476
96.4268
96.5139
96.5665
96.0616
96.4846
96.4564
95.9582
96.0662
96.7518
96.1561
95.3315
96.1084
96.0215
96.2174
96.2592
97.5197
96.2234
96.2051
95.7003
95.627
95.221
96.0924
97.0804
96.4659
97.0618
96.3472
96.1197
95.9569
95.283
95.8793
96.6349
96.7527
96.018
96.2053
94.8293
96.4936
96.3684
96.6179
96.5427
96.5965
96.5083
96.0414
95.7739
96.0877
96.4978
96.3198
96.5262
95.4593
96.3799
97.1091
96.2716
95.7418
96.6312
96.1522
95.8424
96.2235
95.8897
96.4119
95.0769
96.4816
96.4104
95.6835
96.0766
96.6843
96.7819
96.7358
97.1868
95.9718
96.5496
96.2959
96.4707
96.5092
96.4433
96.7216
96.1837
96.6569
96.6508
96.2749
96.2304
97.049
95.0449
96.3879
96.3513
95.3912
96.511
95.5729
97.2066
96.0785
96.467
95.962
97.2472
97.2408
95.8641
96.3395
96.7295
95.8922
96.3261
96.3558
95.9897
95.7476
95.8061
96.7496
95.6812
95.9366
95.9906
96.3472
96.7144
96.7504
95.6894
97.0058
95.9612
96.6345
95.7771
96.9346
95.4671
95.6682
96.2034
96.2418
97.0571
95.9984
96.5064
95.9618
95.52
96.601
96.0881
96.2565
97.0058
96.5298
95.887
96.2756
96.349
97.2511
95.1525
96.4062
96.5053
95.8302
96.22
96.7802
96.3963
96.0136
95.7346
95.6908
95.5095
96.7718
96.13
95.9385
95.7701
97.0839
95.9857
96.3844
96.6767
96.4879
96.1557
96.7328
97.6472
96.2518
95.9384
96.0091
95.5121
95.6278
96.387
97.0986
96.6646
95.9354
94.9039
97.1635
96.1418
96.789
95.5551
96.9816
96.5229
96.594
95.6818
96.0806
95.8851
95.7574
96.2344
96.9663
96.2995
96.4118
95.8757
96.0341
96.3055
96.7526
95.9947
96.7103
96.0511
95.8018
97.5003
96.3838
95.9593
96.6767
95.9523
95.6187
96.6369
96.9197
96.2927
96.2622
95.9263
96.4951
97.6004
95.9315
96.6358
96.4303
96.2369
96.821
96.1872
96.4958
96.1839
97.7698
95.5291
96.651
97.262
96.1711
95.7548
96.0626
96.3736
96.2595
96.5593
95.6423
95.9087
95.5517
97.5843
96.6902
96.9182
96.3558
95.6832
96.3917
96.6504
95.3238
95.9806
96.2606
97.3192
96.7145
95.9023
96.2199
95.1357
96.229
96.1926
95.4797
96.937
94.928
96.6911
96.5461
95.4552
95.7258
95.6374
96.0483
95.4259
94.9715
96.5969
96.8394
96.0129
96.5355
97.0879
96.1427
96.1535
96.7171
96.3425
95.991
96.0254
96.6919
96.5684
96.1926
94.9748
96.2349
97.6087
96.1567
96.9518
96.1774
96.2235
95.8745
96.4545
97.1423
96.5408
96.0558
96.8416
96.5269
96.2741
96.3219
96.6942
96.1319
96.0936
96.905
96.7553
96.1071
95.3977
96.6162
96.1134
96.8391
95.7841
96.927
96.4876
96.1134
96.626
96.1004
96.6017
96.4312
95.7549
96.6853
96.9444
96.4641
96.2786
96.4738
96.2257
96.0081
95.2886
97.2917
96.1376
96.056
95.3889
95.4539
95.8245
95.8843
96.0821
96.774
96.0035
96.5595
97.3442
96.0796
96.3605
95.8717
96.2923
95.8369
96.4544
96.2658
95.2537
96.4304
96.2324
96.1808
96.4762
95.8739
95.7561
96.9289
96.7556
96.3473
95.5836
96.2755
96.1955
96.979
95.4674
96.4605
97.0063
96.4088
96.9406
96.3364
96.4996
96.3113
96.5209
96.1011
96.7618
95.6853
95.6808
96.4635
96.7195
96.2772
95.2029
96.538
95.8346
96.4704
96.8335
96.3239
96.4598
97.1036
95.9956
95.9846
96.1449
96.7046
96.3237
95.88
95.8559
96.4322
97.1033
96.3814
96.6475
95.9807
96.7153
95.8065
96.6885
96.1845
96.0649
95.8375
95.9863
96.0721
95.1167
96.2521
95.957
95.0744
96.81
96.9593
96.3727
96.3651
96.9913
95.2958
96.3972
95.8702
96.9567
96.2978
95.3578
96.1142
95.8288
96.2075
96.3934
96.9722
96.5248
96.6814
96.4235
95.736
96.3791
97.2251
95.7744
96.2868
95.7034
96.3502
96.0808
96.5442
97.0111
95.4302
95.6261
96.7425
96.5964
96.0473
96.5002
96.5526
96.6615
96.5782
96.5899
96.5013
96.7134
96.1472
96.0401
95.1698
95.7045
96.136
95.9558
95.8019
96.4474
95.7078
96.3404
96.2289
95.7831
94.4502
95.9906
96.4866
96.6317
96.4468
96.2212
96.224
96.5126
96.7478
97.0567
95.5488
96.5103
95.3482
96.3234
96.6678
96.1339
96.6841
94.892
96.1818
96.1215
96.3008
94.9025
95.9216
96.6218
96.9545
96.3937
96.2734
96.949
95.7364
95.9954
95.7005
95.9722
96.4923
97.3685
96.0559
96.9711
97.511
96.0883
96.6905
96.0772
95.784
96.8086
96.5054
96.183
96.5103
96.4291
96.0996
96.5998
95.9819
96.3043
96.8274
96.07
96.7885
96.0826
97.0302
95.5708
96.0319
97.6669
95.9142
95.7416
96.8731
95.1956
96.3152
95.971
95.9428
95.3467
97.3247
95.7937
96.0916
96.6864
96.2448
96.9466
95.2644
95.5872
96.3576
96.3793
96.7052
95.8953
96.0109
95.9373
96.6234
96.6836
96.5448
96.046
96.2965
96.5414
96.1552
96.6047
95.9078
96.0657
96.527
96.5274
96.3733
96.5163
96.2636
97.291
96.2064
96.3425
96.5763
96.8396
95.6349
96.1091
95.7073
95.168
96.1243
95.263
96.4117
96.6843
96.4603
95.9913
96.1878
96.0545
95.1244
95.8484
96.3317
96.7359
96.0364
96.0613
96.244
96.8874
95.7388
96.0969
96.2908
96.4558
96.1927
96.2152
96.8047
96.1355
96.3219
96.3513
96.0489
96.2602
96.4146
95.3367
96.6667
97.2014
96.5079
96.1055
96.3674
96.2835
96.6003
96.6346
96.2497
95.095
96.0719
95.5703
96.0647
96.3362
95.4169
96.5311
95.6741
96.1427
95.7572
95.5865
96.77
95.7018
96.4604
96.4708
96.7062
96.1924
96.1067
95.4967
96.4219
96.7925
96.1633
95.5279
96.5735
95.8539
95.5229
96.0033
95.3189
96.502
96.6737
97.6685
96.5294
96.4185
96.276
95.4254
95.2559
95.4875
96.5892
95.8471
95.8622
95.7915
96.0197
95.6825
95.311
96.2412
96.9781
96.6371
95.9264
96.3642
96.2495
96.6066
96.7927
95.4806
96.1683
95.8403
96.2364
96.9908
96.6087
96.1419
95.8149
96.4423
96.698
96.1713
95.6486
95.9556
96.5786
96.2936
96.0463
96.95
95.6199
95.6617
96.2698
96.1777
96.6095
96.3453
96.2493
96.4965
96.5525
96.5189
97.3258
96.3547
96.631
95.1654
96.3488
96.9293
96.7258
95.3113
96.1683
96.123
95.45
95.9513
95.8472
96.224
97.1275
96.2131
96.1244
96.404
95.9772
96.082
97.0063
97.0376
96.7511
97.2286
95.939
95.9047
95.9244
96.1139
96.2622
96.6562
96.6407
96.2095
96.8036
95.993
95.2903
95.2123
96.2172
96.248
95.6951
95.7657
95.612
95.3888
96.5748
96.1538
95.5467
97.2546
96.4102
96.8439
95.8092
96.4799
95.8736
95.8085
96.5936
95.9635
96.0412
96.7316
96.5326
95.9788
96.2511
96.3514
95.9593
97.049
96.4975
96.2676
96.1777
95.7111
95.5409
96.2471
96.79
96.8618
96.4957
96.1783
96.5068
97.0378
96.7028
95.2762
95.8452
96.5717
96.5061
96.559
97.3386
96.1853
96.3694
95.8277
96.912
96.2689
95.4298
96.0707
96.3133
96.1726
96.3788
96.7279
97.0062
96.5435
95.0495
95.9121
96.0047
96.2046
96.2751
96.2599
96.8074
95.8589
96.0719
96.4955
96.3904
95.9918
96.177
96.111
96.1031
96.2521
96.2928
95.5771
97.4494
96.4637
95.5788
96.5406
95.6798
96.9633
96.6048
94.8592
97.2351
95.559
95.8947
96.3927
95.9374
96.0454
96.9015
96.1388
96.3702
95.3071
96.3406
96.6869
96.463
95.2758
96.0814
96.4192
97.0158
96.5394
96.5813
96.1574
96.3442
96.3112
95.9224
97.4149
96.528
95.8222
95.4584
95.8253
96.0574
96.1999
97.5389
96.2895
95.3288
96.8984
96.3924
96.2045
96.1913
96.5595
96.5185
95.7171
96.4468
96.6634
95.4293
96.4412
97.102
96.4663
96.3821
96.1343
95.676
96.6513
96.4547
97.2368
95.4068
97.0609
96.4765
96.8729
95.6684
96.7918
95.9401
96.0666
96.048
97.0152
96.0569
96.7425
96.5341
95.7386
96.3932
97.1937
95.8351
96.5208
95.6819
95.8371
95.7281
95.742
97.2477
95.954
95.8148
96.0611
96.8528
96.4407
96.2806
96.296
96.3744
96.5237
95.9095
95.4898
96.4586
95.7708
95.819
96.3003
95.3194
96.7832
96.3536
96.3286
96.9741
97.0238
95.98
96.552
96.219
96.5191
95.4089
96.1044
96.5914
96.2612
96.0654
96.0782
96.1415
95.8656
95.6261
96.5722
95.8311
96.6112
96.4607
96.0452
95.9553
97.197
96.372
96.8306
97.1197
96.5587
96.7405
95.5744
96.9084
96.8403
96.2453
96.049
95.0077
96.5616
96.4549
95.7748
95.96
97.0845
95.5383
95.9772
96.3749
96.6398
95.8553
95.127
97.1429
95.4194
96.2411
96.1274
96.6107
96.7859
96.3998
96.839
96.6741
95.662
95.8854
96.1718
97.7246
95.6697
96.9726
95.7126
96.2977
95.7746
96.3351
96.3193
95.1809
96.3665
96.4423
95.8995
95.9115
96.495
95.892
96.6634
96.5312
95.5266
95.5646
97.0231
96.6804
96.8953
95.7692
96.5303
96.1251
96.8691
96.0363
95.8161
96.0029
96.8651
96.5887
96.095
96.0441
96.2547
96.9985
96.3546
95.2623
96.5006
96.0166
95.9691
95.7429
95.7213
95.71
96.196
96.6836
96.5145
96.1891
96.0677
95.9128
95.9191
96.5101
95.9278
95.8092
96.6137
96.3055
95.8092
96.4974
95.9261
96.2409
96.1698
95.5756
95.2467
96.337
96.9106
96.4143
96.2673
96.6849
96.0548
97.1082
95.8701
96.3476
95.977
96.9705
95.7968
95.7531
96.2841
95.8196
96.5341
96.6307
95.5503
96.0156
96.6938
95.7837
95.6417
95.9723
96.0773
96.2739
96.5118
95.6871
95.7243
97.5955
96.0719
96.9745
96.9196
96.3349
96.3052
96.368
95.7149
96.7411
95.8474
96.0833
96.2445
97.0326
95.87
96.819
96.5431
95.8445
96.2886
96.1208
95.6807
96.4315
96.2657
96.7941
96.4581
96.1423
95.7456
96.5772
96.0673
95.9303
95.6418
96.3888
95.8225
96.627
96.4627
95.5084
95.487
96.2704
96.0981
95.8705
96.2046
96.8985
96.5428
96.674
96.3359
96.2952
96.1716
97.0635
96.0893
97.1253
96.1102
95.2204
96.6432
96.2241
96.0978
96.3674
95.5359
96.5027
96.5512
96.0769
95.6973
96.1654
95.9405
96.2874
96.1289
96.401
95.7947
96.4042
96.7018
96.3132
96.0865
96.0432
96.512
96.6597
96.0835
96.9322
96.0144
96.4178
95.7757
96.5241
96.1198
96.5706
94.9967
97.0072
95.6067
97.1826
96.8367
95.5577
96.0522
97.0162
96.2371
95.9801
95.7817
96.5426
95.5828
97.3165
95.0784
95.1219
97.1137
96.5095
95.4913
96.1826
96.2079
96.7582
96.5121
96.3796
96.3531
96.3881
95.741
96.6762
95.9061
96.4843
96.2505
96.2866
96.8807
95.6364
96.9066
97.1512
96.4677
96.2314
96.8993
96.5079
95.8716
96.2125
97.2541
96.7338
95.9623
96.4957
96.2654
95.975
96.2585
95.3231
96.1019
95.7754
96.9176
96.2462
96.2539
96.1739
95.1406
95.8001
96.993
95.6965
96.2046
96.4246
95.8002
95.8323
96.7083
96.8571
95.9979
96.5769
96.8388
96.9015
96.5347
96.8438
96.924
96.2913
95.6834
97.1575
96.4614
96.444
96.0496
96.9249
96.0411
96.2821
96.3754
96.5314
96.3459
95.2022
96.506
96.9511
96.8655
95.9327
95.8545
96.0129
96.2737
96.6985
95.9957
96.6406
96.4058
96.4108
95.6119
96.6037
95.9989
95.9099
96.7064
96.8581
95.1808
95.3262
96.5063
97.0594
97.0449
96.2597
95.8802
96.4585
96.1153
96.2678
97.6421
95.7611
95.795
96.2909
96.331
96.4309
96.121
95.7067
96.6283
96.4797
96.3545
96.781
96.5603
96.7404
96.4525
95.7897
95.9265
97.2267
96.2805
96.3179
95.9635
96.5583
97.1385
96.2078
96.1562
96.7517
95.9338
96.6774
96.3812
95.7452
96.6175
97.2487
95.726
95.1924
95.8337
95.5665
96.3403
95.9103
95.7262
96.3939
96.0814
95.9966
96.8649
96.6279
96.9761
95.9053
96.9403
95.7007
96.9487
95.7696
96.387
96.516
94.9477
96.3017
96.0368
97.2041
96.7308
95.6992
96.025
96.1379
97.4173
96.9621
96.4226
95.2671
95.896
96.9267
95.6093
96.6343
96.6179
96.1668
95.2737
95.8225
96.6421
96.5076
96.5356
96.2137
96.4371
97.0098
96.9768
96.6075
96.6743
95.487
95.8782
95.5844
96.0621
97.3194
95.6866
95.8362
96.1429
95.8371
95.3227
96.2177
95.6752
96.9866
97.2341
95.7087
95.4634
97.0034
96.7255
96.2233
95.8714
97.2524
96.1751
97.0351
96.7273
96.3967
95.6503
96.4993
95.9952
96.8857
96.0581
96.5297
96.559
96.2365
96.291
96.0616
96.4728
96.7781
95.8157
96.1175
96.2827
97.2701
95.7108
96.2349
95.3866
96.721
95.9083
96.4593
96.872
96.0895
95.5258
96.1328
96.0769
95.2484
96.1915
96.4965
96.6371
96.3982
96.8176
96.0599
96.6514
96.0608
95.9663
96.3016
96.1802
96.3375
96.4018
96.1057
95.7373
96.4152
97.1905
95.7099
96.2411
96.2429
95.734
95.2563
95.8381
95.9786
95.6327
96.2777
95.4493
95.3735
95.6046
97.3268
95.9817
96.1587
96.7819
95.7813
96.2182
96.5452
96.0281
96.8354
96.2011
95.9882
96.5478
95.927
96.2397
96.1385
96.0884
95.5647
95.9271
96.5575
95.6679
96.0618
97.1568
96.3319
97.1947
97.1099
95.724
95.2507
95.8547
96.5154
96.0835
96.6661
95.6469
96.8209
96.1888
96.5676
95.5694
96.7341
95.815
96.7546
96.7831
97.2511
96.6059
95.2038
94.635
96.7898
95.654
96.2305
96.6318
96.3251
97.5346
96.8681
96.68
96.4818
96.4816
95.9224
96.8784
96.2259
96.1793
95.7209
96.6087
95.78
96.1567
96.0794
97.2616
96.6718
96.2434
96.8945
96.047
97.2568
96.9425
95.9236
95.2413
97.2197
96.2019
96.0604
96.0261
95.3783
95.9171
97.1145
96.1707
95.7941
96.7312
96.0804
96.0637
96.5417
95.5335
95.999
96.3378
95.8109
95.5133
95.6603
96.2656
96.7208
96.5521
97.1352
95.0856
96.1393
96.2928
96.0094
96.6208
96.9505
96.819
95.9365
95.942
96.4045
96.5309
96.4769
96.7985
96.2401
96.6776
96.0494
95.2843
96.1582
96.1425
96.7876
96.6742
96.3635
95.8769
96.4543
95.3424
96.1889
96.3038
95.7786
95.7625
96.4146
96.3517
96.1841
95.4111
95.7611
96.8514
95.8952
95.6317
96.5279
96.7445
96.2562
96.5308
96.5906
97.1488
96.8125
96.3515
96.1777
95.7845
96.7397
96.0459
96.5728
97.4174
96.479
96.373
96.0739
96.0617
97.0789
95.9003
97.4389
95.4862
96.4058
95.9734
96.5428
96.1537
96.6239
96.4605
96.2702
96.7186
96.7052
95.7465
96.2324
96.8863
96.9104
95.9578
96.7245
95.4725
96.8286
96.2126
96.5208
96.4591
96.5053
95.6415
95.6218
96.5082
96.8608
96.8927
95.9599
95.6196
95.9725
96.6765
96.3427
96.1634
96.8265
95.0895
96.4122
96.5599
96.8941
95.5985
96.1405
96.3214
95.2927
96.0693
96.116
96.1054
95.2294
95.4764
97.1659
96.4845
97.0391
96.4195
95.4661
96.3284
97.0757
95.7394
96.3635
96.431
95.7801
96.9073
95.8558
96.6649
95.7691
96.9771
95.9742
96.7856
96.5363
95.7794
96.7004
95.6065
96.3267
96.2526
95.6377
95.1579
96.2796
96.3198
96.4866
95.4455
95.9327
97.6273
96.7883
95.9802
95.7898
96.8389
96.3997
96.0263
96.9846
96.1158
97.1039
95.6863
96.7597
96.6568
96.4826
96.1218
97.0344
97.0506
95.325
95.4893
95.8565
95.8797
95.5111
95.5941
96.7381
96.8758
95.8565
95.6212
96.0924
96.9726
97.2344
95.4037
96.6305
97.0399
96.0864
95.6688
95.8722
96.1495
97.0001
95.544
96.6901
96.7864
96.2714
96.5311
97.1404
96.1023
95.8415
95.949
95.9194
95.7918
96.5025
95.5115
96.2461
96.9038
96.5893
96.4249
97.6128
96.2493
96.3041
94.9287
96.1124
95.7492
95.663
95.8774
96.2453
95.9119
96.1776
96.3627
95.9158
95.7674
96.1023
96.1186
96.2407
96.2654
95.6869
96.3385
96.3587
95.8875
97.0813
96.7594
96.1889
96.2595
96.8661
95.7659
96.5202
95.3782
95.463
96.3677
96.0698
96.2329
96.0352
96.7391
96.7666
96.6641
96.3301
96.242
96.3777
96.5829
96.1652
96.3512
96.0451
96.2862
96.2717
94.9105
96.5273
96.9249
95.2866
97.4552
96.0105
96.2468
95.6743
97.2764
96.085
96.5868
96.6248
96.9186
96.0952
95.2844
96.3148
96.0672
96.4584
96.0589
96.841
95.8987
96.1003
96.4548
96.7167
95.8121
96.1478
95.6436
95.3634
96.1206
96.513
96.9337
96.979
95.9067
96.6348
95.9181
97.7337
96.2942
95.6287
96.3743
96.194
96.6451
96.2878
95.8354
95.816
96.0223
95.9044
96.1881
96.7821
95.5835
96.724
96.0436
97.0878
95.2493
96.3657
95.5721
96.6084
96.3723
96.1211
96.1299
96.3798
95.7424
95.3357
96.4035
96.4279
96.1565
95.731
96.4151
96.3183
96.0793
95.4544
96.364
96.709
96.0897
96.5378
96.4979
96.4196
96.6156
96.3364
96.0425
96.0947
96.2997
96.4005
95.8113
96.7011
95.8654
97.1601
95.5606
96.3503
96.7288
96.3885
96.1838
96.8421
95.7854
96.7879
95.9436
96.0861
96.1463
95.942
96.6644
96.3389
96.3059
96.5912
95.6408
95.6587
96.1707
96.5568
95.8023
95.9236
96.3918
95.3251
96.1086
96.7852
96.7515
95.7519
95.9021
96.6803
97.0444
96.2854
96.0623
96.8723
96.3099
95.8247
95.8417
96.4807
96.4392
96.1296
95.3164
95.7033
95.9838
95.8292
95.9049
96.185
97.1566
96.2708
96.7633
95.9012
96.3563
95.9017
96.1097
96.4362
95.739
97.0528
96.7056
95.7711
95.7027
96.1265
96.3025
96.0805
96.8274
95.9237
96.5256
96.81
96.4176
95.7198
95.8448
95.7542
96.9985
96.3447
95.6375
96.7988
96.7481
95.9084
96.2595
96.8517
96.3477
96.7136
96.4187
97.0837
96.0601
96.6428
96.9171
96.1506
95.9031
96.6349
96.2272
95.694
96.0644
95.6089
95.7246
97.4259
96.6086
96.4807
96.9302
96.7382
95.7947
95.8661
96.1952
96.389
95.5216
95.9842
96.326
95.6127
96.117
95.8181
95.766
97.1973
96.8223
96.247
96.3226
96.6762
96.0811
95.7371
96.3042
95.8054
95.7267
95.47
96.5244
96.3328
96.9462
95.9251
97.1163
96.1949
96.2169
96.0041
96.6681
96.4258
96.2797
96.0385
97.1228
96.4611
96.4472
96.0062
96.313
96.2513
96.7008
96.3893
96.2061
95.8573
95.9192
96.2922
95.9246
96.1224
95.6561
96.3464
96.5374
96.4016
96.4871
94.91
95.3726
96.5054
95.577
95.405
96.1836
96.8064
96.766
96.5804
95.9187
95.6141
96.6549
95.7997
96.1904
96.2584
96.6007
97.5136
95.5813
96.7496
95.917
96.5772
96.8436
96.2022
95.9832
96.0874
95.5218
96.5062
95.8486
96.4835
96.5428
95.9867
95.6982
96.1864
96.4365
96.678
96.3561
96.0576
95.4429
96.4868
96.4078
96.427
96.6186
95.7044
95.0876
96.1102
95.988
96.115
96.2112
95.6767
96.1736
95.8826
95.9288
95.7454
96.4869
96.3382
96.3292
95.2257
95.7448
95.5785
97.0246
96.8337
95.9013
95.5548
96.4416
96.702
97.0908
94.7806
96.1421
95.8188
97.1485
96.6854
96.0337
95.5881
95.8955
95.64
95.9619
96.5112
96.9
95.572
96.3486
95.7445
96.4054
96.1815
95.5703
96.2996
95.984
95.3166
95.7653
95.9797
96.9927
95.4514
95.71
96.5995
96.8283
96.1352
96.0354
96.0071
96.5431
96.419
96.2541
95.8193
96.099
97.1883
95.1858
97.0237
96.9651
95.5086
95.4271
95.8608
96.1803
95.5713
95.9466
95.7086
96.5935
96.8271
96.435
96.1232
95.7956
96.4568
96.112
96.511
96.93
96.448
96.1896
95.7514
96.1807
96.22
95.7807
96.4205
95.4056
96.3545
95.5622
96.4742
96.458
96.1292
95.4271
95.8624
96.856
96.1226
96.0142
96.1582
95.8651
96.7981
97.0751
96.568
96.3318
95.6141
96.4795
95.7917
95.8609
97.0483
96.3231
97.051
96.5551
95.9828
96.0065
96.8095
97.1117
95.83
96.6541
96.1238
94.8537
96.8742
96.4786
96.2354
95.9979
95.8779
96.2604
96.6778
96.1881
97.8359
95.4208
96.4264
95.8804
96.0613
96.5843
95.8556
95.9669
95.3834
96.388
96.6641
96.9458
96.5924
96.2089
96.2701
96.6698
95.2574
96.3571
95.5103
95.0406
97.2246
96.7157
97.4039
95.8688
96.6333
96.9708
97.0964
96.955
96.6488
96.7906
96.4189
95.5265
95.7979
96.4842
95.8892
96.5094
95.0895
95.9343
96.2285
95.505
95.5025
97.2295
95.3892
95.8397
96.2685
95.9898
95.9125
96.0156
96.9062
96.0198
96.2084
96.3064
96.5912
96.6542
95.8698
96.5211
96.287
96.5297
95.7044
96.4412
95.3661
96.3635
95.7177
95.7412
95.7731
96.1082
97.6517
95.7748
95.8211
96.4895
96.5023
96.1604
96.3753
97.0173
96.2404
95.8892
97.0358
96.0121
96.6121
96.241
95.8658
95.656
95.7958
96.3633
96.3887
96.2702
95.8918
95.813
96.0276
96.7152
96.113
97.6475
96.5686
95.8093
96.0047
96.3603
96.232
97.0374
96.1967
96.2482
97.0753
96.9854
95.7398
96.2659
96.2164
95.2643
96.4188
97.1351
96.5034
96.1156
96.3821
96.0598
95.6969
96.5121
96.8944
96.2195
96.1846
96.5248
96.0536
96.4846
96.0352
96.3201
96.8448
96.57
95.828
95.8821
95.6329
96.2761
95.7422
95.9649
96.4969
96.0391
96.3347
96.0483
96.9046
96.1267
96.6543
96.6202
96.4138
96.2217
95.9395
95.9353
96.1325
96.5891
96.6194
96.8759
97.1472
97.0232
96.4713
96.3678
95.6681
95.9931
95.8754
95.4673
95.5429
95.2467
96.9822
96.1039
95.8199
95.693
95.8633
96.4575
95.6483
96.2749
96.4939
96.8477
96.2326
96.5812
97.3931
95.576
96.7423
95.786
97.5537
95.9836
96.2905
95.8284
97.1518
96.2408
96.2107
95.8099
96.4189
96.1432
95.935
95.6064
97.0863
96.548
96.473
96.7142
96.1601
95.8173
96.0765
96.9592
95.7303
95.8513
95.4696
96.9133
96.3394
95.6733
95.7077
95.6861
96.9259
96.5594
95.7145
96.7016
96.1377
96.6507
96.6835
96.4804
96.1211
96.1333
95.8908
96.4997
96.3804
95.4335
96.4924
96.1528
95.8446
96.0307
96.5574
95.6987
95.6937
96.6804
96.2901
96.3822
95.9601
96.8787
96.1107
96.3909
95.5683
96.433
96.1004
95.9239
96.9897
96.0833
95.6702
96.3845
95.9505
97.2459
96.0413
95.5927
96.2936
96.4171
96.5662
96.7913
96.4742
96.492
95.7029
96.7376
96.5633
96.8385
95.7582
96.398
95.2277
95.9447
96.9055
96.5804
95.8869
96.6482
97.283
96.035
95.4683
96.3837
96.5503
96.1888
95.1173
97.0241
96.1125
96.096
95.9441
96.5879
96.1863
96.4165
96.244
95.6233
95.6091
95.1706
96.3274
96.6347
96.209
96.0653
96.1184
96.3072
95.8409
96.6042
96.1691
96.5743
96.6923
95.9245
96.3222
97.1593
95.5501
96.1632
95.7757
96.4811
96.479
95.5262
96.3153
96.0929
95.5931
96.2643
96.7525
95.846
95.9022
96.0003
96.8026
96.4671
96.6487
95.5883
96.3431
96.0306
96.2442
97.3665
96.0512
96.6341
96.236
96.0794
96.8095
95.7856
96.1202
95.8011
95.999
97.06
96.3786
96.5145
96.2433
97.3135
95.9822
96.4741
95.4377
96.4416
96.7107
96.69
96.6243
96.6399
96.3045
96.8091
96.3296
96.1568
96.6642
96.7715
96.3879
96.643
96.4576
95.9367
96.4756
96.6402
95.6828
96.4012
96.0783
96.6131
96.667
96.4233
95.8634
96.3101
96.3657
96.7588
96.5658
95.6744
95.6935
95.6087
96.2904
96.7495
95.5584
96.6614
95.8913
96.5621
96.5302
95.9367
96.2317
96.2874
95.9117
96.0859
96.9879
96.6454
97.0332
95.4572
96.2972
96.3929
96.2261
96.0196
97.4176
96.6712
95.3484
95.7858
96.1867
96.6879
95.8222
97.0213
96.8481
96.0412
96.2359
95.6176
96.5621
96.5071
96.4087
97.061
95.7528
95.7444
96.5498
96.102
96.8766
96.2366
96.2845
95.9298
96.194
96.958
96.7972
96.1769
95.4018
96.4184
96.2944
95.7503
96.9682
95.5598
96.5413
96.1496
96.5614
96.2889
95.7675
96.3642
96.4976
95.8224
95.5029
96.1847
95.8082
96.4106
95.326
96.1061
95.8279
96.0495
96.6852
95.7061
95.4215
96.0174
96.3837
95.5893
96.3402
96.2823
96.4615
96.3979
95.8472
96.9565
97.234
95.982
96.567
95.3997
97.5155
96.3597
96.3559
95.7254
96.0631
96.7254
96.8619
95.9924
96.1214
95.7494
96.1152
96.3289
96.2981
96.6313
96.0581
95.783
95.903
96.7156
96.4088
96.5034
95.7689
96.4216
96.3725
96.5741
96.3826
96.1422
96.9468
96.4224
96.392
96.0159
95.7357
95.9712
96.5074
96.5436
95.5872
95.5851
96.8666
96.4776
96.2225
95.3257
96.1801
95.9898
96.0918
96.5878
96.2722
96.0741
96.2278
95.6964
96.2794
95.976
96.1632
96.4565
95.887
96.319
96.3476
96.1975
95.5177
96.7309
96.0233
96.0321
96.2905
96.7798
95.8898
96.4347
96.1197
96.9318
95.5205
95.9319
96.2569
96.8958
95.8496
96.678
96.1132
97.1008
96.3528
96.6734
95.9333
95.7281
95.6277
97.5164
97.1953
96.2596
95.6217
97.2522
95.7194
96.0656
95.4379
96.6945
96.3707
96.0268
96.4365
95.4846
96.5748
97.0385
96.1085
96.2893
96.3014
96.6351
97.1544
96.9274
97.2216
95.8256
97.1251
96.2369
96.0635
96.1703
96.2961
96.1047
96.2556
96.2827
96.3597
96.2189
96.1763
96.8944
96.6606
95.6437
96.4381
95.7236
96.2901
97.4182
96.3615
96.0377
95.9424
96.7368
95.9669
95.4432
96.1129
95.6498
94.9584
95.4982
97.1768
95.9541
96.8286
96.0741
96.6122
96.5447
95.8197
96.2022
96.4647
96.5699
96.5043
96.4031
96.5832
95.9073
96.4104
95.6772
95.9852
96.4745
95.3805
95.3458
96.3428
96.7717
96.3518
96.3439
96.7477
95.7134
96.4829
96.5832
96.549
95.7876
96.6401
95.4903
95.7601
95.9567
96.0043
95.5081
96.5908
95.871
95.2766
96.0593
96.2121
96.1743
95.5536
95.6589
96.3579
96.4664
96.1146
96.497
96.547
95.656
96.7841
95.5773
95.5602
96.6218
95.5644
97.0433
96.3421
96.5587
95.5356
96.135
95.8644
96.739
96.5818
95.9404
95.6358
96.667
97.0053
96.3872
96.1153
96.89
96.3693
96.9488
95.7544
96.2477
96.635
95.8821
95.7196
95.2576
95.2372
96.072
95.8567
95.6914
95.4914
95.8975
95.9529
96.671
97.1022
96.5065
95.8524
96.6316
96.1923
95.854
95.7107
96.5434
96.9006
96.1165
96.3473
96.7632
95.7537
95.957
96.5088
95.8477
94.873
96.4481
96.7104
96.5687
96.4035
95.6889
96.9365
97.115
97.0569
96.5977
95.2748
95.8006
96.1746
96.7636
96.5264
96.4442
95.4688
95.9298
96.3109
96.8563
96.0506
96.2844
95.6423
95.9783
96.8848
95.5696
96.0728
96.5851
95.9015
94.8079
95.5414
96.4136
97.0094
94.6166
95.975
95.4793
96.0012
95.7418
96.6297
95.6014
96.3476
96.1458
96.7587
97.024
96.2951
95.58
96.9279
95.7372
96.7986
96.2572
96.7461
97.1381
96.3187
97.3824
95.8369
96.8843
97.0048
96.7445
97.3714
95.3123
96.4031
96.4057
95.9623
95.6807
94.4917
95.853
95.9275
96.4056
96.5685
96.8388
96.4701
95.9276
96.062
96.7563
96.2899
96.1945
96.1577
96.8241
96.5156
96.7342
95.9047
95.6039
95.5108
96.027
96.0992
96.2102
96.1976
96.7697
96.6244
95.8448
96.1645
96.8086
96.6789
96.1102
96.8974
96.2285
96.6811
96.288
96.3432
96.0091
96.8413
96.4346
96.1047
95.7736
96.2609
95.7042
97.0653
95.7634
96.71
97.5415
96.6601
96.6717
95.7729
96.8596
96.0501
96.8724
95.5974
96.6851
96.6874
95.9097
96.0553
96.4711
96.0793
96.5146
95.3823
97.0951
95.7715
96.816
96.4458
96.9859
95.8994
97.5852
96.9317
96.6872
96.3387
97.1301
96.0562
97.1536
96.211
97.1382
96.5164
95.9411
96.4832
96.0188
96.5452
96.0924
95.8242
96.0031
96.411
96.229
95.8861
96.205
96.1592
96.5096
96.2392
96.7114
96.1546
95.5487
95.6841
95.1332
96.14
95.4903
96.6008
96.5217
95.8671
95.9281
96.3705
96.3734
95.9317
96.6218
96.2001
96.8252
95.8542
95.8504
96.4696
95.7763
96.2963
96.535
96.7416
95.8455
97.2195
96.4636
96.6708
96.9331
96.153
96.5913
95.4226
96.2792
96.7703
96.3711
96.477
95.7837
96.1639
97.2754
95.29
96.5224
97.0192
95.8909
96.1508
96.3675
95.8173
96.5594
96.1943
95.7046
96.0732
96.0242
97.3157
96.7858
96.3495
96.6576
96.6632
95.7667
96.8641
95.9857
96.1837
95.09
95.4344
96.4828
95.7294
96.404
96.548
96.3434
97.1074
96.8101
96.1969
95.4742
96.0263
96.0439
96.6914
96.0402
96.2018
96.3714
95.0394
95.8528
95.8074
96.4177
96.2003
96.9384
96.6758
96.0428
95.739
96.1017
96.7033
95.8418
96.3287
96.8791
96.7097
96.3008
96.7222
96.2633
96.6489
96.4045
96.3697
95.6947
96.0961
96.571
96.4015
96.0088
96.5598
96.1535
95.907
96.0477
96.4572
95.6612
95.6427
95.6002
96.1721
96.2061
96.8351
97.2324
95.8895
96.4419
95.722
96.2194
96.4025
96.1176
96.5605
96.5141
96.8932
95.6075
97.0679
96.7922
95.5483
96.7356
96.1939
95.279
95.8738
96.2305
96.5264
96.2265
95.9344
97.1408
96.4426
95.4514
96.6717
97.0178
96.8702
96.4737
96.024
95.6817
95.6212
95.1039
96.2805
97.0278
96.5411
96.4616
95.8211
95.9206
95.7676
96.7456
96.03
96.3229
96.2462
95.6047
96.4666
96.6019
96.4044
96.3396
96.0794
96.3358
95.9597
96.8183
96.4155
96.0532
96.6056
95.4974
95.8868
96.5504
96.1668
96.4955
96.1227
95.8932
96.3611
95.861
96.3749
96.3563
95.941
96.2447
96.0863
96.5466
96.4929
94.597
96.2314
96.1312
95.8084
96.1824
96.0896
96.7906
96.0542
96.2061
96.4347
97.2751
95.8311
96.0833
96.4925
96.4599
96.472
95.5428
95.8453
95.6236
95.8058
96.4723
96.5845
96.4989
96.369
96.6843
96.4488
96.4319
95.7414
96.7305
97.6671
96.0381
95.506
95.8509
95.4018
96.2061
95.7453
96.2282
95.5478
96.0258
96.0665
95.1888
96.3494
95.814
96.842
95.088
97.0867
96.2018
96.0228
95.3383
97.0102
96.3891
95.7058
96.6361
96.6215
95.9786
96.7406
96.6897
96.4358
95.951
96.2812
96.4607
95.5848
96.1697
95.5985
97.0096
96.1459
97.3842
96.2527
96.2726
96.4893
97.4189
95.8556
95.6427
95.6939
96.1295
96.8143
95.4214
96.8211
96.291
95.311
96.8847
96.9071
95.6737
96.7818
96.357
96.5273
96.761
95.4185
96.4679
96.6202
95.8017
96.7664
97.0324
96.1025
97.1432
96.0284
95.1283
96.3257
95.886
95.8404
96.0141
97.0984
96.6526
96.8027
96.4837
96.4165
95.9673
95.8706
97.3192
97.443
96.8362
95.9721
96.4713
95.4504
96.3336
95.1707
96.0968
96.7845
95.5088
96.8424
96.7452
96.0529
96.5192
96.3362
97.1496
96.5999
96.8997
96.7095
96.6654
96.1314
96.7943
96.241
96.2451
96.7477
96.8325
96.768
96.5453
96.4422
95.6207
96.9365
96.1325
96.2358
96.6838
96.0093
95.7296
95.8288
96.1595
95.5592
96.8455
95.9344
95.7575
96.6801
95.3078
96.6621
96.7018
97.2773
96.8471
95.7465
96.0361
95.4727
96.4426
96.2665
97.4589
95.9473
96.3063
95.8642
96.1875
96.8996
96.3093
97.2506
97.1964
95.5377
96.3028
95.7735
95.7475
96.6278
96.1639
96.0156
95.8943
96.8198
96.0629
96.8581
96.5136
96.574
96.529
96.6377
96.2741
96.8144
96.2507
96.291
96.078
96.8206
97.1707
96.9788
96.1378
95.8071
96.3404
95.6099
95.6879
96.3544
96.4228
96.0921
97.154
96.3542
96.3379
96.1745
96.539
96.8252
95.7614
96.2362
96.7024
96.7562
96.2808
95.6098
96.3394
96.066
95.8473
96.3994
95.1928
95.7852
97.2421
97.3599
97.2479
96.6487
95.7754
97.287
96.2655
96.4661
95.6519
95.9898
95.9577
96.42
95.8703
96.593
95.4305
96.1077
95.5584
96.8371
96.0823
96.1061
96.1058
95.8065
95.6766
96.839
95.5456
96.8957
95.8887
96.4033
97.0295
97.3051
96.726
96.4252
96.0022
96.4675
96.7985
95.9462
95.9504
95.7152
96.7409
96.0187
96.9214
96.8992
94.9116
96.0537
96.1106
96.2149
96.2925
96.6253
96.5033
95.1094
96.3029
96.7408
96.8251
96.7835
96.1349
96.8093
96.4483
96.2818
95.897
95.8035
96.0701
96.1569
95.8414
95.5949
95.7742
96.1851
95.7424
95.915
95.9199
96.5665
95.3553
96.6831
97.1499
97.047
95.3974
96.5832
96.869
96.5416
96.2984
96.5176
95.7386
95.9274
96.7663
96.9303
96.6075
96.1364
96.3672
96.5921
95.8527
95.4499
96.6463
96.8638
95.8652
96.1861
96.5947
95.8962
96.9456
96.0072
95.8207
96.4132
96.7812
95.978
95.9451
95.8336
95.8131
96.7723
97.14
95.5409
95.9172
96.3593
97.2856
95.933
96.0027
95.6622
96.6467
96.3567
96.7262
97.3411
96.7837
96.1846
96.3443
95.763
95.8836
95.8318
95.7896
95.432
95.9144
96.0049
96.3008
95.8731
95.9518
96.7843
95.5046
96.9052
96.2083
96.8355
96.6293
96.65
96.6583
95.3013
96.1395
97.4042
96.7164
96.1548
94.8488
96.7237
95.7063
96.6467
96.6032
96.3703
96.6567
96.2699
96.9792
96.3992
95.6077
97.3216
96.3749
97.0344
96.049
96.7442
96.3706
96.0006
96.7718
96.3784
96.4312
96.2072
97.1395
96.3559
96.7101
96.3728
95.7528
96.0006
97.3557
96.153
96.7773
96.7308
95.7907
96.496
95.9216
95.9085
96.0407
95.6044
96.6427
96.1744
95.7931
95.1149
95.9138
96.0678
95.9233
97.0125
95.5591
95.8939
97.374
95.3781
97.3761
96.0644
96.351
95.9776
96.5033
96.3584
96.6114
96.3548
95.9026
95.1475
96.1027
96.8082
96.2738
96.3898
96.2357
96.718
97.1106
95.7189
96.4033
95.974
96.0868
95.5389
96.487
96.2291
96.5443
96.7085
96.1105
96.3582
96.3246
95.4729
96.3137
95.4215
