1385 7 
1,52,73,104,155,186,207,
100,100,100,100,100,100,100,
0.11,0.06,0.09,0.07,0.07,0.08,0.08,
100,100,100,100,100,100,100,
0.23,0.09,0.13,0.12,0.14,0.14,0.13,
100,100,100,100,100,100,100,
1.29,0.28,0.25,0.38,0.24,0.26,0.37,
100,100,100,100,100,100,100,
0.23,0.08,0.1,0.11,0.1,0.09,0.12,
100,100,100,100,100,100,100,
1.87,0.62,0.62,0.86,0.74,0.61,1,
100,100,100,100,100,100,100,
2.98,0.71,0.49,1.45,0.4,0.4,0.96,
100,100,100,100,100,100,100,
5.44,1.13,0.8,2.86,0.76,0.66,1.97,
100,100,100,100,100,100,100,
4.35,1.19,0.79,2.24,0.83,0.75,1.89,
100,100,100,100,100,100,100,
4.98,1.48,1.08,2.77,1.02,0.99,2.17,
100,100,100,100,100,100,100,
0.07,0.07,0.33,0.03,0.24,0.06,1.17,
100,100,100,100,100,100,100,
7.66,1.79,1.25,3.9,1.21,0.99,3.11,
100,100,100,100,100,100,100,
5.49,1.32,0.79,2.81,0.79,0.69,2.15,
100,100,100,100,100,100,100,
0.53,0.19,0.62,0.46,0.53,0.32,1.54,
100,100,100,100,100,100,100,
7.89,1.81,1.29,3.82,1.11,0.97,2.95,
100,100,100,100,100,100,100,
0.23,0.1,0.41,0.1,0.3,0.15,1.31,
100,100,100,100,100,100,100,
0.16,0.03,0.09,0.12,0.1,0.09,0.12,
100,100,100,100,100,100,100,
0.25,0.09,0.14,0.12,0.13,0.14,0.17,
100,100,100,100,100,100,100,
0.16,0.15,0.15,0.07,0.15,0.17,0.17,
100,100,100,100,100,100,100,
0.14,0.12,0.13,0.06,0.2,0.17,0.2,
100,100,100,100,100,100,100,
0.27,0.17,0.14,0.23,0.18,0.22,0.29,
100,100,100,100,100,100,100,
0.09,0.1,0.11,0.04,0.13,0.12,0.12,
100,100,100,100,100,100,100,
0.24,0.18,0.15,0.24,0.3,0.2,0.18,
100,100,100,100,100,100,100,
0.16,0.12,0.12,0.44,0.15,0.13,0.12,
100,100,100,100,100,100,100,
0.37,0.13,0.18,0.08,0.19,0.17,0.25,
100,100,100,100,100,100,100,
0.25,0.09,0.17,0.12,0.17,0.17,0.17,
100,100,100,100,100,100,100,
0.19,0.18,0.18,0.1,0.17,0.17,0.18,
100,100,100,100,100,100,100,
0.27,0.14,0.15,0.09,0.16,0.15,0.21,
100,100,100,100,100,100,100,
0.22,0.12,0.16,0.11,0.09,0.14,0.26,
100,100,100,100,100,100,100,
0.22,0.12,0.14,0.21,0.13,0.17,0.2,
100,100,100,100,100,100,100,
0.1,0.1,0.11,0.03,0.12,0.09,0.12,
100,100,100,100,100,100,100,
0.24,0.06,0.11,0.06,0.11,0.1,0.14,
100,100,100,100,100,100,100,
0.22,0.2,0.16,0.21,0.16,0.18,0.24,
100,100,100,100,100,100,100,
0.22,0.13,0.13,0.14,0.11,0.13,0.14,
100,100,100,100,100,100,100,
0.07,0.11,0.07,0.07,0.07,0.1,0.11,
100,100,100,100,100,100,100,
0.29,0.16,0.16,0.12,0.14,0.14,0.26,
100,100,100,100,100,100,100,
0.13,0.13,0.13,0.06,0.14,0.11,0.22,
100,100,100,100,100,100,100,
0.15,0.09,0.16,0.04,0.13,0.14,0.16,
100,100,100,100,100,100,100,
0.13,0.11,0.14,0.05,0.12,0.1,0.14,
100,100,100,100,100,100,100,
0.79,0.09,0.11,0.12,0.12,0.13,0.13,
100,100,100,100,100,100,100,
0.3,0.23,0.18,0.19,0.16,0.22,0.25,
100,100,100,100,100,100,100,
0.15,0.15,0.12,0.19,0.1,0.16,0.16,
100,100,100,100,100,100,100,
0.41,0.13,0.2,0.13,0.2,0.13,0.21,
100,100,100,100,100,100,100,
0.23,0.15,0.18,0.09,0.15,0.15,0.19,
100,100,100,100,100,100,100,
0.18,0.11,0.18,0.11,0.23,0.17,0.19,
100,100,100,100,100,100,100,
0.17,0.08,0.1,0.11,0.09,0.08,0.17,
100,100,100,100,100,100,100,
0.23,0.08,0.12,0.08,0.13,0.13,0.13,
100,100,100,100,100,100,100,
0.24,0.13,0.13,0.09,0.13,0.16,0.18,
100,100,100,100,100,100,100,
0.31,0.13,0.26,0.08,0.16,0.15,0.15,
100,100,100,100,100,100,100,
0.16,0.09,0.13,0.13,0.15,0.12,0.16,
100,100,100,100,100,100,100,
0.25,0.2,0.27,0.16,0.24,0.23,0.19,
100,100,100,100,100,100,100,
0.1,0.11,0.15,0.11,0.17,0.12,0.18,
100,100,100,100,100,100,100,
0.13,0.07,0.09,0.07,0.11,0.1,0.12,
100,100,100,100,100,100,100,
0.2,0.08,0.16,0.14,0.12,0.13,0.16,
100,100,100,100,100,100,100,
0.16,0.1,0.09,0.08,0.08,0.09,0.13,
100,100,100,100,100,100,100,
0.18,0.11,0.12,0.12,0.13,0.12,0.13,
100,100,100,100,100,100,100,
0.27,0.14,0.15,0.13,0.2,0.14,0.18,
100,100,100,100,100,100,100,
0.13,0.14,0.14,0.05,0.16,0.11,0.13,
100,100,100,100,100,100,100,
0.07,0.09,0.1,0.05,0.1,0.11,0.1,
100,100,100,100,100,100,100,
0.21,0.1,0.12,0.06,0.15,0.1,0.1,
100,100,100,100,100,100,100,
0.18,0.16,0.14,0.13,0.09,0.12,0.14,
100,100,100,100,100,100,100,
0.16,0.09,0.11,0.09,0.09,0.09,0.11,
100,100,100,100,100,100,100,
0.14,0.09,0.11,0.08,0.08,0.09,0.11,
100,100,100,100,100,100,100,
0.16,0.13,0.09,0.1,0.14,0.09,0.11,
100,100,100,100,100,100,100,
0.11,0.07,0.11,0.1,0.1,0.11,0.13,
100,100,100,100,100,100,100,
0.2,0.12,0.16,0.14,0.15,0.12,0.18,
100,100,100,100,100,100,100,
0.13,0.12,0.1,0.04,0.1,0.11,0.14,
100,100,100,100,100,100,100,
0.23,0.23,0.21,0.21,0.19,0.18,0.24,
100,100,100,100,100,100,100,
0.14,0.08,0.09,0.08,0.08,0.11,0.12,
100,100,100,100,100,100,100,
0.18,0.08,0.35,0.12,0.11,0.11,0.12,
100,100,100,100,100,100,100,
0.16,0.06,0.11,0.05,0.08,0.09,0.12,
100,100,100,100,100,100,100,
0.19,0.12,0.15,0.18,0.13,0.14,0.13,
100,100,100,100,100,100,100,
0.08,0.11,0.1,0.05,0.09,0.08,0.07,
100,100,100,100,100,100,100,
0.23,0.13,0.15,0.16,0.13,0.12,0.13,
100,100,100,100,100,100,100,
0.17,0.1,0.13,0.09,0.12,0.13,0.15,
100,100,100,100,100,100,100,
0.14,0.12,0.12,0.04,0.11,0.13,0.13,
100,100,100,100,100,100,100,
0.12,0.1,0.13,0.05,0.13,0.12,0.13,
100,100,100,100,100,100,100,
0.23,0.18,0.2,0.19,0.2,0.2,0.23,
100,100,100,100,100,100,100,
0.28,0.26,0.23,0.24,0.21,0.19,0.27,
100,100,100,100,100,100,100,
0.14,0.12,0.13,0.07,0.11,0.1,0.14,
100,100,100,100,100,100,100,
0.19,0.14,0.15,0.1,0.15,0.14,0.17,
100,100,100,100,100,100,100,
0.24,0.1,0.13,0.1,0.1,0.11,0.14,
100,100,100,100,100,100,100,
0.17,0.17,0.13,0.14,0.13,0.12,0.15,
100,100,100,100,100,100,100,
0.11,0.09,0.11,0.08,0.11,0.1,0.12,
100,100,100,100,100,100,100,
0.34,0.12,0.12,0.1,0.12,0.14,0.14,
100,100,100,100,100,100,100,
0.18,0.1,0.45,0.12,0.12,0.1,0.15,
100,100,100,100,100,100,100,
0.27,0.24,0.2,0.21,0.24,0.19,0.24,
100,100,100,100,100,100,100,
0.07,0.07,0.07,0.03,0.07,0.07,0.08,
100,100,100,100,100,100,100,
0.29,0.26,0.21,0.2,0.2,0.17,0.24,
100,100,100,100,100,100,100,
0.23,0.17,0.19,0.18,0.17,0.19,0.24,
100,100,100,100,100,100,100,
0.38,0.12,0.14,0.09,0.14,0.13,0.16,
100,100,100,100,100,100,100,
0.39,0.1,0.13,0.1,0.13,0.12,0.13,
100,100,100,100,100,100,100,
0.18,0.13,0.14,0.14,0.14,0.14,0.19,
100,100,100,100,100,100,100,
0.28,0.17,0.21,0.2,0.17,0.17,0.24,
100,100,100,100,100,100,100,
0.15,0.12,0.14,0.12,0.14,0.12,0.14,
100,100,100,100,100,100,100,
0.2,0.14,0.17,0.18,0.14,0.16,0.22,
100,100,100,100,100,100,100,
0.25,0.09,0.18,0.19,0.16,0.17,0.21,
100,100,100,100,100,100,100,
0.14,0.09,0.09,0.08,0.09,0.11,0.11,
100,100,100,100,100,100,100,
0.18,0.12,0.15,0.11,0.13,0.13,0.15,
100,100,100,100,100,100,100,
0.18,0.08,0.11,0.11,0.12,0.11,0.16,
100,100,100,100,100,100,100,
0.27,0.16,0.2,0.16,0.19,0.18,0.23,
100,100,100,100,100,100,100,
0.2,0.09,0.12,0.18,0.15,0.14,0.18,
100,100,100,100,100,100,100,
0.46,0.15,0.15,0.11,0.16,0.15,0.2,
100,100,100,100,100,100,100,
0.22,0.12,0.12,0.17,0.12,0.11,0.13,
100,100,100,100,100,100,100,
0.19,0.12,0.17,0.15,0.16,0.17,0.22,
100,100,100,100,100,100,100,
0.31,0.19,0.24,0.25,0.24,0.2,0.27,
100,100,100,100,100,100,100,
0.13,0.1,0.14,0.1,0.1,0.14,0.11,
100,100,100,100,100,100,100,
0.19,0.12,0.13,0.12,0.12,0.12,0.13,
100,100,100,100,100,100,100,
0.34,0.12,0.13,0.09,0.11,16.51,3.48,
100,100,100,100,100,100,100,
0.33,0.11,0.14,0.08,0.09,0.12,0.12,
100,100,100,100,100,100,100,
0.26,0.25,0.24,0.25,0.25,0.2,0.29,
100,100,100,100,100,100,100,
4.87,14.03,22.84,42.33,99.36,99.57,99.63,
100,100,100,100,100,100,100,
0.2,0.1,0.15,0.12,0.1,0.11,0.12,
100,100,100,100,100,100,100,
0.19,0.08,0.13,0.13,0.14,0.14,0.15,
100,100,100,100,100,100,100,
0.29,0.17,0.18,0.26,0.18,0.19,0.22,
100,100,100,100,100,100,100,
0.13,0.1,0.11,0.09,0.11,0.1,0.12,
100,100,100,100,100,100,100,
0.24,0.19,0.19,0.22,0.17,0.17,0.26,
100,100,100,100,100,100,100,
0.31,0.26,0.22,0.27,0.23,0.2,0.27,
100,100,100,100,100,100,100,
0.12,0.09,0.09,0.05,0.1,0.09,0.1,
100,100,100,100,100,100,100,
0.17,0.1,0.12,0.09,0.12,0.12,0.14,
100,100,100,100,100,100,100,
0.17,0.14,0.12,0.13,0.13,0.12,0.14,
100,100,100,100,100,100,100,
0.11,0.08,0.08,0.09,0.09,0.09,0.11,
100,100,100,100,100,100,100,
0.06,0.08,0.07,0.03,0.08,0.07,0.09,
100,100,100,100,100,100,100,
0.21,0.17,0.15,0.16,0.14,0.14,0.2,
100,100,100,100,100,100,100,
0.14,0.09,0.1,0.1,0.11,0.12,0.09,
100,100,100,100,100,100,100,
0.26,0.22,0.2,0.19,0.2,0.19,0.22,
100,100,100,100,100,100,100,
0.34,0.09,0.09,0.07,0.1,0.11,0.11,
100,100,100,100,100,100,100,
0.15,0.09,0.12,0.06,0.12,0.1,0.1,
100,100,100,100,100,100,100,
0.23,0.24,0.2,0.16,0.18,0.16,0.22,
100,100,100,100,100,100,100,
0.21,0.08,0.1,0.08,0.11,0.09,0.1,
100,100,100,100,100,100,100,
0.18,0.15,0.14,0.14,0.12,0.15,0.14,
100,100,100,100,100,100,100,
0.13,0.08,0.1,0.09,0.1,0.12,0.1,
100,100,100,100,100,100,100,
0.25,0.1,0.1,0.06,0.09,0.12,0.11,
100,100,100,100,100,100,100,
0.43,0.17,0.21,0.21,0.17,0.19,0.26,
100,100,100,100,100,100,100,
0.29,0.22,0.24,0.25,0.24,0.23,0.28,
100,100,100,100,100,100,100,
0.29,0.1,0.12,0.09,0.14,0.11,0.14,
100,100,100,100,100,100,100,
0.32,0.13,0.13,0.12,0.14,0.13,0.15,
100,100,100,100,100,100,100,
0.13,0.08,0.11,0.06,0.1,0.1,0.1,
100,100,100,100,100,100,100,
0.2,0.16,0.17,0.14,0.16,0.15,0.18,
100,100,100,100,100,100,100,
0.13,0.1,0.12,0.09,0.11,0.1,0.12,
100,100,100,100,100,100,100,
0.19,0.17,0.16,0.19,0.16,0.16,0.17,
100,100,100,100,100,100,100,
0.27,0.15,0.18,0.19,0.17,0.15,0.22,
100,100,100,100,100,100,100,
0.24,0.09,0.11,0.05,0.11,0.12,0.11,
100,100,100,100,100,100,100,
0.16,0.1,0.1,0.06,0.12,0.09,0.13,
100,100,100,100,100,100,100,
0.22,0.16,0.17,0.12,0.15,0.15,0.2,
100,100,100,100,100,100,100,
0.14,0.09,0.12,0.09,0.11,0.1,0.12,
100,100,100,100,100,100,100,
0.14,0.11,0.13,0.09,0.12,0.13,0.15,
100,100,100,100,100,100,100,
0.21,0.08,0.08,0.06,0.09,0.09,0.1,
100,100,100,100,100,100,100,
0.09,0.09,0.09,0.02,0.1,0.08,0.09,
100,100,100,100,100,100,100,
0.23,0.23,0.2,0.2,0.17,0.18,0.23,
100,100,100,100,100,100,100,
0.29,0.08,0.09,0.09,0.1,0.09,0.11,
100,100,100,100,100,100,100,
0.2,0.12,0.18,0.14,0.14,0.17,0.17,
100,100,100,100,100,100,100,
0.7,0.11,0.16,0.18,0.15,0.15,0.19,
100,100,100,100,100,100,100,
0.3,0.09,0.1,0.09,0.11,0.1,0.13,
100,100,100,100,100,100,100,
0.24,0.13,0.13,0.08,0.12,0.12,0.14,
100,100,100,100,100,100,100,
0.12,0.12,0.14,0.04,0.11,0.13,0.13,
100,100,100,100,100,100,100,
0.19,0.19,0.18,0.08,0.16,0.16,0.19,
100,100,100,100,100,100,100,
0.19,0.12,0.14,0.14,0.12,0.14,0.15,
100,100,100,100,100,100,100,
0.15,0.09,0.12,0.13,0.13,0.14,0.15,
100,100,100,100,100,100,100,
0.1,0.11,0.1,0.03,0.11,0.12,0.1,
100,100,100,100,100,100,100,
0.23,0.15,0.19,0.17,0.16,0.18,0.21,
100,100,100,100,100,100,100,
0.19,0.18,0.23,0.07,0.2,0.17,0.19,
100,100,100,100,100,100,100,
0.22,0.2,0.27,0.09,0.28,0.23,0.21,
100,100,100,100,100,100,100,
0.14,0.11,0.12,0.09,0.1,0.11,0.13,
100,100,100,100,100,100,100,
0.24,0.2,0.21,0.26,0.19,0.19,0.23,
100,100,100,100,100,100,100,
0.33,0.12,0.11,0.07,0.13,0.12,0.12,
100,100,100,100,100,100,100,
0.18,0.1,0.13,0.09,0.11,0.12,0.12,
100,100,100,100,100,100,100,
0.18,0.1,0.15,0.18,0.17,0.14,0.2,
100,100,100,100,100,100,100,
0.28,0.26,0.23,0.22,0.2,0.19,0.27,
100,100,100,100,100,100,100,
0.15,0.09,0.09,0.07,0.09,0.09,0.09,
100,100,100,100,100,100,100,
0.12,0.14,0.12,0.06,0.15,0.12,0.12,
100,100,100,100,100,100,100,
0.14,0.12,0.1,0.04,0.14,0.11,0.11,
100,100,100,100,100,100,100,
0.17,0.11,0.13,0.11,0.15,0.13,0.14,
100,100,100,100,100,100,100,
0.17,0.17,0.19,0.07,0.19,0.14,0.16,
100,100,100,100,100,100,100,
0.12,0.07,0.1,0.08,0.1,0.09,0.13,
100,100,100,100,100,100,100,
0.23,0.11,0.19,0.2,0.17,0.17,0.22,
100,100,100,100,100,100,100,
0.25,0.19,0.2,0.2,0.16,0.19,0.23,
100,100,100,100,100,100,100,
0.09,0.11,0.12,0.05,0.1,0.13,0.12,
100,100,100,100,100,100,100,
0.24,0.17,0.17,0.2,0.17,0.19,0.23,
100,100,100,100,100,100,100,
0.12,0.15,0.14,0.05,0.15,0.14,0.14,
100,100,100,100,100,100,100,
0.18,0.07,0.12,0.11,0.14,0.12,0.16,
100,100,100,100,100,100,100,
0.23,0.06,0.14,0.13,0.14,0.14,0.17,
100,100,100,100,100,100,100,
0.19,0.06,0.15,0.18,0.12,0.13,0.17,
100,100,100,100,100,100,100,
0.27,0.1,0.17,0.18,0.14,0.15,0.19,
100,100,100,100,100,100,100,
0.16,0.15,0.16,0.07,0.19,0.15,0.13,
100,100,100,100,100,100,100,
0.12,0.08,0.1,0.09,0.12,0.08,0.12,
100,100,100,100,100,100,100,
0.25,0.07,0.11,0.08,0.14,0.11,0.12,
100,100,100,100,100,100,100,
0.23,0.1,0.16,0.16,0.13,0.12,0.16,
100,100,100,100,100,100,100,
0.2,0.2,0.22,0.06,0.23,0.2,0.19,
100,100,100,100,100,100,100,
0.27,0.24,0.27,0.09,0.27,0.25,0.21,
100,100,100,100,100,100,100,
0.16,0.12,0.13,0.12,0.14,0.13,0.13,
100,100,100,100,100,100,100,
0.15,0.12,0.14,0.1,0.13,0.11,0.12,
100,100,100,100,100,100,100,
0.24,0.14,0.17,0.17,0.18,0.17,0.23,
100,100,100,100,100,100,100,
0.28,0.16,0.19,0.18,0.18,0.2,0.24,
100,100,100,100,100,100,100,
0.21,0.13,0.19,0.2,0.17,0.17,0.2,
100,100,100,100,100,100,100,
0.23,0.1,0.15,0.33,0.11,0.15,0.18,
100,100,100,100,100,100,100,
0.15,0.08,0.09,0.08,0.11,0.11,0.13,
100,100,100,100,100,100,100,
0.27,0.19,0.19,0.2,0.16,0.2,0.26,
100,100,100,100,100,100,100,
0.5,0.08,0.13,0.2,0.12,0.13,0.12,
100,100,100,100,100,100,100,
0.24,0.18,0.15,0.16,0.18,0.18,0.2,
100,100,100,100,100,100,100,
0.22,0.15,0.16,0.14,0.16,0.17,0.21,
100,100,100,100,100,100,100,
0.27,0.13,0.09,0.07,0.09,0.09,0.11,
100,100,100,100,100,100,100,
0.23,0.17,0.17,0.21,2.21,0.16,0.22,
100,100,100,100,100,100,100,
0.07,0.08,0.08,0.02,0.08,0.07,0.07,
100,100,100,100,100,100,100,
0.26,0.27,0.17,0.18,0.2,0.19,0.23,
100,100,100,100,100,100,100,
0.16,0.09,0.11,0.06,0.1,0.1,0.1,
100,100,100,100,100,100,100,
0.26,0.2,0.19,0.2,0.19,0.21,0.25,
100,100,100,100,100,100,100,
0.3,0.09,0.1,0.09,0.16,0.1,0.11,
100,100,100,100,100,100,100,
0.23,0.11,0.13,0.11,0.14,0.13,0.14,
100,100,100,100,100,100,100,
0.2,0.16,0.17,0.13,0.14,0.15,0.18,
100,100,100,100,100,100,100,
0.26,0.14,0.14,0.11,0.17,0.15,0.13,
100,100,100,100,100,100,100,
0.15,0.13,0.13,0.09,0.13,0.14,0.13,
100,100,100,100,100,100,100,
0.23,0.16,0.18,0.2,0.17,0.19,0.24,
100,100,100,100,100,100,100,
0.26,0.26,0.25,0.11,0.25,0.24,0.21,
100,100,100,100,100,100,100,
0.15,0.1,0.14,0.1,0.13,0.1,0.11,
100,100,100,100,100,100,100,
0.24,0.16,0.17,0.14,0.15,0.16,0.21,
100,100,100,100,100,100,100,
0.34,0.15,0.25,0.32,0.21,0.22,0.29,
100,100,100,100,100,100,100,
0.34,0.33,0.39,0.12,0.31,0.3,0.23,
100,100,100,100,100,100,100,
0.15,0.13,0.11,0.14,0.11,0.13,0.15,
100,100,100,100,100,100,100,
0.31,0.08,0.1,0.09,0.1,0.08,0.12,
100,100,100,100,100,100,100,
0.21,0.11,0.15,0.17,0.13,0.14,0.15,
100,100,100,100,100,100,100,
0.19,0.15,0.15,0.14,0.16,0.15,0.2,
100,100,100,100,100,100,100,
0.13,0.09,0.09,0.12,0.1,0.12,0.13,
100,100,100,100,100,100,100,
0.12,0.12,0.12,0.04,0.11,0.12,0.15,
100,100,100,100,100,100,100,
0.62,0.54,0.59,0.17,0.45,0.54,0.43,
100,100,100,100,100,100,100,
0.15,0.1,0.1,0.13,0.14,0.13,0.14,
100,100,100,100,100,100,100,
0.14,0.09,0.1,0.11,0.1,0.11,0.12,
100,100,100,100,100,100,100,
0.23,0.26,0.19,0.23,0.16,0.19,0.25,
100,100,100,100,100,100,100,
0.36,0.09,0.11,0.07,0.09,0.12,0.11,
100,100,100,100,100,100,100,
0.12,0.11,0.11,0.07,0.11,0.1,0.11,
100,100,100,100,100,100,100,
0.11,0.1,0.13,0.04,0.08,0.11,0.11,
100,100,100,100,100,100,100,
0.43,0.4,0.41,0.17,0.31,0.39,0.28,
100,100,100,100,100,100,100,
0.24,0.1,0.1,0.09,0.13,0.1,0.1,
100,100,100,100,100,100,100,
0.74,0.67,0.73,0.26,0.55,0.58,0.51,
100,100,100,100,100,100,100,
0.37,0.08,0.15,0.11,0.16,0.16,0.2,
100,100,100,100,100,100,100,
0.19,0.13,0.14,0.13,0.12,0.13,0.17,
100,100,100,100,100,100,100,
0.16,0.1,0.14,0.14,0.13,0.13,0.21,
100,100,100,100,100,100,100,
0.41,0.41,0.44,0.14,0.37,0.39,0.3,
100,100,100,100,100,100,100,
0.11,0.12,0.12,0.06,0.12,0.11,0.14,
100,100,100,100,100,100,100,
0.18,0.09,0.11,0.15,0.12,0.12,0.13,
100,100,100,100,100,100,100,
1.29,1.07,1.26,0.42,0.97,1.08,0.83,
100,100,100,100,100,100,100,
1.24,1.04,1.2,0.33,0.97,1.11,0.83,
100,100,100,100,100,100,100,
0.14,0.09,0.12,0.07,0.12,0.11,0.13,
100,100,100,100,100,100,100,
0.19,0.13,0.16,0.12,0.15,0.15,0.15,
100,100,100,100,100,100,100,
0.11,0.1,0.12,0.08,0.13,0.12,0.11,
100,100,100,100,100,100,100,
0.08,0.11,0.11,0.05,0.12,0.1,0.13,
100,100,100,100,100,100,100,
0.24,0.23,0.2,0.18,0.26,0.21,0.22,
100,100,100,100,100,100,100,
0.28,0.14,0.16,0.09,0.19,0.16,0.2,
100,100,100,100,100,100,100,
0.15,0.13,0.13,0.1,0.12,0.09,0.14,
100,100,100,100,100,100,100,
0.42,0.32,0.3,0.35,0.28,0.28,0.33,
100,100,100,100,100,100,100,
0.11,0.07,0.12,0.06,0.07,0.11,0.11,
100,100,100,100,100,100,100,
0.23,0.21,0.2,0.12,0.16,0.18,0.22,
100,100,100,100,100,100,100,
0.28,0.1,0.13,0.1,0.11,0.12,0.11,
100,100,100,100,100,100,100,
0.1,0.11,0.12,0.04,0.13,0.11,0.1,
100,100,100,100,100,100,100,
0.36,0.31,0.3,0.13,0.28,0.31,0.25,
100,100,100,100,100,100,100,
0.29,0.15,0.18,0.14,0.2,0.2,0.18,
100,100,100,100,100,100,100,
0.27,0.16,0.17,0.13,0.17,0.15,0.16,
100,100,100,100,100,100,100,
0.12,0.15,0.16,0.09,0.11,0.14,0.14,
100,100,100,100,100,100,100,
0.35,0.13,0.18,0.12,0.12,0.16,0.18,
100,100,100,100,100,100,100,
0.22,0.27,0.19,0.17,0.2,0.22,0.16,
100,100,100,100,100,100,100,
0.69,0.78,0.63,0.79,0.55,0.72,0.54,
100,100,100,100,100,100,100,
1.1,1.44,1.04,1.59,0.94,1.24,0.96,
100,100,100,100,100,100,100,
0.59,0.69,0.52,0.57,0.5,0.68,0.43,
100,100,100,100,100,100,100,
0.32,0.33,0.27,0.26,0.24,0.28,0.28,
100,100,100,100,100,100,100,
0.81,0.75,0.62,0.69,0.58,0.71,0.56,
100,100,100,100,100,100,100,
0.93,0.95,0.8,0.9,0.67,0.88,0.66,
100,100,100,100,100,100,100,
0.32,0.34,0.26,0.28,0.26,0.3,0.3,
100,100,100,100,100,100,100,
1.79,1.73,1.42,1.37,1.28,1.47,1.05,
100,100,100,100,100,100,100,
0.18,0.13,0.1,0.11,0.15,0.13,0.13,
100,100,100,100,100,100,100,
0.28,0.34,0.28,0.28,0.25,0.27,0.26,
100,100,100,100,100,100,100,
0.32,0.42,0.26,0.26,0.27,0.34,0.26,
100,100,100,100,100,100,100,
0.46,0.61,0.4,0.53,0.35,0.43,0.34,
100,100,100,100,100,100,100,
0.28,0.23,0.16,0.23,0.17,0.22,0.15,
100,100,100,100,100,100,100,
0.21,0.21,0.2,0.22,0.17,0.23,0.2,
100,100,100,100,100,100,100,
0.37,0.5,0.39,0.53,0.37,0.48,0.42,
100,100,100,100,100,100,100,
0.29,0.28,0.25,0.25,0.2,0.25,0.23,
100,100,100,100,100,100,100,
0.21,0.28,0.26,0.27,0.24,0.27,0.24,
100,100,100,100,100,100,100,
0.48,0.7,0.45,0.79,0.33,0.55,0.43,
100,100,100,100,100,100,100,
0.88,0.83,0.7,0.96,0.61,0.83,0.66,
100,100,100,100,100,100,100,
0.35,0.26,0.23,0.33,0.26,0.21,0.33,
100,100,100,100,100,100,100,
0.16,0.13,0.17,0.05,0.12,0.19,0.15,
100,100,100,100,100,100,100,
0.15,0.15,0.13,0.12,0.17,0.15,0.18,
100,100,100,100,100,100,100,
0.87,1.03,0.81,0.85,0.66,0.79,0.73,
100,100,100,100,100,100,100,
0.26,0.29,0.26,0.33,0.23,0.32,0.22,
100,100,100,100,100,100,100,
0.57,0.61,0.49,0.67,0.47,0.54,0.45,
100,100,100,100,100,100,100,
0.28,0.32,0.31,0.3,0.25,0.3,0.36,
100,100,100,100,100,100,100,
0.31,0.38,0.25,0.36,0.2,0.29,0.31,
100,100,100,100,100,100,100,
0.16,0.35,0.28,0.4,0.14,0.28,0.25,
100,100,100,100,100,100,100,
0.31,0.28,0.2,0.38,0.19,0.28,0.24,
100,100,100,100,100,100,100,
0.31,0.4,0.24,0.35,0.22,0.37,0.25,
100,100,100,100,100,100,100,
0.5,0.67,0.52,0.66,0.39,0.63,0.39,
100,100,100,100,100,100,100,
0.43,0.37,0.29,0.45,0.33,0.43,0.37,
100,100,100,100,100,100,100,
0.31,0.58,0.37,0.58,0.3,0.5,0.36,
100,100,100,100,100,100,100,
0.29,0.26,0.25,0.28,0.22,0.24,0.28,
100,100,100,100,100,100,100,
0.3,0.44,0.27,0.39,0.21,0.34,0.24,
100,100,100,100,100,100,100,
0.22,0.23,0.16,0.2,0.09,0.16,0.19,
100,100,100,100,100,100,100,
0.19,0.18,0.19,0.14,0.17,0.18,0.24,
100,100,100,100,100,100,100,
0.23,0.2,0.15,0.17,0.14,0.18,0.18,
100,100,100,100,100,100,100,
0.17,0.27,0.19,0.2,0.16,0.22,0.14,
100,100,100,100,100,100,100,
0.09,0.14,0.11,0.04,0.09,0.16,0.14,
100,100,100,100,100,100,100,
0.38,0.47,0.32,0.44,0.23,0.33,0.31,
100,100,100,100,100,100,100,
0.13,0.12,0.12,0.1,0.15,0.12,0.14,
100,100,100,100,100,100,100,
0.22,0.29,0.22,0.28,0.2,0.23,0.27,
100,100,100,100,100,100,100,
0.1,0.19,0.13,0.17,0.14,0.14,0.15,
100,100,100,100,100,100,100,
0.18,0.17,0.16,0.15,0.12,0.15,0.17,
100,100,100,100,100,100,100,
0.14,0.12,0.15,0.12,0.12,0.14,0.17,
100,100,100,100,100,100,100,
0.17,0.17,0.14,0.18,0.14,0.1,0.14,
100,100,100,100,100,100,100,
0.2,0.18,0.19,0.13,0.18,0.2,0.15,
100,100,100,100,100,100,100,
0.15,0.14,0.14,0.19,0.13,0.13,0.17,
100,100,100,100,100,100,100,
0.1,0.07,0.08,0.04,0.09,0.11,0.12,
100,100,100,100,100,100,100,
0.28,0.25,0.23,0.19,0.24,0.22,0.25,
100,100,100,100,100,100,100,
0.18,0.1,0.14,0.09,0.11,0.13,0.15,
100,100,100,100,100,100,100,
0.4,0.11,0.14,0.11,0.11,0.14,0.17,
100,100,100,100,100,100,100,
0.18,0.1,0.11,0.12,0.11,0.12,0.13,
100,100,100,100,100,100,100,
0.44,0.46,0.51,0.42,0.6,0.54,0.67,
100,100,100,100,100,100,100,
0.46,0.12,0.14,0.14,0.16,0.14,0.15,
100,100,100,100,100,100,100,
0.14,0.11,0.13,0.1,0.12,0.13,0.15,
100,100,100,100,100,100,100,
0.12,0.1,0.11,0.09,0.1,0.1,0.11,
100,100,100,100,100,100,100,
0.37,0.16,0.18,0.1,0.18,0.18,0.19,
100,100,100,100,100,100,100,
0.09,0.1,0.09,0.06,0.1,0.11,0.09,
100,100,100,100,100,100,100,
0.24,0.17,0.21,0.19,0.18,0.18,0.24,
100,100,100,100,100,100,100,
0.11,0.13,0.12,0.1,0.15,0.15,0.16,
100,100,100,100,100,100,100,
0.14,0.09,0.12,0.11,0.12,0.12,0.13,
100,100,100,100,100,100,100,
0.2,0.09,0.14,0.14,0.14,0.15,0.18,
100,100,100,100,100,100,100,
0.29,0.24,0.23,0.24,0.21,0.23,0.29,
100,100,100,100,100,100,100,
0.13,0.14,0.12,0.04,0.13,0.13,0.14,
100,100,100,100,100,100,100,
0.09,0.1,0.1,0.07,0.11,0.12,0.11,
100,100,100,100,100,100,100,
0.16,0.16,0.17,0.08,0.17,0.18,0.19,
100,100,100,100,100,100,100,
0.12,0.11,0.12,0.07,0.12,0.12,0.12,
100,100,100,100,100,100,100,
0.24,0.17,0.21,0.18,0.2,0.21,0.25,
100,100,100,100,100,100,100,
0.24,0.12,0.15,0.15,0.15,0.14,0.17,
100,100,100,100,100,100,100,
0.22,0.09,0.1,0.1,0.12,0.13,0.13,
100,100,100,100,100,100,100,
0.32,0.29,0.3,0.23,0.31,0.3,0.36,
100,100,100,100,100,100,100,
0.11,0.12,0.14,0.08,0.15,0.16,0.15,
100,100,100,100,100,100,100,
0.14,0.13,0.14,0.05,0.17,0.15,0.15,
100,100,100,100,100,100,100,
0.15,0.1,0.12,0.11,0.12,0.14,0.13,
100,100,100,100,100,100,100,
0.14,0.1,0.11,0.12,0.09,0.1,0.11,
100,100,100,100,100,100,100,
0.24,0.18,0.19,0.16,0.16,0.17,0.22,
100,100,100,100,100,100,100,
0.08,0.09,0.08,0.05,0.1,0.11,0.09,
100,100,100,100,100,100,100,
0.23,0.16,0.17,0.16,0.16,0.18,0.21,
100,100,100,100,100,100,100,
0.26,0.15,0.19,0.19,0.15,0.18,0.19,
100,100,100,100,100,100,100,
0.07,0.09,0.09,0.04,0.1,0.11,0.1,
100,100,100,100,100,100,100,
0.22,0.1,0.12,0.1,0.13,0.13,0.15,
100,100,100,100,100,100,100,
0.23,0.22,0.2,0.2,0.18,0.2,0.22,
100,100,100,100,100,100,100,
0.14,0.11,0.13,0.08,0.12,0.13,0.14,
100,100,100,100,100,100,100,
0.27,0.2,0.21,0.17,0.21,0.19,0.25,
100,100,100,100,100,100,100,
0.13,0.11,0.11,0.09,0.11,0.12,0.12,
100,100,100,100,100,100,100,
0.19,0.19,0.18,0.09,0.18,0.18,0.2,
100,100,100,100,100,100,100,
0.22,0.15,0.16,0.21,0.16,0.15,0.21,
100,100,100,100,100,100,100,
0.16,0.12,0.15,0.12,0.14,0.15,0.15,
100,100,100,100,100,100,100,
0.14,0.12,0.14,0.08,0.12,0.13,0.14,
100,100,100,100,100,100,100,
0.17,0.18,0.18,0.08,0.19,0.18,0.18,
100,100,100,100,100,100,100,
0.14,0.12,0.12,0.11,0.11,0.11,0.14,
100,100,100,100,100,100,100,
0.15,0.14,0.13,0.13,0.12,0.13,0.13,
100,100,100,100,100,100,100,
0.1,0.12,0.12,0.06,0.13,0.12,0.13,
100,100,100,100,100,100,100,
0.14,0.15,0.14,0.07,0.14,0.16,0.15,
100,100,100,100,100,100,100,
0.23,0.24,0.24,0.09,0.26,0.24,0.29,
100,100,100,100,100,100,100,
0.18,0.14,0.13,0.15,0.14,0.13,0.16,
100,100,100,100,100,100,100,
0.19,0.15,0.16,0.08,0.16,0.15,0.18,
100,100,100,100,100,100,100,
0.11,0.04,0.07,0.08,0.07,0.07,0.08,
100,100,100,100,100,100,100,
0.2,0.09,0.12,0.13,0.12,0.12,0.15,
100,100,100,100,100,100,100,
0.13,0.07,0.09,0.07,0.1,0.08,0.09,
100,100,100,100,100,100,100,
0.27,0.21,0.22,0.17,0.22,0.2,0.28,
100,100,100,100,100,100,100,
0.23,0.13,0.17,0.18,0.15,0.16,0.19,
100,100,100,100,100,100,100,
0.44,0.16,0.17,0.11,0.17,0.17,0.18,
100,100,100,100,100,100,100,
0.1,0.11,0.12,0.07,0.14,0.13,0.12,
100,100,100,100,100,100,100,
0.22,0.08,0.12,0.18,0.14,0.11,0.16,
100,100,100,100,100,100,100,
0.15,0.15,0.18,0.09,0.2,0.18,0.19,
100,100,100,100,100,100,100,
0.12,0.08,0.09,0.12,0.09,0.08,0.11,
100,100,100,100,100,100,100,
0.15,0.14,0.1,0.11,0.1,0.1,0.14,
100,100,100,100,100,100,100,
0.17,0.11,0.13,0.09,0.14,0.13,0.13,
100,100,100,100,100,100,100,
0.16,0.14,0.15,0.11,0.16,0.15,0.17,
100,100,100,100,100,100,100,
0.16,0.18,0.19,0.09,0.21,0.2,0.21,
100,100,100,100,100,100,100,
0.17,0.1,0.11,0.12,0.1,0.11,0.13,
100,100,100,100,100,100,100,
0.29,0.13,0.2,0.18,0.18,0.19,0.24,
100,100,100,100,100,100,100,
0.16,0.18,0.17,0.09,0.19,0.19,0.19,
100,100,100,100,100,100,100,
0.15,0.11,0.12,0.11,0.1,0.1,0.13,
100,100,100,100,100,100,100,
0.17,0.76,0.16,0.14,0.12,0.1,0.14,
100,100,100,100,100,100,100,
0.21,0.12,0.14,0.1,0.15,0.13,0.15,
100,100,100,100,100,100,100,
0.23,0.09,0.16,0.19,0.16,0.14,0.2,
100,100,100,100,100,100,100,
0.21,0.21,0.17,0.18,0.15,0.14,0.21,
100,100,100,100,100,100,100,
0.22,0.13,0.13,0.08,0.14,0.13,0.14,
100,100,100,100,100,100,100,
0.2,0.2,0.16,0.15,0.13,0.14,0.19,
100,100,100,100,100,100,100,
0.15,0.1,0.1,0.07,0.11,0.1,0.12,
100,100,100,100,100,100,100,
0.2,0.16,0.15,0.17,0.14,0.15,0.24,
100,100,100,100,100,100,100,
0.18,0.16,0.15,0.09,0.16,0.16,0.18,
100,100,100,100,100,100,100,
0.22,0.18,0.16,0.2,0.14,0.14,0.22,
100,100,100,100,100,100,100,
0.22,0.21,0.22,0.15,0.21,0.21,0.21,
100,100,100,100,100,100,100,
0.14,0.18,0.16,0.11,0.18,0.22,0.12,
100,100,100,100,100,100,100,
0.16,0.16,0.14,0.13,0.15,0.2,0.14,
100,100,100,100,100,100,100,
0.13,0.21,0.16,0.08,0.17,0.21,0.14,
100,100,100,100,100,100,100,
0.14,0.32,0.18,0.11,0.19,0.29,0.15,
100,100,100,100,100,100,100,
0.11,0.11,0.12,0.11,0.1,0.12,0.12,
100,100,100,100,100,100,100,
0.06,0.09,0.08,0.04,0.09,0.1,0.08,
100,100,100,100,100,100,100,
0.07,0.13,0.11,0.04,0.1,0.13,0.1,
100,100,100,100,100,100,100,
0.12,0.16,0.15,0.06,0.15,0.18,0.17,
100,100,100,100,100,100,100,
0.05,0.04,0.05,0.02,0.06,0.05,0.05,
100,100,100,100,100,100,100,
0.06,0.07,0.06,0.01,0.06,0.07,0.06,
100,100,100,100,100,100,100,
0.25,0.21,0.27,0.11,0.2,0.33,0.16,
100,100,100,100,100,100,100,
0.22,0.25,0.27,0.12,0.26,0.3,0.17,
100,100,100,100,100,100,100,
0.16,0.19,0.21,0.13,0.2,0.24,0.15,
100,100,100,100,100,100,100,
0.42,0.58,0.58,0.38,0.56,0.65,0.34,
100,100,100,100,100,100,100,
0.4,0.47,0.51,0.37,0.48,0.52,0.37,
100,100,100,100,100,100,100,
0.27,0.31,0.32,0.22,0.31,0.36,0.29,
100,100,100,100,100,100,100,
0.18,0.19,0.2,0.1,0.25,0.25,0.24,
100,100,100,100,100,100,100,
0.18,0.2,0.22,0.11,0.22,0.25,0.27,
100,100,100,100,100,100,100,
0.09,0.11,0.11,0.09,0.11,0.12,0.11,
100,100,100,100,100,100,100,
0.16,0.18,0.21,0.11,0.2,0.21,0.18,
100,100,100,100,100,100,100,
0.18,0.13,0.15,0.08,0.14,0.16,0.16,
100,100,100,100,100,100,100,
0.14,0.13,0.15,0.08,0.13,0.16,0.13,
100,100,100,100,100,100,100,
0.14,0.19,0.2,0.11,0.18,0.26,0.1,
100,100,100,100,100,100,100,
0.18,0.3,0.29,0.18,0.26,0.33,0.2,
100,100,100,100,100,100,100,
0.38,0.54,0.52,0.44,0.54,0.63,0.46,
100,100,100,100,100,100,100,
0.56,0.64,0.63,0.66,0.66,0.74,0.75,
100,100,100,100,100,100,100,
0.74,0.97,0.93,0.95,0.97,1.09,1.1,
100,100,100,100,100,100,100,
0.2,0.09,0.14,0.15,0.11,0.1,0.14,
100,100,100,100,100,100,100,
0.13,0.06,0.08,0.07,0.08,0.08,0.08,
100,100,100,100,100,100,100,
0.4,0.13,0.15,0.1,0.16,0.15,0.17,
100,100,100,100,100,100,100,
0.11,0.05,0.09,0.1,0.09,0.07,0.1,
100,100,100,100,100,100,100,
0.17,0.08,0.7,0.16,0.14,0.11,0.15,
100,100,100,100,100,100,100,
0.22,0.04,0.05,0.05,0.05,0.05,0.07,
100,100,100,100,100,100,100,
0.24,0.09,0.14,0.16,0.11,0.11,0.17,
100,100,100,100,100,100,100,
0.21,0.15,0.18,0.15,0.16,0.14,0.19,
100,100,100,100,100,100,100,
0.07,0.08,0.07,0.04,0.1,0.08,0.09,
100,100,100,100,100,100,100,
0.22,0.07,0.14,0.17,0.12,0.11,0.17,
100,100,100,100,100,100,100,
0.29,0.12,0.23,0.29,0.2,0.19,0.28,
100,100,100,100,100,100,100,
0.07,0.06,0.07,0.03,0.06,0.07,0.08,
100,100,100,100,100,100,100,
0.14,0.15,0.15,0.05,0.15,0.14,0.16,
100,100,100,100,100,100,100,
0.2,0.11,0.18,0.2,0.16,0.15,0.21,
100,100,100,100,100,100,100,
0.28,0.11,0.2,0.22,0.18,0.16,0.2,
100,100,100,100,100,100,100,
0.13,0.04,0.08,0.1,0.06,0.05,0.09,
100,100,100,100,100,100,100,
0.09,0.04,0.07,0.08,0.06,0.06,0.07,
100,100,100,100,100,100,100,
0.15,0.07,0.08,0.08,0.08,0.07,0.1,
100,100,100,100,100,100,100,
0.12,0.05,0.09,0.13,0.06,0.07,0.1,
100,100,100,100,100,100,100,
0.18,0.14,0.15,0.1,0.12,0.13,0.15,
100,100,100,100,100,100,100,
0.13,0.05,0.08,0.08,0.08,0.09,0.08,
100,100,100,100,100,100,100,
0.13,0.05,0.07,0.08,0.07,0.08,0.07,
100,100,100,100,100,100,100,
0.23,0.12,0.2,0.18,0.2,0.18,0.23,
100,100,100,100,100,100,100,
0.13,0.03,0.06,0.08,0.05,0.05,0.07,
100,100,100,100,100,100,100,
0.2,0.13,0.18,0.12,0.17,0.16,0.17,
100,100,100,100,100,100,100,
0.16,0.06,0.12,0.16,0.1,0.11,0.14,
100,100,100,100,100,100,100,
0.25,0.06,0.15,0.15,0.13,0.12,0.17,
100,100,100,100,100,100,100,
0.1,0.04,0.08,0.07,0.06,0.07,0.09,
100,100,100,100,100,100,100,
0.2,0.15,0.17,0.08,0.16,0.16,0.18,
100,100,100,100,100,100,100,
0.27,0.07,0.1,0.1,0.12,0.1,0.11,
100,100,100,100,100,100,100,
0.19,0.19,0.19,0.06,0.2,0.17,0.22,
100,100,100,100,100,100,100,
0.08,0.06,0.07,0.07,0.08,0.06,0.08,
100,100,100,100,100,100,100,
0.26,0.18,0.18,0.19,0.18,0.17,0.2,
100,100,100,100,100,100,100,
0.19,0.06,0.14,0.14,0.11,0.1,0.16,
100,100,100,100,100,100,100,
0.18,0.06,0.14,0.12,0.11,0.09,0.13,
100,100,100,100,100,100,100,
0.18,0.09,0.12,0.09,0.11,0.11,0.13,
100,100,100,100,100,100,100,
0.21,0.08,0.15,0.17,0.12,0.11,0.16,
100,100,100,100,100,100,100,
0.35,0.19,0.27,0.21,0.25,0.23,0.31,
100,100,100,100,100,100,100,
0.45,0.06,0.08,0.06,0.1,0.07,0.08,
100,100,100,100,100,100,100,
0.2,0.12,0.14,0.14,0.11,0.12,0.15,
100,100,100,100,100,100,100,
0.11,0.03,0.08,0.1,0.08,0.06,0.08,
100,100,100,100,100,100,100,
0.24,0.17,0.19,0.09,0.2,0.18,0.21,
100,100,100,100,100,100,100,
0.16,0.13,0.15,0.07,0.14,0.14,0.17,
100,100,100,100,100,100,100,
0.24,0.21,0.21,0.1,0.21,0.21,0.23,
100,100,100,100,100,100,100,
21.76,25.17,89.11,94.38,99.77,99.74,99.73,
100,100,100,100,100,100,100,
0.18,0.1,0.13,0.13,0.12,0.11,0.14,
100,100,100,100,100,100,100,
0.14,0.11,0.1,0.13,0.08,0.08,0.11,
100,100,100,100,100,100,100,
0.19,0.15,0.16,0.08,0.16,0.19,0.19,
100,100,100,100,100,100,100,
0.11,0.06,0.08,0.07,0.08,0.09,0.09,
100,100,100,100,100,100,100,
0.23,0.2,0.2,0.15,0.18,0.17,0.22,
100,100,100,100,100,100,100,
0.47,0.07,0.08,0.09,0.09,0.08,0.08,
100,100,100,100,100,100,100,
0.24,0.14,0.19,0.19,0.15,0.16,0.2,
100,100,100,100,100,100,100,
0.12,0.12,0.14,0.02,0.13,0.12,0.13,
100,100,100,100,100,100,100,
0.27,0.14,0.16,0.17,0.14,0.14,0.18,
100,100,100,100,100,100,100,
0.26,0.21,0.23,0.09,0.24,0.22,0.25,
100,100,100,100,100,100,100,
0.12,0.06,0.09,0.1,0.09,0.09,0.12,
100,100,100,100,100,100,100,
0.22,0.11,0.13,0.13,0.13,0.11,0.15,
100,100,100,100,100,100,100,
0.18,0.12,0.15,0.07,0.15,0.15,0.15,
100,100,100,100,100,100,100,
0.23,0.16,0.18,0.2,0.16,0.15,0.2,
100,100,100,100,100,100,100,
0.24,0.1,0.11,0.07,0.12,0.12,0.13,
100,100,100,100,100,100,100,
0.26,0.16,0.21,0.21,0.18,0.17,0.22,
100,100,100,100,100,100,100,
0.29,0.14,0.22,0.16,0.21,0.2,0.25,
100,100,100,100,100,100,100,
0.27,0.15,0.21,0.25,0.21,0.18,0.24,
100,100,100,100,100,100,100,
0.11,0.07,0.09,0.08,0.1,0.11,0.11,
100,100,100,100,100,100,100,
0.23,0.13,0.19,0.18,0.17,0.16,0.2,
100,100,100,100,100,100,100,
0.18,0.08,0.13,0.13,0.1,0.1,0.13,
100,100,100,100,100,100,100,
0.13,0.13,0.13,0.01,0.13,0.13,0.17,
100,100,100,100,100,100,100,
0.19,0.13,0.17,0.17,0.14,0.12,0.19,
100,100,100,100,100,100,100,
0.44,0.26,0.33,0.28,0.3,0.3,0.37,
100,100,100,100,100,100,100,
0.1,0.04,0.06,0.06,0.07,0.06,0.07,
100,100,100,100,100,100,100,
0.15,0.11,0.12,0.14,0.11,0.1,0.13,
100,100,100,100,100,100,100,
0.28,0.16,0.21,0.1,0.2,0.2,0.22,
100,100,100,100,100,100,100,
0.2,0.12,0.14,0.15,0.12,0.12,0.15,
100,100,100,100,100,100,100,
0.16,0.16,0.2,0.13,0.12,0.15,0.15,
100,100,100,100,100,100,100,
0.27,0.14,0.14,0.09,0.14,0.16,0.14,
100,100,100,100,100,100,100,
0.25,0.32,0.19,0.35,0.21,0.21,0.23,
100,100,100,100,100,100,100,
0.06,0.06,0.05,0.06,0.06,0.04,0.08,
100,100,100,100,100,100,100,
0.25,0.23,0.16,0.2,0.12,0.17,0.21,
100,100,100,100,100,100,100,
0.05,0.06,0.09,0.08,0.09,0.1,0.16,
100,100,100,100,100,100,100,
0.18,0.11,0.07,0.08,0.14,0.08,0.1,
100,100,100,100,100,100,100,
0.23,0.16,0.18,0.26,0.24,0.17,0.25,
100,100,100,100,100,100,100,
0.07,0.08,0.09,0.03,0.09,0.09,0.09,
100,100,100,100,100,100,100,
0.2,0.13,0.13,0.21,0.19,0.15,0.19,
100,100,100,100,100,100,100,
0.16,0.22,0.17,0.18,0.13,0.27,0.11,
100,100,100,100,100,100,100,
0.2,0.08,0.21,0.2,0.17,0.07,0.16,
100,100,100,100,100,100,100,
0.18,0.14,0.17,0.15,0.17,0.18,0.19,
100,100,100,100,100,100,100,
0.21,0.18,0.17,0.11,0.17,0.15,0.26,
100,100,100,100,100,100,100,
0.19,0.06,0.1,0.02,0.09,0.06,0.13,
100,100,100,100,100,100,100,
0.06,0.04,0.09,0.08,0.09,0.06,0.19,
100,100,100,100,100,100,100,
0.18,0.15,0.11,0.08,0.07,0.09,0.18,
100,100,100,100,100,100,100,
0.09,0.04,0.11,0.02,0.12,0.08,0.11,
100,100,100,100,100,100,100,
0.05,0.06,0.1,0.04,0.05,0.06,0.27,
100,100,100,100,100,100,100,
0.27,0.1,0.18,0.12,0.12,0.14,0.19,
100,100,100,100,100,100,100,
0.08,0.06,0.08,0.04,0.07,0.11,0.24,
100,100,100,100,100,100,100,
0.06,0.11,0.06,0.08,0.06,0.08,0.27,
100,100,100,100,100,100,100,
0.25,0.15,0.14,0.17,0.14,0.14,0.12,
100,100,100,100,100,100,100,
0.08,0.05,0.1,0.02,0.07,0.1,0.16,
100,100,100,100,100,100,100,
0.11,0.07,0.09,0.05,0.1,0.09,0.11,
100,100,100,100,100,100,100,
0.43,0.09,0.08,0.07,0.11,0.14,0.11,
100,100,100,100,100,100,100,
0.27,0.15,0.22,0.21,0.15,0.13,0.25,
100,100,100,100,100,100,100,
0.22,0.17,0.16,0.25,0.15,0.17,0.29,
100,100,100,100,100,100,100,
0.07,0.08,0.06,0.06,0.08,0.08,0.24,
100,100,100,100,100,100,100,
0.19,0.16,0.18,0.22,0.19,0.18,0.26,
100,100,100,100,100,100,100,
0.14,0.07,0.09,0.03,0.09,0.06,0.15,
100,100,100,100,100,100,100,
0.16,0.1,0.12,0.18,0.13,0.12,0.16,
100,100,100,100,100,100,100,
0.16,0.07,0.13,0.11,0.11,0.12,0.13,
100,100,100,100,100,100,100,
0.09,0.09,0.08,0.04,0.14,0.07,0.17,
100,100,100,100,100,100,100,
0.07,0.06,0.08,0.06,0.08,0.09,0.11,
100,100,100,100,100,100,100,
0.24,0.2,0.23,0.19,0.12,0.19,0.28,
100,100,100,100,100,100,100,
0.22,0.13,0.16,0.11,0.12,0.15,0.14,
100,100,100,100,100,100,100,
0.5,0.08,0.11,0.1,0.11,0.08,0.12,
100,100,100,100,100,100,100,
0.27,0.09,0.17,0.11,0.17,0.11,0.14,
100,100,100,100,100,100,100,
0.22,0.08,0.15,0.13,0.12,0.15,0.15,
100,100,100,100,100,100,100,
0.22,0.14,0.14,0.12,0.13,0.16,0.19,
100,100,100,100,100,100,100,
0.07,0.08,0.08,0.05,0.12,0.11,0.14,
100,100,100,100,100,100,100,
0.21,0.11,0.24,0.21,0.09,0.14,0.24,
100,100,100,100,100,100,100,
0.56,0.16,0.3,0.21,0.23,0.17,0.27,
100,100,100,100,100,100,100,
0.06,0.06,0.08,0.03,0.07,0.13,0.09,
100,100,100,100,100,100,100,
0.11,0.06,0.08,0.07,0.11,0.07,0.1,
100,100,100,100,100,100,100,
0.19,0.11,0.14,0.18,0.19,0.12,0.18,
100,100,100,100,100,100,100,
0.24,0.13,0.18,0.14,0.12,0.17,0.21,
100,100,100,100,100,100,100,
0.16,0.11,0.12,0.11,0.11,0.13,0.12,
100,100,100,100,100,100,100,
0.23,0.09,0.12,0.1,0.17,0.13,0.15,
100,100,100,100,100,100,100,
0.18,0.09,0.14,0.14,0.17,0.1,0.15,
100,100,100,100,100,100,100,
0.12,0.07,0.11,0.09,0.07,0.12,0.1,
100,100,100,100,100,100,100,
0.28,0.19,0.18,0.17,0.14,0.14,0.22,
100,100,100,100,100,100,100,
0.26,0.1,0.19,0.13,0.12,0.13,0.17,
100,100,100,100,100,100,100,
0.2,0.08,0.19,0.15,0.14,0.15,0.13,
100,100,100,100,100,100,100,
0.08,0.09,0.13,0.08,0.09,0.11,0.15,
100,100,100,100,100,100,100,
0.2,0.1,0.15,0.16,0.08,0.15,0.15,
100,100,100,100,100,100,100,
0.25,0.09,0.18,0.23,0.16,0.12,0.19,
100,100,100,100,100,100,100,
0.2,0.15,0.17,0.13,0.15,0.17,0.14,
100,100,100,100,100,100,100,
0.14,0.09,0.12,0.07,0.11,0.13,0.11,
100,100,100,100,100,100,100,
0.24,0.23,0.21,0.21,0.2,0.2,0.25,
100,100,100,100,100,100,100,
0.06,0.06,0.06,0.03,0.06,0.07,0.11,
100,100,100,100,100,100,100,
0.23,0.26,0.16,0.17,0.15,0.17,0.23,
100,100,100,100,100,100,100,
0.08,0.1,0.1,0.07,0.06,0.1,0.11,
100,100,100,100,100,100,100,
0.21,0.17,0.16,0.14,0.14,0.14,0.24,
100,100,100,100,100,100,100,
0.14,0.07,0.12,0.11,0.12,0.13,0.12,
100,100,100,100,100,100,100,
0.18,0.13,0.16,0.14,0.12,0.14,0.17,
100,100,100,100,100,100,100,
0.19,0.14,0.11,0.11,0.12,0.14,0.13,
100,100,100,100,100,100,100,
0.11,0.08,0.1,0.04,0.14,0.08,0.13,
100,100,100,100,100,100,100,
0.1,0.14,0.09,0.1,0.07,0.1,0.12,
100,100,100,100,100,100,100,
0.24,0.11,0.2,0.18,0.15,0.12,0.21,
100,100,100,100,100,100,100,
0.19,0.07,0.13,0.2,0.16,0.12,0.15,
100,100,100,100,100,100,100,
0.15,0.13,0.11,0.1,0.13,0.15,0.14,
100,100,100,100,100,100,100,
0.15,0.07,0.1,0.08,0.09,0.1,0.12,
100,100,100,100,100,100,100,
0.21,0.17,0.2,0.18,0.13,0.16,0.21,
100,100,100,100,100,100,100,
0.14,0.12,0.1,0.08,0.11,0.13,0.12,
100,100,100,100,100,100,100,
0.29,0.22,0.22,0.23,0.23,0.19,0.25,
100,100,100,100,100,100,100,
0.12,0.07,0.1,0.11,0.08,0.1,0.11,
100,100,100,100,100,100,100,
0.18,0.12,0.19,0.12,0.15,0.15,0.14,
100,100,100,100,100,100,100,
0.23,0.11,0.15,0.19,0.15,0.15,0.18,
100,100,100,100,100,100,100,
0.24,0.18,0.16,0.16,0.17,0.14,0.2,
100,100,100,100,100,100,100,
0.13,0.08,0.11,0.07,0.1,0.1,0.12,
100,100,100,100,100,100,100,
0.17,0.11,0.13,0.11,0.11,0.1,0.13,
100,100,100,100,100,100,100,
0.24,0.12,0.16,0.12,0.16,0.15,0.17,
100,100,100,100,100,100,100,
0.16,0.08,0.13,0.11,0.11,0.11,0.17,
100,100,100,100,100,100,100,
0.22,0.09,0.16,0.14,0.12,0.11,0.16,
100,100,100,100,100,100,100,
0.16,0.14,0.1,0.1,0.12,0.11,0.16,
100,100,100,100,100,100,100,
0.14,0.12,0.1,0.1,0.15,0.1,0.14,
100,100,100,100,100,100,100,
0.75,0.11,0.14,0.07,0.13,0.14,0.12,
100,100,100,100,100,100,100,
0.23,0.15,0.19,0.15,0.16,0.16,0.19,
100,100,100,100,100,100,100,
0.23,0.15,0.15,0.14,0.14,0.15,0.18,
100,100,100,100,100,100,100,
0.26,0.1,0.11,0.07,0.1,0.11,0.1,
100,100,100,100,100,100,100,
0.35,0.06,0.08,0.08,0.1,0.1,0.11,
100,100,100,100,100,100,100,
0.19,0.17,0.16,0.17,0.12,0.14,0.14,
100,100,100,100,100,100,100,
0.25,0.11,0.09,0.12,0.09,0.11,0.12,
100,100,100,100,100,100,100,
0.17,0.13,0.13,0.14,0.13,0.13,0.16,
100,100,100,100,100,100,100,
0.14,0.12,0.13,0.12,0.11,0.12,0.16,
100,100,100,100,100,100,100,
0.19,0.09,0.11,0.08,0.09,0.11,0.12,
100,100,100,100,100,100,100,
0.19,0.11,0.14,0.18,0.15,0.17,0.15,
100,100,100,100,100,100,100,
0.13,0.08,0.08,0.1,0.09,0.09,0.1,
100,100,100,100,100,100,100,
0.25,0.13,0.18,0.2,0.14,0.15,0.16,
100,100,100,100,100,100,100,
0.29,0.21,0.2,0.2,0.22,0.21,0.26,
100,100,100,100,100,100,100,
0.17,0.08,0.1,0.06,0.09,0.1,0.11,
100,100,100,100,100,100,100,
0.57,23.89,5.91,0.71,0.07,0.09,0.09,
100,100,100,100,100,100,100,
0.25,0.18,0.21,0.23,0.16,0.19,0.23,
100,100,100,100,100,100,100,
0.23,0.15,0.18,0.17,0.19,0.13,0.19,
100,100,100,100,100,100,100,
0.41,0.08,0.1,0.08,0.1,0.1,0.12,
100,100,100,100,100,100,100,
0.14,0.08,0.13,0.08,0.13,0.12,0.14,
100,100,100,100,100,100,100,
0.16,0.09,0.15,0.12,0.14,0.1,0.16,
100,100,100,100,100,100,100,
0.28,0.16,0.19,0.2,0.15,0.15,0.18,
100,100,100,100,100,100,100,
0.41,0.05,0.09,0.09,0.09,0.08,0.11,
100,100,100,100,100,100,100,
0.17,0.07,0.12,0.13,0.1,0.11,0.15,
100,100,100,100,100,100,100,
0.13,0.05,0.11,0.09,0.08,0.09,0.12,
100,100,100,100,100,100,100,
0.17,0.1,0.14,0.12,0.14,0.12,0.16,
100,100,100,100,100,100,100,
0.21,0.1,0.19,0.16,0.17,0.14,0.2,
100,100,100,100,100,100,100,
0.5,0.08,0.12,0.05,0.33,0.11,0.12,
100,100,100,100,100,100,100,
0.17,0.11,0.12,0.06,0.1,0.11,0.15,
100,100,100,100,100,100,100,
0.13,0.09,0.11,0.1,0.14,0.1,0.1,
100,100,100,100,100,100,100,
0.16,0.15,0.13,0.12,0.12,0.12,0.14,
100,100,100,100,100,100,100,
0.14,0.08,0.11,0.1,0.11,0.11,0.11,
100,100,100,100,100,100,100,
0.15,0.14,0.14,0.12,0.11,0.16,0.14,
100,100,100,100,100,100,100,
0.1,0.09,0.1,0.03,0.12,0.11,0.12,
100,100,100,100,100,100,100,
0.25,0.17,0.18,0.2,0.19,0.17,0.21,
100,100,100,100,100,100,100,
0.25,0.11,0.15,0.19,0.12,0.15,0.21,
100,100,100,100,100,100,100,
0.66,0.13,0.13,0.16,0.12,0.13,0.13,
100,100,100,100,100,100,100,
0.2,0.09,0.14,0.12,0.12,0.14,0.17,
100,100,100,100,100,100,100,
0.21,0.13,0.16,0.17,0.15,0.12,0.17,
100,100,100,100,100,100,100,
0.22,0.08,0.12,0.09,0.1,0.1,0.1,
100,100,100,100,100,100,100,
0.23,0.19,0.17,0.21,0.16,0.15,0.19,
100,100,100,100,100,100,100,
0.11,0.06,0.1,0.04,0.08,0.08,0.09,
100,100,100,100,100,100,100,
3.26,0.15,0.14,0.12,0.13,0.12,0.13,
100,100,100,100,100,100,100,
0.16,0.11,0.13,0.09,0.13,0.16,0.12,
100,100,100,100,100,100,100,
0.12,0.09,0.1,0.09,0.1,0.11,0.12,
100,100,100,100,100,100,100,
0.19,0.12,0.12,0.11,0.1,0.11,0.15,
100,100,100,100,100,100,100,
0.14,0.14,0.12,0.11,0.13,0.12,0.13,
100,100,100,100,100,100,100,
0.11,0.07,0.09,0.08,0.1,0.07,0.11,
100,100,100,100,100,100,100,
0.25,0.11,0.14,0.1,0.13,0.13,0.14,
100,100,100,100,100,100,100,
0.15,0.13,0.12,0.13,0.14,0.12,0.13,
100,100,100,100,100,100,100,
0.06,0.06,0.08,0.05,0.08,0.07,0.08,
100,100,100,100,100,100,100,
0.22,0.12,0.16,0.15,0.16,0.13,0.16,
100,100,100,100,100,100,100,
0.14,0.08,0.1,0.07,0.1,0.1,0.11,
100,100,100,100,100,100,100,
0.2,0.17,0.15,0.15,0.12,0.11,0.16,
100,100,100,100,100,100,100,
0.46,0.1,0.13,0.11,0.14,0.16,0.14,
100,100,100,100,100,100,100,
0.17,0.13,0.15,0.16,0.14,0.12,0.14,
100,100,100,100,100,100,100,
0.15,0.13,0.12,0.1,0.12,0.13,0.12,
100,100,100,100,100,100,100,
0.3,0.09,0.12,0.07,0.12,0.1,0.12,
100,100,100,100,100,100,100,
0.22,0.14,0.17,0.18,0.16,0.16,0.19,
100,100,100,100,100,100,100,
0.13,0.1,0.11,0.09,0.11,0.11,0.11,
100,100,100,100,100,100,100,
40.67,0.16,0.19,0.15,0.22,0.22,0.2,
100,100,100,100,100,100,100,
0.19,0.12,0.15,0.13,0.12,0.15,0.13,
100,100,100,100,100,100,100,
0.26,0.21,0.21,0.2,0.17,0.18,0.23,
100,100,100,100,100,100,100,
0.51,0.09,0.11,0.07,0.1,0.09,0.11,
100,100,100,100,100,100,100,
0.16,0.1,0.12,0.09,0.12,0.11,0.12,
100,100,100,100,100,100,100,
0.14,0.09,0.11,0.09,0.12,0.12,0.11,
100,100,100,100,100,100,100,
0.4,0.16,0.15,0.11,0.16,0.15,0.14,
100,100,100,100,100,100,100,
0.14,0.12,0.12,0.09,0.11,0.11,0.13,
100,100,100,100,100,100,100,
0.26,0.21,0.22,0.19,0.21,0.19,0.24,
100,100,100,100,100,100,100,
0.33,0.09,0.09,0.08,0.09,0.11,0.08,
100,100,100,100,100,100,100,
0.1,0.09,0.08,0.04,0.08,0.08,0.09,
100,100,100,100,100,100,100,
0.27,0.23,0.19,0.21,0.17,0.18,0.26,
100,100,100,100,100,100,100,
0.08,0.08,0.08,0.04,0.07,0.09,0.07,
100,100,100,100,100,100,100,
0.25,0.16,0.21,0.2,0.19,0.18,0.23,
100,100,100,100,100,100,100,
0.15,0.07,0.11,0.09,0.09,0.11,0.15,
100,100,100,100,100,100,100,
0.24,0.11,0.14,0.27,0.13,0.12,0.15,
100,100,100,100,100,100,100,
0.18,0.07,0.13,0.11,0.12,0.12,0.15,
100,100,100,100,100,100,100,
0.15,0.1,0.12,0.08,0.12,0.13,0.13,
100,100,100,100,100,100,100,
0.14,0.11,0.13,0.11,0.1,0.14,0.14,
100,100,100,100,100,100,100,
0.26,0.17,0.22,0.25,0.2,0.2,0.25,
100,100,100,100,100,100,100,
0.14,0.07,0.1,0.09,0.11,0.1,0.12,
100,100,100,100,100,100,100,
0.19,0.08,0.12,0.11,0.13,0.11,0.15,
100,100,100,100,100,100,100,
0.13,0.06,0.09,0.07,0.09,0.08,0.09,
100,100,100,100,100,100,100,
0.17,0.06,0.15,0.11,0.11,0.11,0.16,
100,100,100,100,100,100,100,
0.19,0.06,0.13,0.14,0.11,0.09,0.13,
100,100,100,100,100,100,100,
0.2,0.05,0.15,0.15,0.14,0.13,0.18,
100,100,100,100,100,100,100,
0.21,0.07,0.15,0.14,0.14,0.12,0.17,
100,100,100,100,100,100,100,
0.24,0.07,0.16,0.21,0.14,0.15,0.18,
100,100,100,100,100,100,100,
0.15,0.1,0.14,0.11,0.13,0.12,0.13,
100,100,100,100,100,100,100,
0.15,0.1,0.11,0.09,0.13,0.11,0.12,
100,100,100,100,100,100,100,
0.22,0.15,0.18,0.17,0.15,0.16,0.19,
100,100,100,100,100,100,100,
0.16,0.07,0.08,0.08,0.09,0.09,0.09,
100,100,100,100,100,100,100,
0.17,0.15,0.16,0.14,0.14,0.14,0.18,
100,100,100,100,100,100,100,
0.22,0.09,0.1,0.09,0.11,0.13,0.13,
100,100,100,100,100,100,100,
0.28,0.17,0.2,0.21,0.18,0.18,0.24,
100,100,100,100,100,100,100,
0.18,0.13,0.16,0.14,0.13,0.15,0.18,
100,100,100,100,100,100,100,
0.13,0.09,0.11,0.07,0.1,0.11,0.1,
100,100,100,100,100,100,100,
0.23,0.14,0.17,0.15,2.22,0.13,0.17,
100,100,100,100,100,100,100,
0.18,0.11,0.15,0.13,0.14,0.14,0.16,
100,100,100,100,100,100,100,
0.33,0.12,0.13,0.1,0.15,0.15,0.14,
100,100,100,100,100,100,100,
0.18,0.09,0.11,0.1,0.12,0.11,0.13,
100,100,100,100,100,100,100,
0.24,0.21,0.23,0.23,0.19,0.19,0.23,
100,100,100,100,100,100,100,
0.15,0.11,0.13,0.12,0.1,0.11,0.14,
100,100,100,100,100,100,100,
0.17,0.13,0.13,0.11,0.15,0.17,0.14,
100,100,100,100,100,100,100,
0.14,0.11,0.12,0.08,0.12,0.12,0.12,
100,100,100,100,100,100,100,
0.28,0.21,0.2,0.22,0.17,0.17,0.2,
100,100,100,100,100,100,100,
0.25,0.11,0.12,0.09,0.11,0.1,0.12,
100,100,100,100,100,100,100,
0.2,0.18,0.18,0.16,0.14,0.14,0.18,
100,100,100,100,100,100,100,
0.44,0.08,0.1,0.06,0.11,0.09,0.1,
100,100,100,100,100,100,100,
0.11,0.11,0.1,0.06,0.11,0.11,0.12,
100,100,100,100,100,100,100,
0.23,0.19,0.19,0.19,0.15,0.15,0.22,
100,100,100,100,100,100,100,
0.48,0.07,0.09,0.07,0.09,0.09,0.09,
100,100,100,100,100,100,100,
0.18,0.1,0.14,0.13,0.12,0.13,0.16,
100,100,100,100,100,100,100,
0.14,0.09,0.12,0.12,0.11,0.11,0.13,
100,100,100,100,100,100,100,
0.12,0.13,0.12,0.1,0.11,0.1,0.13,
100,100,100,100,100,100,100,
0.16,0.1,0.09,0.08,0.1,0.1,0.1,
100,100,100,100,100,100,100,
0.1,0.11,0.11,0.06,0.12,0.13,0.11,
100,100,100,100,100,100,100,
0.13,0.1,0.13,0.06,0.12,0.13,0.1,
100,100,100,100,100,100,100,
0.21,0.19,0.17,0.2,0.17,0.18,0.19,
100,100,100,100,100,100,100,
0.21,0.08,0.16,0.15,0.13,0.12,0.17,
100,100,100,100,100,100,100,
0.21,0.09,0.14,0.13,0.13,0.12,0.17,
100,100,100,100,100,100,100,
0.14,0.11,0.12,0.1,0.13,0.12,0.14,
100,100,100,100,100,100,100,
0.24,0.18,0.21,0.21,0.17,0.16,0.22,
100,100,100,100,100,100,100,
0.07,0.08,0.08,0.04,0.08,0.09,0.09,
100,100,100,100,100,100,100,
0.14,0.11,0.11,0.12,0.1,0.1,0.14,
100,100,100,100,100,100,100,
0.15,0.1,0.14,0.11,0.12,0.12,0.14,
100,100,100,100,100,100,100,
0.43,0.07,0.09,0.07,0.09,0.08,0.1,
100,100,100,100,100,100,100,
0.22,0.17,0.19,0.19,0.15,0.15,0.18,
100,100,100,100,100,100,100,
0.09,0.11,0.11,0.05,0.12,0.11,0.11,
100,100,100,100,100,100,100,
0.19,0.1,0.13,0.14,0.11,0.1,0.15,
100,100,100,100,100,100,100,
0.13,0.11,0.13,0.11,0.13,0.14,0.14,
100,100,100,100,100,100,100,
0.14,0.13,0.15,0.09,0.12,0.14,0.12,
100,100,100,100,100,100,100,
0.3,0.13,0.2,0.19,0.16,0.16,0.18,
100,100,100,100,100,100,100,
0.11,0.08,0.1,0.08,0.1,0.09,0.11,
100,100,100,100,100,100,100,
0.14,0.08,0.11,0.08,0.09,0.1,0.11,
100,100,100,100,100,100,100,
0.19,0.09,0.13,0.11,0.12,0.11,0.14,
100,100,100,100,100,100,100,
0.14,0.09,0.12,0.1,0.1,0.13,0.12,
100,100,100,100,100,100,100,
0.23,0.17,0.21,0.16,0.17,0.17,0.2,
100,100,100,100,100,100,100,
0.19,0.09,0.13,0.11,0.12,0.12,0.17,
100,100,100,100,100,100,100,
0.14,0.1,0.11,0.07,0.12,0.12,0.11,
100,100,100,100,100,100,100,
0.1,0.1,0.09,0.04,0.11,0.11,0.11,
100,100,100,100,100,100,100,
0.16,0.11,0.13,0.13,0.1,0.11,0.13,
100,100,100,100,100,100,100,
0.17,0.14,0.12,0.1,0.1,0.11,0.13,
100,100,100,100,100,100,100,
0.11,0.08,0.1,0.09,0.09,0.08,0.09,
100,100,100,100,100,100,100,
0.08,0.1,0.09,0.03,0.1,0.09,0.1,
100,100,100,100,100,100,100,
0.21,0.14,0.16,0.16,0.15,0.15,0.2,
100,100,100,100,100,100,100,
0.19,0.09,0.15,0.15,0.13,0.13,0.15,
100,100,100,100,100,100,100,
0.21,0.1,0.12,0.1,0.11,0.13,0.13,
100,100,100,100,100,100,100,
0.25,0.2,0.22,0.19,0.17,0.18,0.26,
100,100,100,100,100,100,100,
0.11,0.08,0.09,0.06,0.08,0.1,0.11,
100,100,100,100,100,100,100,
0.52,1.87,0.11,0.07,0.1,0.12,0.13,
100,100,100,100,100,100,100,
0.1,0.12,0.1,0.05,0.12,0.11,0.11,
100,100,100,100,100,100,100,
0.12,0.1,0.13,0.06,0.12,0.12,0.13,
100,100,100,100,100,100,100,
0.46,0.13,0.13,0.13,0.13,0.12,0.14,
100,100,100,100,100,100,100,
0.22,0.16,0.18,0.13,0.18,0.17,0.16,
100,100,100,100,100,100,100,
0.22,0.18,0.17,0.17,0.13,0.14,0.17,
100,100,100,100,100,100,100,
0.22,0.12,0.13,0.08,0.11,0.11,0.12,
100,100,100,100,100,100,100,
0.15,0.14,0.15,0.13,0.13,0.12,0.15,
100,100,100,100,100,100,100,
0.15,0.14,0.15,0.08,0.15,0.14,0.17,
100,100,100,100,100,100,100,
0.15,0.12,0.13,0.07,0.11,0.13,0.14,
100,100,100,100,100,100,100,
0.2,0.17,0.17,0.16,0.14,0.13,0.16,
100,100,100,100,100,100,100,
0.21,0.15,0.16,0.14,0.14,0.15,0.19,
100,100,100,100,100,100,100,
0.23,0.1,0.15,0.15,0.14,0.13,0.16,
100,100,100,100,100,100,100,
0.28,0.11,0.13,0.12,0.13,0.13,0.15,
100,100,100,100,100,100,100,
0.16,0.11,0.11,0.06,0.12,0.12,0.14,
100,100,100,100,100,100,100,
0.12,0.09,0.11,0.05,0.15,0.11,0.15,
100,100,100,100,100,100,100,
0.19,0.17,0.16,0.18,0.16,0.15,0.17,
100,100,100,100,100,100,100,
0.14,0.13,0.15,0.09,0.15,0.14,0.17,
100,100,100,100,100,100,100,
0.13,0.14,0.15,0.07,0.18,0.18,0.19,
100,100,100,100,100,100,100,
0.13,0.16,0.16,0.07,0.18,0.15,0.2,
100,100,100,100,100,100,100,
0.16,0.09,0.11,0.12,0.11,0.1,0.14,
100,100,100,100,100,100,100,
0.15,0.06,0.08,0.05,0.07,0.09,0.07,
100,100,100,100,100,100,100,
0.2,0.06,0.13,0.12,0.11,0.12,0.15,
100,100,100,100,100,100,100,
0.18,0.06,0.14,0.14,0.11,0.08,0.15,
100,100,100,100,100,100,100,
0.27,0.11,0.21,0.18,0.2,0.14,0.21,
100,100,100,100,100,100,100,
0.5,0.06,0.09,0.06,0.08,0.07,0.49,
100,100,100,100,100,100,100,
0.13,0.08,0.1,0.09,0.1,0.09,0.13,
100,100,100,100,100,100,100,
0.17,0.06,0.1,0.09,0.09,0.08,0.11,
100,100,100,100,100,100,100,
0.25,0.1,0.17,0.13,0.14,0.12,0.17,
100,100,100,100,100,100,100,
0.12,0.05,0.11,0.09,0.11,0.08,0.1,
100,100,100,100,100,100,100,
0.51,0.12,0.1,0.14,0.16,0.1,0.11,
100,100,100,100,100,100,100,
0.09,0.08,0.09,0.05,0.12,0.09,0.15,
100,100,100,100,100,100,100,
0.2,0.11,0.17,0.16,0.14,0.13,0.18,
100,100,100,100,100,100,100,
0.23,0.13,0.18,0.21,0.16,0.14,0.19,
100,100,100,100,100,100,100,
0.2,0.13,0.17,0.07,0.15,0.14,0.18,
100,100,100,100,100,100,100,
0.24,0.14,0.22,0.21,0.19,0.2,0.24,
100,100,100,100,100,100,100,
0.49,0.12,0.16,0.09,0.15,0.15,0.15,
100,100,100,100,100,100,100,
0.26,0.13,0.22,0.19,0.19,0.15,0.23,
100,100,100,100,100,100,100,
0.22,0.07,0.15,0.18,0.16,0.14,0.18,
100,100,100,100,100,100,100,
0.25,0.16,0.15,0.2,0.14,0.15,0.18,
100,100,100,100,100,100,100,
0.17,0.08,0.13,0.09,0.13,0.09,0.14,
100,100,100,100,100,100,100,
0.15,0.07,0.09,0.07,0.08,0.09,0.12,
100,100,100,100,100,100,100,
0.19,0.12,0.13,0.17,0.12,0.1,0.13,
100,100,100,100,100,100,100,
0.16,0.08,0.12,0.11,0.13,0.12,0.17,
100,100,100,100,100,100,100,
0.16,0.1,0.14,0.11,0.13,0.13,0.2,
100,100,100,100,100,100,100,
0.14,0.14,0.17,0.06,0.18,0.16,0.19,
100,100,100,100,100,100,100,
0.13,0.11,0.14,0.12,0.11,0.11,0.17,
100,100,100,100,100,100,100,
0.19,0.16,0.16,0.16,0.13,0.15,0.15,
100,100,100,100,100,100,100,
0.24,0.18,0.24,0.19,0.22,0.22,0.26,
100,100,100,100,100,100,100,
0.26,0.2,0.2,0.21,0.17,0.18,0.19,
100,100,100,100,100,100,100,
0.11,0.1,0.11,0.06,0.12,0.12,0.15,
100,100,100,100,100,100,100,
0.28,0.19,0.16,0.19,0.2,0.15,0.19,
100,100,100,100,100,100,100,
0.09,0.1,0.1,0.06,0.14,0.13,0.14,
100,100,100,100,100,100,100,
0.22,0.16,0.15,0.15,0.16,0.13,0.2,
100,100,100,100,100,100,100,
0.19,0.18,0.17,0.12,0.27,0.26,0.23,
100,100,100,100,100,100,100,
0.2,0.21,0.15,0.13,0.12,0.12,0.15,
100,100,100,100,100,100,100,
0.24,0.2,0.19,0.23,0.14,0.2,0.17,
100,100,100,100,100,100,100,
0.33,0.11,0.13,0.06,0.16,0.15,0.15,
100,100,100,100,100,100,100,
0.18,0.13,0.14,0.17,0.15,0.14,0.12,
100,100,100,100,100,100,100,
0.24,0.13,0.17,0.19,0.18,0.13,0.2,
100,100,100,100,100,100,100,
0.31,0.19,0.22,0.33,0.22,0.2,0.24,
100,100,100,100,100,100,100,
0.09,0.08,0.08,0.08,0.09,0.09,0.31,
100,100,100,100,100,100,100,
0.09,0.1,0.1,0.05,0.14,0.14,0.17,
100,100,100,100,100,100,100,
0.19,0.08,0.16,0.11,0.1,0.1,0.15,
100,100,100,100,100,100,100,
0.25,0.1,0.15,0.11,0.12,0.14,0.18,
100,100,100,100,100,100,100,
0.07,0.06,0.07,0.04,0.07,0.09,0.27,
100,100,100,100,100,100,100,
0.25,0.1,0.17,0.14,0.13,0.14,0.41,
100,100,100,100,100,100,100,
0.15,0.08,0.13,0.13,0.11,0.1,0.12,
100,100,100,100,100,100,100,
0.14,0.09,0.16,0.12,0.43,0.09,0.11,
100,100,100,100,100,100,100,
0.28,0.06,0.07,0.1,0.08,0.1,0.11,
100,100,100,100,100,100,100,
0.23,0.08,0.16,0.08,0.13,0.11,0.15,
100,100,100,100,100,100,100,
0.17,0.06,0.15,0.22,0.11,0.1,0.17,
100,100,100,100,100,100,100,
0.21,0.09,0.15,0.15,0.13,0.1,0.16,
100,100,100,100,100,100,100,
0.18,0.14,0.14,0.14,0.18,0.16,0.14,
100,100,100,100,100,100,100,
0.22,0.17,0.17,0.2,0.15,0.15,0.22,
100,100,100,100,100,100,100,
0.07,0.1,0.07,0.03,0.11,0.11,0.1,
100,100,100,100,100,100,100,
0.14,0.1,0.13,0.16,0.1,0.11,0.17,
100,100,100,100,100,100,100,
0.17,0.18,0.15,0.12,0.11,0.1,0.12,
100,100,100,100,100,100,100,
0.07,0.09,0.08,0.03,0.1,0.09,0.12,
100,100,100,100,100,100,100,
0.15,0.1,0.13,0.05,0.12,0.1,0.15,
100,100,100,100,100,100,100,
0.2,0.18,0.16,0.21,0.13,0.16,0.18,
100,100,100,100,100,100,100,
0.21,0.08,0.1,0.09,0.17,0.1,0.16,
100,100,100,100,100,100,100,
0.28,0.12,0.17,0.15,0.14,0.16,0.17,
100,100,100,100,100,100,100,
0.12,0.11,0.11,0.07,0.1,0.15,0.13,
100,100,100,100,100,100,100,
0.21,0.11,0.13,0.19,0.13,0.11,0.18,
100,100,100,100,100,100,100,
0.16,0.09,0.13,0.12,0.08,0.08,0.19,
100,100,100,100,100,100,100,
0.21,0.09,0.12,0.18,0.12,0.09,0.16,
100,100,100,100,100,100,100,
0.18,0.06,0.18,0.23,0.2,0.13,0.24,
100,100,100,100,100,100,100,
0.26,0.13,0.19,0.2,0.17,0.21,0.25,
100,100,100,100,100,100,100,
0.05,0.08,0.08,0.02,0.13,0.1,0.12,
100,100,100,100,100,100,100,
0.13,0.12,0.1,0.05,0.12,0.12,0.11,
100,100,100,100,100,100,100,
0.18,0.08,0.12,0.05,0.07,0.08,0.13,
100,100,100,100,100,100,100,
0.17,0.13,0.11,0.18,0.17,0.11,0.14,
100,100,100,100,100,100,100,
0.07,0.08,0.08,0.03,0.09,0.08,0.11,
100,100,100,100,100,100,100,
0.13,0.07,0.13,0.06,0.14,0.07,0.09,
100,100,100,100,100,100,100,
0.17,0.18,0.19,0.13,0.14,0.16,0.16,
100,100,100,100,100,100,100,
0.08,0.04,0.1,0.01,0.15,0.06,0.12,
100,100,100,100,100,100,100,
0.1,0.05,0.07,0.02,0.1,0.07,0.17,
100,100,100,100,100,100,100,
0.17,0.18,0.2,0.22,0.11,0.1,0.17,
100,100,100,100,100,100,100,
0.19,0.12,9.76,0.11,0.09,0.14,0.1,
100,100,100,100,100,100,100,
0.14,0.09,0.09,0.13,0.16,0.1,0.19,
100,100,100,100,100,100,100,
0.15,0.11,0.14,0.09,0.08,0.1,0.1,
100,100,100,100,100,100,100,
0.06,0.05,0.08,0.05,0.04,0.1,0.09,
100,100,100,100,100,100,100,
0.21,0.09,0.16,0.12,0.18,0.15,0.16,
100,100,100,100,100,100,100,
0.29,0.06,0.1,0.15,0.13,0.08,0.13,
100,100,100,100,100,100,100,
0.26,0.18,0.23,0.24,0.16,0.19,0.34,
100,100,100,100,100,100,100,
0.22,0.03,0.16,0.09,0.17,0.13,0.14,
100,100,100,100,100,100,100,
0.24,0.23,0.16,0.2,0.21,0.19,0.2,
100,100,100,100,100,100,100,
0.07,0.1,0.09,0.06,0.11,0.08,0.1,
100,100,100,100,100,100,100,
0.19,0.08,0.16,0.08,0.17,0.16,0.14,
100,100,100,100,100,100,100,
0.24,0.09,0.14,0.21,0.13,0.11,0.23,
100,100,100,100,100,100,100,
0.26,0.22,0.29,0.17,0.2,0.19,0.2,
100,100,100,100,100,100,100,
0.06,0.06,0.08,0.04,0.1,0.08,0.07,
100,100,100,100,100,100,100,
0.22,0.1,0.15,0.2,0.16,0.14,0.16,
100,100,100,100,100,100,100,
0.1,0.06,0.07,0,0.11,0.1,0.08,
100,100,100,100,100,100,100,
0.15,0.07,0.11,0.11,0.1,0.09,0.15,
100,100,100,100,100,100,100,
0.15,0.2,0.13,0.1,0.13,0.12,0.1,
100,100,100,100,100,100,100,
0.08,0.05,0.07,0.04,0.1,0.05,0.11,
100,100,100,100,100,100,100,
0.21,0.11,0.2,0.22,0.17,0.16,0.18,
100,100,100,100,100,100,100,
0.06,0.04,0.09,0.04,0.08,0.1,0.15,
100,100,100,100,100,100,100,
0.2,0.12,0.17,0.15,0.1,0.06,0.18,
100,100,100,100,100,100,100,
0.11,0.08,0.13,0.09,0.09,0.1,0.12,
100,100,100,100,100,100,100,
0.28,0.07,0.14,0.14,0.15,0.15,0.15,
100,100,100,100,100,100,100,
0.11,0.12,0.14,0.02,0.1,0.15,0.1,
100,100,100,100,100,100,100,
0.17,0.12,0.18,0.09,0.1,0.08,0.18,
100,100,100,100,100,100,100,
0.16,0.12,0.16,0.09,0.2,0.21,0.16,
100,100,100,100,100,100,100,
0.48,0.13,0.12,0.1,0.16,0.13,0.18,
100,100,100,100,100,100,100,
0.21,0.15,0.14,0.05,0.2,0.17,0.18,
100,100,100,100,100,100,100,
0.13,0.1,0.12,0.13,0.18,0.12,0.12,
100,100,100,100,100,100,100,
0.2,0.13,0.13,0.14,0.12,0.17,0.17,
100,100,100,100,100,100,100,
0.2,0.2,0.22,0.04,0.21,0.26,0.21,
100,100,100,100,100,100,100,
0.18,0.15,0.14,0.19,0.12,0.17,0.1,
100,100,100,100,100,100,100,
0.19,0.22,0.06,0.17,0.13,0.12,0.11,
100,100,100,100,100,100,100,
0.14,0.1,0.14,0.08,0.11,0.09,0.19,
100,100,100,100,100,100,100,
0.22,0.18,0.13,0.11,0.17,0.13,0.2,
100,100,100,100,100,100,100,
0.15,0.19,0.15,0.11,0.15,0.13,0.16,
100,100,100,100,100,100,100,
0.08,0.08,0.08,0.07,0.08,0.09,0.09,
100,100,100,100,100,100,100,
0.23,0.21,0.23,0.03,0.22,0.23,0.23,
100,100,100,100,100,100,100,
0.09,0.09,0.12,0.07,0.11,0.11,0.12,
100,100,100,100,100,100,100,
0.27,0.2,0.24,0.25,0.22,0.24,0.27,
100,100,100,100,100,100,100,
0.18,0.14,0.16,0.11,0.16,0.18,0.18,
100,100,100,100,100,100,100,
0.19,0.13,0.14,0.13,0.12,0.12,0.15,
100,100,100,100,100,100,100,
0.28,0.27,0.27,0.11,0.26,0.27,0.27,
100,100,100,100,100,100,100,
0.32,0.36,0.33,0.23,0.32,0.33,0.34,
100,100,100,100,100,100,100,
0.3,0.09,0.18,0.18,0.15,0.13,0.19,
100,100,100,100,100,100,100,
0.28,0.18,0.21,0.14,0.21,0.18,0.24,
100,100,100,100,100,100,100,
0.15,0.09,0.13,0.09,0.12,0.13,0.14,
100,100,100,100,100,100,100,
0.41,0.24,0.31,0.22,0.3,0.28,0.35,
100,100,100,100,100,100,100,
0.26,0.18,0.21,0.22,0.2,0.2,0.25,
100,100,100,100,100,100,100,
0.16,0.17,0.19,0.1,0.24,0.21,0.22,
100,100,100,100,100,100,100,
0.12,0.11,0.14,0.08,0.14,0.15,0.16,
100,100,100,100,100,100,100,
0.28,0.26,0.29,0.18,0.25,0.29,0.3,
100,100,100,100,100,100,100,
0.25,0.24,0.27,0.15,0.24,0.28,0.23,
100,100,100,100,100,100,100,
0.11,0.13,0.14,0.07,0.16,0.17,0.18,
100,100,100,100,100,100,100,
0.34,0.26,0.28,0.2,0.28,0.28,0.34,
100,100,100,100,100,100,100,
0.18,0.21,0.25,0.12,0.28,0.25,0.31,
100,100,100,100,100,100,100,
0.15,0.15,0.18,0.06,0.2,0.21,0.19,
100,100,100,100,100,100,100,
0.14,0.11,0.11,0.12,0.1,0.1,0.14,
100,100,100,100,100,100,100,
0.26,0.21,0.24,0.17,0.21,0.23,0.23,
100,100,100,100,100,100,100,
0.31,0.16,0.19,0.1,0.2,0.18,0.18,
100,100,100,100,100,100,100,
0.14,0.03,0.08,0.1,0.07,0.06,0.09,
100,100,100,100,100,100,100,
0.21,0.17,0.17,0.12,0.15,0.16,0.18,
100,100,100,100,100,100,100,
0.09,0.04,0.07,0.08,0.05,0.05,0.08,
100,100,100,100,100,100,100,
0.22,0.11,0.18,0.19,0.16,0.15,0.19,
100,100,100,100,100,100,100,
0.2,0.07,0.14,0.13,0.12,0.11,0.15,
100,100,100,100,100,100,100,
0.26,0.18,0.23,0.12,0.21,0.2,0.23,
100,100,100,100,100,100,100,
0.16,0.1,0.13,0.1,0.12,0.12,0.14,
100,100,100,100,100,100,100,
0.25,0.13,0.2,0.17,0.2,0.16,0.23,
100,100,100,100,100,100,100,
0.14,0.16,0.19,0.1,0.2,0.17,0.17,
100,100,100,100,100,100,100,
0.36,0.36,0.36,0.17,0.37,0.4,0.37,
100,100,100,100,100,100,100,
0.16,0.2,0.22,0.11,0.24,0.21,0.22,
100,100,100,100,100,100,100,
0.23,0.12,0.15,0.12,0.15,0.14,0.19,
100,100,100,100,100,100,100,
0.16,0.04,0.09,0.11,0.07,0.05,0.09,
100,100,100,100,100,100,100,
0.21,0.17,0.2,0.13,0.19,0.18,0.24,
100,100,100,100,100,100,100,
0.2,0.15,0.17,0.14,0.16,0.16,0.15,
100,100,100,100,100,100,100,
0.19,0.06,0.15,0.12,0.11,0.1,0.13,
100,100,100,100,100,100,100,
0.14,0.06,0.1,0.11,0.09,0.09,0.12,
100,100,100,100,100,100,100,
0.11,0.09,0.08,0.1,0.08,0.07,0.09,
100,100,100,100,100,100,100,
0.25,0.18,0.2,0.14,0.21,0.2,0.23,
100,100,100,100,100,100,100,
0.24,0.16,0.2,0.24,0.15,0.14,0.21,
100,100,100,100,100,100,100,
0.6,0.11,0.16,0.08,0.15,0.13,0.17,
100,100,100,100,100,100,100,
0.17,0.11,0.13,0.15,0.12,0.12,0.15,
100,100,100,100,100,100,100,
0.23,0.19,0.19,0.25,0.17,0.16,0.22,
100,100,100,100,100,100,100,
0.22,0.06,0.07,0.07,0.08,0.06,0.08,
100,100,100,100,100,100,100,
0.25,0.17,0.18,0.12,0.17,0.16,0.2,
100,100,100,100,100,100,100,
0.32,0.13,0.23,0.3,0.19,0.17,0.24,
100,100,100,100,100,100,100,
0.57,0.11,0.14,0.07,0.16,0.12,0.17,
100,100,100,100,100,100,100,
0.14,0.1,0.11,0.1,0.09,0.09,0.12,
100,100,100,100,100,100,100,
0.22,0.1,0.19,0.23,0.15,0.14,0.19,
100,100,100,100,100,100,100,
0.11,0.12,0.12,0.07,0.15,0.14,0.18,
100,100,100,100,100,100,100,
0.16,0.1,0.13,0.14,0.09,0.1,0.12,
100,100,100,100,100,100,100,
0.21,0.09,0.14,0.18,0.13,0.12,0.19,
100,100,100,100,100,100,100,
0.24,0.03,0.08,0.07,0.1,0.09,0.09,
100,100,100,100,100,100,100,
0.17,0.18,0.14,0.17,0.12,0.14,0.16,
100,100,100,100,100,100,100,
0.15,0.13,0.17,0.12,0.18,0.16,0.18,
100,100,100,100,100,100,100,
0.27,0.14,0.17,0.11,0.18,0.16,0.18,
100,100,100,100,100,100,100,
0.29,0.24,0.26,0.22,0.26,0.24,0.3,
100,100,100,100,100,100,100,
0.07,0.07,0.06,0.04,0.07,0.08,0.08,
100,100,100,100,100,100,100,
0.28,0.13,0.2,0.18,0.2,0.16,0.24,
100,100,100,100,100,100,100,
0.07,0.07,0.09,0.05,0.1,0.1,0.11,
100,100,100,100,100,100,100,
0.22,0.13,0.17,0.21,0.14,0.15,0.19,
100,100,100,100,100,100,100,
0.12,0.12,0.12,0.05,0.15,0.13,0.16,
100,100,100,100,100,100,100,
0.15,0.13,0.12,0.17,0.1,0.12,0.12,
100,100,100,100,100,100,100,
0.18,0.08,0.12,0.13,0.13,0.12,0.14,
100,100,100,100,100,100,100,
0.14,0.08,0.1,0.09,0.1,0.11,0.11,
100,100,100,100,100,100,100,
0.15,0.16,0.17,0.08,0.19,0.2,0.2,
100,100,100,100,100,100,100,
0.12,0.05,0.09,0.1,0.07,0.07,0.09,
100,100,100,100,100,100,100,
0.13,0.03,0.08,0.08,0.07,0.05,0.07,
100,100,100,100,100,100,100,
0.13,0.03,0.09,0.09,0.07,0.06,0.09,
100,100,100,100,100,100,100,
0.17,0.04,0.1,0.11,0.07,0.08,0.1,
100,100,100,100,100,100,100,
0.28,0.1,0.2,0.2,0.17,0.16,0.22,
100,100,100,100,100,100,100,
0.09,0.07,0.07,0.07,0.08,0.09,0.07,
100,100,100,100,100,100,100,
0.08,0.04,0.04,0.05,0.04,0.05,0.04,
100,100,100,100,100,100,100,
0.16,0.09,0.08,0.04,0.09,0.09,0.08,
100,100,100,100,100,100,100,
0.06,0.06,0.06,0.03,0.07,0.05,0.05,
100,100,100,100,100,100,100,
0.1,0.06,0.08,0.06,0.06,0.08,0.08,
100,100,100,100,100,100,100,
0.13,0.11,0.11,0.05,0.1,0.13,0.11,
100,100,100,100,100,100,100,
0.1,0.11,0.11,0.02,0.11,0.13,0.11,
100,100,100,100,100,100,100,
0.17,0.21,0.2,0.21,0.18,0.19,0.18,
100,100,100,100,100,100,100,
0.15,0.16,0.16,0.03,0.16,0.19,0.16,
100,100,100,100,100,100,100,
0.09,0.1,0.09,0.04,0.09,0.11,0.08,
100,100,100,100,100,100,100,
0.09,0.14,0.13,0.08,0.13,0.17,0.1,
100,100,100,100,100,100,100,
0.12,0.15,0.14,0.05,0.15,0.16,0.14,
100,100,100,100,100,100,100,
0.03,0.03,0.04,0.02,0.04,0.04,0.04,
100,100,100,100,100,100,100,
0.11,0.17,0.14,0.07,0.14,0.22,0.07,
100,100,100,100,100,100,100,
0.09,0.09,0.09,0.02,0.08,0.1,0.07,
100,100,100,100,100,100,100,
0.15,0.19,0.23,0.11,0.14,0.24,0.1,
100,100,100,100,100,100,100,
0.12,0.18,0.17,0.07,0.14,0.22,0.1,
100,100,100,100,100,100,100,
0.18,0.38,0.23,0.14,0.21,0.4,0.11,
100,100,100,100,100,100,100,
0.02,0.03,0.02,0.01,0.02,0.03,0.02,
100,100,100,100,100,100,100,
0.1,0.19,0.13,0.04,0.12,0.19,0.07,
100,100,100,100,100,100,100,
0.18,0.24,0.27,0.14,0.19,0.31,0.15,
100,100,100,100,100,100,100,
0.15,0.2,0.19,0.09,0.18,0.21,0.15,
100,100,100,100,100,100,100,
0.15,0.17,0.19,0.12,0.14,0.22,0.12,
100,100,100,100,100,100,100,
0.15,0.28,0.22,0.09,0.17,0.3,0.08,
100,100,100,100,100,100,100,
0.18,0.32,0.28,0.12,0.23,0.38,0.1,
100,100,100,100,100,100,100,
0.16,0.16,0.16,0.09,0.15,0.17,0.15,
100,100,100,100,100,100,100,
0.1,0.1,0.12,0.04,0.11,0.13,0.1,
100,100,100,100,100,100,100,
0.09,0.1,0.12,0.04,0.1,0.1,0.1,
100,100,100,100,100,100,100,
0.03,0.02,0.02,0.01,0.02,0.02,0.03,
100,100,100,100,100,100,100,
0.14,0.04,0.09,0.09,0.07,0.07,0.1,
100,100,100,100,100,100,100,
0.12,0.16,0.17,0.09,0.09,0.16,0.07,
100,100,100,100,100,100,100,
0.13,0.14,0.14,0.06,0.14,0.13,0.16,
100,100,100,100,100,100,100,
0.09,0.1,0.09,0.04,0.09,0.09,0.12,
100,100,100,100,100,100,100,
0.29,0.22,0.29,0.24,0.25,0.24,0.25,
100,100,100,100,100,100,100,
0.18,0.12,0.16,0.12,0.15,0.14,0.17,
100,100,100,100,100,100,100,
0.12,0.13,0.13,0.06,0.11,0.13,0.11,
100,100,100,100,100,100,100,
0.22,0.13,0.2,0.19,0.2,0.17,0.28,
100,100,100,100,100,100,100,
0.21,0.14,0.18,0.21,0.16,0.17,0.17,
100,100,100,100,100,100,100,
0.21,0.06,0.16,0.18,0.14,0.13,0.17,
100,100,100,100,100,100,100,
0.2,0.27,0.27,0.14,0.2,0.3,0.18,
100,100,100,100,100,100,100,
0.13,0.07,0.11,0.08,0.11,0.1,0.08,
100,100,100,100,100,100,100,
0.26,0.06,0.18,0.17,0.15,0.12,0.15,
100,100,100,100,100,100,100,
0.12,0.09,0.11,0.12,0.08,0.09,0.11,
100,100,100,100,100,100,100,
0.23,0.18,0.2,0.11,0.2,0.17,0.16,
100,100,100,100,100,100,100,
0.32,14.87,35.11,37.25,99.48,99.7,99.66,
100,100,100,100,100,100,100,
0.16,0.15,0.16,0.09,0.21,0.3,0.2,
100,100,100,100,100,100,100,
0.08,0.08,0.09,0.05,0.11,0.1,0.12,
100,100,100,100,100,100,100,
0.23,0.17,0.17,0.17,0.18,0.17,0.2,
100,100,100,100,100,100,100,
0.15,0.15,0.15,0.06,0.17,0.18,0.19,
100,100,100,100,100,100,100,
0.27,0.15,0.25,0.22,0.25,0.22,0.26,
100,100,100,100,100,100,100,
0.51,0.2,0.12,0.11,0.13,0.11,0.16,
100,100,100,100,100,100,100,
0.16,0.07,0.11,0.13,0.13,0.12,0.15,
100,100,100,100,100,100,100,
0.24,0.14,0.22,0.22,0.22,0.18,0.24,
100,100,100,100,100,100,100,
0.37,0.1,0.13,0.12,0.14,0.13,0.14,
100,100,100,100,100,100,100,
0.13,0.07,0.13,0.1,0.1,0.09,0.07,
100,100,100,100,100,100,100,
0.22,0.16,0.17,0.16,0.18,0.17,0.21,
100,100,100,100,100,100,100,
0.07,0.08,0.08,0.06,0.1,0.09,0.1,
100,100,100,100,100,100,100,
0.25,0.14,0.23,0.23,0.19,0.18,0.21,
100,100,100,100,100,100,100,
0.24,0.12,0.21,0.18,0.19,0.16,0.2,
100,100,100,100,100,100,100,
0.21,0.1,0.15,0.21,0.17,0.15,0.17,
100,100,100,100,100,100,100,
0.16,0.15,0.16,0.14,0.16,0.15,0.17,
100,100,100,100,100,100,100,
0.16,0.12,0.14,0.11,0.15,0.15,0.15,
100,100,100,100,100,100,100,
0.28,0.11,0.12,0.12,0.13,0.11,0.11,
100,100,100,100,100,100,100,
0.27,0.27,0.24,0.24,0.21,0.21,0.28,
100,100,100,100,100,100,100,
0.09,0.1,0.1,0.01,0.1,0.1,0.11,
100,100,100,100,100,100,100,
0.23,0.1,0.17,0.15,0.17,0.14,0.23,
100,100,100,100,100,100,100,
0.25,0.21,0.22,0.11,0.22,0.19,0.22,
100,100,100,100,100,100,100,
0.13,0.09,0.11,0.09,0.1,0.1,0.1,
100,100,100,100,100,100,100,
0.28,0.16,0.2,0.18,0.15,0.16,0.22,
100,100,100,100,100,100,100,
0.21,0.14,0.17,0.14,0.15,0.18,0.17,
100,100,100,100,100,100,100,
0.17,0.1,0.15,0.11,0.13,0.13,0.14,
100,100,100,100,100,100,100,
0.23,0.15,0.19,0.12,0.19,0.19,0.21,
100,100,100,100,100,100,100,
0.18,0.21,0.17,0.17,0.15,0.14,0.17,
100,100,100,100,100,100,100,
0.17,0.16,0.2,0.09,0.18,0.18,0.16,
100,100,100,100,100,100,100,
0.07,0.08,0.07,0.04,0.08,0.08,0.08,
100,100,100,100,100,100,100,
0.23,0.16,0.18,0.09,0.16,0.15,0.18,
100,100,100,100,100,100,100,
0.24,0.15,0.16,0.14,0.16,0.16,0.18,
100,100,100,100,100,100,100,
0.34,0.15,0.17,0.1,0.16,0.16,0.17,
100,100,100,100,100,100,100,
0.25,0.19,0.21,0.12,0.22,0.2,0.23,
100,100,100,100,100,100,100,
0.21,0.12,0.21,0.15,0.16,0.17,0.19,
100,100,100,100,100,100,100,
0.39,0.11,0.16,0.15,0.16,0.14,0.21,
100,100,100,100,100,100,100,
0.17,0.08,0.16,0.14,0.14,0.13,0.13,
100,100,100,100,100,100,100,
0.24,0.13,0.25,0.25,0.21,0.2,0.24,
100,100,100,100,100,100,100,
0.3,0.25,0.24,0.19,0.24,0.23,0.26,
100,100,100,100,100,100,100,
0.14,0.11,0.11,0.11,0.1,0.11,0.11,
100,100,100,100,100,100,100,
0.14,0.11,0.11,0.09,0.11,0.11,0.12,
100,100,100,100,100,100,100,
0.28,0.14,0.24,0.19,0.2,0.18,0.22,
100,100,100,100,100,100,100,
0.25,0.17,0.23,0.23,0.2,0.18,0.21,
100,100,100,100,100,100,100,
0.12,0.1,0.11,0.01,0.1,0.1,0.12,
100,100,100,100,100,100,100,
0.34,0.2,0.29,0.28,0.25,0.23,0.28,
100,100,100,100,100,100,100,
0.37,0.24,0.32,0.17,0.28,0.29,0.37,
100,100,100,100,100,100,100,
0.15,0.08,0.12,0.12,0.11,0.11,1.19,
100,100,100,100,100,100,100,
0.17,0.07,0.12,0.12,0.11,0.13,0.11,
100,100,100,100,100,100,100,
0.12,0.12,0.12,0.02,0.12,0.11,0.12,
100,100,100,100,100,100,100,
0.23,0.19,0.2,0.22,0.17,0.15,0.19,
100,100,100,100,100,100,100,
0.27,0.13,0.22,0.21,0.21,0.17,0.27,
100,100,100,100,100,100,100,
0.2,0.26,0.25,0.2,0.22,0.31,0.2,
100,100,100,100,100,100,100,
0.17,0.16,0.17,0.09,0.15,0.16,0.16,
100,100,100,100,100,100,100,
0.57,0.14,0.19,0.17,0.21,0.2,0.21,
100,100,100,100,100,100,100,
0.34,0.16,0.22,0.16,0.21,0.21,0.19,
100,100,100,100,100,100,100,
0.12,0.15,0.15,0.14,0.25,0.28,0.24,
100,100,100,100,100,100,100,
0.28,0.18,0.36,0.24,0.24,0.24,0.3,
100,100,100,100,100,100,100,
3.22,15.1,35.22,37.24,99.24,99.47,99.43,
100,100,100,100,100,100,100,
0.25,0.09,0.13,0.13,0.13,0.12,0.13,
100,100,100,100,100,100,100,
1.51,0.14,0.18,0.13,0.2,0.17,0.19,
100,100,100,100,100,100,100,
0.17,0.12,0.17,0.21,0.16,0.15,0.2,
100,100,100,100,100,100,100,
0.13,0.13,0.13,0.14,0.12,0.13,0.09,
100,100,100,100,100,100,100,
0.4,0.11,0.25,0.1,0.14,0.14,0.15,
100,100,100,100,100,100,100,
0.17,0.24,0.25,0.21,0.24,0.32,0.25,
100,100,100,100,100,100,100,
0.26,0.18,0.23,0.22,0.25,0.23,0.21,
100,100,100,100,100,100,100,
0.35,0.17,0.23,0.26,0.24,0.23,0.21,
100,100,100,100,100,100,100,
0.41,0.14,0.35,0.3,0.14,0.12,0.26,
100,100,100,100,100,100,100,
0.02,0.03,0.07,0.03,0.04,0.02,0.13,
100,100,100,100,100,100,100,
0.33,0.21,0.2,0.25,0.27,0.27,0.27,
100,100,100,100,100,100,100,
0.18,0.15,0.12,0.08,0.08,0.17,0.12,
100,100,100,100,100,100,100,
0.14,0.12,0.12,0.15,0.11,0.14,0.16,
100,100,100,100,100,100,100,
0.26,0.04,0.14,0.08,0.58,0.11,1.05,
100,100,100,100,100,100,100,
0.07,0.09,0.09,0.03,0.12,0.11,0.11,
100,100,100,100,100,100,100,
0.1,0.08,0.11,0.05,0.15,0.16,0.14,
100,100,100,100,100,100,100,
0.57,0.08,0.13,0.07,0.11,0.21,0.08,
100,100,100,100,100,100,100,
0.31,0.17,0.28,0.12,0.2,0.22,0.34,
100,100,100,100,100,100,100,
0.13,0.12,0.21,0.38,0.13,0.07,0.24,
100,100,100,100,100,100,100,
0.39,0.21,0.31,0.43,0.13,0.14,0.22,
100,100,100,100,100,100,100,
0.29,0.07,0.21,0.17,0.18,0.18,0.16,
100,100,100,100,100,100,100,
0.24,0.23,0.18,0.17,0.23,0.14,0.13,
100,100,100,100,100,100,100,
0.23,0.11,0.16,0.14,0.24,0.11,0.17,
100,100,100,100,100,100,100,
0.24,0.07,0.13,0.07,0.46,0.08,0.89,
100,100,100,100,100,100,100,
0.2,0.04,0.13,0.09,0.42,0.1,0.87,
100,100,100,100,100,100,100,
0.19,0.12,0.15,0.04,0.13,0.15,0.16,
100,100,100,100,100,100,100,
0.36,0.23,0.36,0.5,0.34,0.22,0.41,
100,100,100,100,100,100,100,
0.17,0.07,0.11,0.07,0.15,0.09,0.13,
100,100,100,100,100,100,100,
0.18,0.08,0.12,0.08,0.4,0.08,0.79,
100,100,100,100,100,100,100,
0.2,0.1,0.15,0.08,0.39,0.14,0.73,
100,100,100,100,100,100,100,
0.17,0.12,0.11,0.09,0.12,0.17,0.13,
100,100,100,100,100,100,100,
0.23,0.17,0.13,0.09,0.12,0.14,0.18,
100,100,100,100,100,100,100,
0.09,0.11,0.11,0.06,0.16,0.1,0.14,
100,100,100,100,100,100,100,
0.11,0.06,0.08,0.08,0.06,0.09,0.07,
100,100,100,100,100,100,100,
0.26,0.15,0.25,0.15,0.24,0.18,0.26,
100,100,100,100,100,100,100,
0.08,0.08,0.07,0.01,0.09,0.12,0.14,
100,100,100,100,100,100,100,
0.46,0.29,0.48,0.72,0.16,0.19,0.19,
100,100,100,100,100,100,100,
0.25,0.09,0.1,0.09,0.08,0.12,0.12,
100,100,100,100,100,100,100,
0.15,0.09,0.13,0.08,0.14,0.13,0.14,
100,100,100,100,100,100,100,
0.29,0.2,0.28,0.29,0.14,0.14,0.27,
100,100,100,100,100,100,100,
0.35,0.26,0.43,0.61,0.24,0.22,0.27,
100,100,100,100,100,100,100,
0.1,0.1,0.05,0.12,0.06,0.1,0.15,
100,100,100,100,100,100,100,
0.11,0.08,0.12,0.07,0.1,0.09,0.11,
100,100,100,100,100,100,100,
0.14,0.15,0.21,0.14,0.18,0.13,0.14,
100,100,100,100,100,100,100,
0.32,0.12,0.2,0.2,0.13,0.1,0.22,
100,100,100,100,100,100,100,
0.29,0.35,0.46,0.97,0.27,0.29,0.36,
100,100,100,100,100,100,100,
0.37,0.14,0.22,0.43,0.09,0.1,0.18,
100,100,100,100,100,100,100,
0.26,0.17,0.23,0.13,0.26,0.21,0.31,
100,100,100,100,100,100,100,
0.12,0.13,0.15,0.19,0.08,0.09,0.14,
100,100,100,100,100,100,100,
0.36,0.07,0.09,0.12,0.1,0.1,0.13,
100,100,100,100,100,100,100,
0.31,0.36,0.3,0.38,0.19,0.31,0.4,
100,100,100,100,100,100,100,
0.33,0.25,0.35,0.44,0.23,0.21,0.2,
100,100,100,100,100,100,100,
0.44,0.09,0.14,0.14,0.17,0.17,0.12,
100,100,100,100,100,100,100,
0.29,0.19,0.28,0.32,0.24,0.23,0.23,
100,100,100,100,100,100,100,
0.28,0.12,0.24,0.17,0.17,0.19,0.22,
100,100,100,100,100,100,100,
0.22,0.12,0.14,0.05,0.21,0.12,0.09,
100,100,100,100,100,100,100,
0.13,0.09,0.13,0.03,0.1,0.1,0.14,
100,100,100,100,100,100,100,
0.22,0.07,0.23,0.24,0.15,0.16,0.18,
100,100,100,100,100,100,100,
0.29,0.21,0.3,0.35,0.24,0.28,0.23,
100,100,100,100,100,100,100,
0.07,0.08,0.07,0.02,0.06,0.08,0.1,
100,100,100,100,100,100,100,
0.29,0.32,0.22,0.21,0.18,0.24,0.28,
100,100,100,100,100,100,100,
0.67,0.08,0.14,0.09,0.15,0.14,0.14,
100,100,100,100,100,100,100,
0.27,0.17,0.21,0.17,0.24,0.21,0.25,
100,100,100,100,100,100,100,
0.13,0.1,0.08,0.08,0.09,0.07,0.13,
100,100,100,100,100,100,100,
0.56,0.1,0.13,0.1,3.36,16.66,3.29,
100,100,100,100,100,100,100,
0.21,0.18,0.2,0.2,0.18,0.17,0.25,
100,100,100,100,100,100,100,
0.15,0.12,0.12,0.13,0.12,0.12,0.16,
100,100,100,100,100,100,100,
0.16,0.09,0.13,0.15,0.12,0.15,0.16,
100,100,100,100,100,100,100,
0.33,0.23,0.25,0.25,0.28,0.27,0.27,
100,100,100,100,100,100,100,
0.19,0.1,0.11,0.06,0.11,0.15,0.1,
100,100,100,100,100,100,100,
0.48,0.13,0.15,0.09,0.17,0.17,0.17,
100,100,100,100,100,100,100,
0.2,0.14,0.2,0.18,0.19,0.17,0.15,
100,100,100,100,100,100,100,
0.19,0.13,0.18,0.21,0.18,0.17,0.22,
100,100,100,100,100,100,100,
0.4,0.92,0.12,0.12,0.14,0.15,0.14,
100,100,100,100,100,100,100,
0.21,0.12,0.14,0.14,0.14,0.14,0.13,
100,100,100,100,100,100,100,
0.3,0.28,0.28,0.2,0.26,0.25,0.24,
100,100,100,100,100,100,100,
0.37,0.06,0.09,0.1,0.13,0.12,0.14,
100,100,100,100,100,100,100,
0.24,0.15,0.22,0.17,0.17,0.18,0.24,
100,100,100,100,100,100,100,
0.12,0.06,0.11,0.08,0.09,0.12,0.13,
100,100,100,100,100,100,100,
0.24,0.12,0.2,0.18,0.22,0.14,0.22,
100,100,100,100,100,100,100,
0.34,0.19,0.23,0.28,0.22,0.23,0.27,
100,100,100,100,100,100,100,
0.27,0.2,0.3,0.25,0.21,0.22,0.28,
100,100,100,100,100,100,100,
0.29,0.13,0.15,0.07,0.15,0.16,0.15,
100,100,100,100,100,100,100,
0.64,0.08,0.15,0.1,0.14,0.11,0.15,
100,100,100,100,100,100,100,
0.22,0.19,0.2,0.19,0.18,0.19,0.25,
100,100,100,100,100,100,100,
0.27,0.08,0.15,0.14,0.14,0.12,0.1,
100,100,100,100,100,100,100,
0.25,0.13,0.2,0.22,0.19,0.23,0.27,
100,100,100,100,100,100,100,
0.32,0.22,0.34,0.3,0.33,0.29,0.38,
100,100,100,100,100,100,100,
0.09,0.12,0.1,0.04,0.1,0.09,0.12,
100,100,100,100,100,100,100,
0.29,0.21,0.33,0.25,0.23,0.26,0.33,
100,100,100,100,100,100,100,
0.1,0.11,0.09,0.06,0.11,0.1,0.11,
100,100,100,100,100,100,100,
0.24,0.08,0.13,0.08,0.12,0.09,0.13,
100,100,100,100,100,100,100,
0.17,0.12,0.18,0.17,0.15,0.16,0.16,
100,100,100,100,100,100,100,
0.17,0.1,0.14,0.16,0.11,0.14,0.12,
100,100,100,100,100,100,100,
0.32,0.09,0.24,0.18,0.23,0.21,0.24,
100,100,100,100,100,100,100,
0.25,0.07,0.25,0.22,0.17,0.16,0.23,
100,100,100,100,100,100,100,
0.2,0.08,0.17,0.14,0.16,0.17,0.15,
100,100,100,100,100,100,100,
0.16,0.06,0.13,0.1,0.09,0.09,0.14,
100,100,100,100,100,100,100,
0.19,0.08,0.14,0.15,0.14,0.13,0.16,
100,100,100,100,100,100,100,
0.1,0.1,0.08,0.04,0.12,0.09,0.13,
100,100,100,100,100,100,100,
0.25,0.25,0.25,0.26,0.23,0.22,0.29,
100,100,100,100,100,100,100,
0.13,0.11,0.09,0.04,0.11,0.11,0.14,
100,100,100,100,100,100,100,
0.13,0.1,0.12,0.08,0.13,0.12,0.11,
100,100,100,100,100,100,100,
0.26,0.12,0.2,0.16,0.17,0.16,0.18,
100,100,100,100,100,100,100,
0.15,0.08,0.09,0.09,0.12,0.11,0.11,
100,100,100,100,100,100,100,
0.23,0.13,0.2,0.25,0.19,0.19,0.2,
100,100,100,100,100,100,100,
0.22,0.09,0.17,0.15,0.14,0.13,0.18,
100,100,100,100,100,100,100,
0.18,0.09,0.12,0.11,0.11,0.15,0.14,
100,100,100,100,100,100,100,
0.28,0.26,0.26,0.22,0.21,0.22,0.28,
100,100,100,100,100,100,100,
0.35,0.09,0.1,0.08,0.1,0.11,0.14,
100,100,100,100,100,100,100,
0.15,0.11,0.12,0.1,0.1,0.12,0.1,
100,100,100,100,100,100,100,
0.21,0.18,0.21,0.18,0.21,0.19,0.24,
100,100,100,100,100,100,100,
0.25,0.08,0.11,0.08,0.12,0.12,0.11,
100,100,100,100,100,100,100,
0.16,0.16,0.16,0.12,0.15,0.13,0.18,
100,100,100,100,100,100,100,
0.14,0.16,0.13,0.12,0.11,0.13,0.13,
100,100,100,100,100,100,100,
0.38,0.28,0.27,0.27,0.21,0.25,0.27,
100,100,100,100,100,100,100,
0.19,0.09,0.13,0.08,0.13,0.12,0.13,
100,100,100,100,100,100,100,
0.16,0.11,0.12,0.08,0.11,0.14,0.17,
100,100,100,100,100,100,100,
0.4,0.08,0.11,0.11,0.1,0.12,0.12,
100,100,100,100,100,100,100,
0.31,0.28,0.28,0.3,0.25,0.22,0.27,
100,100,100,100,100,100,100,
0.28,0.16,0.26,0.22,0.22,0.22,0.28,
100,100,100,100,100,100,100,
0.29,0.07,0.13,0.08,0.12,0.11,0.16,
100,100,100,100,100,100,100,
0.65,0.08,0.11,0.07,0.12,0.09,0.1,
100,100,100,100,100,100,100,
0.17,0.16,0.18,0.16,0.13,0.13,0.14,
100,100,100,100,100,100,100,
0.13,0.14,0.11,0.07,0.15,0.14,0.12,
100,100,100,100,100,100,100,
0.22,0.14,0.15,0.11,0.13,0.13,0.19,
100,100,100,100,100,100,100,
0.17,0.13,0.16,0.13,0.15,0.14,0.18,
100,100,100,100,100,100,100,
0.22,0.18,0.18,0.15,0.16,0.19,0.18,
100,100,100,100,100,100,100,
0.16,0.1,0.13,0.11,0.15,0.14,0.13,
100,100,100,100,100,100,100,
0.27,0.22,0.24,0.21,0.21,0.21,0.23,
100,100,100,100,100,100,100,
0.4,0.1,0.11,0.11,0.11,0.11,0.14,
100,100,100,100,100,100,100,
0.16,0.11,0.15,0.11,0.14,0.13,0.13,
100,100,100,100,100,100,100,
0.13,0.09,0.15,0.08,0.11,0.14,0.12,
100,100,100,100,100,100,100,
0.18,0.17,0.18,0.13,0.17,0.16,0.18,
100,100,100,100,100,100,100,
0.19,0.1,0.11,0.09,0.11,0.09,0.09,
100,100,100,100,100,100,100,
0.25,0.26,0.24,0.28,0.22,0.19,0.26,
100,100,100,100,100,100,100,
0.46,0.1,0.1,0.09,0.11,0.09,0.13,
100,100,100,100,100,100,100,
0.21,0.17,0.2,0.16,0.18,0.17,0.18,
100,100,100,100,100,100,100,
0.22,0.12,0.18,0.15,0.15,0.18,0.17,
100,100,100,100,100,100,100,
0.15,0.1,0.15,0.1,0.1,0.13,0.14,
100,100,100,100,100,100,100,
0.2,0.11,0.13,0.07,0.12,0.11,0.12,
100,100,100,100,100,100,100,
0.22,0.12,0.16,0.09,0.14,0.16,0.14,
100,100,100,100,100,100,100,
0.12,0.1,0.1,0.06,0.1,0.14,0.13,
100,100,100,100,100,100,100,
0.18,0.12,0.16,0.14,0.16,0.13,0.13,
100,100,100,100,100,100,100,
0.22,0.17,0.21,0.19,0.16,0.18,0.23,
100,100,100,100,100,100,100,
0.14,0.1,0.13,0.11,0.13,0.14,0.13,
100,100,100,100,100,100,100,
0.25,0.16,0.25,0.21,0.2,0.21,0.24,
100,100,100,100,100,100,100,
0.3,0.07,0.22,0.18,0.17,0.15,0.2,
100,100,100,100,100,100,100,
0.34,0.26,0.32,0.26,0.26,0.25,0.31,
100,100,100,100,100,100,100,
0.18,0.1,0.11,0.12,0.1,0.12,0.12,
100,100,100,100,100,100,100,
0.3,0.29,0.28,0.23,0.27,0.24,0.32,
100,100,100,100,100,100,100,
0.28,0.08,0.1,0.05,0.08,0.09,0.09,
100,100,100,100,100,100,100,
0.22,0.21,0.2,0.23,0.19,0.2,0.22,
100,100,100,100,100,100,100,
0.25,0.14,0.24,0.21,0.2,0.18,0.22,
100,100,100,100,100,100,100,
1.01,0.11,0.12,0.08,0.1,0.1,0.11,
100,100,100,100,100,100,100,
0.21,0.09,0.12,0.07,0.13,0.11,0.13,
100,100,100,100,100,100,100,
0.2,0.16,0.19,0.14,0.13,0.17,0.19,
100,100,100,100,100,100,100,
0.28,0.1,0.12,0.16,0.12,0.13,0.11,
100,100,100,100,100,100,100,
0.21,0.14,0.16,0.14,0.14,0.17,0.18,
100,100,100,100,100,100,100,
0.26,0.24,0.25,0.25,0.23,0.22,0.29,
100,100,100,100,100,100,100,
0.41,0.11,0.1,0.08,0.11,0.13,0.13,
100,100,100,100,100,100,100,
0.3,0.26,0.3,0.24,0.25,0.28,0.26,
100,100,100,100,100,100,100,
0.14,0.07,0.12,0.06,0.11,0.11,0.1,
100,100,100,100,100,100,100,
0.33,0.12,0.14,0.09,0.15,0.13,0.15,
100,100,100,100,100,100,100,
0.19,0.11,0.15,0.15,0.16,0.14,0.16,
100,100,100,100,100,100,100,
0.21,0.16,0.16,0.16,0.14,0.18,0.19,
100,100,100,100,100,100,100,
0.49,0.1,0.14,0.15,0.15,0.16,0.15,
100,100,100,100,100,100,100,
0.19,0.15,0.16,0.17,0.15,0.15,0.18,
100,100,100,100,100,100,100,
0.15,0.1,0.14,0.09,0.14,0.11,0.15,
100,100,100,100,100,100,100,
0.2,0.11,0.1,0.12,0.12,0.13,0.11,
100,100,100,100,100,100,100,
0.2,0.23,0.23,0.21,0.21,0.2,0.22,
100,100,100,100,100,100,100,
0.16,0.14,0.17,0.11,0.14,0.15,0.13,
100,100,100,100,100,100,100,
0.15,0.14,0.14,0.08,0.13,0.15,0.13,
100,100,100,100,100,100,100,
0.3,0.3,0.26,0.26,0.24,0.26,0.27,
100,100,100,100,100,100,100,
0.15,0.09,0.1,0.08,0.11,0.09,0.1,
100,100,100,100,100,100,100,
0.34,0.1,0.15,0.1,0.15,0.13,0.16,
100,100,100,100,100,100,100,
0.2,0.09,0.16,0.1,0.13,0.16,0.15,
100,100,100,100,100,100,100,
0.19,0.08,0.18,0.12,0.15,0.13,0.14,
100,100,100,100,100,100,100,
0.28,0.24,0.25,0.26,0.25,0.22,0.24,
100,100,100,100,100,100,100,
0.2,0.1,0.13,0.11,0.1,0.12,0.11,
100,100,100,100,100,100,100,
0.26,0.26,0.28,0.32,0.26,0.24,0.29,
100,100,100,100,100,100,100,
0.5,0.09,0.13,0.08,0.11,0.09,0.12,
100,100,100,100,100,100,100,
0.24,0.11,0.12,0.09,0.13,0.13,0.16,
100,100,100,100,100,100,100,
0.15,0.08,0.1,0.13,0.11,0.1,0.13,
100,100,100,100,100,100,100,
0.21,0.16,0.21,0.13,0.16,0.17,0.2,
100,100,100,100,100,100,100,
0.21,0.08,0.19,0.14,0.16,0.16,0.19,
100,100,100,100,100,100,100,
0.25,0.16,0.23,0.22,0.21,0.19,0.23,
100,100,100,100,100,100,100,
0.23,0.11,0.14,0.11,0.12,0.11,0.13,
100,100,100,100,100,100,100,
0.24,0.14,0.25,0.23,0.21,0.21,0.23,
100,100,100,100,100,100,100,
0.34,0.23,0.34,0.3,0.28,0.26,0.35,
100,100,100,100,100,100,100,
0.46,0.08,0.08,0.05,0.1,0.11,0.13,
100,100,100,100,100,100,100,
0.23,0.22,0.21,0.22,0.21,0.2,0.25,
100,100,100,100,100,100,100,
0.19,0.09,0.09,0.06,0.09,0.08,0.08,
100,100,100,100,100,100,100,
0.45,0.11,0.13,0.07,0.13,0.11,0.13,
100,100,100,100,100,100,100,
0.13,0.08,0.1,0.08,0.1,0.1,0.11,
100,100,100,100,100,100,100,
0.19,0.1,0.17,0.13,0.14,0.16,0.18,
100,100,100,100,100,100,100,
0.21,0.18,0.2,0.14,0.17,0.17,0.19,
100,100,100,100,100,100,100,
0.19,0.11,0.12,0.12,0.13,0.11,0.11,
100,100,100,100,100,100,100,
0.3,0.3,0.28,0.3,0.27,0.27,0.3,
100,100,100,100,100,100,100,
0.66,0.09,0.11,0.06,0.1,0.09,0.19,
100,100,100,100,100,100,100,
0.15,0.09,0.09,0.09,0.11,0.11,0.11,
100,100,100,100,100,100,100,
0.21,0.17,0.19,0.15,0.19,0.17,0.18,
100,100,100,100,100,100,100,
0.28,0.11,0.13,0.11,0.12,0.11,0.13,
100,100,100,100,100,100,100,
0.16,0.12,0.17,0.13,0.14,0.12,0.15,
100,100,100,100,100,100,100,
0.26,0.14,0.2,0.18,0.18,0.18,0.2,
100,100,100,100,100,100,100,
0.19,0.1,0.12,0.1,0.13,0.11,0.1,
100,100,100,100,100,100,100,
0.15,0.09,0.13,0.12,0.14,0.11,0.11,
100,100,100,100,100,100,100,
0.19,0.14,0.16,0.17,0.15,0.15,0.16,
100,100,100,100,100,100,100,
0.08,0.08,0.1,0.03,0.08,0.08,0.1,
100,100,100,100,100,100,100,
0.21,0.2,0.21,0.17,0.18,0.18,0.2,
100,100,100,100,100,100,100,
0.09,0.1,0.11,0.05,0.11,0.12,0.14,
100,100,100,100,100,100,100,
0.32,0.14,0.18,0.12,0.18,0.14,0.19,
100,100,100,100,100,100,100,
0.08,0.08,0.09,0.05,0.1,0.09,0.09,
100,100,100,100,100,100,100,
0.23,0.23,0.19,0.22,0.19,0.18,0.22,
100,100,100,100,100,100,100,
0.22,0.1,0.11,0.1,0.12,0.11,0.12,
100,100,100,100,100,100,100,
0.24,0.19,0.22,0.17,0.16,0.14,0.2,
100,100,100,100,100,100,100,
0.11,0.08,0.12,0.07,0.12,0.11,0.13,
100,100,100,100,100,100,100,
0.35,0.2,0.25,0.22,0.22,0.22,0.25,
100,100,100,100,100,100,100,
0.25,0.14,0.19,0.18,0.19,0.18,0.22,
100,100,100,100,100,100,100,
0.2,0.08,0.16,0.11,0.14,0.11,0.15,
100,100,100,100,100,100,100,
0.17,0.06,0.11,0.11,0.14,0.12,0.13,
100,100,100,100,100,100,100,
0.2,0.09,0.15,0.16,0.14,0.13,0.15,
100,100,100,100,100,100,100,
0.2,0.12,0.17,0.14,0.17,0.15,0.2,
100,100,100,100,100,100,100,
0.28,0.12,0.15,0.11,0.14,0.13,0.18,
100,100,100,100,100,100,100,
0.17,0.11,0.14,0.08,0.14,0.13,0.15,
100,100,100,100,100,100,100,
0.12,0.1,0.1,0.07,0.09,0.08,0.11,
100,100,100,100,100,100,100,
0.11,0.11,0.11,0.04,0.09,0.11,0.13,
100,100,100,100,100,100,100,
0.23,0.2,0.19,0.15,0.18,0.18,0.16,
100,100,100,100,100,100,100,
0.18,0.13,0.19,0.11,0.15,0.15,0.14,
100,100,100,100,100,100,100,
0.19,0.16,0.14,0.15,0.13,0.14,0.16,
100,100,100,100,100,100,100,
0.11,0.11,0.15,0.05,0.13,0.15,0.17,
100,100,100,100,100,100,100,
0.22,0.16,0.23,0.18,0.19,0.18,0.26,
100,100,100,100,100,100,100,
0.25,0.1,0.15,0.15,0.14,0.13,0.15,
100,100,100,100,100,100,100,
0.14,0.12,0.13,0.09,0.15,0.13,0.13,
100,100,100,100,100,100,100,
0.22,0.2,0.19,0.18,0.18,0.19,0.21,
100,100,100,100,100,100,100,
0.24,0.13,0.16,0.14,0.15,0.13,0.17,
100,100,100,100,100,100,100,
0.18,0.12,0.14,0.09,0.18,0.14,0.11,
100,100,100,100,100,100,100,
0.15,0.12,0.13,0.07,0.15,0.13,0.16,
100,100,100,100,100,100,100,
0.55,0.14,0.15,0.09,0.16,0.15,0.17,
100,100,100,100,100,100,100,
0.25,0.12,0.13,0.14,0.17,0.16,0.17,
100,100,100,100,100,100,100,
0.3,0.33,0.27,0.23,0.26,0.24,0.29,
100,100,100,100,100,100,100,
0.27,0.1,0.14,0.12,0.12,0.11,0.11,
100,100,100,100,100,100,100,
0.1,0.11,0.12,0.08,0.13,0.12,0.11,
100,100,100,100,100,100,100,
0.22,0.14,0.21,0.18,0.19,0.18,0.23,
100,100,100,100,100,100,100,
0.37,0.1,0.13,0.07,0.11,0.12,0.13,
100,100,100,100,100,100,100,
0.24,0.1,0.16,0.12,0.15,0.13,0.18,
100,100,100,100,100,100,100,
0.25,0.24,0.2,0.19,0.19,0.22,0.18,
100,100,100,100,100,100,100,
0.31,0.07,0.1,0.07,0.1,0.13,0.08,
100,100,100,100,100,100,100,
0.2,0.17,0.14,0.13,0.12,0.17,0.14,
100,100,100,100,100,100,100,
0.15,0.09,0.1,0.09,0.11,0.12,0.11,
100,100,100,100,100,100,100,
4.87,4.17,28.95,9.34,11.05,1.91,22.62,
100,100,100,100,100,100,100,
0.14,0.09,0.11,0.13,0.14,0.14,0.14,
100,100,100,100,100,100,100,
5.05,4.51,29.09,9.73,11.33,2.05,23.08,
100,100,100,100,100,100,100,
0.36,0.08,0.09,0.07,0.11,0.11,0.1,
100,100,100,100,100,100,100,
4.9,4.41,29.5,9.68,11.43,1.93,23.36,
100,100,100,100,100,100,100,
0.26,0.22,0.33,0.35,0.26,0.24,0.29,
100,100,100,100,100,100,100,
5.41,4.64,30.51,10.06,11.95,2.02,24.26,
100,100,100,100,100,100,100,
5.23,4.65,30.5,10.12,11.91,2.07,24.41,
100,100,100,100,100,100,100,
0.25,0.2,0.16,0.19,0.18,0.22,0.2,
100,100,100,100,100,100,100,
5.47,4.77,31.51,10.53,12.34,2.04,25.16,
100,100,100,100,100,100,100,
5.41,4.83,31.97,10.66,12.49,2.03,25.56,
100,100,100,100,100,100,100,
0.27,0.11,0.17,0.19,0.2,0.18,0.16,
100,100,100,100,100,100,100,
0.12,0.1,0.12,0.07,0.11,0.11,0.13,
100,100,100,100,100,100,100,
0.12,0.13,0.1,0.06,0.12,0.11,0.12,
100,100,100,100,100,100,100,
0.19,0.15,0.16,0.14,0.15,0.18,0.16,
100,100,100,100,100,100,100,
0.15,0.15,0.18,0.07,0.17,0.15,0.16,
100,100,100,100,100,100,100,
0.27,0.11,0.26,0.21,0.21,0.18,0.26,
100,100,100,100,100,100,100,
0.29,0.22,0.23,0.27,0.22,0.2,0.24,
100,100,100,100,100,100,100,
0.26,0.1,0.14,0.11,0.17,0.12,0.15,
100,100,100,100,100,100,100,
0.3,0.19,0.27,0.2,0.25,0.23,0.25,
100,100,100,100,100,100,100,
0.23,0.14,0.2,0.17,0.17,0.17,0.18,
100,100,100,100,100,100,100,
0.08,0.1,0.11,0.04,0.12,0.1,0.15,
100,100,100,100,100,100,100,
0.19,0.2,0.21,0.19,0.19,0.13,0.24,
100,100,100,100,100,100,100,
0.13,0.11,0.12,0.14,0.1,0.13,0.11,
100,100,100,100,100,100,100,
0.17,0.14,0.17,0.1,0.15,0.11,0.16,
100,100,100,100,100,100,100,
0.32,0.33,0.26,0.31,0.3,0.29,0.31,
100,100,100,100,100,100,100,
0.11,0.08,0.09,0.12,0.1,0.11,0.11,
100,100,100,100,100,100,100,
0.09,0.1,0.1,0.04,0.12,0.09,0.12,
100,100,100,100,100,100,100,
0.21,0.14,0.18,0.1,0.18,0.16,0.07,
100,100,100,100,100,100,100,
0.32,0.2,0.3,0.31,0.26,0.2,0.3,
100,100,100,100,100,100,100,
0.09,0.09,0.13,0.03,0.09,0.11,0.1,
100,100,100,100,100,100,100,
0.11,0.07,0.09,0.03,0.14,0.1,0.15,
100,100,100,100,100,100,100,
0.14,0.09,0.14,0.04,0.15,0.15,0.17,
100,100,100,100,100,100,100,
0.33,0.13,0.18,0.15,0.18,0.19,0.17,
100,100,100,100,100,100,100,
0.3,0.1,0.12,0.09,0.12,0.12,0.15,
100,100,100,100,100,100,100,
0.21,0.16,0.22,0.2,0.28,0.19,0.19,
100,100,100,100,100,100,100,
0.27,0.09,0.11,0.16,0.13,0.12,0.14,
100,100,100,100,100,100,100,
0.22,0.14,0.22,0.09,0.16,0.18,0.21,
100,100,100,100,100,100,100,
0.13,0.13,0.11,0.11,0.06,0.1,0.13,
100,100,100,100,100,100,100,
0.38,0.19,0.29,0.3,0.21,0.22,0.32,
100,100,100,100,100,100,100,
0.14,0.08,0.12,0.08,0.13,0.13,0.14,
100,100,100,100,100,100,100,
0.14,0.1,0.14,0.14,0.12,0.14,0.12,
100,100,100,100,100,100,100,
0.32,0.22,0.27,0.19,0.29,0.2,0.28,
100,100,100,100,100,100,100,
0.2,0.11,0.19,0.17,0.15,0.11,0.19,
100,100,100,100,100,100,100,
0.15,0.11,0.1,0.13,0.12,0.11,0.16,
100,100,100,100,100,100,100,
0.11,0.11,0.1,0.03,0.11,0.11,0.17,
100,100,100,100,100,100,100,
0.26,0.15,0.29,0.21,0.2,0.18,0.27,
100,100,100,100,100,100,100,
0.23,0.2,0.2,0.15,0.23,0.15,0.21,
100,100,100,100,100,100,100,
0.24,0.09,0.2,0.06,0.14,0.13,0.12,
100,100,100,100,100,100,100,
0.33,0.29,0.4,0.29,0.3,0.32,0.29,
100,100,100,100,100,100,100,
0.08,0.06,0.05,0.04,0.09,0.1,0.11,
100,100,100,100,100,100,100,
0.3,0.16,0.26,0.31,0.14,0.18,0.21,
100,100,100,100,100,100,100,
0.1,0.07,0.11,0.05,0.12,0.09,0.09,
100,100,100,100,100,100,100,
0.22,0.11,0.16,0.21,0.19,0.13,0.21,
100,100,100,100,100,100,100,
0.19,0.12,0.13,0.11,0.17,0.1,0.19,
100,100,100,100,100,100,100,
0.1,0.09,0.12,0.05,0.13,0.13,0.18,
100,100,100,100,100,100,100,
0.12,0.16,0.17,0.01,0.18,0.13,0.3,
100,100,100,100,100,100,100,
0.21,0.13,0.17,0.05,0.25,0.13,0.16,
100,100,100,100,100,100,100,
0.3,0.17,0.23,0.23,0.14,0.2,0.27,
100,100,100,100,100,100,100,
0.09,0.12,0.08,0.04,0.2,0.13,0.16,
100,100,100,100,100,100,100,
0.26,10.98,8.45,35.46,0.35,0.14,0.18,
100,100,100,100,100,100,100,
0.24,0.14,0.19,0.2,0.11,0.18,0.3,
100,100,100,100,100,100,100,
0.29,0.23,0.33,0.25,0.22,0.23,0.21,
100,100,100,100,100,100,100,
0.43,0.18,0.22,0.32,0.19,0.18,0.28,
100,100,100,100,100,100,100,
0.19,0.12,0.2,0.19,0.22,0.14,0.18,
100,100,100,100,100,100,100,
0.14,0.08,0.08,0.07,0.08,0.1,0.09,
100,100,100,100,100,100,100,
0.27,0.14,0.19,0.16,0.22,0.15,0.13,
100,100,100,100,100,100,100,
0.25,0.13,0.2,0.19,0.13,0.14,0.28,
100,100,100,100,100,100,100,
0.18,0.06,0.15,0.05,0.04,0.12,0.08,
100,100,100,100,100,100,100,
0.1,0.12,0.1,0.06,0.12,0.1,0.13,
100,100,100,100,100,100,100,
0.25,0.18,0.19,0.22,0.24,0.15,0.18,
100,100,100,100,100,100,100,
0.23,0.23,0.2,0.2,0.19,0.15,0.2,
100,100,100,100,100,100,100,
0.17,0.1,0.09,0.09,0.14,0.1,0.17,
100,100,100,100,100,100,100,
0.12,0.08,0.18,0.07,0.1,0.13,0.2,
100,100,100,100,100,100,100,
0.13,0.1,0.2,0.1,0.14,0.11,0.05,
100,100,100,100,100,100,100,
0.24,0.15,0.16,0.13,0.13,0.13,0.24,
100,100,100,100,100,100,100,
0.13,0.12,0.14,0.04,0.12,0.17,0.12,
100,100,100,100,100,100,100,
0.14,0.1,0.11,0.13,0.16,0.15,0.13,
100,100,100,100,100,100,100,
0.27,0.12,0.13,0.07,0.12,0.08,0.16,
100,100,100,100,100,100,100,
0.26,0.27,0.27,0.29,0.22,0.21,0.35,
100,100,100,100,100,100,100,
0.25,0.24,0.22,0.22,0.25,0.22,0.39,
100,100,100,100,100,100,100,
0.28,0.06,0.06,0.07,0.11,0.1,0.13,
100,100,100,100,100,100,100,
0.22,0.17,0.16,0.14,0.17,0.11,0.15,
100,100,100,100,100,100,100,
0.16,0.11,0.17,0.13,0.11,0.17,0.15,
100,100,100,100,100,100,100,
0.12,0.12,0.11,0.09,0.14,0.12,0.12,
100,100,100,100,100,100,100,
0.32,0.18,0.33,0.2,0.16,0.19,0.12,
100,100,100,100,100,100,100,
0.21,0.2,0.24,0.14,0.19,0.25,0.24,
100,100,100,100,100,100,100,
0.35,0.12,0.12,0.17,0.15,0.15,0.26,
100,100,100,100,100,100,100,
0.14,0.07,0.13,0.1,0.12,0.13,0.11,
100,100,100,100,100,100,100,
0.45,0.38,0.44,0.42,0.43,0.41,0.5,
100,100,100,100,100,100,100,
0.14,0.13,0.13,0.01,0.13,0.12,0.12,
100,100,100,100,100,100,100,
0.29,0.21,0.26,0.29,0.23,0.2,0.29,
100,100,100,100,100,100,100,
0.06,0.05,0.06,0.04,0.06,0.05,0.07,
100,100,100,100,100,100,100,
0.45,0.29,0.4,0.4,0.34,0.33,0.42,
100,100,100,100,100,100,100,
0.2,0.1,0.18,0.18,0.16,0.15,0.22,
100,100,100,100,100,100,100,
0.31,0.17,0.28,0.21,0.26,0.23,0.3,
