876 7 
1,52,73,104,155,186,207,
100,100,100,100,100,100,100,
0.2,0.09,0.14,0.08,0.12,0.11,0.11,
100,100,100,100,100,100,100,
0.13,0.09,0.1,0.07,0.11,0.13,0.13,
100,100,100,100,100,100,100,
0.25,0.16,0.15,0.17,0.15,0.15,0.22,
100,100,100,100,100,100,100,
0.21,0.1,0.12,0.1,0.13,0.13,0.14,
100,100,100,100,100,100,100,
0.25,0.17,0.2,0.21,0.15,0.18,0.22,
100,100,100,100,100,100,100,
0.24,0.16,0.17,0.15,0.13,0.15,0.19,
100,100,100,100,100,100,100,
0.18,0.1,0.12,0.11,0.12,0.11,0.12,
100,100,100,100,100,100,100,
0.18,0.15,0.17,0.11,0.15,0.14,0.17,
100,100,100,100,100,100,100,
0.29,0.12,0.17,0.1,0.17,0.16,0.2,
100,100,100,100,100,100,100,
0.16,0.11,0.13,0.09,0.12,0.1,0.13,
100,100,100,100,100,100,100,
0.18,0.11,0.13,0.11,0.13,0.12,0.18,
100,100,100,100,100,100,100,
0.2,0.12,0.14,0.1,0.13,0.12,0.14,
100,100,100,100,100,100,100,
0.35,0.08,0.11,0.09,0.11,0.11,0.13,
100,100,100,100,100,100,100,
0.27,0.15,0.19,0.26,0.18,0.18,0.23,
100,100,100,100,100,100,100,
0.31,0.22,0.22,0.23,0.16,0.2,0.24,
100,100,100,100,100,100,100,
0.25,0.07,0.07,0.07,0.11,0.1,0.13,
100,100,100,100,100,100,100,
0.1,0.1,0.1,0.06,0.13,0.11,0.13,
100,100,100,100,100,100,100,
0.22,0.14,0.17,0.17,0.14,0.14,0.18,
100,100,100,100,100,100,100,
0.2,0.11,0.13,0.08,0.13,0.1,0.12,
100,100,100,100,100,100,100,
0.2,0.1,0.12,0.11,0.12,0.13,0.15,
100,100,100,100,100,100,100,
0.19,0.13,0.13,0.1,0.16,0.15,0.14,
100,100,100,100,100,100,100,
0.23,0.09,0.1,0.12,0.09,0.11,0.14,
100,100,100,100,100,100,100,
0.24,0.16,0.18,0.22,0.18,0.16,0.2,
100,100,100,100,100,100,100,
0.35,0.08,0.1,0.07,0.11,0.09,0.11,
100,100,100,100,100,100,100,
0.26,0.19,0.2,0.21,0.18,0.2,0.22,
100,100,100,100,100,100,100,
0.31,0.22,0.25,0.22,0.24,0.2,0.27,
100,100,100,100,100,100,100,
0.33,0.11,0.11,0.08,0.12,0.11,0.15,
100,100,100,100,100,100,100,
0.21,0.12,0.13,0.12,0.14,0.13,0.14,
100,100,100,100,100,100,100,
0.1,0.11,0.1,0.04,0.14,0.1,0.13,
100,100,100,100,100,100,100,
0.12,0.12,0.1,0.04,0.15,0.12,0.14,
100,100,100,100,100,100,100,
0.5,0.13,0.13,0.09,0.15,0.13,0.22,
100,100,100,100,100,100,100,
0.28,0.19,0.17,0.16,0.15,0.17,0.21,
100,100,100,100,100,100,100,
0.26,0.13,0.19,0.18,0.14,0.14,0.19,
100,100,100,100,100,100,100,
0.3,0.11,0.12,0.09,0.11,0.1,0.14,
100,100,100,100,100,100,100,
0.09,0.1,0.1,0.05,0.14,0.11,0.14,
100,100,100,100,100,100,100,
0.28,0.19,0.2,0.21,0.16,0.19,0.2,
100,100,100,100,100,100,100,
0.24,0.11,0.12,0.14,0.14,0.12,0.14,
100,100,100,100,100,100,100,
0.2,0.13,0.15,0.09,0.16,0.14,0.18,
100,100,100,100,100,100,100,
0.27,0.19,0.15,0.17,0.18,0.17,0.18,
100,100,100,100,100,100,100,
0.13,0.09,0.09,0.07,0.11,0.1,0.13,
100,100,100,100,100,100,100,
0.2,0.17,0.13,0.16,0.14,0.15,0.21,
100,100,100,100,100,100,100,
0.22,0.13,0.14,0.11,0.17,0.15,0.15,
100,100,100,100,100,100,100,
0.2,0.11,0.12,0.09,0.13,0.11,0.15,
100,100,100,100,100,100,100,
0.08,0.11,0.1,0.05,0.11,0.11,0.12,
100,100,100,100,100,100,100,
0.24,0.15,0.17,0.22,0.2,0.18,0.18,
100,100,100,100,100,100,100,
0.23,0.06,0.09,0.1,0.09,0.11,0.13,
100,100,100,100,100,100,100,
0.2,0.2,0.15,0.16,0.16,0.17,0.17,
100,100,100,100,100,100,100,
0.2,0.07,0.12,0.14,0.13,0.11,0.11,
100,100,100,100,100,100,100,
0.15,0.09,0.12,0.08,0.1,0.13,0.11,
100,100,100,100,100,100,100,
0.07,0.09,0.12,0.04,0.1,0.13,0.11,
100,100,100,100,100,100,100,
0.25,0.13,0.14,0.14,0.14,0.16,0.17,
100,100,100,100,100,100,100,
0.21,0.12,0.15,0.21,0.13,0.12,0.18,
100,100,100,100,100,100,100,
0.16,0.09,0.13,0.11,0.11,0.13,0.12,
100,100,100,100,100,100,100,
0.15,0.11,0.14,0.09,0.14,0.1,0.14,
100,100,100,100,100,100,100,
0.26,0.08,0.16,0.12,0.17,0.13,0.16,
100,100,100,100,100,100,100,
0.14,0.11,0.11,0.08,0.11,0.12,0.15,
100,100,100,100,100,100,100,
0.17,0.14,0.15,0.12,0.13,0.14,0.15,
100,100,100,100,100,100,100,
0.18,0.12,0.12,0.13,0.13,0.13,0.15,
100,100,100,100,100,100,100,
0.15,0.07,0.09,0.11,0.09,0.07,0.11,
100,100,100,100,100,100,100,
0.21,0.15,0.15,0.16,0.14,0.12,0.15,
100,100,100,100,100,100,100,
0.2,0.14,0.14,0.09,0.13,0.13,0.49,
100,100,100,100,100,100,100,
0.18,0.11,0.17,0.1,0.15,0.15,0.17,
100,100,100,100,100,100,100,
0.61,0.12,0.11,25.04,0.29,0.16,0.92,
100,100,100,100,100,100,100,
0.06,0.05,0.06,0.02,0.05,0.08,0.44,
100,100,100,100,100,100,100,
0.04,0.04,0.03,0.03,0.03,0.03,0.44,
100,100,100,100,100,100,100,
0.36,0.19,0.17,0.13,0.18,0.21,0.21,
100,100,100,100,100,100,100,
0.07,0.1,0.07,0.04,0.07,0.07,0.45,
100,100,100,100,100,100,100,
0.13,0.06,0.07,0.05,0.09,0.07,0.47,
100,100,100,100,100,100,100,
0.22,0.12,0.15,0.18,0.14,0.1,0.14,
100,100,100,100,100,100,100,
0.22,0.08,0.14,0.12,0.13,0.1,0.15,
100,100,100,100,100,100,100,
0.19,0.11,0.13,0.18,0.12,0.15,0.21,
100,100,100,100,100,100,100,
0.25,0.06,0.12,0.16,0.13,0.13,0.18,
100,100,100,100,100,100,100,
0.24,0.11,0.18,0.2,0.19,0.16,0.22,
100,100,100,100,100,100,100,
0.1,0.07,0.06,0.05,0.1,0.1,0.13,
100,100,100,100,100,100,100,
0.48,0.15,0.17,0.13,0.16,0.14,0.16,
100,100,100,100,100,100,100,
0.08,0.05,0.08,0.05,0.12,0.08,0.11,
100,100,100,100,100,100,100,
0.24,0.16,0.17,0.14,0.2,0.14,0.2,
100,100,100,100,100,100,100,
0.25,0.19,0.18,0.22,0.13,0.18,0.22,
100,100,100,100,100,100,100,
0.16,0.06,0.13,0.11,0.11,0.08,0.14,
100,100,100,100,100,100,100,
0.12,0.07,0.1,0.04,0.1,0.1,0.15,
100,100,100,100,100,100,100,
0.18,0.1,0.12,0.14,0.12,0.12,0.16,
100,100,100,100,100,100,100,
0.13,0.08,0.08,0.11,0.09,0.09,0.09,
100,100,100,100,100,100,100,
0.19,0.12,0.13,0.18,0.1,0.16,0.18,
100,100,100,100,100,100,100,
0.23,0.13,0.13,0.09,0.1,0.14,0.12,
100,100,100,100,100,100,100,
0.12,0.09,0.1,0.04,0.14,0.09,0.13,
100,100,100,100,100,100,100,
0.13,0.09,0.12,0.03,0.1,0.1,0.16,
100,100,100,100,100,100,100,
0.2,0.15,0.16,0.19,0.12,0.17,0.19,
100,100,100,100,100,100,100,
0.17,0.1,0.09,0.1,0.13,0.1,0.12,
100,100,100,100,100,100,100,
0.11,0.1,0.12,0.06,0.17,0.13,0.19,
100,100,100,100,100,100,100,
0.24,0.22,0.2,0.25,0.15,0.18,0.29,
100,100,100,100,100,100,100,
0.28,0.09,0.13,0.16,0.1,0.2,0.19,
100,100,100,100,100,100,100,
0.16,0.08,0.11,0.09,0.09,0.13,0.11,
100,100,100,100,100,100,100,
0.17,0.07,0.08,0.13,0.07,0.07,0.13,
100,100,100,100,100,100,100,
0.22,0.12,0.15,0.12,0.14,0.12,0.2,
100,100,100,100,100,100,100,
0.06,0.02,0.08,0.02,0.08,0.05,0.12,
100,100,100,100,100,100,100,
0.18,0.23,0.18,0.22,0.15,0.21,0.12,
100,100,100,100,100,100,100,
0.14,0.1,0.11,0.12,0.12,0.1,0.16,
100,100,100,100,100,100,100,
0.1,0.06,0.09,0.07,0.15,0.12,0.14,
100,100,100,100,100,100,100,
0.26,0.12,0.17,0.25,0.11,0.18,0.19,
100,100,100,100,100,100,100,
0.25,0.09,0.11,0.08,0.16,0.12,0.09,
100,100,100,100,100,100,100,
0.31,0.09,0.15,0.12,0.14,0.2,0.35,
100,100,100,100,100,100,100,
0.24,0.08,0.12,0.09,0.22,0.15,0.14,
100,100,100,100,100,100,100,
0.1,0.12,0.09,0.02,0.08,0.06,0.12,
100,100,100,100,100,100,100,
0.35,0.35,0.22,0.21,0.18,0.24,0.27,
100,100,100,100,100,100,100,
0.44,10.8,10.04,34.23,0.31,0.1,0.17,
100,100,100,100,100,100,100,
0.28,0.21,0.25,0.27,0.2,0.18,0.22,
100,100,100,100,100,100,100,
0.06,0.12,0.06,0.06,0.1,0.05,0.12,
100,100,100,100,100,100,100,
0.25,0.26,0.22,0.18,0.19,0.16,0.2,
100,100,100,100,100,100,100,
0.13,0.08,0.15,0.05,0.13,0.1,0.13,
100,100,100,100,100,100,100,
0.13,0.17,0.19,0.19,0.2,0.17,0.14,
100,100,100,100,100,100,100,
0.76,0.12,0.14,0.14,0.16,0.14,0.16,
100,100,100,100,100,100,100,
0.12,0.09,0.12,0.04,0.18,0.16,0.12,
100,100,100,100,100,100,100,
0.23,0.21,0.19,0.16,0.17,0.17,0.23,
100,100,100,100,100,100,100,
0.1,0.09,0.1,0.04,0.12,0.09,0.14,
100,100,100,100,100,100,100,
0.18,0.16,0.12,0.14,0.14,0.15,0.26,
100,100,100,100,100,100,100,
0.09,0.11,0.1,0.09,0.14,0.15,0.11,
100,100,100,100,100,100,100,
0.25,0.28,0.11,0.11,0.14,0.18,0.18,
100,100,100,100,100,100,100,
0.27,0.15,0.21,0.23,0.19,0.19,0.26,
100,100,100,100,100,100,100,
0.11,0.12,0.09,0.04,0.12,0.09,0.09,
100,100,100,100,100,100,100,
0.27,0.2,0.12,0.18,0.15,0.23,0.2,
100,100,100,100,100,100,100,
0.07,0.07,0.08,0.04,0.11,0.09,0.09,
100,100,100,100,100,100,100,
0.2,0.14,0.21,0.2,0.18,0.16,0.19,
100,100,100,100,100,100,100,
0.19,0.14,0.15,0.08,0.09,0.13,0.12,
100,100,100,100,100,100,100,
0.16,0.09,0.17,0.12,0.13,0.1,0.15,
100,100,100,100,100,100,100,
0.21,0.18,0.17,0.22,0.2,0.18,0.15,
100,100,100,100,100,100,100,
0.25,0.14,0.14,0.09,0.16,0.14,0.18,
100,100,100,100,100,100,100,
0.31,0.26,0.21,0.25,0.22,0.2,0.26,
100,100,100,100,100,100,100,
0.08,0.09,0.1,0.02,0.09,0.15,0.12,
100,100,100,100,100,100,100,
0.22,0.23,0.26,0.15,0.24,0.24,0.34,
100,100,100,100,100,100,100,
0.09,0.05,0.09,0.05,0.08,0.09,0.09,
100,100,100,100,100,100,100,
0.2,0.16,0.19,0.12,0.22,0.2,0.23,
100,100,100,100,100,100,100,
0.14,0.12,0.13,0.08,0.17,0.13,0.18,
100,100,100,100,100,100,100,
0.14,0.12,0.12,0.12,0.1,0.12,0.14,
100,100,100,100,100,100,100,
0.12,0.13,0.12,0.01,0.12,0.11,0.12,
100,100,100,100,100,100,100,
0.18,0.13,0.15,0.16,0.14,0.13,0.16,
100,100,100,100,100,100,100,
0.19,0.12,0.14,0.1,0.14,0.14,0.16,
100,100,100,100,100,100,100,
0.22,0.17,0.16,0.17,0.17,0.15,0.19,
100,100,100,100,100,100,100,
0.17,0.12,0.11,0.11,0.11,0.1,0.13,
100,100,100,100,100,100,100,
0.21,0.18,0.16,0.14,0.17,0.16,0.19,
100,100,100,100,100,100,100,
0.07,0.07,0.08,0.04,0.09,0.09,0.08,
100,100,100,100,100,100,100,
0.44,0.13,0.16,0.08,0.15,0.16,0.16,
100,100,100,100,100,100,100,
0.16,0.11,0.11,0.12,0.11,0.11,0.12,
100,100,100,100,100,100,100,
0.31,0.17,0.21,0.14,0.22,0.22,0.25,
100,100,100,100,100,100,100,
0.18,0.09,0.11,0.12,0.11,0.1,0.11,
100,100,100,100,100,100,100,
0.17,0.12,0.14,0.09,0.13,0.13,0.16,
100,100,100,100,100,100,100,
0.2,0.07,0.14,0.13,0.13,0.12,0.16,
100,100,100,100,100,100,100,
0.24,0.13,0.16,0.17,0.16,0.15,18.31,
100,100,100,100,100,100,100,
0.34,0.26,0.29,0.14,0.27,0.28,0.33,
100,100,100,100,100,100,100,
0.06,0.08,0.07,0.04,0.09,0.08,0.08,
100,100,100,100,100,100,100,
0.31,0.13,0.14,0.06,0.15,0.15,0.16,
100,100,100,100,100,100,100,
0.15,0.16,0.13,0.12,0.12,0.12,0.14,
100,100,100,100,100,100,100,
0.12,0.09,0.11,0.11,0.1,0.12,0.11,
100,100,100,100,100,100,100,
0.22,0.12,0.12,0.09,0.13,0.12,0.14,
100,100,100,100,100,100,100,
0.19,0.07,0.08,0.07,0.09,0.08,0.09,
100,100,100,100,100,100,100,
0.24,0.13,0.17,0.13,0.14,0.16,0.2,
100,100,100,100,100,100,100,
0.68,0.12,0.14,0.16,0.14,0.13,0.18,
100,100,100,100,100,100,100,
0.15,0.07,0.09,0.08,0.08,0.09,0.08,
100,100,100,100,100,100,100,
0.25,0.17,0.17,0.21,0.18,0.17,0.22,
100,100,100,100,100,100,100,
0.11,0.12,0.11,0.05,0.15,0.14,0.14,
100,100,100,100,100,100,100,
0.26,0.14,0.19,0.15,0.18,0.19,0.21,
100,100,100,100,100,100,100,
0.21,0.12,0.16,0.14,0.16,0.15,0.18,
100,100,100,100,100,100,100,
0.27,0.08,0.14,0.09,0.14,0.13,0.13,
100,100,100,100,100,100,100,
0.28,0.16,0.22,0.24,0.22,0.2,0.24,
100,100,100,100,100,100,100,
0.25,0.14,0.18,0.25,0.17,0.17,0.25,
100,100,100,100,100,100,100,
0.72,0.08,0.1,0.05,0.1,0.1,0.12,
100,100,100,100,100,100,100,
0.16,0.11,0.12,0.11,0.13,0.1,0.14,
100,100,100,100,100,100,100,
0.18,0.18,0.14,0.1,0.14,0.15,0.18,
100,100,100,100,100,100,100,
0.05,0.05,0.05,0.03,0.07,0.06,0.07,
100,100,100,100,100,100,100,
0.08,0.08,0.07,0.05,0.1,0.08,0.09,
100,100,100,100,100,100,100,
0.12,0.08,0.09,0.1,0.1,0.1,0.11,
100,100,100,100,100,100,100,
0.33,0.16,0.18,0.25,0.21,0.17,0.25,
100,100,100,100,100,100,100,
0.27,0.16,0.21,0.19,0.22,0.22,0.25,
100,100,100,100,100,100,100,
0.08,0.09,0.07,0.06,0.1,0.09,0.1,
100,100,100,100,100,100,100,
0.28,0.12,0.15,0.07,0.14,0.15,0.17,
100,100,100,100,100,100,100,
0.18,0.08,0.13,0.18,0.12,0.12,0.15,
100,100,100,100,100,100,100,
0.1,0.07,0.09,0.09,0.1,0.1,0.1,
100,100,100,100,100,100,100,
0.26,0.13,0.16,0.17,0.17,0.15,0.21,
100,100,100,100,100,100,100,
0.27,0.18,0.2,0.17,0.2,0.2,0.25,
100,100,100,100,100,100,100,
0.06,0.06,0.07,0.05,0.08,0.07,0.1,
100,100,100,100,100,100,100,
0.26,0.17,0.18,0.15,0.18,0.16,0.2,
100,100,100,100,100,100,100,
0.09,0.06,0.08,0.08,0.07,0.07,0.09,
100,100,100,100,100,100,100,
0.2,0.18,0.16,0.18,0.14,0.16,0.2,
100,100,100,100,100,100,100,
0.39,0.1,0.11,0.08,0.12,0.11,0.13,
100,100,100,100,100,100,100,
0.21,0.15,0.17,0.21,0.14,0.16,0.2,
100,100,100,100,100,100,100,
0.11,0.11,0.11,0.06,0.14,0.13,0.14,
100,100,100,100,100,100,100,
0.09,0.1,0.09,0.05,0.12,0.12,0.13,
100,100,100,100,100,100,100,
0.18,0.14,0.13,0.14,0.13,0.13,0.15,
100,100,100,100,100,100,100,
0.14,0.08,0.1,0.07,0.12,0.11,0.1,
100,100,100,100,100,100,100,
0.07,0.08,0.09,0.05,0.12,0.12,0.12,
100,100,100,100,100,100,100,
0.2,0.1,0.13,0.11,0.12,0.13,0.16,
100,100,100,100,100,100,100,
0.19,0.06,0.11,0.15,0.12,0.11,0.15,
100,100,100,100,100,100,100,
0.18,0.06,0.24,0.12,0.12,0.1,0.14,
100,100,100,100,100,100,100,
0.13,0.07,0.1,0.09,0.11,0.09,0.1,
100,100,100,100,100,100,100,
0.2,0.04,0.1,0.12,0.11,0.09,0.14,
100,100,100,100,100,100,100,
0.71,0.1,0.16,0.17,0.17,0.16,0.21,
100,100,100,100,100,100,100,
0.22,0.07,0.16,0.19,0.13,0.14,0.18,
100,100,100,100,100,100,100,
0.23,0.12,0.16,0.21,0.16,0.17,0.18,
100,100,100,100,100,100,100,
0.03,0.04,0.05,0.01,0.06,0.05,0.06,
100,100,100,100,100,100,100,
0.25,0.1,0.18,0.22,0.17,0.16,0.2,
100,100,100,100,100,100,100,
0.19,0.03,0.08,0.12,0.09,0.09,0.11,
100,100,100,100,100,100,100,
0.1,0.1,0.11,0.05,0.12,0.12,0.13,
100,100,100,100,100,100,100,
0.11,0.1,0.11,0.05,0.13,0.14,0.14,
100,100,100,100,100,100,100,
0.17,0.08,0.13,0.16,0.14,0.12,0.17,
100,100,100,100,100,100,100,
0.15,0.14,0.17,0.08,0.22,0.17,0.19,
100,100,100,100,100,100,100,
0.17,0.14,0.12,0.14,0.12,0.12,0.14,
100,100,100,100,100,100,100,
0.13,0.09,0.1,0.1,0.11,0.1,0.12,
100,100,100,100,100,100,100,
0.09,0.1,0.11,0.06,0.14,0.14,0.13,
100,100,100,100,100,100,100,
0.2,0.14,0.14,0.15,0.13,0.13,0.15,
100,100,100,100,100,100,100,
0.15,0.12,0.14,0.09,0.14,0.15,0.13,
100,100,100,100,100,100,100,
0.12,0.09,0.09,0.11,0.08,0.09,0.09,
100,100,100,100,100,100,100,
0.14,0.14,0.16,0.05,0.17,0.15,0.17,
100,100,100,100,100,100,100,
0.12,0.13,0.16,0.09,0.17,0.18,0.16,
100,100,100,100,100,100,100,
0.13,0.11,0.12,0.05,0.14,0.13,0.17,
100,100,100,100,100,100,100,
0.07,0.09,0.09,0.06,0.07,0.08,0.08,
100,100,100,100,100,100,100,
0.14,0.16,0.18,0.11,0.19,0.18,0.18,
100,100,100,100,100,100,100,
0.18,0.19,0.18,0.1,0.21,0.22,0.2,
100,100,100,100,100,100,100,
0.1,0.09,0.11,0.05,0.13,0.12,0.11,
100,100,100,100,100,100,100,
0.1,0.11,0.12,0.03,0.12,0.13,0.12,
100,100,100,100,100,100,100,
0.19,0.2,0.21,0.11,0.25,0.21,0.24,
100,100,100,100,100,100,100,
0.07,0.08,0.09,0.05,0.09,0.11,0.08,
100,100,100,100,100,100,100,
0.07,0.07,0.07,0.03,0.08,0.08,0.09,
100,100,100,100,100,100,100,
0.05,0.05,0.05,0.03,0.07,0.05,0.06,
100,100,100,100,100,100,100,
0.03,0.04,0.04,0.02,0.04,0.05,0.04,
100,100,100,100,100,100,100,
0.18,0.2,0.24,0.18,0.25,0.27,0.15,
100,100,100,100,100,100,100,
0.08,0.11,0.09,0.05,0.13,0.14,0.08,
100,100,100,100,100,100,100,
0.15,0.17,0.22,0.17,0.24,0.24,0.15,
100,100,100,100,100,100,100,
0.27,0.35,0.29,0.22,0.34,0.43,0.24,
100,100,100,100,100,100,100,
0.26,0.33,0.31,0.22,0.31,0.34,0.24,
100,100,100,100,100,100,100,
0.23,0.23,0.27,0.19,0.29,0.33,0.23,
100,100,100,100,100,100,100,
0.26,0.29,0.29,0.21,0.27,0.39,0.3,
100,100,100,100,100,100,100,
0.18,0.26,0.23,0.16,0.16,0.36,0.14,
100,100,100,100,100,100,100,
0.25,0.26,0.26,0.15,0.28,0.29,0.29,
100,100,100,100,100,100,100,
0.24,0.27,0.28,0.14,0.28,0.3,0.3,
100,100,100,100,100,100,100,
0.17,0.2,0.2,0.12,0.18,0.21,0.15,
100,100,100,100,100,100,100,
0.35,0.37,0.37,0.35,0.36,0.37,0.32,
100,100,100,100,100,100,100,
0.11,0.12,0.1,0.05,0.12,0.12,0.13,
100,100,100,100,100,100,100,
0.28,0.32,0.32,0.22,0.28,0.32,0.21,
100,100,100,100,100,100,100,
0.24,0.28,0.27,0.09,0.3,0.3,0.28,
100,100,100,100,100,100,100,
0.1,0.12,0.11,0.03,0.11,0.12,0.11,
100,100,100,100,100,100,100,
0.07,0.09,0.08,0.05,0.07,0.09,0.08,
100,100,100,100,100,100,100,
0.1,0.1,0.1,0.03,0.09,0.09,0.12,
100,100,100,100,100,100,100,
0.11,0.25,0.14,0.06,0.07,0.33,0.05,
100,100,100,100,100,100,100,
0.04,0.05,0.04,0.02,0.05,0.05,0.05,
100,100,100,100,100,100,100,
0.13,0.14,0.13,0.04,0.14,0.14,0.14,
100,100,100,100,100,100,100,
0.06,0.06,0.05,0.04,0.06,0.07,0.06,
100,100,100,100,100,100,100,
0.17,0.18,0.16,0.06,0.17,0.19,0.17,
100,100,100,100,100,100,100,
0.08,0.08,0.09,0.03,0.08,0.09,0.09,
100,100,100,100,100,100,100,
0.15,0.07,0.11,0.12,0.09,0.09,0.1,
100,100,100,100,100,100,100,
0.24,0.07,0.27,0.07,0.09,0.08,0.11,
100,100,100,100,100,100,100,
0.19,0.08,0.2,0.16,0.11,0.11,0.12,
100,100,100,100,100,100,100,
0.15,0.04,0.08,0.05,0.06,0.07,0.82,
100,100,100,100,100,100,100,
0.19,0.09,0.12,0.16,0.11,0.1,0.13,
100,100,100,100,100,100,100,
0.18,0.2,0.18,0.08,0.23,0.2,0.21,
100,100,100,100,100,100,100,
0.2,0.12,0.15,0.19,0.14,0.14,0.18,
100,100,100,100,100,100,100,
1.71,0.12,0.1,0.09,0.11,0.12,0.11,
100,100,100,100,100,100,100,
0.18,0.14,0.17,0.15,0.19,0.19,0.19,
100,100,100,100,100,100,100,
0.16,0.09,0.12,0.12,0.1,0.1,0.12,
100,100,100,100,100,100,100,
0.09,0.08,0.08,0.04,0.09,0.11,0.11,
100,100,100,100,100,100,100,
0.25,0.12,0.17,0.24,0.16,0.17,0.21,
100,100,100,100,100,100,100,
0.13,0.06,0.07,0.06,0.08,0.08,0.09,
100,100,100,100,100,100,100,
0.21,0.04,0.12,0.15,0.1,0.11,0.13,
100,100,100,100,100,100,100,
0.31,0.14,0.23,0.16,0.22,0.2,0.23,
100,100,100,100,100,100,100,
0.19,0.06,0.13,0.15,0.12,0.11,0.15,
100,100,100,100,100,100,100,
0.24,0.06,0.15,0.19,0.14,0.13,0.16,
100,100,100,100,100,100,100,
0.18,0.04,0.09,0.09,0.08,0.07,0.09,
100,100,100,100,100,100,100,
0.09,0.02,0.06,0.07,0.04,0.04,0.06,
100,100,100,100,100,100,100,
0.21,0.1,0.15,0.06,0.11,0.13,0.14,
100,100,100,100,100,100,100,
0.13,0.03,0.07,0.08,0.06,0.06,0.08,
100,100,100,100,100,100,100,
0.18,0.04,0.09,0.13,0.08,0.09,0.12,
100,100,100,100,100,100,100,
0.23,0.06,0.13,0.16,0.1,0.13,0.12,
100,100,100,100,100,100,100,
0.1,0.11,0.1,0.05,0.12,0.11,0.13,
100,100,100,100,100,100,100,
0.18,0.08,0.11,0.08,0.12,0.12,0.13,
100,100,100,100,100,100,100,
0.78,0.09,0.11,0.08,0.11,0.14,0.12,
100,100,100,100,100,100,100,
0.23,0.22,0.17,0.19,0.15,0.16,0.22,
100,100,100,100,100,100,100,
0.12,0.06,0.08,0.08,0.08,0.08,0.09,
100,100,100,100,100,100,100,
0.2,0.09,0.13,0.14,0.12,0.1,0.13,
100,100,100,100,100,100,100,
0.19,0.14,0.16,0.13,0.14,0.14,0.16,
100,100,100,100,100,100,100,
0.11,0.07,0.09,0.08,0.09,0.09,0.11,
100,100,100,100,100,100,100,
0.17,0.16,0.17,0.05,0.18,0.2,0.19,
100,100,100,100,100,100,100,
0.3,0.15,0.22,0.25,0.19,0.21,0.23,
100,100,100,100,100,100,100,
0.34,0.06,0.08,0.08,0.09,0.09,0.09,
100,100,100,100,100,100,100,
0.17,0.09,0.11,0.13,0.1,0.09,0.13,
100,100,100,100,100,100,100,
0.25,0.15,0.17,0.13,0.18,0.17,0.19,
100,100,100,100,100,100,100,
0.17,0.06,0.11,0.11,0.08,0.08,0.12,
100,100,100,100,100,100,100,
0.3,0.17,0.22,0.12,0.19,0.21,0.22,
100,100,100,100,100,100,100,
0.17,0.09,0.11,0.11,0.1,0.09,0.12,
100,100,100,100,100,100,100,
0.12,0.07,0.07,0.1,0.09,0.08,0.09,
100,100,100,100,100,100,100,
0.24,0.13,0.17,0.19,0.13,0.12,0.17,
100,100,100,100,100,100,100,
2.91,0.1,0.11,0.12,0.11,0.12,0.11,
100,100,100,100,100,100,100,
0.2,0.14,0.17,0.08,0.16,0.14,0.18,
100,100,100,100,100,100,100,
0.28,0.13,0.17,0.22,0.16,0.14,0.22,
100,100,100,100,100,100,100,
0.21,0.15,0.19,0.14,0.16,0.19,0.2,
100,100,100,100,100,100,100,
0.14,0.08,0.14,0.13,0.13,0.12,0.13,
100,100,100,100,100,100,100,
0.32,0.19,0.21,0.21,0.2,0.19,0.24,
100,100,100,100,100,100,100,
0.15,0.07,0.09,0.11,0.1,0.09,0.09,
100,100,100,100,100,100,100,
0.24,0.2,0.21,0.17,0.21,0.2,0.22,
100,100,100,100,100,100,100,
0.28,0.11,0.16,0.06,0.15,0.14,0.16,
100,100,100,100,100,100,100,
0.29,0.22,0.23,0.17,0.23,0.25,0.26,
100,100,100,100,100,100,100,
0.13,0.13,0.11,0.12,0.11,0.12,0.13,
100,100,100,100,100,100,100,
0.1,0.06,0.09,0.08,0.08,0.08,0.1,
100,100,100,100,100,100,100,
0.16,0.08,0.08,0.11,0.09,0.1,0.11,
100,100,100,100,100,100,100,
0.3,0.17,0.23,0.21,0.21,0.21,0.25,
100,100,100,100,100,100,100,
0.25,0.11,0.16,0.18,0.12,0.14,0.19,
100,100,100,100,100,100,100,
0.1,0.11,0.11,0.01,0.11,0.11,0.12,
100,100,100,100,100,100,100,
0.2,0.06,0.14,0.16,0.13,0.12,0.15,
100,100,100,100,100,100,100,
0.2,0.07,0.13,0.14,0.11,0.13,0.13,
100,100,100,100,100,100,100,
0.32,0.18,0.25,0.17,0.24,0.22,0.28,
100,100,100,100,100,100,100,
0.13,0.07,0.09,0.11,0.08,0.08,0.11,
100,100,100,100,100,100,100,
0.28,0.28,0.27,0.05,0.28,0.27,0.32,
100,100,100,100,100,100,100,
0.24,0.16,0.21,0.24,0.16,0.15,0.22,
100,100,100,100,100,100,100,
0.1,0.06,0.09,0.09,0.08,0.08,0.09,
100,100,100,100,100,100,100,
0.34,0.24,0.26,0.25,0.23,0.23,0.28,
100,100,100,100,100,100,100,
0.14,0.07,0.08,0.08,0.09,0.1,0.1,
100,100,100,100,100,100,100,
0.21,0.15,0.17,0.13,0.17,0.18,0.19,
100,100,100,100,100,100,100,
0.21,0.06,0.06,0.07,0.06,0.07,0.07,
100,100,100,100,100,100,100,
0.32,0.24,0.26,0.18,0.24,0.23,0.28,
100,100,100,100,100,100,100,
0.23,0.16,0.17,0.19,0.14,0.14,0.21,
100,100,100,100,100,100,100,
0.1,0.11,0.11,0.05,0.12,0.12,0.13,
100,100,100,100,100,100,100,
2.6,0.07,0.07,0.08,0.11,0.12,0.1,
100,100,100,100,100,100,100,
0.13,0.09,0.11,0.12,0.1,0.1,0.12,
100,100,100,100,100,100,100,
0.22,0.15,0.16,0.17,0.16,0.15,0.17,
100,100,100,100,100,100,100,
0.16,0.06,0.09,0.09,0.09,0.09,0.09,
100,100,100,100,100,100,100,
0.29,0.18,0.22,0.24,0.2,0.21,0.27,
100,100,100,100,100,100,100,
0.41,0.06,0.08,0.08,0.09,0.09,0.08,
100,100,100,100,100,100,100,
0.25,0.14,0.22,0.24,0.2,0.17,0.24,
100,100,100,100,100,100,100,
0.31,0.18,0.24,0.21,0.22,0.24,0.27,
100,100,100,100,100,100,100,
0.39,0.13,0.16,0.15,0.18,0.14,0.17,
100,100,100,100,100,100,100,
0.35,0.21,0.22,0.26,0.22,0.25,0.29,
100,100,100,100,100,100,100,
0.32,0.2,0.19,0.21,0.18,0.21,0.21,
100,100,100,100,100,100,100,
0.32,0.11,0.11,0.06,0.13,0.08,0.1,
100,100,100,100,100,100,100,
0.2,0.12,0.2,0.19,0.21,0.15,0.24,
100,100,100,100,100,100,100,
0.04,0.03,0.05,0.01,0.04,0.06,0.08,
100,100,100,100,100,100,100,
0.25,0.18,0.14,0.15,0.12,0.15,0.17,
100,100,100,100,100,100,100,
0.16,0.1,0.11,0.08,0.1,0.14,0.17,
100,100,100,100,100,100,100,
0.14,0.12,0.12,0.13,0.09,0.11,0.16,
100,100,100,100,100,100,100,
0.36,0.1,0.09,0.07,0.15,0.1,0.16,
100,100,100,100,100,100,100,
0.09,0.11,0.1,0.05,0.12,0.14,0.13,
100,100,100,100,100,100,100,
0.28,0.27,0.25,0.19,0.13,0.16,0.2,
100,100,100,100,100,100,100,
0.32,0.08,0.1,0.06,0.13,0.13,0.12,
100,100,100,100,100,100,100,
0.15,0.06,0.17,0.11,0.13,0.11,0.17,
100,100,100,100,100,100,100,
0.08,0.09,0.07,0.05,0.08,0.1,0.13,
100,100,100,100,100,100,100,
0.29,0.19,0.24,0.22,0.24,0.17,0.23,
100,100,100,100,100,100,100,
0.23,0.15,0.2,0.19,0.15,0.14,0.24,
100,100,100,100,100,100,100,
0.24,0.09,0.15,0.11,0.13,0.13,0.12,
100,100,100,100,100,100,100,
0.21,0.05,0.16,0.19,0.15,0.12,0.15,
100,100,100,100,100,100,100,
0.17,0.13,0.12,0.06,0.17,0.2,0.18,
100,100,100,100,100,100,100,
0.29,0.13,0.22,0.21,0.18,0.2,0.24,
100,100,100,100,100,100,100,
0.23,0.14,0.15,0.18,0.15,0.16,0.17,
100,100,100,100,100,100,100,
0.12,0.11,0.12,0.08,0.16,0.17,0.21,
100,100,100,100,100,100,100,
0.21,0.13,0.14,0.18,0.1,0.13,0.12,
100,100,100,100,100,100,100,
0.29,0.1,0.13,0.05,0.1,0.18,0.14,
100,100,100,100,100,100,100,
0.14,0.13,0.12,0.02,0.16,0.14,0.22,
100,100,100,100,100,100,100,
0.23,0.14,0.24,0.32,0.27,0.17,0.2,
100,100,100,100,100,100,100,
0.16,0.11,0.12,0.07,0.11,0.14,0.1,
100,100,100,100,100,100,100,
0.12,0.1,0.07,0.05,0.13,0.1,0.13,
100,100,100,100,100,100,100,
0.22,0.24,0.21,0.07,0.18,0.19,0.19,
100,100,100,100,100,100,100,
0.1,0.09,0.09,0.06,0.08,0.14,0.14,
100,100,100,100,100,100,100,
0.23,0.21,0.19,0.16,0.21,0.21,0.22,
100,100,100,100,100,100,100,
0.14,0.1,0.11,0.1,0.06,0.1,0.09,
100,100,100,100,100,100,100,
0.33,0.2,0.24,0.16,0.18,0.18,0.21,
100,100,100,100,100,100,100,
0.25,0.09,0.15,0.17,0.09,0.16,0.15,
100,100,100,100,100,100,100,
0.22,0.16,0.2,0.18,0.13,0.13,0.24,
100,100,100,100,100,100,100,
0.26,0.1,0.15,0.24,0.14,0.11,0.13,
100,100,100,100,100,100,100,
0.14,0.15,0.1,0.05,0.12,0.13,0.2,
100,100,100,100,100,100,100,
0.19,0.19,0.18,0.17,0.16,0.15,0.16,
100,100,100,100,100,100,100,
0.12,0.16,0.13,0.06,0.12,0.15,0.15,
100,100,100,100,100,100,100,
0.26,0.18,0.17,0.21,0.16,0.18,0.22,
100,100,100,100,100,100,100,
0.23,0.1,0.17,0.17,0.17,0.15,0.19,
100,100,100,100,100,100,100,
0.18,0.13,0.15,0.08,0.13,0.15,0.21,
100,100,100,100,100,100,100,
0.18,0.08,0.16,0.2,0.09,0.13,0.16,
100,100,100,100,100,100,100,
0.18,0.1,0.12,0.05,0.17,0.15,0.18,
100,100,100,100,100,100,100,
0.35,0.09,0.2,0.1,0.16,0.15,0.12,
100,100,100,100,100,100,100,
0.18,0.15,0.13,0.13,0.14,0.14,0.21,
100,100,100,100,100,100,100,
0.1,0.09,0.11,0,0.14,0.09,0.14,
100,100,100,100,100,100,100,
0.29,0.1,0.1,0.09,0.08,0.09,0.14,
100,100,100,100,100,100,100,
0.19,0.12,0.18,0.13,0.14,0.18,0.17,
100,100,100,100,100,100,100,
0.65,0.16,0.13,0.18,0.18,0.17,0.17,
100,100,100,100,100,100,100,
0.08,0.1,0.14,0.02,0.16,0.1,0.14,
100,100,100,100,100,100,100,
0.11,0.11,0.15,0.09,0.09,0.11,0.12,
100,100,100,100,100,100,100,
0.17,0.15,0.15,0.16,0.13,0.17,0.19,
100,100,100,100,100,100,100,
0.1,0.11,0.12,0.04,0.08,0.1,0.15,
100,100,100,100,100,100,100,
0.08,0.1,0.12,0.03,0.12,0.09,0.2,
100,100,100,100,100,100,100,
0.26,0.18,0.17,0.18,0.19,0.17,0.19,
100,100,100,100,100,100,100,
2.75,31.52,92.84,94.6,99.47,99.3,99.48,
100,100,100,100,100,100,100,
0.13,0.08,0.13,0.09,0.1,0.14,0.13,
100,100,100,100,100,100,100,
0.16,0.17,0.17,0.16,0.18,0.18,0.17,
100,100,100,100,100,100,100,
0.12,0.15,0.13,0.04,0.14,0.15,0.18,
100,100,100,100,100,100,100,
0.13,0.15,0.2,0.06,0.15,0.16,0.18,
100,100,100,100,100,100,100,
0.13,0.12,0.15,0.06,0.16,0.13,0.2,
100,100,100,100,100,100,100,
0.51,0.06,0.1,0.04,0.12,0.12,0.1,
100,100,100,100,100,100,100,
0.36,0.33,0.27,0.26,0.21,0.21,0.24,
100,100,100,100,100,100,100,
0.18,0.11,0.11,0.08,0.1,0.12,0.12,
100,100,100,100,100,100,100,
0.4,0.12,0.11,0.07,0.14,0.16,0.16,
100,100,100,100,100,100,100,
0.17,0.13,0.13,0.14,0.15,0.15,0.15,
100,100,100,100,100,100,100,
0.11,0.12,0.1,0.03,0.1,0.11,0.16,
100,100,100,100,100,100,100,
0.23,0.1,0.16,0.19,0.11,0.12,0.18,
100,100,100,100,100,100,100,
0.26,0.09,0.15,0.11,0.14,0.12,0.17,
100,100,100,100,100,100,100,
0.16,0.1,0.12,0.07,0.11,0.12,0.13,
100,100,100,100,100,100,100,
0.13,0.14,0.13,0.05,0.17,0.14,0.18,
100,100,100,100,100,100,100,
0.13,0.14,0.13,0.07,0.15,0.12,0.22,
100,100,100,100,100,100,100,
0.11,0.1,0.12,0.05,0.13,0.13,0.13,
100,100,100,100,100,100,100,
0.09,0.07,0.07,0.04,0.07,0.11,0.1,
100,100,100,100,100,100,100,
0.16,0.1,0.13,0.08,0.11,0.11,0.15,
100,100,100,100,100,100,100,
0.18,0.1,0.13,0.13,0.13,0.1,0.14,
100,100,100,100,100,100,100,
0.2,0.11,0.15,0.1,0.09,0.14,0.15,
100,100,100,100,100,100,100,
0.08,0.09,0.09,0.03,0.09,0.06,0.13,
100,100,100,100,100,100,100,
0.27,0.21,0.22,0.19,0.2,0.18,0.25,
100,100,100,100,100,100,100,
0.32,0.09,0.1,0.09,0.11,0.09,0.1,
100,100,100,100,100,100,100,
0.23,0.16,0.17,0.18,0.16,0.16,0.19,
100,100,100,100,100,100,100,
0.23,0.16,0.18,0.18,0.12,0.18,0.15,
100,100,100,100,100,100,100,
0.09,0.12,0.11,0.04,0.1,0.11,0.15,
100,100,100,100,100,100,100,
0.19,0.15,0.12,0.07,0.12,0.14,0.12,
100,100,100,100,100,100,100,
0.16,0.1,0.13,0.08,0.14,0.15,0.11,
100,100,100,100,100,100,100,
0.23,0.17,0.17,0.15,0.14,0.13,0.22,
100,100,100,100,100,100,100,
0.14,0.1,0.11,0.04,0.09,0.09,0.11,
100,100,100,100,100,100,100,
0.18,0.1,0.13,0.08,0.14,0.14,0.13,
100,100,100,100,100,100,100,
0.28,0.11,0.11,0.09,0.11,0.1,0.1,
100,100,100,100,100,100,100,
0.4,0.06,0.07,0.07,0.08,0.08,0.08,
100,100,100,100,100,100,100,
0.23,0.19,0.19,0.15,0.16,0.18,0.18,
100,100,100,100,100,100,100,
0.26,0.11,0.11,0.09,0.12,0.11,0.11,
100,100,100,100,100,100,100,
0.23,0.18,0.19,0.19,0.22,0.16,0.19,
100,100,100,100,100,100,100,
0.33,0.06,0.08,0.07,0.09,0.09,0.09,
100,100,100,100,100,100,100,
0.32,0.25,0.2,0.22,0.18,0.19,0.26,
100,100,100,100,100,100,100,
0.16,0.09,0.11,0.11,0.11,0.11,0.12,
100,100,100,100,100,100,100,
0.22,0.17,0.17,0.17,0.14,0.15,0.2,
100,100,100,100,100,100,100,
0.65,0.08,0.09,0.06,0.1,0.12,0.33,
100,100,100,100,100,100,100,
0.14,0.11,0.13,0.06,0.14,0.13,0.13,
100,100,100,100,100,100,100,
0.17,0.12,0.13,0.15,0.13,0.13,0.17,
100,100,100,100,100,100,100,
0.29,0.11,0.15,0.11,0.1,0.13,0.14,
100,100,100,100,100,100,100,
0.23,0.13,0.19,0.18,0.16,0.16,0.21,
100,100,100,100,100,100,100,
0.24,0.12,0.16,0.19,0.14,0.14,0.2,
100,100,100,100,100,100,100,
0.31,0.08,0.12,0.08,0.15,0.12,0.12,
100,100,100,100,100,100,100,
0.18,0.09,0.13,0.12,0.11,0.12,0.15,
100,100,100,100,100,100,100,
0.22,0.09,0.14,0.13,0.14,0.13,0.17,
100,100,100,100,100,100,100,
0.09,0.1,0.11,0.05,0.11,0.11,0.13,
100,100,100,100,100,100,100,
0.17,0.08,0.13,0.13,0.1,0.12,0.12,
100,100,100,100,100,100,100,
0.16,0.08,0.12,0.11,0.1,0.11,0.15,
100,100,100,100,100,100,100,
0.2,0.08,0.12,0.09,0.12,0.1,0.11,
100,100,100,100,100,100,100,
0.16,0.08,0.12,0.11,0.1,0.1,0.12,
100,100,100,100,100,100,100,
0.33,0.26,0.26,0.25,0.22,0.22,0.24,
100,100,100,100,100,100,100,
0.45,0.1,0.13,0.1,0.14,0.14,0.14,
100,100,100,100,100,100,100,
0.3,0.1,0.13,0.07,0.15,0.13,0.14,
100,100,100,100,100,100,100,
0.19,0.1,0.11,0.07,0.14,0.12,0.13,
100,100,100,100,100,100,100,
0.21,0.18,0.17,0.16,0.18,0.13,0.17,
100,100,100,100,100,100,100,
0.19,0.08,0.09,0.06,0.11,0.1,0.1,
100,100,100,100,100,100,100,
0.18,0.1,0.12,0.1,0.12,0.12,0.14,
100,100,100,100,100,100,100,
0.21,0.17,0.16,0.13,0.13,0.13,0.15,
100,100,100,100,100,100,100,
0.11,0.11,0.13,0.06,0.14,0.13,0.13,
100,100,100,100,100,100,100,
0.12,0.11,0.12,0.07,0.13,0.13,0.15,
100,100,100,100,100,100,100,
0.12,0.13,0.14,0.08,0.13,0.12,0.17,
100,100,100,100,100,100,100,
0.13,0.14,0.13,0.07,0.16,0.13,0.17,
100,100,100,100,100,100,100,
0.15,0.16,0.14,0.06,0.17,0.17,0.21,
100,100,100,100,100,100,100,
0.13,0.14,0.15,0.08,0.17,0.15,0.17,
100,100,100,100,100,100,100,
0.16,0.11,0.11,0.07,0.12,0.12,0.11,
100,100,100,100,100,100,100,
0.18,0.11,0.13,0.09,0.13,0.14,0.13,
100,100,100,100,100,100,100,
0.28,0.12,0.12,0.08,0.13,0.12,0.13,
100,100,100,100,100,100,100,
0.15,0.09,0.1,0.12,0.11,0.1,0.14,
100,100,100,100,100,100,100,
0.29,0.21,0.22,0.23,0.19,0.17,0.24,
100,100,100,100,100,100,100,
0.27,0.14,0.19,0.21,0.15,0.18,0.21,
100,100,100,100,100,100,100,
0.18,0.1,0.12,0.09,0.11,0.13,0.14,
100,100,100,100,100,100,100,
0.14,0.1,0.12,0.09,0.13,0.12,0.15,
100,100,100,100,100,100,100,
0.19,0.07,0.13,0.12,0.12,0.1,0.17,
100,100,100,100,100,100,100,
0.18,0.07,0.12,0.11,0.1,0.1,0.11,
100,100,100,100,100,100,100,
0.26,0.13,0.18,0.19,0.17,0.16,0.42,
100,100,100,100,100,100,100,
0.12,0.12,0.12,0.08,0.12,0.13,0.14,
100,100,100,100,100,100,100,
0.26,0.21,0.2,0.21,0.17,0.19,0.21,
100,100,100,100,100,100,100,
0.07,0.07,0.06,0.04,0.07,0.07,0.08,
100,100,100,100,100,100,100,
0.24,0.13,0.17,0.17,0.16,0.15,0.2,
100,100,100,100,100,100,100,
0.11,0.12,0.1,0.06,0.11,0.12,0.12,
100,100,100,100,100,100,100,
0.26,0.23,0.17,0.18,0.18,0.17,0.22,
100,100,100,100,100,100,100,
0.64,0.28,0.12,0.1,0.14,0.12,0.11,
100,100,100,100,100,100,100,
0.21,0.16,0.17,0.15,0.15,0.16,0.18,
100,100,100,100,100,100,100,
0.14,0.07,0.08,0.05,0.07,0.09,0.11,
100,100,100,100,100,100,100,
0.26,0.12,0.14,0.16,0.14,0.13,0.14,
100,100,100,100,100,100,100,
0.14,0.1,0.11,0.1,0.13,0.12,0.13,
100,100,100,100,100,100,100,
0.22,0.18,0.16,0.2,0.15,0.16,0.19,
100,100,100,100,100,100,100,
0.66,0.14,0.09,0.06,0.09,0.1,0.1,
100,100,100,100,100,100,100,
0.13,0.1,0.11,0.09,0.1,0.11,0.13,
100,100,100,100,100,100,100,
0.16,0.1,0.11,0.12,0.1,0.12,0.12,
100,100,100,100,100,100,100,
0.26,0.13,0.17,0.15,0.13,0.15,0.17,
100,100,100,100,100,100,100,
0.16,0.11,0.11,0.11,0.13,0.13,0.15,
100,100,100,100,100,100,100,
0.15,0.11,0.13,0.08,0.12,0.13,0.15,
100,100,100,100,100,100,100,
0.25,0.16,0.17,0.16,0.17,0.16,0.19,
100,100,100,100,100,100,100,
0.18,0.16,0.16,0.14,0.11,0.13,0.16,
100,100,100,100,100,100,100,
0.16,0.13,0.15,0.1,0.16,0.15,0.16,
100,100,100,100,100,100,100,
0.16,0.14,0.15,0.11,0.15,0.15,0.17,
100,100,100,100,100,100,100,
0.14,0.09,0.1,0.09,0.12,0.1,0.13,
100,100,100,100,100,100,100,
0.21,0.13,0.17,0.17,0.15,0.16,0.2,
100,100,100,100,100,100,100,
0.26,0.12,0.17,0.16,0.16,0.14,0.19,
100,100,100,100,100,100,100,
0.29,0.29,0.28,0.23,0.27,0.23,0.29,
100,100,100,100,100,100,100,
0.1,0.07,0.09,0.05,0.08,0.09,0.1,
100,100,100,100,100,100,100,
0.62,0.09,0.1,0.08,0.1,0.11,0.1,
100,100,100,100,100,100,100,
0.28,0.22,0.24,0.25,0.19,0.23,0.25,
100,100,100,100,100,100,100,
0.08,0.07,0.07,0.05,0.08,0.09,0.1,
100,100,100,100,100,100,100,
0.37,0.1,0.12,0.08,0.11,0.11,0.12,
100,100,100,100,100,100,100,
0.21,0.18,0.16,0.14,0.16,0.15,0.17,
100,100,100,100,100,100,100,
0.12,0.08,0.09,0.07,0.08,0.09,0.12,
100,100,100,100,100,100,100,
0.54,0.1,0.17,0.1,0.13,0.12,0.15,
100,100,100,100,100,100,100,
0.16,0.14,0.13,0.11,0.12,0.13,0.15,
100,100,100,100,100,100,100,
0.2,0.18,0.17,0.15,0.17,0.17,0.19,
100,100,100,100,100,100,100,
0.48,0.08,0.09,0.05,0.09,0.09,0.11,
100,100,100,100,100,100,100,
0.1,0.09,0.08,0.05,0.09,0.1,0.11,
100,100,100,100,100,100,100,
0.18,0.1,0.1,0.08,0.09,0.11,0.13,
100,100,100,100,100,100,100,
0.26,0.1,0.11,0.07,0.13,0.11,0.11,
100,100,100,100,100,100,100,
0.17,0.13,0.13,0.14,0.12,0.12,0.15,
100,100,100,100,100,100,100,
0.15,0.11,0.13,0.13,0.12,0.14,0.13,
100,100,100,100,100,100,100,
0.32,0.07,0.11,0.07,0.1,0.08,0.1,
100,100,100,100,100,100,100,
0.18,0.09,0.12,0.11,0.11,0.11,0.12,
100,100,100,100,100,100,100,
0.22,0.11,0.18,0.17,0.16,0.16,0.21,
100,100,100,100,100,100,100,
0.26,0.09,0.19,0.18,0.16,0.15,0.19,
100,100,100,100,100,100,100,
0.27,0.1,0.2,0.22,0.19,0.17,0.23,
100,100,100,100,100,100,100,
0.21,0.07,0.14,0.14,0.14,0.12,0.16,
100,100,100,100,100,100,100,
0.53,0.09,0.1,0.08,0.09,0.11,0.1,
100,100,100,100,100,100,100,
0.19,0.11,0.14,0.15,0.13,0.13,0.15,
100,100,100,100,100,100,100,
0.15,0.12,0.16,0.09,0.15,0.17,0.18,
100,100,100,100,100,100,100,
0.16,0.1,0.12,0.11,0.12,0.14,0.15,
100,100,100,100,100,100,100,
0.26,0.21,0.2,0.24,0.19,0.16,0.23,
100,100,100,100,100,100,100,
0.17,0.08,0.09,0.07,0.09,0.08,0.1,
100,100,100,100,100,100,100,
0.19,0.09,0.14,0.14,0.13,0.14,0.16,
100,100,100,100,100,100,100,
0.13,0.08,0.11,0.09,0.11,0.12,0.11,
100,100,100,100,100,100,100,
0.25,0.21,0.21,0.2,0.18,0.17,0.22,
100,100,100,100,100,100,100,
0.39,0.11,0.12,0.11,0.12,0.13,0.14,
100,100,100,100,100,100,100,
0.2,0.12,0.13,0.11,0.15,0.15,0.17,
100,100,100,100,100,100,100,
0.16,0.12,0.16,0.1,0.16,0.14,0.17,
100,100,100,100,100,100,100,
0.55,0.13,0.15,0.12,0.41,0.16,0.14,
100,100,100,100,100,100,100,
0.26,0.23,0.22,0.23,0.18,0.18,0.25,
100,100,100,100,100,100,100,
0.28,0.26,0.23,0.2,0.19,0.19,0.24,
100,100,100,100,100,100,100,
0.66,0.14,0.15,0.13,0.15,0.13,0.14,
100,100,100,100,100,100,100,
0.18,0.12,0.15,0.14,0.12,0.14,0.16,
100,100,100,100,100,100,100,
0.15,0.1,0.11,0.09,0.13,0.11,0.13,
100,100,100,100,100,100,100,
0.31,0.16,0.17,0.15,0.18,0.18,0.18,
100,100,100,100,100,100,100,
0.1,0.09,0.09,0.05,0.12,0.1,0.11,
100,100,100,100,100,100,100,
0.15,0.09,0.11,0.09,0.11,0.11,0.13,
100,100,100,100,100,100,100,
0.2,0.19,0.16,0.16,0.15,0.13,0.16,
100,100,100,100,100,100,100,
0.07,0.08,0.08,0.03,0.08,0.09,0.1,
100,100,100,100,100,100,100,
0.12,0.11,0.12,0.06,0.12,0.13,0.14,
100,100,100,100,100,100,100,
0.1,0.1,0.09,0.06,0.11,0.11,0.12,
100,100,100,100,100,100,100,
0.16,0.09,0.13,0.13,0.11,0.1,0.15,
100,100,100,100,100,100,100,
0.14,0.1,0.12,0.09,0.12,0.12,0.11,
100,100,100,100,100,100,100,
0.24,0.1,0.15,0.17,0.15,0.14,0.17,
100,100,100,100,100,100,100,
0.29,0.09,0.21,0.2,0.17,0.17,0.2,
100,100,100,100,100,100,100,
0.18,0.09,0.13,0.14,0.13,0.12,0.14,
100,100,100,100,100,100,100,
0.15,0.09,0.1,0.1,0.1,0.1,0.13,
100,100,100,100,100,100,100,
0.26,0.22,0.21,0.23,0.16,0.2,0.23,
100,100,100,100,100,100,100,
0.08,0.1,0.09,0.05,0.09,0.1,0.09,
100,100,100,100,100,100,100,
10.67,67.85,6.82,5.02,0.17,0.28,0.16,
100,100,100,100,100,100,100,
0.16,0.1,0.12,0.12,0.09,0.09,0.11,
100,100,100,100,100,100,100,
0.25,0.22,0.2,0.2,0.18,0.16,0.22,
100,100,100,100,100,100,100,
0.09,0.09,0.1,0.05,0.11,0.09,0.13,
100,100,100,100,100,100,100,
0.11,0.1,0.11,0.07,0.13,0.13,0.13,
100,100,100,100,100,100,100,
0.09,0.08,0.1,0.05,0.09,0.1,0.11,
100,100,100,100,100,100,100,
0.19,0.1,0.12,0.13,0.1,0.11,0.13,
100,100,100,100,100,100,100,
0.31,0.15,0.23,0.22,0.19,0.18,0.29,
100,100,100,100,100,100,100,
0.23,0.12,0.16,0.17,0.15,0.15,0.19,
100,100,100,100,100,100,100,
0.08,0.09,0.09,0.04,0.09,0.1,0.1,
100,100,100,100,100,100,100,
0.17,0.06,0.11,0.1,0.1,0.09,0.12,
100,100,100,100,100,100,100,
0.17,0.07,0.12,0.1,0.11,0.11,0.13,
100,100,100,100,100,100,100,
0.17,0.09,0.12,0.09,0.12,0.12,0.14,
100,100,100,100,100,100,100,
0.17,0.14,0.14,0.12,0.09,0.11,0.14,
100,100,100,100,100,100,100,
0.11,0.08,0.11,0.08,0.11,0.12,0.12,
100,100,100,100,100,100,100,
0.08,0.08,0.09,0.05,0.1,0.09,0.12,
100,100,100,100,100,100,100,
0.19,0.13,0.15,0.12,0.13,0.13,0.14,
100,100,100,100,100,100,100,
0.18,0.11,0.13,0.12,0.12,0.11,0.16,
100,100,100,100,100,100,100,
0.16,0.12,0.13,0.14,0.12,0.11,0.16,
100,100,100,100,100,100,100,
0.22,0.14,0.16,0.11,0.19,0.18,0.19,
100,100,100,100,100,100,100,
0.14,0.11,0.13,0.08,0.14,0.11,0.13,
100,100,100,100,100,100,100,
0.24,0.12,0.14,0.13,0.13,0.13,0.16,
100,100,100,100,100,100,100,
0.15,0.11,0.13,0.13,0.12,0.11,0.15,
100,100,100,100,100,100,100,
0.2,0.16,0.17,0.16,0.13,0.13,0.19,
100,100,100,100,100,100,100,
0.3,0.18,0.11,0.07,0.12,0.12,0.13,
100,100,100,100,100,100,100,
0.22,0.14,0.14,0.11,0.14,0.14,0.14,
100,100,100,100,100,100,100,
0.11,0.1,0.1,0.04,0.13,0.12,0.14,
100,100,100,100,100,100,100,
0.15,0.12,0.12,0.06,0.18,0.12,0.16,
100,100,100,100,100,100,100,
0.16,0.11,0.13,0.12,0.11,0.14,0.14,
100,100,100,100,100,100,100,
0.15,0.14,0.13,0.11,0.13,0.1,0.15,
100,100,100,100,100,100,100,
0.09,0.07,0.09,0.04,0.11,0.11,0.12,
100,100,100,100,100,100,100,
0.21,0.11,0.17,0.16,0.13,0.15,0.18,
100,100,100,100,100,100,100,
0.12,0.07,0.11,0.11,0.09,0.1,0.1,
100,100,100,100,100,100,100,
0.18,0.09,0.12,0.09,0.13,0.11,0.14,
100,100,100,100,100,100,100,
0.13,0.06,0.1,0.09,0.09,0.1,0.1,
100,100,100,100,100,100,100,
0.18,0.07,0.13,0.13,0.11,0.1,0.13,
100,100,100,100,100,100,100,
0.19,0.06,0.1,0.08,0.1,0.07,0.12,
100,100,100,100,100,100,100,
0.24,0.08,0.16,0.17,0.14,0.14,0.18,
100,100,100,100,100,100,100,
0.16,0.06,0.09,0.08,0.08,0.08,0.1,
100,100,100,100,100,100,100,
0.22,0.06,0.12,0.09,0.11,0.11,0.14,
100,100,100,100,100,100,100,
0.13,0.06,0.1,0.08,0.09,0.1,0.12,
100,100,100,100,100,100,100,
0.15,0.05,0.09,0.1,0.08,0.1,0.14,
100,100,100,100,100,100,100,
0.56,0.12,0.13,0.11,0.15,0.14,0.16,
100,100,100,100,100,100,100,
0.18,0.11,0.14,0.13,0.16,0.14,0.13,
100,100,100,100,100,100,100,
0.24,0.23,0.18,0.21,0.17,0.16,0.21,
100,100,100,100,100,100,100,
0.35,0.11,0.13,0.15,0.12,0.13,0.12,
100,100,100,100,100,100,100,
0.21,0.16,0.16,0.14,0.17,0.19,0.2,
100,100,100,100,100,100,100,
0.17,0.14,0.14,0.09,0.18,0.18,0.16,
100,100,100,100,100,100,100,
0.35,0.11,0.12,0.09,0.15,0.14,0.17,
100,100,100,100,100,100,100,
0.25,0.2,0.18,0.15,0.18,0.17,0.17,
100,100,100,100,100,100,100,
0.19,0.13,0.15,0.11,0.19,0.16,0.17,
100,100,100,100,100,100,100,
0.14,0.12,0.11,0.1,0.12,0.17,0.14,
100,100,100,100,100,100,100,
0.3,0.27,0.23,0.25,0.18,0.2,0.29,
100,100,100,100,100,100,100,
0.1,0.11,0.11,0.04,0.13,0.13,0.13,
100,100,100,100,100,100,100,
0.3,0.22,0.23,0.22,0.28,0.2,0.24,
100,100,100,100,100,100,100,
0.09,0.11,0.1,0.05,0.12,0.11,0.13,
100,100,100,100,100,100,100,
0.17,0.18,0.17,0.17,0.13,0.15,0.16,
100,100,100,100,100,100,100,
0.06,0.07,0.07,0.04,0.11,0.08,0.1,
100,100,100,100,100,100,100,
0.24,0.1,0.2,0.21,0.17,0.18,0.27,
100,100,100,100,100,100,100,
0.24,0.14,0.21,0.24,0.17,0.21,0.28,
100,100,100,100,100,100,100,
0.1,0.1,0.09,0.06,0.13,0.12,0.12,
100,100,100,100,100,100,100,
0.25,0.17,0.2,0.19,0.15,0.16,0.21,
100,100,100,100,100,100,100,
0.09,0.09,0.1,0.06,0.12,0.1,0.14,
100,100,100,100,100,100,100,
0.41,0.19,0.17,0.17,0.19,0.2,0.22,
100,100,100,100,100,100,100,
0.09,0.11,0.14,0.07,0.18,0.15,0.17,
100,100,100,100,100,100,100,
0.21,0.09,0.16,0.16,0.11,0.1,0.15,
100,100,100,100,100,100,100,
0.24,0.1,0.16,0.18,0.15,0.14,0.19,
100,100,100,100,100,100,100,
0.2,0.11,0.18,0.15,0.13,0.14,0.18,
100,100,100,100,100,100,100,
0.26,0.22,0.2,0.24,0.19,0.2,0.25,
100,100,100,100,100,100,100,
0.38,0.1,0.1,0.09,0.1,0.1,0.11,
100,100,100,100,100,100,100,
0.2,0.14,0.17,0.13,0.18,0.15,0.2,
100,100,100,100,100,100,100,
0.15,0.13,0.14,0.09,0.15,0.16,0.18,
100,100,100,100,100,100,100,
0.45,0.17,0.18,0.11,0.25,0.21,0.25,
100,100,100,100,100,100,100,
0.17,0.11,0.14,0.06,0.13,0.09,0.13,
100,100,100,100,100,100,100,
0.24,0.19,0.21,0.14,0.18,0.17,0.19,
100,100,100,100,100,100,100,
0.3,0.11,0.12,0.06,0.12,0.13,0.15,
100,100,100,100,100,100,100,
0.16,0.13,0.14,0.13,0.13,0.15,0.16,
100,100,100,100,100,100,100,
0.17,0.13,0.12,0.12,0.11,0.11,0.15,
100,100,100,100,100,100,100,
0.2,0.13,0.12,0.11,0.12,0.12,0.15,
100,100,100,100,100,100,100,
0.2,0.14,0.14,0.11,0.15,0.17,0.14,
100,100,100,100,100,100,100,
0.16,0.14,0.12,0.12,0.17,0.12,0.16,
100,100,100,100,100,100,100,
0.12,0.1,0.13,0.04,0.14,0.14,0.14,
100,100,100,100,100,100,100,
0.19,0.17,0.13,0.14,0.13,0.12,0.18,
100,100,100,100,100,100,100,
0.18,0.12,0.13,0.11,0.13,0.12,0.12,
100,100,100,100,100,100,100,
0.09,0.1,0.12,0.06,0.16,0.14,0.14,
100,100,100,100,100,100,100,
0.24,0.11,0.17,0.13,0.12,0.11,0.17,
100,100,100,100,100,100,100,
0.26,0.19,0.23,0.18,0.19,0.18,0.22,
100,100,100,100,100,100,100,
0.1,0.1,0.11,0.05,0.11,0.1,0.13,
100,100,100,100,100,100,100,
0.25,0.16,0.15,0.2,0.18,0.15,0.17,
100,100,100,100,100,100,100,
0.08,0.08,0.06,0.04,0.1,0.08,0.08,
100,100,100,100,100,100,100,
0.24,0.18,0.16,0.19,0.16,0.19,0.19,
100,100,100,100,100,100,100,
0.09,0.08,0.12,0.05,0.12,0.11,0.1,
100,100,100,100,100,100,100,
0.28,0.17,0.21,0.19,0.21,0.2,0.19,
100,100,100,100,100,100,100,
0.12,0.13,0.12,0.07,0.15,0.12,0.21,
100,100,100,100,100,100,100,
0.19,0.16,0.13,0.18,0.12,0.1,0.12,
100,100,100,100,100,100,100,
0.25,0.18,0.2,0.2,0.15,0.17,0.22,
100,100,100,100,100,100,100,
0.09,0.08,0.1,0.07,0.1,0.13,0.1,
100,100,100,100,100,100,100,
0.15,0.1,0.1,0.07,0.14,0.12,0.15,
100,100,100,100,100,100,100,
0.19,0.17,0.15,0.07,0.16,0.13,0.14,
100,100,100,100,100,100,100,
1.04,0.07,0.07,0.03,0.1,0.09,0.11,
100,100,100,100,100,100,100,
0.27,0.16,0.16,0.16,0.14,0.15,0.16,
100,100,100,100,100,100,100,
0.19,0.12,0.17,0.13,0.14,0.12,0.19,
100,100,100,100,100,100,100,
0.19,0.12,0.17,0.11,0.18,0.16,0.22,
100,100,100,100,100,100,100,
0.26,0.18,0.16,0.14,0.24,0.21,0.24,
100,100,100,100,100,100,100,
0.16,0.1,0.18,0.1,0.18,0.2,0.19,
100,100,100,100,100,100,100,
0.31,0.22,0.21,0.28,0.17,0.21,0.3,
100,100,100,100,100,100,100,
0.13,0.12,0.14,0.1,0.17,0.13,0.17,
100,100,100,100,100,100,100,
0.19,0.07,0.14,0.12,0.14,0.12,0.15,
100,100,100,100,100,100,100,
0.45,0.09,0.12,0.12,0.11,0.14,0.15,
100,100,100,100,100,100,100,
0.21,0.11,0.2,0.12,0.12,0.11,0.23,
100,100,100,100,100,100,100,
0.16,0.07,0.1,0.14,0.09,0.1,0.12,
100,100,100,100,100,100,100,
0.19,0.07,0.13,0.13,0.11,0.12,0.19,
100,100,100,100,100,100,100,
0.13,0.08,0.11,0.09,0.12,0.1,0.09,
100,100,100,100,100,100,100,
0.16,0.08,0.09,0.09,0.09,0.06,0.12,
100,100,100,100,100,100,100,
0.25,0.09,0.19,0.17,0.17,0.11,0.13,
100,100,100,100,100,100,100,
0.18,0.1,0.15,0.1,0.15,0.12,0.13,
100,100,100,100,100,100,100,
0.25,0.14,0.18,0.08,0.12,0.15,0.19,
100,100,100,100,100,100,100,
0.19,0.06,0.1,0.14,0.12,0.05,0.12,
100,100,100,100,100,100,100,
0.2,0.14,0.12,0.12,0.12,0.09,0.18,
100,100,100,100,100,100,100,
0.13,0.07,0.16,0.09,0.12,0.14,0.18,
100,100,100,100,100,100,100,
0.29,0.27,0.21,0.29,0.19,0.19,0.22,
100,100,100,100,100,100,100,
0.11,0.08,0.11,0.03,0.1,0.13,0.09,
100,100,100,100,100,100,100,
0.19,0.16,0.16,0.23,0.13,0.13,0.22,
100,100,100,100,100,100,100,
0.09,0.11,0.07,0.02,0.14,0.1,0.14,
100,100,100,100,100,100,100,
0.26,0.1,0.17,0.19,0.15,0.19,0.18,
100,100,100,100,100,100,100,
0.21,0.17,0.2,0.09,0.14,0.13,0.2,
100,100,100,100,100,100,100,
0.21,0.12,0.17,0.13,0.15,0.12,0.21,
100,100,100,100,100,100,100,
0.31,0.15,0.15,0.15,0.19,0.18,0.19,
100,100,100,100,100,100,100,
0.31,0.18,0.21,0.22,0.17,0.15,0.32,
100,100,100,100,100,100,100,
0.1,0.09,0.06,0.07,0.11,0.09,0.14,
100,100,100,100,100,100,100,
0.15,0.13,0.17,0.13,0.16,0.13,0.12,
100,100,100,100,100,100,100,
0.11,0.11,0.12,0.15,0.16,0.16,0.14,
100,100,100,100,100,100,100,
0.3,0.2,0.19,0.2,0.2,0.15,0.24,
100,100,100,100,100,100,100,
0.3,0.13,0.15,0.13,0.14,0.13,0.21,
100,100,100,100,100,100,100,
0.09,0.08,0.07,0,0.14,0.09,0.1,
100,100,100,100,100,100,100,
0.16,0.17,0.1,0.15,0.15,0.13,0.14,
100,100,100,100,100,100,100,
0.34,0.11,0.17,0.13,0.08,0.18,0.19,
100,100,100,100,100,100,100,
0.06,0.09,0.1,0.06,0.07,0.09,0.13,
100,100,100,100,100,100,100,
0.23,0.2,0.13,0.17,0.16,0.1,0.24,
100,100,100,100,100,100,100,
0.06,0.04,0.1,0.02,0.14,0.12,0.12,
100,100,100,100,100,100,100,
0.09,0.06,0.1,0.05,0.17,0.17,0.14,
100,100,100,100,100,100,100,
0.28,0.22,0.23,0.08,0.26,0.32,0.27,
100,100,100,100,100,100,100,
0.09,0.06,0.06,0.05,0.1,0.09,0.09,
100,100,100,100,100,100,100,
0.2,0.24,0.26,0.28,0.21,0.31,0.22,
100,100,100,100,100,100,100,
0.12,0.11,0.08,0.03,0.13,0.14,0.13,
100,100,100,100,100,100,100,
0.1,0.09,0.12,0.03,0.15,0.09,0.08,
100,100,100,100,100,100,100,
0.19,0.03,0.09,0.08,0.05,0.05,0.14,
100,100,100,100,100,100,100,
0.19,0.11,0.17,0.15,0.14,0.14,0.14,
100,100,100,100,100,100,100,
0.19,0.11,0.12,0.12,0.1,0.15,0.15,
100,100,100,100,100,100,100,
0.23,0.14,0.19,0.15,0.12,0.15,0.22,
100,100,100,100,100,100,100,
0.23,0.17,0.19,0.11,0.19,0.22,0.2,
100,100,100,100,100,100,100,
0.35,0.34,0.29,0.25,0.3,0.27,0.3,
100,100,100,100,100,100,100,
0.06,0.06,0.06,0.03,0.05,0.07,0.07,
100,100,100,100,100,100,100,
0.2,0.15,0.14,0.16,0.14,0.13,0.18,
100,100,100,100,100,100,100,
0.16,0.13,0.14,0.11,0.13,0.14,0.13,
100,100,100,100,100,100,100,
0.11,0.08,0.1,0.09,0.09,0.1,0.1,
100,100,100,100,100,100,100,
0.29,0.16,0.16,0.09,0.15,0.15,0.18,
100,100,100,100,100,100,100,
0.19,0.17,0.16,0.21,0.14,0.15,0.18,
100,100,100,100,100,100,100,
11.94,0.11,0.1,0.13,0.09,0.15,0.12,
100,100,100,100,100,100,100,
0.26,0.17,0.19,0.18,0.19,0.18,0.2,
100,100,100,100,100,100,100,
0.2,0.1,0.13,0.11,0.12,0.12,0.12,
100,100,100,100,100,100,100,
0.28,0.22,0.23,0.15,0.23,0.24,0.26,
100,100,100,100,100,100,100,
0.16,0.06,0.11,0.13,0.11,0.11,0.12,
100,100,100,100,100,100,100,
0.18,0.09,0.14,0.13,0.11,0.12,0.15,
100,100,100,100,100,100,100,
0.13,0.09,0.08,0.08,0.08,0.09,0.09,
100,100,100,100,100,100,100,
0.27,0.15,0.22,0.25,0.2,0.21,0.25,
100,100,100,100,100,100,100,
5.99,32.24,93.41,94.89,99.6,99.31,99.54,
100,100,100,100,100,100,100,
0.2,0.12,0.15,0.17,0.14,0.12,0.19,
100,100,100,100,100,100,100,
0.23,0.19,0.22,0.11,0.24,0.23,0.23,
100,100,100,100,100,100,100,
0.15,0.09,0.12,0.13,0.11,0.09,0.12,
100,100,100,100,100,100,100,
0.18,0.13,0.16,0.11,0.14,0.14,0.16,
100,100,100,100,100,100,100,
0.34,0.05,0.06,0.06,0.09,0.07,0.09,
100,100,100,100,100,100,100,
0.33,0.17,0.24,0.29,0.21,0.21,0.24,
100,100,100,100,100,100,100,
0.32,0.17,0.22,0.2,0.2,0.21,0.25,
100,100,100,100,100,100,100,
0.08,0.1,0.08,0.06,0.09,0.08,0.09,
100,100,100,100,100,100,100,
0.24,0.15,0.2,0.15,0.17,0.18,0.23,
100,100,100,100,100,100,100,
0.2,0.13,0.16,0.15,0.11,0.12,0.18,
100,100,100,100,100,100,100,
0.62,0.07,0.07,0.07,0.08,0.08,0.09,
100,100,100,100,100,100,100,
0.09,0.08,0.08,0.06,0.1,0.07,0.1,
100,100,100,100,100,100,100,
0.22,0.14,0.17,0.09,0.17,0.15,0.17,
100,100,100,100,100,100,100,
0.38,0.16,0.18,0.15,0.17,0.2,0.19,
100,100,100,100,100,100,100,
0.2,0.1,0.13,0.1,0.12,0.14,0.14,
100,100,100,100,100,100,100,
0.24,0.21,0.17,0.2,0.15,0.15,0.21,
100,100,100,100,100,100,100,
0.13,0.13,0.11,0.02,0.12,0.12,0.12,
100,100,100,100,100,100,100,
0.08,0.09,0.06,0.05,0.09,0.07,0.07,
100,100,100,100,100,100,100,
0.21,0.15,0.16,0.14,0.14,0.15,0.17,
100,100,100,100,100,100,100,
0.21,0.09,0.13,0.15,0.11,0.11,0.15,
100,100,100,100,100,100,100,
0.24,0.12,0.12,0.08,0.14,0.13,0.14,
100,100,100,100,100,100,100,
0.22,0.11,0.16,0.2,0.13,0.12,0.17,
100,100,100,100,100,100,100,
0.17,0.06,0.09,0.11,0.09,0.08,0.11,
100,100,100,100,100,100,100,
0.14,0.06,0.09,0.09,0.07,0.09,0.09,
100,100,100,100,100,100,100,
0.19,0.06,0.13,0.17,0.11,0.11,0.14,
100,100,100,100,100,100,100,
0.37,0.3,0.3,0.2,0.28,0.27,0.32,
100,100,100,100,100,100,100,
0.19,0.08,0.08,0.08,0.08,0.08,0.1,
100,100,100,100,100,100,100,
0.19,0.12,0.12,0.07,0.13,0.12,0.14,
100,100,100,100,100,100,100,
0.2,0.09,0.11,0.14,0.12,0.12,0.14,
100,100,100,100,100,100,100,
0.15,0.09,0.12,0.13,0.1,0.1,0.12,
100,100,100,100,100,100,100,
0.12,0.08,0.11,0.1,0.09,0.11,0.11,
100,100,100,100,100,100,100,
0.22,0.17,0.17,0.09,0.19,0.19,0.19,
100,100,100,100,100,100,100,
0.37,0.08,0.09,0.09,0.09,0.09,0.1,
100,100,100,100,100,100,100,
0.32,0.25,0.25,0.21,0.24,0.24,0.29,
100,100,100,100,100,100,100,
0.08,0.07,0.05,0.04,0.06,0.05,0.06,
100,100,100,100,100,100,100,
0.11,0.11,0.08,0.05,0.09,0.1,0.1,
100,100,100,100,100,100,100,
0.22,0.14,0.15,0.11,0.16,0.16,0.18,
100,100,100,100,100,100,100,
0.23,0.11,0.13,0.13,0.13,0.12,0.15,
100,100,100,100,100,100,100,
0.1,0.1,0.08,0.05,0.11,0.1,0.11,
100,100,100,100,100,100,100,
0.18,0.11,0.14,0.15,0.14,0.14,0.16,
100,100,100,100,100,100,100,
0.37,0.14,0.1,0.09,0.11,0.11,0.12,
100,100,100,100,100,100,100,
0.14,0.15,0.14,0.1,0.16,0.15,0.14,
100,100,100,100,100,100,100,
0.13,0.17,0.12,0.05,0.14,0.14,0.13,
100,100,100,100,100,100,100,
0.34,0.24,0.24,0.21,0.21,0.23,0.28,
100,100,100,100,100,100,100,
0.12,0.13,0.11,0.05,0.12,0.12,0.13,
100,100,100,100,100,100,100,
0.11,0.11,0.11,0.06,0.11,0.12,0.11,
100,100,100,100,100,100,100,
0.14,0.08,0.1,0.14,0.1,0.09,0.14,
100,100,100,100,100,100,100,
0.13,0.11,0.1,0.12,0.09,0.09,0.13,
100,100,100,100,100,100,100,
0.18,0.13,0.13,0.08,0.14,0.12,0.14,
100,100,100,100,100,100,100,
0.26,0.12,0.12,0.1,0.11,0.12,0.13,
100,100,100,100,100,100,100,
0.18,0.17,0.17,0.08,0.18,0.18,0.2,
100,100,100,100,100,100,100,
0.12,0.06,0.09,0.1,0.08,0.1,0.09,
100,100,100,100,100,100,100,
0.18,0.07,0.11,0.11,0.09,0.11,0.11,
100,100,100,100,100,100,100,
0.19,0.07,0.13,0.15,0.12,0.12,0.13,
100,100,100,100,100,100,100,
0.16,0.13,0.13,0.11,0.14,0.15,0.13,
100,100,100,100,100,100,100,
0.24,0.26,0.22,0.1,0.27,0.27,0.28,
100,100,100,100,100,100,100,
0.36,0.37,0.29,0.13,0.31,0.32,0.33,
100,100,100,100,100,100,100,
0.21,0.13,0.15,0.14,0.14,0.14,0.17,
100,100,100,100,100,100,100,
0.22,0.04,0.09,0.1,0.08,0.08,0.1,
100,100,100,100,100,100,100,
0.09,0.09,0.08,0.03,0.07,0.07,0.08,
100,100,100,100,100,100,100,
0.11,0.06,0.08,0.1,0.07,0.07,0.09,
100,100,100,100,100,100,100,
0.16,0.18,0.13,0.06,0.15,0.15,0.15,
100,100,100,100,100,100,100,
5.5,32.29,93.14,94.75,99.28,98.99,99.23,
100,100,100,100,100,100,100,
0.03,0.02,0.04,0.03,0.03,0.05,0.17,
100,100,100,100,100,100,100,
0.09,0.11,0.11,0.03,0.12,0.13,0.13,
100,100,100,100,100,100,100,
0.02,0.03,0.03,0.02,0.02,0.03,0.03,
100,100,100,100,100,100,100,
0.06,0.07,0.07,0.02,0.06,0.07,0.07,
100,100,100,100,100,100,100,
0.16,0.27,0.23,0.16,0.23,0.37,0.15,
100,100,100,100,100,100,100,
0.08,0.19,0.12,0.08,0.13,0.24,0.12,
100,100,100,100,100,100,100,
0.08,0.1,0.1,0.05,0.09,0.1,0.1,
100,100,100,100,100,100,100,
0.07,0.2,0.11,0.06,0.11,0.23,0.08,
100,100,100,100,100,100,100,
0.19,0.22,0.23,0.2,0.23,0.26,0.2,
100,100,100,100,100,100,100,
0.24,0.33,0.28,0.14,0.31,0.38,0.23,
100,100,100,100,100,100,100,
0.12,0.21,0.14,0.07,0.13,0.24,0.11,
100,100,100,100,100,100,100,
0.2,0.24,0.2,0.15,0.16,0.21,0.16,
100,100,100,100,100,100,100,
0.11,0.15,0.11,0.04,0.11,0.15,0.1,
100,100,100,100,100,100,100,
0.19,0.32,0.24,0.15,0.25,0.34,0.24,
100,100,100,100,100,100,100,
0.12,0.17,0.16,0.1,0.17,0.21,0.16,
100,100,100,100,100,100,100,
0.29,0.35,0.36,0.25,0.39,0.53,0.22,
100,100,100,100,100,100,100,
0.1,0.16,0.13,0.1,0.13,0.18,0.14,
100,100,100,100,100,100,100,
0.07,0.11,0.1,0.04,0.09,0.14,0.1,
100,100,100,100,100,100,100,
0.13,0.18,0.16,0.07,0.14,0.22,0.15,
100,100,100,100,100,100,100,
0.19,0.28,0.23,0.13,0.16,0.31,0.18,
100,100,100,100,100,100,100,
0.12,0.11,0.11,0.03,0.11,0.11,0.11,
100,100,100,100,100,100,100,
0.16,0.04,0.1,0.13,0.09,0.09,0.12,
100,100,100,100,100,100,100,
0.14,0.12,0.08,0.1,0.08,0.07,0.08,
100,100,100,100,100,100,100,
0.17,0.07,0.11,0.09,0.1,0.1,0.11,
100,100,100,100,100,100,100,
0.39,0.13,0.16,0.12,0.17,0.16,0.15,
100,100,100,100,100,100,100,
0.21,0.09,0.14,0.15,0.13,0.13,0.17,
100,100,100,100,100,100,100,
0.24,0.11,0.13,0.09,0.14,0.15,0.15,
100,100,100,100,100,100,100,
0.42,0.32,0.35,0.17,0.38,0.37,0.37,
100,100,100,100,100,100,100,
0.44,0.12,0.15,0.08,0.17,0.16,0.16,
100,100,100,100,100,100,100,
0.19,0.08,0.13,0.15,0.13,0.12,0.14,
100,100,100,100,100,100,100,
0.14,0.07,0.08,0.09,0.11,0.09,0.1,
100,100,100,100,100,100,100,
0.2,0.04,0.1,0.12,0.12,0.11,0.11,
100,100,100,100,100,100,100,
0.23,0.08,0.15,0.18,0.15,0.15,0.17,
100,100,100,100,100,100,100,
0.23,0.07,0.14,0.17,0.14,0.13,0.16,
100,100,100,100,100,100,100,
0.43,0.09,0.13,0.11,0.46,0.13,0.14,
100,100,100,100,100,100,100,
0.21,0.1,0.1,0.11,0.11,0.12,0.13,
100,100,100,100,100,100,100,
0.27,0.22,0.17,0.2,0.17,0.17,0.23,
100,100,100,100,100,100,100,
0.33,0.12,0.13,0.09,0.14,0.14,0.15,
100,100,100,100,100,100,100,
0.21,0.13,0.15,0.18,0.14,0.13,0.18,
100,100,100,100,100,100,100,
0.1,0.06,0.09,0.08,0.09,0.09,0.08,
100,100,100,100,100,100,100,
0.56,0.13,0.15,0.16,0.17,0.15,0.17,
100,100,100,100,100,100,100,
0.24,0.12,0.17,0.14,0.18,0.21,0.15,
100,100,100,100,100,100,100,
0.19,0.12,0.15,0.17,0.14,0.13,0.2,
100,100,100,100,100,100,100,
0.31,0.07,0.09,0.09,0.1,0.09,0.1,
100,100,100,100,100,100,100,
0.21,0.08,0.13,0.15,0.11,0.14,0.15,
100,100,100,100,100,100,100,
0.22,0.14,0.18,0.2,0.16,0.16,0.21,
100,100,100,100,100,100,100,
0.09,0.08,0.1,0.06,0.12,0.11,0.13,
100,100,100,100,100,100,100,
0.12,0.08,0.1,0.11,0.11,0.12,0.13,
100,100,100,100,100,100,100,
0.19,0.11,0.15,0.12,0.15,0.15,0.16,
100,100,100,100,100,100,100,
0.24,0.14,0.17,0.19,0.16,0.26,0.2,
100,100,100,100,100,100,100,
0.22,0.14,0.17,0.21,0.16,0.15,0.19,
100,100,100,100,100,100,100,
0.6,0.11,0.14,0.06,0.13,0.13,0.13,
100,100,100,100,100,100,100,
0.41,0.09,0.11,0.1,0.11,0.11,0.11,
100,100,100,100,100,100,100,
0.22,0.18,0.21,0.15,0.17,0.18,0.19,
100,100,100,100,100,100,100,
0.12,0.09,0.09,0.09,0.09,0.1,0.11,
100,100,100,100,100,100,100,
0.2,0.07,0.07,0.09,0.07,0.08,0.08,
100,100,100,100,100,100,100,
0.18,0.11,0.13,0.15,0.12,0.13,0.15,
100,100,100,100,100,100,100,
0.27,0.18,0.18,0.2,0.16,0.17,0.21,
100,100,100,100,100,100,100,
0.42,0.08,0.1,0.1,0.1,0.1,0.1,
100,100,100,100,100,100,100,
0.26,0.17,0.21,0.15,0.19,0.2,0.23,
100,100,100,100,100,100,100,
0.21,0.08,0.14,0.18,0.13,0.15,0.16,
100,100,100,100,100,100,100,
0.77,0.05,0.07,0.07,0.1,0.07,0.08,
100,100,100,100,100,100,100,
0.16,0.11,0.1,0.14,0.1,0.11,0.13,
100,100,100,100,100,100,100,
0.14,0.07,0.12,0.13,0.11,0.1,0.13,
100,100,100,100,100,100,100,
0.25,0.09,0.12,0.08,0.14,0.13,0.12,
100,100,100,100,100,100,100,
0.21,0.09,0.12,0.16,0.13,0.13,0.18,
100,100,100,100,100,100,100,
0.29,0.14,0.2,0.21,0.18,0.19,0.25,
100,100,100,100,100,100,100,
0.27,0.17,0.2,0.21,0.17,0.19,0.25,
100,100,100,100,100,100,100,
0.11,0.11,0.13,0.03,0.12,0.13,0.12,
100,100,100,100,100,100,100,
0.15,0.07,0.08,0.08,0.1,0.09,0.09,
100,100,100,100,100,100,100,
0.22,0.17,0.16,0.15,0.15,0.16,0.18,
100,100,100,100,100,100,100,
2.54,0.11,0.13,0.09,0.13,0.13,0.13,
100,100,100,100,100,100,100,
0.24,0.18,0.21,0.18,0.19,0.19,0.24,
100,100,100,100,100,100,100,
0.21,0.06,0.07,0.08,0.08,0.09,0.1,
100,100,100,100,100,100,100,
0.27,0.2,0.21,0.26,0.18,0.19,0.23,
100,100,100,100,100,100,100,
0.13,0.06,0.08,0.1,0.09,0.09,0.1,
100,100,100,100,100,100,100,
0.4,0.2,0.21,0.15,0.23,0.22,0.24,
100,100,100,100,100,100,100,
0.14,0.07,0.08,0.08,0.09,0.09,0.11,
100,100,100,100,100,100,100,
0.3,0.24,0.25,0.23,0.21,0.25,0.3,
100,100,100,100,100,100,100,
0.26,0.05,0.08,0.08,0.1,0.07,0.08,
100,100,100,100,100,100,100,
0.2,0.1,0.14,0.16,0.14,0.13,0.15,
100,100,100,100,100,100,100,
0.36,0.24,0.27,0.18,0.26,0.25,0.3,
100,100,100,100,100,100,100,
0.24,0.13,0.15,0.17,0.14,0.14,0.17,
100,100,100,100,100,100,100,
0.22,0.24,0.24,0.02,0.22,0.23,0.25,
100,100,100,100,100,100,100,
0.14,0.07,0.09,0.08,0.11,0.1,0.1,
100,100,100,100,100,100,100,
0.19,0.12,0.13,0.14,0.12,0.12,0.14,
100,100,100,100,100,100,100,
0.13,0.12,0.13,0.05,0.13,0.14,0.15,
100,100,100,100,100,100,100,
0.24,0.18,0.18,0.19,0.16,0.16,0.2,
100,100,100,100,100,100,100,
0.32,0.12,0.14,0.07,0.13,0.15,0.15,
100,100,100,100,100,100,100,
0.5,0.05,0.07,0.07,0.08,0.08,0.09,
100,100,100,100,100,100,100,
0.19,0.18,0.15,0.16,0.14,0.15,0.17,
100,100,100,100,100,100,100,
0.16,0.16,0.11,0.11,0.09,0.1,0.11,
100,100,100,100,100,100,100,
0.26,0.11,0.18,0.19,0.16,0.17,0.21,
100,100,100,100,100,100,100,
0.14,0.05,0.07,0.07,0.09,0.06,0.07,
100,100,100,100,100,100,100,
0.19,0.08,0.12,0.15,0.12,0.12,0.14,
100,100,100,100,100,100,100,
0.28,0.17,0.22,0.15,0.22,0.22,0.23,
100,100,100,100,100,100,100,
0.43,0.14,0.17,0.18,0.16,0.15,0.2,
100,100,100,100,100,100,100,
0.12,0.13,0.13,0.02,0.12,0.13,0.13,
100,100,100,100,100,100,100,
1.68,0.08,0.19,0.12,0.1,0.11,0.13,
100,100,100,100,100,100,100,
0.15,0.08,0.09,0.13,0.11,0.1,0.12,
100,100,100,100,100,100,100,
0.35,0.14,0.15,0.11,0.15,0.16,0.17,
