16 7 
1,52,73,104,155,186,207,
100,100,100,100,100,100,100,
0.7,0.3,0.2,0.2,0.2,0.2,0.3,
100,100,100,100,100,100,100,
0.5,0.1,0.1,0.1,0.1,0.1,0.2,
100,100,100,100,100,100,100,
2.8,0.1,0.1,0.1,0.1,0.1,0.1,
100,100,100,100,100,100,100,
0.3,0.2,18.2,39.1,99.5,99.6,99.6,
100,100,100,100,100,100,100,
0.2,0.1,0.2,0.2,0.1,0.2,0.5,
100,100,100,100,100,100,100,
1,0.1,0.1,0.1,0.1,0.1,0.1,
100,100,100,100,100,100,100,
1.3,0.1,0.1,0.1,0.1,0.1,0.1,
100,100,100,100,100,100,100,
1,0.1,0.1,0.1,0.1,0.1,0.1,
100,100,100,100,100,100,100,
5.5,0.1,0.1,0.1,0.1,0.1,0.1,
100,100,100,100,100,100,100,
0.7,0.1,0.1,0.1,0.2,0.1,0.2,
100,100,100,100,100,100,100,
0.5,0.1,0.1,0.1,0.1,0.1,0.2,
100,100,100,100,100,100,100,
0.4,0.4,0.5,0.4,0.4,0.5,0.4,
100,100,100,100,100,100,100,
0.5,0.1,0.1,0.1,3.8,0.1,0.1,
100,100,100,100,100,100,100,
0.3,0.4,0.4,0.4,0.4,0.5,0.3,
100,100,100,100,100,100,100,
0.2,0.3,0.4,0.2,0.3,0.5,0.2,
100,100,100,100,100,100,100,
12,5.2,10.2,19.2,48.1,34,41.9,
