706.257
649.068
644.016
709.6
687.836
719.297
635.332
708.102
750.066
655.484
738.532
693.207
693.511
627.395
656.48
742.247
678.655
686.256
762.09
677.754
761.131
661.718
711.871
733.783
711.308
668.893
720.258
635.157
610.369
720.32
770.066
652.825
702.498
663.424
735.868
729.875
654.344
673.246
715.025
694.972
784.221
716.419
725.791
644.4
719.999
630.223
688.317
694.728
726.135
598.841
707.202
716.699
711.136
720.854
638.775
675.557
668.874
658.517
702.672
685.899
673.178
775.241
666.647
721.327
706.054
659.024
683.344
708.437
695.304
660.9
702.417
702.658
667.987
757.881
675.177
696.901
637.252
661.434
780.052
761.783
711.136
813.891
682.293
729.914
761.181
678.945
804.468
699.891
721.403
661.8
736.401
750.984
665.073
644.379
646.975
749.317
682.997
746.365
658.968
729.953
691.45
738.262
732.416
693.219
736.524
715.983
687.852
699.66
705.553
661.979
671.029
651.589
668.437
693.126
681.488
669.152
688.806
722.466
699.268
689.55
615.767
693.568
751.454
686.314
736.758
697.444
679.907
622.192
694.565
740.741
660.297
689.729
701.898
713.505
644.11
703.407
773.426
751.439
619.349
722.586
632.395
681.281
664.344
636.301
663.912
704.552
724.26
708.667
751.891
632.061
735.754
717.094
802.11
679.407
708.888
688.963
705.306
730.556
716.282
757.15
694.664
698.82
685.173
713.36
682.469
666.497
687.424
773.782
656.313
643.435
710.565
666.214
620.013
696.141
681.029
699.362
747.185
712.718
757.827
714.281
651.934
674.465
722.646
694.902
717.719
691.507
696.424
719.817
687.433
669.642
775.534
764.497
629.409
670.509
699.586
695.37
689.815
667.893
740.412
684.34
691.043
658.527
675.077
729.924
718.119
683.926
745.582
767.858
703.13
656.87
644.113
768.012
821.054
768.691
698.785
722.078
679.874
710.276
691.562
676.908
709.952
647.239
685.869
687.879
687.489
699.787
629.518
695.174
755.552
747.021
691.635
676.713
686.499
695.191
651.379
702.579
697.742
668.427
775.816
735.773
646.38
667.917
690.363
700.406
675.736
643.008
743.956
650.891
643.293
736.688
711.347
700.73
711.814
674.834
677.268
617.539
682.888
711.707
663.461
698.707
763.294
730.592
673.473
668.343
699.663
695.578
677.636
702.235
730
714.074
690.717
700.705
712.603
660.063
751.488
660.528
664.941
674.224
693.092
676.398
660.529
669.703
714.258
647.356
678.739
670.999
649.363
692.6
661.227
651.419
751.259
760.715
704.856
665.69
743.724
631.247
709.377
681.123
682.394
757.725
679.909
678.03
702.078
744.957
671.35
707.654
711.667
721.146
650.065
648.8
665.835
700.253
656.537
731.144
660.241
708.477
697.702
729.409
671.179
677.325
666.872
694.933
640.602
723.03
753.931
674.661
745.317
634.735
703.36
735.087
709.464
761.45
743.305
746.149
701.513
710.119
715.771
654.883
671.031
732.407
658.562
782.162
686.024
696.117
744.429
770.282
683.108
619.607
657.944
727.9
682.4
691.386
698.544
767.794
714.438
740.046
671.712
638.349
694.071
691.144
676.618
687.929
732.323
740.129
737.439
716.822
796.025
709.077
701.052
743.522
758.763
622.167
669.684
754.434
738.733
654.307
720.893
710.284
758.746
825.076
656.556
748.655
711.352
706.049
696.525
717.53
655.972
720.554
657.832
712.675
674.57
696.904
674.781
750.237
724.419
742.476
682.714
645.667
679.631
682.124
700.691
658.528
674.163
710.653
758.413
723.989
659.255
779.077
701.674
709.488
704.664
709.17
695.054
706.086
685.685
675.752
685.682
657.111
700.736
730.679
685.124
686.864
673.495
660.115
695.932
684.374
717.281
717.33
638.819
714.566
686.958
662.115
686.66
653.719
728.391
686.537
642.58
697.948
775.112
712.026
700.89
647.058
663.524
674.897
712.184
682.977
694.455
672.2
631.963
662.555
743.063
768.978
675.84
705.571
671.798
705.844
710.545
680.321
675.343
730.679
776.79
647.591
740.425
707.789
693.405
698.189
676.895
747.459
753.13
735.423
736.464
732.492
660.444
671.096
723.251
708.553
703.327
695.746
671.954
748.492
608.468
632.678
643.069
682.726
740.177
636.508
729.245
700.816
620.938
688.68
697.698
717.142
677.027
702.04
686.301
754.643
712.055
718.939
704.697
755.576
716.602
684.399
750.013
709.28
671.195
734.126
691.873
702.853
697.179
713.96
788.069
670.912
652.544
750.892
664.641
658.136
743.589
640.246
688.037
739.53
720.076
730.381
706.503
700.588
722.884
637.559
685.102
695.565
696.22
711.448
699.293
702.545
658.595
665.232
712.805
737.827
745.398
701.342
722.531
745.037
706.862
725.507
692.21
701.39
722.44
674.777
719.023
748.577
715.791
699.718
702.788
681.764
689.127
730.883
722.78
673.265
782.638
639.952
665.53
670.681
721.309
650.073
710.553
717.002
683.566
705.894
729.333
683.604
743.49
664.86
718.597
689.043
677.546
705.6
740.774
702.46
800.371
731.592
663.421
729.067
735.444
709.372
657.642
757.186
640.619
753.318
676.07
783.744
676.602
657.049
607.57
705.381
621.553
659.903
695.515
730.839
643.672
699.046
704.208
693.395
670.435
704.524
685.058
720.925
678.296
706.987
697.225
652.224
704.992
750.906
682.275
698.192
694.842
677.526
708.449
772.679
718.685
727.212
677.514
702.305
753.843
705.329
643.514
702.24
712.669
726.351
681.008
671.757
724.108
726.147
708.334
655.708
766.025
681.985
681.829
687.78
686.281
646.201
709.316
684.826
697.184
650.317
643.126
624.13
719.726
649.869
751.835
742.156
727.265
762.1
688.8
663.59
744.648
729.285
705.835
683.71
764.723
741.618
672.706
692.644
633.636
638.871
643.479
666.347
723.024
626.532
683.966
668.289
755.606
755.668
707.903
753.217
688.165
671.319
739.872
681.602
687.968
765.201
688.333
736.162
668.64
697.763
632.18
733.048
660.809
691.65
705.085
696.219
729.288
706.023
700.326
620.703
676.577
714.695
652.699
734.936
664.253
664.161
694.222
676.271
699.683
677.134
698.028
681.793
646.09
686.375
700.986
687.614
566.068
711.591
721.888
740.159
699.634
716.084
682.219
626.398
639.824
649.151
679.056
696.895
691.208
668.684
724.29
774.403
635.798
687.256
653.276
721.509
809.78
743.059
734.051
718.683
680.803
691.276
747.67
705.571
729.306
673.692
695.669
692.356
749.496
781.045
717.461
668.36
660.638
611.277
640.332
662.425
687.173
734.644
762.996
700.494
756.543
706.198
707.749
679.205
701.558
681.699
771.153
766.729
756.983
746.282
650.107
658.077
785.403
615.695
691.448
736.955
688.95
685.144
729.74
657.197
667.791
613.96
735.454
665.883
678.159
710.396
755.664
655.354
698.789
663.613
688.996
770.398
713.611
742.337
716.459
738.244
686.402
683.126
693.253
750.656
732.063
779.701
712.093
803.394
666.94
659.567
773.605
735.971
680.437
653.053
712.033
674.394
714.681
679.222
696.399
671.2
720.738
681.48
644.598
705.109
708.824
708.23
722.328
652.123
689.96
699.007
772.406
678.345
675.545
670.432
625.009
701.156
707.924
655.175
655.216
703.644
617.229
682.172
689.205
658.522
737.44
649.065
639.268
687.499
689.529
648.023
676.101
686.953
640.392
633.13
659.747
636.863
693.915
696.096
640.274
664.338
639.441
687.431
738.12
684.969
706.07
749.492
667.607
697.254
628.998
725.331
761.152
687.021
703.468
665.332
698.849
685.239
710.058
735.054
675.155
695.375
711.451
744.584
628.48
695.63
693.437
730.92
665.387
710.807
702.424
744.339
669.336
731.174
641.225
688.178
709.898
658.614
659.091
687.06
626.25
666.559
745.514
706.651
793.362
611.437
702.313
671.53
731.758
612.717
665.012
707.926
650.396
746.585
704.757
732.81
670.308
717.305
707.542
656.225
726.417
702.414
704.479
694.643
736.742
725.866
661.386
682.961
695.488
704.002
777.792
730.459
688.654
721.765
709.488
617.115
676.044
665.724
694.309
697.486
703.19
647.451
725.116
780.819
746.296
709.996
681.699
651.454
751.221
735.751
747.984
715.05
636.643
752.714
697.438
675.157
693.373
719.867
683.729
686.824
756.062
733.303
664.468
711.406
742.93
700.033
687.777
738.179
690.952
658.63
687.762
705.124
682.985
746.519
638.469
715.401
672.509
623.816
693.706
690.836
702.144
742.076
749.488
678.235
669.378
735.677
674.671
757.808
686.324
727.804
678.941
687.117
654.269
726.688
647.025
675.565
772.349
701.629
728.865
756.773
662.658
705.501
664.874
677.89
711.511
728.51
630.303
760.391
700.388
739.517
648.548
689.543
744.066
678.057
625.301
728.093
719.075
689.642
681.839
739.962
681.25
758.354
663.938
649.296
669.555
753.818
749.859
712.54
754.705
745.399
635.559
667.372
766.097
655.766
680.829
685.973
709.11
687.419
706.654
746.698
712.81
716.917
693.975
646.474
775.588
669.502
715.275
660.858
676.294
687.756
693.908
685.564
730.467
648.073
721.301
673.901
714.278
683.916
666.956
727.279
758.965
711.122
648.69
682.06
725.617
755.704
674.882
713.146
687.098
667.253
749.171
712.029
688.918
684.742
716.362
669.523
665.179
727.335
652.382
739.748
673.643
666.847
716.243
663.49
701.928
704.953
691.402
639.771
708.167
739.48
744.32
642.795
744.409
737.061
775.234
653.017
673.701
674.871
699.558
685.401
709.808
695.023
621.868
733.623
712.106
664.819
678.868
666.029
661.246
729.185
679.819
705.55
620.267
674.446
693.473
705.544
694.795
699.815
727.522
683.149
713.549
690.038
690.314
697.006
711.014
628.021
695.455
702.805
775.815
687.092
686.855
721.37
687.201
660.574
698.837
738.474
696.342
694.465
720.65
735.681
619.807
717.946
698.868
760.905
693.933
636.924
671.506
588.98
659.754
661.856
676.142
724.319
650.24
707.747
730.681
713.359
687.957
718.189
786.718
682.287
690.977
723.556
696.154
747.515
737.584
773.149
672.949
647.016
723.327
751.351
711.435
662.673
766.304
629.179
693.524
674.979
683.037
653.256
732.407
737.129
708.86
714.085
743.042
773.221
659.033
593.609
676.816
693.466
785.855
679.632
804.185
672.523
669.073
689.765
726.73
736.789
700.67
709.284
697.931
648.576
674.358
664.077
612.254
683.877
727.007
790.984
680.783
647.9
684.712
729.861
666.213
731.985
726.487
722.899
792.239
747.981
727.48
730.111
674.521
705.223
726.931
645.929
702.252
729.828
729.196
737.103
669.462
691.838
671.407
758.912
739.688
713.974
648.982
757.504
700.835
670.412
687.108
676.552
654.326
671.463
710.455
695.588
752.136
678.054
668.704
774.125
688.449
684.289
670.327
747.372
638.42
724.367
647.686
701.931
664.513
667.667
701.552
670.416
720.658
736.169
778.319
663.341
705.398
720.191
721.666
719.379
685.519
705.61
735.015
675.47
683.081
743.077
678.805
675.209
688.246
724.078
657.666
711.269
640.342
721.914
737.375
624.875
754.35
628.109
650.329
677.742
675.39
677.708
662.854
671.512
655.887
667.329
715.538
694.509
691.46
667.93
703.346
721.696
654.657
721.888
699.524
690.111
715.641
741.671
738.077
656.876
726.945
650.511
718.513
791.336
648.894
615.787
724.255
613.684
687.542
657.234
675.174
652.872
719.013
652.992
669.341
702.988
712.02
662.095
669.285
665.269
686.165
694.201
662.962
762.064
702.813
686.891
707.759
663.467
741.406
636.491
764.202
714.833
735.149
811.911
637.609
728.092
673.51
681.642
660.855
627.612
743.58
706.14
637.988
689.605
654.941
838.218
715.918
701.198
702.921
695.704
690.55
675.166
719.64
680.168
677.515
715.663
676.252
643.287
732.074
649.824
679.086
758.234
641.673
746.885
757.871
657.547
709.855
755.331
665.832
651.927
703.857
722.4
649.384
716.44
672.671
677.431
651.031
656.19
727.895
690.153
719.141
682.43
744.023
619.634
735.473
728.275
716.433
658.326
717.37
711.666
709.515
680.314
686.975
698.066
742.788
756.992
734.47
691.635
650.64
632.017
736.273
690.688
707.671
683.214
716.969
683.028
713.187
702.431
722.208
703.019
703.67
709.263
674.303
718.649
777.131
746.731
636.94
635.895
692.466
707.182
766.775
742.09
696.26
705.058
669.028
699.894
651.74
692.595
783.955
740.102
709.312
671.315
793.657
706.785
702.664
730.97
692.357
672.318
673.853
666.459
685.945
687.36
753.156
707.044
669.176
733.892
705.545
650.807
761.139
733.232
768.469
687.507
701.384
669.627
679.081
674.607
706.082
675.011
697.768
741.999
754.439
685.039
619.66
732.858
682.141
700.99
694.942
730.986
763.74
734.318
695.513
687.945
648.523
668.365
698.331
672.069
674.851
706.057
758.779
713.641
649.864
654.409
698.616
674.175
669.368
708.478
686.145
724.633
707.307
682.036
822.051
706.744
744.077
626.657
694.166
689.365
650.272
679.042
646.743
669.297
693.364
716.478
715.252
644.006
678.435
669.757
682.416
668.562
685.023
653.841
714.225
663.239
634.579
706.341
763.234
732.79
666.588
726.699
700.712
677.601
682.439
688.269
677.502
712.423
678.951
737.102
735.68
737.833
668.965
721.218
674.107
725.515
713.629
584.003
686.861
650.831
730.245
687.506
735.221
710.142
744.199
707.243
648.285
698.762
657.451
686.246
627.224
796.754
707.306
729.25
680.974
685.412
672.373
636.398
649.256
665.706
689.534
676.054
654.884
674.843
738.964
688.759
756.295
647.362
679.289
748.256
663.71
641.07
745.807
637.846
773.233
683.618
691.841
717.462
666.629
688.075
713.818
691.896
769.246
742.41
722.712
732.057
692.233
670.009
747.825
655.345
724.461
657.223
747.13
772.709
748.039
729.906
693.414
718.827
678.823
694.185
655.793
726.732
715.167
759.911
725.624
727.477
673.892
744.136
659.639
685.021
764.128
668.698
702.603
701.606
658.861
599.564
648.303
665.18
760.112
798.288
692.217
653.44
705.281
744.882
681.439
705.94
636.862
750.79
705.125
722.866
710.757
702.898
700.988
724.188
670.249
646.068
721.469
724.174
695.905
682.479
710.333
766.582
740.967
674.55
698.063
677.486
740.428
654.802
742.52
744.092
742.892
654.06
666.788
668.255
775.679
692.269
653.912
719.634
772.716
749.885
712.388
686.622
685.444
714.674
666.54
678.366
730.599
682.124
663.432
679.52
671.095
676.884
711.453
706.086
693.547
661.858
668.663
674.148
750.175
668.542
742.824
690.259
697.55
660.911
760.238
615.953
708.805
745.353
690.925
672.98
699.845
665.686
754.971
690.725
717.404
750.266
688.418
759.911
695.086
723.499
697.848
723.559
700.514
688.387
657.554
674.981
690.291
769.622
723.412
728.754
691.935
691.611
698.436
754.71
723.611
740.154
647.272
712.671
704.754
643.548
690.013
754.337
809.859
716.41
694.751
654.762
712.814
664.424
722.429
721.223
753.29
738.719
731.839
671.287
688.353
725.577
738.676
812.859
697.233
745.151
709.112
651.825
714.053
702.381
698.475
694.808
755.44
777.354
699.397
676.628
741.449
661.445
677.119
744.305
688.431
739.544
659.449
729.801
725.169
645.449
649.472
690.244
675.53
684.88
638.846
685.529
710.009
658.287
758.58
673.453
680.854
668.735
730.642
694.046
751.359
732.195
717.008
724.972
678.701
695.689
679.596
678.599
725.098
719.782
752.68
729.209
678.883
710.895
747.318
681.691
709.912
711.561
730.336
700.903
670.15
685.769
648.436
669.352
653.399
688.499
683.033
781.392
660.829
684.207
800.669
724.183
699.35
652.509
667.345
757.959
687.814
738.377
695.456
740.775
681.827
677.586
654.313
671.304
716.862
707.03
691.128
754.625
644.395
750.473
713.64
670.413
691.326
653.522
717.105
649.292
629.81
723.277
696.091
705.479
724.353
710.751
701.078
653.577
711.917
688.331
658.051
719.356
690.239
716.892
710.436
686.811
722.091
732.53
634.372
727.354
673.326
696.287
668.344
663.61
675.824
674.546
723.288
677.853
723.286
668.303
654.452
672.411
662.299
658.106
647.237
668.041
756.177
685.604
731.312
750.242
711.717
642.392
717.96
678.461
766.75
683.313
660.317
703.107
659.235
665.499
690.646
775.65
690.719
717.949
704.647
816.47
668.349
735.888
689.343
692.841
703.453
668.947
734.867
735.482
690.415
710.237
734.395
659.765
684.655
715.827
640.835
659.049
633.261
714.58
647.662
630.942
704.405
670.757
745.575
707.579
700.764
681.041
605.857
669.726
722.339
660.175
691.218
742.801
635.183
696.574
780.935
737.254
713.741
696.711
659.38
698.233
646.831
726.519
662.708
675.672
779.404
697.049
708.265
697.853
723.857
641.333
719.268
683.762
640.049
723.014
705.437
713.357
694.849
595.921
703.698
715.362
752.841
705.175
727.75
622.73
706.426
676.411
750.419
706.7
728.269
692.39
622.022
770.278
661.491
683.11
732.15
645.408
661.633
702.779
629.319
681.83
761.942
751.988
669.617
748.326
709.791
660.16
688.4
703.132
762.297
720.728
676.711
642.314
762.77
716.816
667.882
748.805
764.932
689.242
740.438
700.032
658.076
664.214
673.788
706.182
736.686
735.747
623.904
697.988
625.47
753.305
700.633
710.709
653.166
614.809
682.062
682.197
762.419
657.305
820.08
660.108
743.239
694.829
698.976
687.687
636.125
731.713
724.615
684.081
691.904
674.973
633.7
683.051
727.037
729.146
612.551
669.376
655.847
676.23
695.099
693.759
675.586
683.554
659.453
650.843
732.034
674.688
708.804
671.939
693.118
698.23
701.313
650.897
671.088
720.989
707.93
741.556
692.062
680.59
700.988
688.318
629.198
717.141
671.021
662.91
752.739
668.752
737.472
658.226
730.374
711.392
671.023
667.134
788.484
620.288
699.273
694.586
679.158
700.349
766.66
690.194
663.227
716.163
693.562
731.806
616.452
737.335
738.554
696.663
726.679
686.05
637.174
700.47
707.114
733.431
686.445
740.569
701.462
706.42
736.305
705.475
786.046
661.416
705.269
722.654
675.066
698.638
744.661
717.927
626.209
632.842
737.917
608.725
727.621
709.884
672.76
657.007
666.48
766.41
754.661
741.561
780.276
679.967
699.824
847.201
690.421
729.731
688.356
678.959
718.691
704.74
656.855
625.612
607.787
646.511
617.097
692.603
735.274
626.964
604.889
628.315
723.021
703.157
714.371
743.525
686.681
683.015
652.345
685.498
700.579
691.209
643.461
657.572
696.138
692.448
644.298
668.083
693.207
728.624
693.619
686.36
646.481
683.135
670.537
695.401
697.65
697.545
677.016
719.794
751.453
683.457
703.77
647.743
686.781
675.717
713.268
706.199
633.822
651.804
744.83
675.665
633.126
583.078
687.513
743.797
753.711
709.583
672.944
697.801
631.464
765.271
654.954
763.122
750.083
646.439
642.534
718.572
612.459
695.164
708.353
719.371
702.54
714.853
660.689
654.525
711.986
787.991
711.506
706.849
629.94
735.817
653.899
620.733
655.1
670.716
678.597
667.741
668.979
689.551
709.654
761.99
649.268
687.829
751.554
684.707
698.558
654.834
676.086
738.742
683.947
725.428
671.912
709.002
664.485
657.119
707.682
715.233
697.213
692.631
655.884
722.984
702.986
694.707
661.825
678.052
695.461
657.087
703.691
721.71
646.211
675.607
674.618
691.954
707.193
684.991
693.454
721.539
681.223
652.897
697.465
707.858
675.523
717.074
678.669
796.794
722.799
699.342
685.706
653.385
707.97
727.831
756.151
639.697
716.529
628.421
659.96
728.774
691.562
641.267
744.6
730.419
747.838
690.951
639.173
674.933
744.567
650.369
690.073
725.241
690.408
701.78
705.523
706.612
716.997
726.968
747.289
650.606
661.688
698.173
695.343
690.704
727.601
717.326
720.786
741.775
696.282
673.297
640.441
672.544
691.447
680.766
701.164
679.833
632.078
642.906
663.117
666.229
729.031
666.591
646.595
687.999
697.506
657.239
613.219
668.717
689.59
653.111
712.714
693.491
676.917
674.868
662.56
695.358
623.939
730.005
703.474
665.08
719.682
731.766
715.192
769.132
693.234
682.023
735.313
709.986
662.552
694.206
702.141
639.171
703.461
637.819
722.733
688.294
694.495
608.246
721.812
699.723
725.73
666.54
679.707
681.898
659.25
705.178
699.972
668.008
608.747
711.983
711.875
671.587
665.654
638.379
675.015
665.189
685.491
682.3
744.148
653.482
713.246
664.188
691.736
779.979
755.223
713.328
707.669
689.71
639.155
717.854
670.582
783.835
698.918
727.29
702.461
777.237
749.947
653.989
741.781
736.074
757.572
652.6
657.123
678.218
767.495
782.312
732.389
642.348
644.8
709.205
708.98
702.709
694.812
763.856
657.992
675.806
692.44
698.836
720.552
660.21
728.712
638.606
683.891
684.668
715.986
659.094
711.447
687.678
650.165
741.56
689.548
682.689
675.852
644.019
683.581
711.366
708.02
706.486
717.974
668.861
662.105
679.91
677.536
659.293
741.869
657.482
660.762
650.541
694.436
746.024
745.818
649.751
674.11
714.722
729.549
655.901
772.849
681.715
648.239
665.821
673.897
649.373
730.952
698.379
641.104
714.158
721.552
607.109
662.429
626.954
666.745
672.564
668.831
709.51
637.997
673.457
697.513
649.334
687.118
686.227
734.512
652.576
662.944
639.318
735.495
664.232
668.73
749.917
654.903
691.738
740.234
676.75
760.188
761.004
662.721
714.178
685.639
733.028
707.583
704.944
719.32
647.772
762.184
731.946
674.173
689.155
757.387
737.805
676.155
730.169
745
690.728
621.382
662.187
734.269
726.171
767.461
706.673
659.579
679.342
657.247
637.615
685.59
704.882
655.127
685.376
653.603
704.788
707.285
710.376
718.147
800.265
688.87
707.128
777.355
741.461
723.089
724.101
661.683
725.903
732.904
659.759
780.689
719.387
724.319
685.173
750.077
703.556
631.813
743.109
776.708
736.554
666.398
703.311
650.717
644.062
647.534
698.977
640.876
747.996
701.287
703.022
698.567
654.663
628.544
665.442
691.948
671.566
717.962
617.847
675.17
744.583
689.285
671.888
755.882
751.277
755.857
712.922
715.376
612.98
714.669
716.174
728.305
709.832
753.755
729.555
679.856
706.883
677.138
636.343
709.092
681.583
797.353
690.637
655.633
634.779
674.638
686.808
715.673
670.159
709.884
702.52
699.304
752.126
663.819
699.419
711.274
665.594
626.518
646.928
696.168
700.659
592.113
689.448
674.337
696.313
663.238
739.019
690.304
689.362
650.002
711.669
667.106
695.313
676.993
662.195
749.906
735.735
696.615
668.663
675.006
665.088
718.262
648.053
674.07
709.175
677.596
640.041
730.458
639.58
620.443
724.165
695.536
718.123
711.715
716.566
732.669
656.487
682.781
727.372
674.384
706.043
749.872
681.543
670.012
691.001
758.161
782.487
758.38
730.887
609.431
656.801
743.759
631.069
628.414
673.571
648.05
719.177
706.722
711.098
713.954
641.681
681.723
694.09
650.451
683.81
675.904
670.217
684.835
635.874
692.555
631.828
675.259
667.83
679.387
692.056
710.568
673.04
701.058
690.048
725.62
674.053
657.976
679.227
652.21
656.703
687.186
702.454
709.314
729.726
667.437
651.493
692.825
700.698
700.648
654.891
653.36
690.454
653.279
662.576
617.961
668.553
715.75
736.362
692.356
698.763
688.982
716.35
707.044
711.594
681.58
731.26
708.764
711.878
685.86
698.997
673.281
722.616
722.555
624.103
665.395
698.591
730
688.188
714.689
695.946
660.417
648.801
719.127
731.703
723.155
720.981
730.078
711.004
705.717
780.961
767.698
707.005
749.747
807.162
692.933
692.785
696.125
693.907
677.944
663.953
641.043
675.182
641.788
660.693
738.083
688.106
644.104
707.138
669.299
713.984
753.6
693.971
721.466
773.06
835.956
748.496
713.42
687.789
659.034
655.305
674.058
732.354
714.819
646.228
707.682
682.829
690.2
737.09
685.511
709.851
698.443
704.575
701.02
749.006
707.889
699.314
664.801
742.658
645.722
782.391
626.701
656.002
735.758
704.89
749.793
691.781
665.692
707.005
703.031
656.372
743.101
683.567
647.786
788.222
724.066
733.023
717.562
639.471
686.839
720.412
671.431
692.14
658.192
728.234
737.991
629.441
722.056
634.855
666.18
705.823
673.292
752.841
747.318
706.493
664.505
717.265
701.147
708.775
681.66
727.573
665.683
704.971
656.841
705.148
719.377
702.349
659.863
707.692
661.566
695.845
711.554
746.012
678.177
688.714
670.63
710.706
668.277
673.983
654.401
701.246
628.635
695.613
708.236
646.041
692.461
704.856
681.121
794.052
675.52
688.594
618.928
693.861
672.342
644.098
643.675
713.908
700.377
776.47
704.48
737.243
757.938
675.127
653.478
692.551
646.169
687.603
699.058
775.803
663.542
648.634
758.535
688.226
599.578
662.727
689.183
672.135
682.271
684.144
723.741
660.87
660.687
756.356
688.057
699.462
752.142
704.574
697.182
731.253
708.726
728.564
686.307
688.204
634.16
707.024
701.594
727.891
737.095
665.302
742.009
673.475
684.073
740.597
637.744
751.439
726.666
656.599
744.468
709.122
743.766
678.367
709.96
743.245
733.27
671.545
704.639
799.068
631.402
696.795
684.359
729.367
716.359
694.428
666.666
664.159
703.027
691.914
668.177
757.527
681.412
679.179
734.231
643.663
718.238
648.98
685.506
658.193
731.951
723.683
698.948
689.411
664.73
646.475
682.389
694.088
695.129
669.646
642.584
705.346
791.38
683.496
658.659
686.053
700.33
719.392
714.971
682.611
809.554
667.259
623.939
761.231
747.145
680.566
671.934
781.667
689.515
685.388
630.002
624.357
719.621
718.554
711.061
724.093
697.622
716.225
706.207
744.815
689.977
673.861
662.632
614.696
805.124
680.038
698.675
707.266
676.994
651.553
687.519
755.284
713.008
740.185
641.156
640.685
689.791
719.331
706.043
676.541
694.173
650.517
732.114
728.178
653.561
803.692
727.473
654.323
671.992
678.463
616.726
656.885
645.698
713.785
698.806
684.396
653.445
690.621
698.046
660.999
717.636
690.269
706.867
702.081
657.734
633.917
661.732
713.598
707.232
705.576
694.966
699.952
719.511
682.45
654.379
700.887
757.518
590.782
699.749
727.987
714.418
670.256
680.73
701.091
754.988
686.92
655.207
720.099
704.188
658.108
678.151
690.483
713.952
667.198
675.308
696.362
654.081
722.511
726.293
692.751
637.947
653.411
742.884
666.014
663.724
645.567
686.689
757.327
757.151
674.022
670.698
707.031
785.939
718.181
712
678.233
665.905
710.219
663.97
699.565
721.757
718.792
699.359
697.504
661.147
678.624
699.405
702.774
625.455
701.127
663.088
709.769
696.808
723.16
688.031
660.398
662.99
712.472
699.463
613.673
689.938
657.405
636.716
673.681
765.512
662.664
722.337
678.977
647.099
651.692
714.787
686.317
694.025
669.222
737.276
697.098
715.948
707.759
673.02
695.291
637.583
689.133
649.54
682.133
667.538
695.587
703.18
779.492
697.632
671.183
683.832
712.037
690.011
689.925
702.303
670.635
659.642
682.435
703.518
758.354
746.619
751.816
687.757
726.66
715.517
650.116
666.647
682.224
665.725
734.387
654.098
715.245
682.598
652.493
772.857
764.091
735.034
748.372
675.843
693.739
722.222
649.364
682.201
649.798
670.805
677.57
646.474
660.704
673.544
679.887
688.671
663.3
626.183
658.773
740.467
692.705
734.015
632.651
728.326
689.661
656.205
650.611
668.155
654.739
757.515
717.325
730.16
667.99
709.237
695.669
713.428
673.843
707.308
745.229
662.195
720.302
693.162
712.115
701.821
656.133
668.725
699.48
669.275
614.94
725.801
699.518
721.746
698.767
654.07
733.35
760.259
623.136
664.472
701.797
780.506
574.723
771.691
679.113
704.595
774.174
712.121
644.149
664.597
706.296
687.672
645.728
725.611
791.499
736.516
762.523
761.507
675.697
648.648
702.719
662.279
619.282
660.88
718.403
686.189
657.598
669.373
666.542
707.293
736.749
756.81
735.5
726.811
674.71
714.797
668.482
671.358
676.978
644.444
680.513
749.518
638.011
680.69
678.716
622.807
759.941
671.247
722.194
702.279
692.804
685.576
765.509
693.669
765.378
682.715
627.374
727.867
689.006
736.352
704.201
716.018
672.028
656.017
756.172
659.861
662.024
730.411
750.561
632.212
707.276
716.359
696.623
796.407
717.393
649.554
662.726
657.347
695.55
737.115
698.153
697.558
689.847
606.19
724.818
672.037
609.426
705.28
659.473
681.976
768.275
689.433
695.651
702.604
665.406
745.273
677.942
741.559
708.616
605.506
643.71
697.549
743.235
749.292
662.027
681.59
650.434
698.916
712.621
719.611
698.14
637.136
659.651
654.956
709.123
718.323
724.334
650.208
712.565
740.499
716.733
652.798
696.466
628.844
675.253
672.594
798.817
738.634
684.156
627.485
666.19
701.016
690.442
680.704
676.484
651.225
690.06
684.462
690.423
734.711
650.632
647.184
691.944
640.55
691.559
794.676
740.96
776.841
693.149
726.116
651.405
789.334
630.266
707.547
739.899
720.105
750.219
732.307
662.505
746.895
692.024
707.318
681.261
703.274
695.543
650.126
728.933
699.12
651.905
745.529
666.614
741.41
687.102
716.348
695.436
686.547
720.959
728.616
753.101
733.256
667.752
680.038
678.912
737.429
702.44
674.919
725.167
650.43
685.373
706.343
698.279
728.119
654.916
668.182
741.395
669.27
743.094
691.749
720.522
666.893
693.447
734.886
670.861
728.48
658.897
647.202
700.068
822.134
719.282
704.3
686.385
674.83
647.73
656.407
661.776
728.09
638.113
659.37
665.019
781.67
703.788
723.268
662.248
678.68
758.261
648.29
690.01
729.277
707.36
734.264
707.929
665.467
750.758
683.93
753.386
701.818
707.596
625.407
754.222
672.54
782.151
710.012
717.95
655.538
642.474
717.667
682.554
691.309
608.651
668.541
725.2
655.334
676.136
692.84
711.227
658.092
709.926
713.031
725.201
726.423
727.621
715.563
695.831
635.398
699.2
667.033
685.699
629.316
688.602
663.772
697.592
699.756
673.036
687.941
748.269
670.75
687.819
709.703
739.412
665.965
722.687
664.493
745.467
684.858
746.784
665.158
656.188
685.898
698.173
739.697
718.563
687.26
691.801
700.418
704.315
665.069
675.852
759.165
700.316
691.432
683.321
633.943
723.357
723.148
683.566
681.186
731.425
709.593
679.528
676.305
709.822
701.16
669.659
667.841
710.478
689.133
791.573
694.349
723.502
665.74
681.557
717.301
713.173
712.906
728.328
661.084
625.802
648.162
676.655
693.205
676.232
660.049
700.241
605.697
683.044
685.557
651.969
672.294
749.856
680.802
670.385
656.296
694.889
712.249
701.215
636.072
682.735
682.586
686.756
614.638
657.475
673.197
729.431
721.322
699.386
720.558
744.414
714.513
625.436
728.397
715.379
688.558
696.563
724.825
714.554
609.667
673.271
684.25
649.977
682.761
724.797
706.527
678.845
690.731
721.12
710.889
644.581
715.359
715.787
704.028
681.406
657.653
719.746
611.492
630.186
702.318
644.612
828.492
774.476
699.317
724.228
641.079
728.577
669.24
749.121
702.071
658.11
678.126
700.142
716.86
663.595
631.825
716.424
632.575
696.318
747.019
646.738
696.692
781.169
710.01
705.309
696.31
684.995
690.235
696.878
690.358
681.646
636.027
668.648
721.071
733.107
696.276
653.734
782.198
672.571
656.877
702.15
633.916
625.635
672.47
739.421
651.795
674.907
678.298
689.528
670.338
755.317
769.448
741.518
637.634
694.011
675.784
582.692
646.981
668.329
643.667
690.206
731.572
652.264
742.211
655.972
691.545
655.482
664.993
685.217
687.595
634.129
742.399
724.548
678.679
648.94
793.298
685.606
696.967
710.46
732.672
662.437
598.618
696.584
672.635
738.998
781.646
672.498
779.049
705.239
701.311
707.648
758.63
693.947
727.035
766.149
645.914
698.347
687.129
676.955
681.375
795.318
705.169
681.216
661.236
638.315
714.043
737.061
720.335
731.307
727.234
699.183
787.516
681.48
720.788
671.569
656.685
797.335
614.485
708.788
677.803
649.855
638.206
705.918
681.676
714.105
696.594
763.426
653.622
683.157
682.9
614.334
680.136
606.026
744.908
652.35
687.342
772.412
697.867
698.176
685.998
688.015
695.959
644.707
661.425
777.157
744.379
679.401
688.176
621.374
690.172
706.589
705.853
693.706
699.371
735.902
712.658
738.157
784.769
643.285
711.5
686.05
711.179
676.27
740.118
625.234
686.351
670.787
639.863
643.023
713.075
674.017
667.553
707.031
747.113
694.268
714.52
712.325
712.144
723.598
702.685
666.392
699.815
658.676
740.399
695.865
642.503
600.919
660.014
679.97
787.442
595.868
723.091
671.959
735.045
694.119
741.544
701.498
707.799
667.348
788.429
698.636
657.491
738.706
757.959
618.755
752.984
720.646
764.402
731.512
713.008
748.014
661.63
666.324
668.203
731.634
756.145
763.812
712.764
728.781
654.414
594.427
703.237
659.959
714.594
689.643
695.691
705.252
677.329
689.005
732.234
716.556
698.683
671.222
674.718
771.478
691.706
736.258
715.408
601.08
681.515
734.073
706.058
714.054
685.982
660.629
707.084
746.969
657.077
699.36
663.802
654.588
729.274
702.75
719.286
717.605
699.465
670.948
675.597
714.027
726.573
668.696
646.463
688.962
697.952
686.099
727.474
678.163
640.738
726.465
656.776
700.313
623.076
679.69
681.467
627.293
722.089
678.199
746.375
684.052
673.419
734.364
768.578
711.16
671.876
669.097
686.537
689.784
694.651
678.853
740.895
649.19
669.454
740.652
763.719
693.988
671.159
715.815
637.765
683.055
687.78
768.801
748.217
694.759
726.369
692.967
659.539
737.428
704.423
670.359
620.135
697.913
674.121
697.844
660.231
676.702
699.756
624.658
698.141
716.434
735.076
658.667
630.581
681.139
691.433
645.44
726.345
627.24
654.819
736.562
674.532
687.358
720.172
677.969
717.331
648.616
668.372
669.52
728.062
658.901
700.49
703.938
753.526
706.942
647.267
711.436
709.456
659.543
699.979
705.523
704.787
647.161
721.561
744.676
628.945
684.084
675.805
683.156
642.927
716.034
649.815
683.656
684.481
756.363
680.18
728.727
680.225
638.263
705.879
702.018
646.945
750.753
733.876
663.055
682.463
718.375
673.739
770.678
784.884
731.834
709.975
698.616
750.482
697.534
764.259
716.653
666.617
676.901
643.662
660.999
687.813
730.154
664.379
705.431
685.217
803.481
703.396
745.032
618.737
692.774
724.658
697.611
635.61
696.242
698.121
698.619
696.806
736.154
687.502
709.45
662.41
760.354
741.043
711.897
736.239
709.599
722.62
655.243
652.897
761.316
723.581
629.134
683.592
729.397
698.52
722.205
698.852
757.237
721.202
681.226
680.199
762.674
714.924
688.808
685.116
738.001
750.494
698.389
706.661
734.362
643.779
716.99
733.75
713.324
665.313
696.092
660.815
671.969
731.613
744.375
681.218
686.789
644.108
635.376
742.056
742.257
640.587
733.348
672.091
695.582
681.1
663.429
711.269
682.129
708.542
724.26
717.65
698.946
679.846
630.01
692.076
732.611
683.887
658.047
694.03
686.268
739.147
709.524
664.46
652.065
690.554
625.7
641.314
788.228
682.817
678.253
753.699
647.861
671.603
655.775
725.386
664.393
647.501
694.291
638.195
639.495
683.837
736.038
681.018
641.18
704.333
676.898
661.206
748.782
718.98
754.244
723.322
696.191
681.078
689.439
729.635
721.977
785.968
722.049
678.345
694.6
741.227
728.805
779.731
729.99
677.099
772.451
703.086
705.555
674.894
790.46
723.769
681.063
697.026
634.818
640.55
762.848
719.379
679.593
730.833
668.95
747.743
733.637
706.555
646.066
697.368
720.505
805.405
677.876
691.911
722.121
705.378
639.02
726.59
729.046
731.79
719.556
732.889
610.979
630.309
663.504
630.704
667.398
748.625
669.935
683.478
693.148
683.332
677.471
710.477
709.191
652.658
663.077
756.824
679.035
719.556
743.727
647.738
689.794
608.086
713.954
662.743
650.307
685.552
691.141
664.523
749.005
687.004
696.878
707.841
749.307
713.709
650.501
707.683
759.48
645.958
709.278
650.531
737.27
702.984
728.692
732.222
687.089
695
627.375
682.56
684.948
704.056
659.781
652.771
743.724
714.42
707.764
644.135
648.824
622.538
727.737
674.724
726.463
701.26
748.745
744.106
644.874
743.286
634.047
684.096
748.972
775.682
751.677
690.432
652.796
691.837
632.57
777.896
706.055
692.896
645.336
625.14
726.812
661.859
755.959
721.41
679.823
728.284
706.137
703.189
654.885
710.709
697.693
654.246
681.646
647.413
641.07
653.119
696.398
619.873
781.421
755.384
700.719
705.256
716.513
645.032
701.047
663.043
741.048
747.56
720.199
780.299
689.972
778.819
750.841
721.619
725.178
717.053
707.503
670.861
643.955
703.169
675.343
664.216
715.102
694.219
744.434
663.974
676.712
741.72
673.639
736.534
722.239
634.051
675.61
690.71
686.27
671.238
691.196
716.354
692.104
731.318
749.87
751.201
713.305
699.707
646.99
679.367
687.633
799.491
730.523
767.357
635.738
675.408
732.226
661.498
684.535
656.287
626.179
692.738
672.395
753.251
735.176
710.593
666.417
616.718
659.492
685.358
703.823
654.473
747.06
667.589
635.244
673.37
749.448
719.746
733.11
685.491
716.444
664.766
693.974
611.694
726.686
726.021
658.42
663.109
673.569
696.027
720.947
668.046
729.518
766.137
770.139
713.185
740.739
749.514
659.807
731.052
676.618
691.064
704.601
682.061
666.481
693.855
807.595
678.503
674.217
643.055
743.301
704.757
849.399
697.79
715.007
705.755
659.217
726.425
740.809
730.621
695.261
764.433
625.146
630.301
699.885
732.917
634.323
621.375
734.586
711.142
661.344
633.538
642.791
673.295
677.641
685.187
691.778
671.274
695.756
723.001
730.336
680.119
705.399
736.815
714.228
602.974
659.583
728.99
662.653
707.605
686.573
638.346
658.092
663.04
691.279
707.825
697.869
680.461
704.342
674.114
675.502
680.118
735.7
651.647
739.531
723.028
707.468
868.306
668.911
673.449
729.286
673.467
669.414
680.552
715.167
703.277
654.3
703.014
672.877
684.517
688.397
663.426
732.556
679.89
658.85
734.773
647.751
659.622
662.343
699.89
697.233
616.792
677.294
734.849
670.945
839.474
675.561
764.075
761.573
693.557
741.471
693.763
767.164
677.66
758.262
713.567
676.11
709.86
660.534
694.562
662.798
648.907
746.313
720.155
680.548
669.511
695.298
719.218
730.984
715.088
671.041
665.085
646.167
668.423
723.456
757.239
724.561
685.711
669.069
700.651
731.951
706.522
683.624
685.448
728.132
730.116
709.696
689.192
694.411
652.102
705.3
689.37
731.618
760.481
715.254
665.218
715.209
694.815
652.015
732.308
760.392
628.416
644.611
739.15
661.694
705.551
650.568
737.446
671.371
688.525
751.475
721.657
681.729
698.88
695.011
738.996
690.782
706.917
647.507
674.121
712.935
781.607
720.045
697.239
717.086
687.757
739.338
707.594
653.804
761.322
585.988
709.622
682.842
762.397
698.971
664.829
650.941
707.419
682.098
597.573
672.009
674.092
709.94
732.981
660.513
669.758
636.286
702.584
722.944
738.681
754.948
668.879
678.897
709.845
666.64
702.308
692.737
745.844
733.659
744.667
668.025
645.885
700.728
677.752
690.069
816.64
693.631
746.435
734.236
694.798
684.875
740.821
676.893
732.821
723.018
695.48
685.464
725.107
688.442
643.153
638.823
698.794
685.737
770.346
714.969
737.102
648.829
623.425
797.254
679.588
711.65
683.139
715.902
777.559
651.807
665.599
716.914
641.292
696.711
666.801
812.272
683.925
710.768
739.041
707.12
699.774
686.278
686.733
666.511
679.569
781.889
704.157
665.235
678.261
751.67
695.034
621.777
724.132
588.584
748.689
723.234
748.201
698.852
627.803
749.034
674.777
681.619
651.577
726.759
720.486
715.988
706.015
757.273
749.133
770.739
753.252
740.83
718.441
649.489
685.158
642.471
666.946
692.131
689.404
685.102
679.145
707.209
675.066
734.445
724.04
624.651
752.592
719.562
695.195
641.474
663.412
687.382
771.348
728.653
697.51
656.955
728.62
676.116
660.455
678.55
656.83
684.906
683.631
654.354
635.84
625.462
710.202
656.503
680.322
671.198
721.108
676.15
718.483
668.271
721.467
690.465
783.424
768.007
619.118
794.905
644.298
685.012
696.178
714.462
729.433
691.609
725.217
683.156
737.724
769.173
643.23
654.966
761.136
701.521
748.686
743.672
689.307
712.594
670.44
658.167
710.438
643.27
662.82
693.432
730.073
636.594
705.206
751.417
700.439
652.084
695.321
678.947
705.757
662.483
768.306
697.976
711.433
693.207
655.811
690.894
661.496
663.661
665.044
634.649
752.926
666.063
689.603
765.362
697.638
679.513
659.926
698.033
755.094
668
708.814
756.858
741.138
787.448
729.009
661.853
708.301
676.971
688.201
673.498
651.385
719.783
718.432
695.127
650.079
690.877
700.301
698.222
671.24
695.267
635.534
672.787
706.613
663.386
697.212
696.324
729.314
622.732
693.781
698.229
726.685
650.052
734.9
662.645
662.066
696.944
716.582
620.63
649.111
675.575
676.423
730.751
671.379
731.827
634.687
649.46
685.872
671.351
721.867
700.485
603.64
661.474
630.292
698.327
714.394
767.863
667.939
755.856
764.825
691.205
667.624
677.32
687.696
675.917
624.748
703.154
697.739
698.779
731.665
757.752
699.844
706.963
751.41
805.342
711.007
667.633
752.55
709.555
679.004
653.052
735.403
707.273
751.974
669.429
749.769
703
677.638
682.762
712.234
715.06
747.005
662.416
683.966
663.12
700.703
731.174
683.103
701.111
702.94
721.907
684.538
716.373
615.58
696.793
725.932
681.825
677.159
699.238
712.436
675.351
654.034
728.63
748.356
665.081
754.208
686.543
688.121
698.375
706.913
699.338
622.747
680.851
685.308
639.026
740.814
672.709
742.887
777.581
668.725
666.163
705.328
674.186
718.987
638.583
683.048
716.766
711.661
629.09
731.275
648.449
742.894
671.34
676.563
708.549
706.291
676.537
710.133
649.404
675.948
662.459
634.231
686.906
654.057
728.698
692.596
671.356
775.286
645.319
646.557
746.498
663.622
737.601
713.044
685.43
681.627
667.909
724.521
691.975
692.531
692.349
677.354
680.344
707.437
659.381
619.006
745.23
720.844
681.979
731.032
724.954
649.899
740.341
773.172
696.017
719.076
607.166
637.241
707.436
715.141
642.965
629.46
768.363
664.028
685.302
736.968
714.667
788.901
678.026
695.142
702.399
683.05
733.833
694.092
656.77
717.521
703.948
708.583
734.799
665.071
665.59
659.548
699.551
640.693
710.913
662.478
714.085
666.079
644.868
677.331
693.522
724
702.507
684.796
686.765
735.569
698.605
726.898
739.922
675.055
675.244
693.833
650.239
774.978
655.481
728.625
747.124
629.25
738.551
685.002
625.256
740.72
743.887
750.985
692.988
676.99
773.711
678.044
724.626
753.904
670.914
678.099
672.31
687.062
773.933
652.158
685.71
665.393
701.847
686.539
729.581
706.431
709.133
737.718
663.6
674.643
785.811
745.582
692.207
619.102
713.358
667.955
646.538
722.756
728.677
716.993
728.972
615.451
731.042
792.251
679.535
744.841
651.263
646.279
689.325
683.667
710.09
672.185
711.793
686.39
747.639
750.205
646.358
631.682
627.053
681.719
742.675
666.966
646.541
700.003
654.351
721.411
735.641
751.334
683.827
640.002
730.766
684.319
687.531
701.586
721.236
771.533
734.789
612.009
765.488
731.511
699.495
674.165
668.488
733.802
744.114
681.233
692.449
710.905
805.131
732.457
707.215
730.549
704.138
687.227
774.737
700.871
706.702
712.182
657.767
712.869
687.701
687.342
719.809
729.166
637.898
726.56
662.025
619.094
787.847
638.108
675.594
657.106
682.917
687.945
704.443
638.482
741.294
667.08
725.187
707.438
624.117
663.705
677.701
709.55
664.278
755.844
708.022
665.064
783.11
677.985
632.758
688.802
781.512
635.815
658.814
714.461
626.333
643.689
661.179
697.955
682.425
737.393
687.602
761.456
741.294
669.905
631.589
688.074
797.355
696.696
722.551
708.893
745.121
767.439
752.404
683.391
643.022
797.033
713.816
651.122
704.881
718.084
697.317
642.699
654.268
715.696
705.709
761.868
665.959
641.876
706.859
637.834
744.932
636.616
761.89
741.329
648.745
690.496
733.752
683.53
714.318
698.158
747.368
659.816
690.08
690.911
743.075
721.313
720.969
692.848
705.339
755.246
736.663
723.157
757.345
683.649
736.29
613.235
683.067
686.953
711.555
694.445
757.705
735.978
717.93
647.755
686.215
773.404
737.403
674.745
715.435
647.027
687.18
662.02
679.031
779.734
734.079
730.21
694.055
659.5
693.636
650.382
646.016
675.857
663.821
715.348
672.297
714.837
740.145
657.321
681.672
684.123
751.983
653.244
650.301
709.115
765.935
647.998
738.574
698.807
711.574
716.152
685.786
726.377
680.244
701.732
626.955
749.155
729.27
737.721
719.394
661.515
740.789
684.729
707.489
725.596
824.364
699.067
667.386
762.749
756.801
699.703
732.48
667.199
691.419
666.892
701.505
686.199
656.524
752.213
734.159
695.057
657.257
671.092
656.826
690.174
692.164
604.384
664.662
656.067
699.816
570.862
693.285
721.578
742.536
658.941
724.814
645.359
664.612
714.083
684.273
694.946
690.717
724.853
747.495
687.253
726.908
681.876
676.287
686.684
721.059
725.91
662.104
623.265
671.979
708.581
751.714
680.357
681.682
703.457
755.799
681.585
669.749
740.294
690.279
768.924
674.171
766.517
701.462
637.577
706.295
720.505
746.138
693.108
692.57
711.217
635.808
720.955
717.498
734.815
634.339
678.569
761.145
751.704
696.146
707.485
690.404
671.713
774.701
752.655
668.011
645.625
734.146
718.962
717.318
673.877
719.914
746.056
748.369
660.902
594.61
647.875
690.289
666.666
722.342
644.239
677.682
632.742
772.113
707.575
686.849
700.374
694.417
678.309
660.866
711.274
672.785
725.184
697.031
644.891
725.489
709.842
676.143
682.527
754.232
648.85
738.967
687.239
694.769
688.571
640.78
630.609
764.096
723.88
736.249
648.109
725.502
657.505
735.282
708.45
685.219
740.93
687.308
736.943
730.618
717.53
736.729
655.38
690.496
754.833
680.058
704.791
625.577
682.759
704.945
657.838
761.349
707.526
700.444
670.254
716.959
714.866
725.413
689.17
656.575
628.432
738.579
634.966
647.096
672.825
702.142
711.444
768.753
755.325
670.043
674.366
670.351
688.052
679
625.542
677.443
712.436
656.327
705.478
588.899
693.342
695.875
709.793
646.599
714.021
665.479
759.66
670.173
674.688
726.431
686.033
626.844
615.059
709.784
693.449
747.503
612.437
689.392
718.948
757.055
670.119
700.829
691.928
669.956
700.886
721.319
672.334
695.866
639.657
717.85
679.467
704.807
715.094
679.02
673.447
657.188
755.738
705.15
637.167
704.845
687.927
672.227
690.843
729.194
662.824
641.185
683.386
702.831
700.44
641.238
709.838
702.269
692.776
733.218
737.467
652.58
679.806
717.571
669.947
718.92
741.06
651.769
739.281
660.959
670.307
737.036
690.044
633.932
738.615
763.354
749.152
700.028
651.531
698.897
716.567
734.529
682.028
699.682
675.699
647.58
648.23
762.804
674.121
673.132
705.934
708.448
738.736
699.776
706.437
749.323
687.439
680.055
662.83
737.553
678.987
688.714
737.32
731.545
697.526
695.965
669.591
689.661
736.227
607.104
744.11
738.021
676.918
737.9
750.782
688.212
693.282
687.262
621.144
643.601
698.977
651.47
675.063
709.414
693.086
693.414
658.648
687.117
665.374
695.479
698.464
690.973
696.73
755.535
649.832
792.838
639.098
679.869
677.727
712.342
740.093
640.24
771.347
694.012
697.923
697.123
681.679
650.436
663.28
678.62
690.455
718.848
697.267
731.981
702.768
698.929
721.655
723.289
665.352
702.21
740.691
658.402
694.242
703.182
683.695
691.847
689.705
674.077
614.346
740.812
698.204
759.07
717.171
748.455
712.43
679.988
616.475
680.895
751.807
728.467
728.035
703.84
702.931
697.961
838.466
773.858
612.474
690.128
698.586
682.073
724.193
669.717
715.463
637.503
636.63
689.042
691.685
676.69
717.652
725.571
707.492
658.058
708.995
716.204
702.849
698.844
733.061
658.025
658.655
684.314
685.599
640.373
764.665
713.831
695.363
691.747
725.502
712.184
677.235
650.815
748.379
659.464
627.778
676.04
634.737
659.194
704.112
713.564
710.479
748.905
687.955
705.276
700.388
710.181
683.708
679.681
683.218
617.9
702.838
731.423
701.943
687.873
655.437
676.076
678.384
729.403
708.068
697.763
742.747
709.074
709.456
779.685
678.452
643.071
653.839
652.008
712.524
721.23
653.511
667.05
686.031
645.007
711.861
743.108
743.74
688.818
686.69
705.677
712.331
732.63
780.927
710.364
741.862
670.072
728.215
696.581
740.867
708.513
691.946
697.169
677.155
657.858
721.898
664.942
638.254
700.299
644.62
671.743
664.701
708.878
671.357
640.004
616.912
691.813
685.76
681.711
664.15
664.384
731.098
700.195
692.033
792.35
687.643
682.354
772.965
717.919
703.582
669.42
722.967
712.67
695.837
698.613
679.635
703.568
769.975
689.577
733.011
658.824
717.523
698.526
785.965
638.015
647.13
760.766
785.242
620.377
668.938
702.462
697.101
721.981
714.053
670.973
661.801
652.552
766.705
685.681
660.848
723.523
695.814
660.186
717.817
627.376
686.931
696.068
663.285
716.349
649.734
671.782
719.362
682.194
662.847
747.771
691.524
672.179
754.16
697.095
763.101
630.885
663.541
627.073
648.188
656.341
676.884
694.475
648.153
779.549
592.311
684.611
660.117
695.898
702.408
736.234
676.431
736.142
652.462
740.663
654.03
687.857
622.66
657.341
681.461
666.004
691.284
795.435
675.336
684.939
670.464
693.204
645.028
763.54
696.365
727.243
655.773
662.182
696.716
666.222
702.486
722.228
632.219
693.405
682.743
643.366
734.009
622.308
760.575
633.127
719.776
666.986
802.642
665.242
686.426
712.804
649.307
619.846
668.655
647.775
716.668
698.57
649.966
714.293
663.05
696.87
741.441
628.754
744.679
690.079
681.298
709.296
620.948
742.958
756.277
657.6
728.447
689.103
657.192
623.584
790.317
640.138
711.54
672.942
726.548
702.314
735.468
665.209
676.091
666.306
769.961
670.701
731.839
698.948
704.527
731.833
683.912
724.686
667.838
722.571
737.253
672.597
678.456
738.522
703.527
678.522
746.026
645.674
702.132
716.611
670.995
694.97
688.398
656.1
714.887
638.062
706.784
686.945
710.145
723.708
668.45
651.591
669.066
728.856
700.557
707.475
673.701
713.401
676.931
705.615
757.304
694.299
665.56
683.033
655.188
622.352
694.532
673.949
766.095
723.822
729.169
766.752
714.094
664.07
641.759
748.094
731.887
719.793
699.891
639.724
720.686
693.309
686.775
733.651
701.686
739.866
639.274
747.611
779.314
695.623
721.055
668.823
697.446
708.938
774.26
597.452
680.472
667.102
709.864
740.427
653.133
737.783
710.159
705.368
746.849
713.584
686.92
633.951
705.377
737.151
648.586
686.581
677.506
710.908
636.678
731.615
654.331
701.957
681.559
779.359
697.468
749.572
746.307
698.867
651.489
731.422
640.972
650.463
705.705
715.367
666.019
743.936
654.646
725.755
687.908
712.972
715.052
727.607
617.717
647.202
759.355
641.843
702.482
723.308
713.317
646.643
675.128
727.443
635.601
691.836
692.109
804.445
678.103
623.894
674.606
696.19
727.293
688.717
663.063
741.687
668.681
725.081
737.737
743.029
725.461
661.22
630.607
731.729
721.87
670.952
734.951
653.704
691.369
653.487
689.71
653.286
752.424
664.124
729.355
762.919
774.55
680.047
706.544
648.743
712.011
677.386
676.356
728.85
694.122
742.626
659.665
646.548
666.815
695.434
623.302
674.195
737.827
675.927
657.189
685.393
617.78
714.287
673.572
723.832
719.646
612.061
763.468
702.096
650.428
708.484
693.186
694.583
747.414
653.342
712.631
769.971
624.523
664.801
657.613
684.95
673.487
733.995
693.882
666.698
696.762
717.12
737.855
646.673
676.315
677.092
660.853
705.835
678.162
688.872
670.06
723.417
750.422
660.367
719.084
763.62
659.741
617.132
710.733
703.587
692.232
658.061
727.098
668.17
697.405
703.897
737.6
687.129
714.248
720.478
704.281
665.777
727.336
714.846
724.318
720.974
685.304
713.293
659.55
768.181
716.151
695.594
713.559
676.024
701.409
665.328
659.188
693.119
716.951
758.72
651.12
694.768
674.189
723.778
730.235
696.533
686.235
689.631
649.249
673.132
722.343
686.648
688.166
635.096
776.92
726.531
670.165
722.898
680.33
685.16
734.295
738.567
710.539
608.833
760.492
697.532
678.883
738.264
669.206
629.804
673.019
648.13
715.347
745.437
669.246
736.011
623.678
677.094
682.818
776.556
755.779
664.653
726.066
686.086
719.854
716.293
727.94
675.498
676.919
682.132
653.097
685.963
642.749
688.171
725.177
752.814
665.559
715.554
682.371
705.211
717.591
680.714
682.105
689.42
702.244
694.555
671.954
744.99
686.055
732.342
692.264
664.779
780.385
718.943
617.207
669.55
722.24
676.267
663.28
633.078
702.013
646.036
702.26
708.093
716.769
650.977
700.949
667.763
734.697
711.905
778.544
670.398
666.916
701.814
679.696
753.149
723.16
725.85
688.518
706.574
745.925
672.303
744.996
645.017
658.647
725.198
685.514
698.979
658.412
711.6
712.786
698.95
732.098
712.387
742.612
663.692
775.854
632.394
695.088
705.652
648.446
725.057
642.864
699.71
744.171
668.23
703.194
677.044
662.176
721.954
617.865
740.469
723.772
700.211
726.255
715.171
705.1
714.763
639.822
707.603
704.03
688.398
702.195
699.517
701.173
645.956
655.375
675.961
686.189
676.078
689.269
720.874
725.266
798.255
642.646
703.002
663.592
700.379
747.395
664.898
744.044
754.068
720.546
735.41
723.406
658.441
722.835
745.745
661.361
640.968
674.459
671.288
718.794
721.119
682.777
683.848
658.76
650.806
807.982
691.028
683.97
639.06
757.847
679.719
722.188
736.899
696.216
654.935
669.095
632.562
695.925
721.77
687.539
668.335
693.574
697.216
725.786
710.845
713.088
686.233
682.085
665.74
681.623
735.419
656.756
622.801
676.409
639.277
677.665
776.169
660.155
723.095
659.732
740.352
705.284
709.802
732.361
655.756
679.873
687.053
680.624
809.724
654.647
656.926
671.838
695.769
722.053
733.483
612.122
644.369
751.238
762.309
693.058
685.176
720.827
668.28
688.781
695.13
666.116
640.201
676.505
721.623
672.119
703.587
677.05
734.34
683.958
716.979
643.494
636.805
639.882
724.686
734.048
698.085
737.101
723.088
784.46
711.894
725.376
691.153
693.57
722.038
718.728
701.268
707.119
636.846
671.23
673.931
666.207
659.441
719.591
692.214
643.955
652.237
695.281
622.443
712.597
611.817
742.25
754.194
778.761
716.128
684.746
751.763
735.973
656.854
644.086
675.95
745.038
693.5
667.669
735.799
772.482
748.547
699.058
722.104
660.083
690.651
685.214
753.16
638.637
692.097
759.771
715.855
666.066
687.381
740.609
741.399
687.329
706.736
703.369
679.119
699.843
649.756
647.739
657.761
719.618
642.963
647.556
647.066
717.249
704.094
755.745
678.042
704.117
678.522
833.14
672.153
653.386
711.392
667.963
746.258
701.733
734.162
659.845
685.588
749.758
790.061
704.209
661.595
703.487
729.681
637.227
751.894
680.349
727.357
677.674
714.82
776.502
736.312
726.283
694.05
690.187
742.309
717.555
720.225
757.296
688.366
711.515
735.803
703.403
672.907
708.599
698.029
682.343
738.226
689.747
746.108
677.64
720.487
618.259
677.334
663.452
654.012
710.34
688.614
754.65
667.546
747.149
707.174
652.667
724.392
705.67
731.544
638.56
746.42
700.725
682.987
685.695
799.072
694.836
710.425
660.272
686.135
627.164
633.523
748.302
668.286
673.862
664.448
651.551
716.22
627.963
694.181
655.461
758.535
691.528
760.056
641.002
695.553
757.357
711.389
655.84
663.536
726.917
720.584
721.746
655.566
718.231
651.801
665.801
691.792
718.182
750.336
730.153
711.181
684.313
670.242
694.194
676.014
718.994
685.188
745.264
673.384
649.274
689.251
751.803
737.141
698.62
657.228
709.476
714.094
676.489
669.821
664.552
726.91
649.936
742.152
742.04
702.237
658.622
665.704
698.179
700.084
651.184
670.434
687.906
654.21
701.534
706.448
697.186
649.113
672.38
731.753
691.715
672.125
679.934
735.39
733.864
710.661
680.313
720.888
667.501
869.321
675.86
618.699
627.762
672.356
735.637
728.618
656.581
707.618
681.946
644.908
637.894
718.648
728.921
757.629
761.998
632.472
719.749
645.092
682.48
651.922
642.054
755.448
762.416
665.853
734.711
678.993
670.153
746.414
717.688
678.318
700.18
679.602
661.629
685.14
738.126
699.181
715.006
676.491
701.524
678.363
689.027
703.549
681.655
744.089
677.031
685.467
659.383
666.586
677.549
674.919
693.008
680.156
715.19
664.572
727.75
702.072
663.985
697.101
654.631
750.154
673.715
711.66
710.175
712.774
695.514
727.976
692.041
716.081
745.462
658.484
692.997
645.769
654.879
670.341
675.722
705.315
720.965
694.999
714.744
672.227
690.536
689.107
670.828
753.421
775.155
703.787
687.72
680.364
741.861
704.453
680.222
713.187
690.576
723.786
736.375
684.726
744.705
733.002
697.661
738.644
706.491
762.162
702.337
675.335
661.527
681.579
755.55
689.82
712.097
706.14
756.416
695.981
686.423
635.747
683.992
681.508
713.45
654.129
710.927
740.834
764.572
707.07
750.169
742.818
711.772
684.345
692.277
740.269
652.262
764.196
670.878
714.171
736.496
714.167
695.582
716.962
693.713
658.792
821.397
691.817
725.869
710.46
714.484
658.389
636.797
748.779
685.333
748.748
659.064
754.994
698.818
630.286
735.576
662.636
751.51
643.814
676.576
702.845
651.255
771.259
705.767
662.44
688.577
727.975
746.174
685.514
693.551
693.358
717.817
718.898
710.642
698.35
643.511
753.452
698.808
721.614
732.002
670.946
720.769
762.007
638.675
646.914
699.062
683.628
675.166
780.74
722.131
700.117
732.475
790.207
670.469
692.424
779.194
647.935
663.739
714.173
646.083
700.568
681.38
695.998
736.319
721.46
757.761
667.01
686.156
681.451
807.422
698.546
722.367
717.619
727.092
637.201
678.798
674.367
675.154
754.364
673.796
689.399
687.105
633.276
665.756
670.883
742.361
763.197
692.661
698.174
654.915
733.881
736.08
792.586
687.465
738.02
718.133
727.023
745.28
648.402
703.862
714.197
693.628
675.006
635.079
679.146
710.776
757.067
689.043
648.813
664.998
688.768
622.897
732.437
674.687
714.983
697.785
694.269
676.057
692.72
653.705
649.277
659.008
741.888
756.53
644.711
688.152
620.011
756.744
706.508
692.21
691.091
668.793
685.121
718.373
724.474
682.421
727.066
658.224
644.248
727.919
708.773
728.366
691.695
657.525
707.18
706.484
710.805
708.025
744.23
641.861
627.674
735.377
745.854
715.331
704.533
675.41
764.228
702.662
744.791
733.721
722.939
648.656
766.002
746.161
768.463
680.228
687.262
686.63
737.267
707.997
644.713
659.658
694.23
742.241
650.984
722.332
769.564
762.993
644.387
704.988
751.125
719.399
738.734
678.915
728.213
698.332
653.395
654.59
750.676
764.667
621.789
723.676
718.058
668.945
780.873
655.124
682.448
750.901
658.861
722.616
686.726
662.816
717.518
718.634
694.25
693.467
735.906
724.288
633.107
741.62
705.888
671.606
720.938
669.877
680.527
683.883
677.534
708.898
805.804
719.202
659.033
677.276
743.235
710.204
696.986
676.436
652.652
633.555
674.524
641.652
730.871
707.098
731.401
717.255
632.923
747.128
802.364
673.191
713.781
703.238
640.237
676.979
702.516
691.436
711.478
615.286
714.395
646.236
642.424
657.309
659.857
793.748
676.716
705.942
713.572
751.639
668.79
677.087
717.332
655.608
722.367
700.016
664.526
699.115
730.186
682.233
682.194
731.059
740.729
732.334
662.435
713.038
729.62
690.462
706.42
707.02
705.308
736.15
780.333
751.175
652.27
710.469
708.228
680.728
677.74
720.535
706.126
739.947
677.064
677.697
664.224
729.525
697.116
761.868
690.747
617.81
670.381
655.851
651.939
704.678
664.875
673.959
762.843
705.67
690.991
652.095
664.225
683.907
716.42
701.934
699.626
697.702
761.432
625.451
726.224
649.86
769.027
662.009
727.31
723.431
684.928
657.979
719.142
680.346
699.939
758.018
737.598
746.157
707.995
638.115
729.818
672.875
725.613
704.916
683.474
666.699
713.791
689.792
671.602
612.031
746.168
740.712
675.712
587.771
690.702
656.597
677.763
678.668
675.719
722.07
684.845
702.191
779.987
681.162
670.391
677.306
750.021
656.452
633.553
723.791
731.957
676.569
707.386
789.076
668.139
680.786
699.457
683.418
769.611
732.289
630.487
701.685
674.698
739.55
644.71
709.8
665.152
747.197
693.137
685.2
741.995
772.968
732.061
660.019
717.66
781.755
722.511
702.819
769.438
657.561
668.787
619.626
699.019
740.899
659.619
823.514
656.584
762.977
655.141
685.761
696.898
610.356
753.748
699.32
687.455
729.662
660.339
739.022
617.95
686.6
753.923
673.24
720.926
712.831
716.848
657.575
727.4
676.997
669.51
668.252
674.428
680.771
764.14
694.02
708.656
753.159
674.402
794.783
656.988
724.963
683.739
701.439
731.811
637.508
679.438
752.181
666.758
652.673
758.3
714.598
721.891
748.145
675.735
754.238
681.069
694.007
680.687
663.633
702.51
691.292
648.352
679.429
725.22
646.546
665.496
668.768
619.13
655.592
648.297
624.85
687.342
693.059
750.06
690.042
695.9
760.798
711.731
673.222
711.61
678.6
707.144
697.636
707.684
723.514
756.971
752.89
687.567
704.352
725.925
683.338
673.961
689.337
761.536
770.236
706.931
673.917
696.292
685.125
697.561
654.921
667.68
678.692
710.502
654.87
617.527
678.149
633.915
758.514
751.664
734.056
698.611
698.841
693.483
676.216
631.808
690.651
695.013
676.455
721.339
728.078
745.701
733.434
635.688
685.468
718.59
684.384
703.859
663.013
672.621
667.072
679.68
760.234
688.96
672.703
724.491
725.414
702.377
732.868
697.812
667.008
704.115
693.164
706.796
629.525
637.646
687.991
733.831
711.855
643.21
649.468
671.822
739.646
739.239
702.706
657.04
650.934
726.481
698.362
662.83
706.573
676.95
674.27
752.898
668.029
707.043
630.631
676.203
662.191
589.929
709.081
676.92
676.739
696.672
686.423
678.074
700.637
653.856
724.351
746.984
756.217
751.326
677.891
690.211
719.843
709.505
720.345
680.719
723.875
725.988
708.601
754.344
708.125
739.432
645.937
690.874
739.863
775.444
701.874
683.105
647.64
651.061
734.632
689.442
744.113
717.729
721.492
711.418
675.51
676.72
776.048
693.469
765.607
700.573
736.174
729.932
670.944
751.324
812.293
738.119
672.938
709.021
707.191
695.682
760.947
716.007
643.991
710.948
686.044
726.649
664.145
697.428
725.129
647.587
686.537
659.19
695.711
658.303
680.003
675.747
663.349
731.966
703.078
686.665
716.11
697.781
713.211
661.882
673.584
691.274
663.173
702.775
703.053
635.707
725.762
712.032
662.982
718.098
717.446
714.774
655.483
643.716
725.847
719.227
679.06
732.6
712.034
677.086
650.617
677.832
729.616
737.994
684.436
673.02
800.018
721.483
703.705
664.493
698.073
665.155
764.802
773.811
636.979
673.872
765.694
744.506
732.973
753.442
749.578
776.145
678.584
693.316
680.731
678.616
662.241
682.534
749.449
617.328
686.298
729.915
674.639
700.602
668.109
710.61
751.122
712.389
682.626
657.681
766.871
759.429
661.87
711.573
692.005
712.553
730.158
648.392
656.022
706.769
660.692
678.97
674.844
666.165
692.867
729.929
630.166
651.41
698.18
679.473
708.275
686.588
732.887
741.303
631.066
719.654
755.941
643.164
753.267
667.488
782.069
677.908
613.743
746.751
648.393
732.97
705.685
679.688
703.661
706.78
662.601
706.161
711.457
649.985
695.95
702.7
638.582
774.029
677.027
738.476
746.884
734.857
675.906
693.081
727.586
651.396
687.111
724.759
719.776
687.88
609.664
670.663
647.258
731.633
714.584
722.092
720.714
684.078
691.881
838.634
741.381
652.117
688.788
728.943
702.913
704.731
670.662
719.43
693.102
611.274
720.819
707.657
655.369
620.178
723.019
702.979
670.231
679.2
677.246
765.923
686.663
700.418
693.12
701.477
686.794
669.806
689.486
664.911
707.012
622.644
648.285
689.684
747.54
642.503
708.63
726.862
703.896
652.904
713.054
713.779
685.842
684.855
693.731
689.558
652.541
680.876
691.844
719.768
664.468
749.882
689.489
678.204
691.251
726.267
664.163
655.505
750.096
632.947
657.943
753.857
756.976
657.952
644.631
707.192
693.833
701.345
686.253
672.381
682.768
683.145
672.674
721.775
659.543
611.47
664.214
733.299
691.879
699.924
695.477
693.442
703.835
679.925
720.297
741.673
721.344
754.995
717.58
726.853
712.421
665.96
752.334
739.785
731.238
713.799
645.065
684.777
729.217
715.143
822.253
695.202
643.029
659.292
757.276
711.058
682.865
669.903
702.823
688.401
725.661
751.83
705.128
707.289
768.043
728.267
721.611
604.214
705.79
737.855
685.276
640.868
640.341
659.742
749.61
713.985
727.793
713.724
653.593
725.016
729.232
697.054
691.42
666.184
709.922
711.894
682.126
657.276
695.664
716.452
703.363
681.629
646.208
665.962
726.902
683.472
710.241
687.469
685.858
728.563
722.353
647.405
685.932
726.976
704.747
679.853
651.83
645.54
710.599
738.517
735.523
668.259
651.233
721.458
704.429
598.856
679.109
653.769
743.067
681.467
722.998
677.976
688.731
715.933
679.026
776.951
687.499
710.309
763.025
648.828
745.261
637.904
671.006
753.717
673.745
675.582
699.511
686.483
675.276
670.479
648.386
726.795
738.31
715.747
726.602
725.581
695.75
676.34
680.157
625.957
641.737
662.849
655.404
695.094
704.719
678.661
625.343
580.954
688.123
751.488
671.992
707.918
750.253
700.386
750.891
650.216
678.482
657.951
700.696
712.214
635.637
704.341
736.079
668.138
651.22
711.063
623.979
723.531
669.423
653.585
722.912
684.647
712.93
717.182
766.634
647.085
666.318
746.239
721.101
653.063
761.042
744.297
673.879
705.648
725.824
675.625
678.505
667.796
679.877
654.215
694.677
671.644
725.309
742.382
713.093
639.745
675.364
662.106
752.893
661.553
681.433
705.128
698.761
730.297
675.989
748.58
728.883
732.77
683.072
688.803
727.364
666.257
686.067
775.698
722.591
708.267
707.452
693.818
698.277
707.221
761.385
719.346
706.654
723.214
627.955
701.127
684.389
639.416
636.743
720.519
662.39
723.037
715.61
742.387
749.247
635.097
700.389
700.093
647.296
698.712
688.889
719.187
732.986
726.64
644.147
705.574
652.574
682.628
659.529
716.275
710.162
711.19
749.42
678.222
638.046
748.098
740.906
675.253
630.775
681.991
738.839
724.635
724.014
630.965
739.546
701.791
654.354
728.742
709.965
714.701
698.357
665.931
750.877
694.179
701.088
672.189
730.999
729.754
748.033
692.578
698.984
653.112
687.164
602.402
703.304
671.057
697.955
680.129
712.954
618.262
681.058
683.04
693.473
709.094
665.473
707.657
697.12
786.783
599.502
732.204
705.477
673.646
755.709
679.21
698.643
694.794
704.599
657.996
731.868
652.495
766.435
696.046
708.88
681.466
686.165
737.785
715.25
635.051
734.811
625.356
683.84
743.28
708.802
705.984
668.829
688.463
682.865
682.858
736.807
710.473
636.907
676.849
674.043
725.659
738.699
758.651
672.589
721.844
704.951
726.998
688.885
703.65
679.818
652.354
721.105
710.536
752.406
683.775
694.206
700.599
655.107
640.965
715.057
676.998
713.049
631.899
701.774
702.299
682.152
728.96
738.162
703.336
618.674
654.213
756.328
716.152
764.497
695.852
686.828
783.485
721.452
717.452
710.166
654.301
711.9
677.167
685.315
758.056
718.37
733.057
703.051
737.8
705.687
722.649
718.579
736.277
620.422
683.595
693.435
622.316
639.233
760.143
682.067
677.125
696.01
653.779
673.458
667.696
657.141
647.517
732.386
749.898
704.726
665.862
701.989
678.623
731.856
631.246
724.461
763.202
737.71
720.327
680.597
694.162
667.086
652.058
664.434
721.172
673.125
727.173
724.46
728.532
778.504
696.928
670.346
647.772
642.784
706.591
672.567
735.587
670.326
728.2
629.685
758.04
747.882
665.462
782.874
716.818
627.257
710.159
749.035
727.355
691.24
689.321
650.769
633.911
695.42
713.805
660.573
691.213
685.558
737.925
645.237
694.559
710.078
696.094
682.533
707.829
627.433
640.916
662.179
676.263
595.839
703.552
720.932
645.969
701.07
718.602
686.011
690.563
670.522
652.25
767.124
657.946
727.272
720.083
666.275
775.308
739.466
679.537
670.8
679.178
701.94
731.388
731.749
651.658
700.359
632.641
700.059
714.593
680.063
656.731
686.023
624.584
668.243
689.348
829.765
670.033
696.654
689.286
691.239
696.103
677.531
800.593
703.563
702.668
666.931
745.257
791.624
729.664
699.495
713.193
766.176
636.713
699.178
649.115
694.843
673.667
680.1
770.811
715.419
706.579
656.282
695.14
783.565
747.534
712.375
784.332
727.575
716.359
643.959
719.066
764.201
759.415
678.501
698.064
617.002
724.747
684.578
752.464
683.973
654.043
689.407
730.583
694.971
726.445
718.263
702.397
700.66
694.228
728.289
706.11
696.817
697.083
727.558
652.863
686.387
676.188
730.291
744.277
642.379
753.507
667.59
645.872
720.759
737.733
807.217
658.972
687.182
687.214
687.332
708.731
676.583
736.197
713.86
771.671
622.763
663.99
704.959
676.299
696.114
694.525
600.512
721.067
694.757
684.618
699.225
687.12
738.72
696.016
662.679
692.47
697.171
682.713
692.091
758.966
731.759
727.813
708.302
670.664
680.039
709.713
707.141
667.87
741.849
666.914
717.981
593.71
701.723
819.484
721.572
694.189
695.356
692.467
711.484
591.324
769.586
695.927
683.143
630.208
634.22
660.606
685.956
670.549
654.605
750.977
651.346
701.487
745.046
672.125
737.138
697.215
716.537
695.71
768.03
750.206
670.516
627.967
686.736
671.39
710.539
690.965
759.903
611.25
758.696
686.186
669.356
722.301
631.25
714.436
756.648
732.098
587.688
699.233
781.5
702.834
688.699
682.371
674.269
682.602
679.985
717.233
806.911
671.824
620.893
611.525
663.392
720.615
743.948
727.513
740.43
657.303
676.26
723.658
699.853
635.102
626.273
672.32
677.576
640.744
678.112
760.47
693.165
708.896
640.304
694.293
675.201
667.367
709.109
727.65
731.233
734.848
684.267
693.389
770.869
668.613
639.828
695.153
649.43
672.215
664.355
650.204
816.596
674.691
659.577
722.911
653.026
663.654
695.947
671.248
711.83
681.02
687.122
653.945
661.93
695.539
693.365
727.633
702.176
710.779
661.946
732.122
699.98
686.037
690.726
671.858
682.638
711.05
668.528
705.679
676.4
729.976
732.37
683.563
698.898
664.468
664.016
697.954
726.027
715.518
660.077
657.816
692.157
664.652
662.963
688.416
668.111
628.534
682.122
701.085
737.297
656.029
720.842
674.203
709.822
772.61
712.724
685.664
702.682
651.898
697.464
650.344
666.079
742.591
770.079
690.058
710.426
714.265
727.211
711.035
622.567
724.323
718.759
741.505
701.862
738.592
732.982
712.48
766.404
707.292
632.842
662.962
695.573
675.265
707.273
705.18
704.922
690.526
666.827
679.486
715.027
712.593
656.037
634.514
683.901
743.146
691.133
697.242
663.361
749.516
720.092
720.159
721.25
668.44
719.051
671.201
679.34
755.71
799.619
684.57
780.185
610.475
735.895
646.234
713.293
629.851
760.445
717.564
653.402
720.743
646.134
732.568
662.329
709.707
679.97
704.79
732.675
716.948
672.351
648.277
754.9
757.286
737.836
607.708
643.039
698.194
638.42
637.942
786.942
746.139
666.185
734.525
745.049
752.495
679.562
662.927
732.304
676.139
697.318
701.606
762.246
661.813
748.727
693.723
658.469
635.501
711.25
730.913
714.649
701.477
697.997
708.386
654.854
652.478
656.934
734.329
708.097
668.07
667.738
675.341
692.29
697.488
715.653
687.472
678.5
652.294
701.102
778.994
740.142
722.805
663.099
663.77
771.17
683.474
711.941
713.233
719.158
721.465
724.829
790.427
697.799
716.335
729.128
691.288
714.491
690.613
713.217
716.453
616.009
737.043
654.577
716.886
663.193
681.589
678.261
678.702
663.016
669.312
710.611
654.496
694.344
717.58
758.642
670.487
690.541
688.63
678.197
719.447
656.204
746.587
691.589
743.28
627.307
784.827
724.355
667.659
767.929
702.368
750.322
622.795
685.441
698.577
692.278
694.525
779.507
726.998
651.142
729.444
728.466
752.857
726.724
705.126
723.176
778.334
663.489
674.959
663.793
770.984
626.103
720.504
683.158
694.203
744.777
684.917
690.773
720.052
752.883
661.796
645.021
644.954
677.312
703.501
654.612
786.585
671.317
662.398
695.711
647.73
686.043
635.88
670.257
683.487
743.542
681.165
666.483
745.49
652.647
615.741
647.472
738.67
714.587
647.652
702.376
713.045
836.54
678.775
621.553
669.042
721.697
677.343
729.64
762.484
684.766
668.096
747.727
682.591
728.37
659.655
675.863
717.147
665.932
658.518
707.85
695.372
715.581
732.511
692.604
705.748
762.95
655.858
715.923
702.131
639.244
673.24
689.514
709.839
691.004
734.376
724.183
647.769
669.953
678.103
752.579
727.414
667.377
710.159
713.035
747.804
707.637
659.161
703.71
666.328
662.343
700.518
649.074
692.736
774.949
626.119
717.236
727.59
725.118
738.177
781.12
802.464
795.101
736.613
721.463
750.255
666.026
705.5
725.503
611.293
702.23
722.76
685.447
675.321
709.485
647.988
703.419
758.68
685.236
662.807
745.344
661.382
660.277
710.616
682.913
757.827
728.372
725.716
704.71
662.156
696.893
696.357
657.535
641.331
711.665
686.828
700.869
652.043
804.273
706.794
703.843
710.168
742.48
733.961
700.147
749.792
662.42
703.595
725.938
618.546
685.445
738.74
725.27
614.659
671.126
636.564
662.911
725.243
691.003
760.321
662.691
695.624
709.108
674.552
745.945
671.937
728.602
666.222
643.44
632.174
707.539
643.975
718.876
734.887
682.23
799.401
676.886
662.576
707.028
703.429
631.52
662.031
685.556
666.145
716.832
688.459
662.339
703.387
631.511
700.653
736.286
708.185
657.136
689.341
727.531
635.241
656.373
744.364
670.155
742.042
724.636
645.119
698.606
675.501
656.62
697.122
663.651
715.963
705.593
652.637
772.533
700.645
712.214
740.516
725.111
745.945
720.887
686.745
736.174
665.782
693.543
652.077
625.968
793.193
677.805
670.093
683.197
752.149
744.032
631.725
637.112
679.026
706.668
714.584
651.294
686.831
737.138
748.147
682.526
788.32
657.554
693.318
682.417
736.318
711.842
626.552
592.873
692.107
693.976
681.133
731.944
716.217
710.564
664.573
706.886
660.434
672.639
683.545
708.118
684.285
684.807
707.151
772.108
724.304
736.878
684.574
721.009
673.338
689.624
710.658
674.137
718.058
714.758
745.655
732.118
646.189
719.129
697.337
728.197
681.152
733.025
696.893
763.076
687.07
723.891
720.97
771.161
682.176
674.491
678.255
613.272
743.863
697.997
672.114
696.369
680.71
745.995
670.916
727.738
758.991
650.986
728.73
647.038
689.017
645.151
648.819
662.035
658.133
644.241
686.552
726.194
654.801
635.766
787.075
663.659
708.024
693.687
711.6
637.117
703.074
683.453
660.613
650.034
687.943
738.126
638.505
703.591
609.037
652.884
657.577
714.057
840.613
681.464
682.668
727.491
671.876
725.35
652.599
679.933
746.126
737.083
638.792
716.398
723.88
700.272
643.13
646.885
695.676
744.146
693.931
647.453
795.593
732.843
689.164
680.136
679.265
760.738
676.573
682.742
715.72
678.393
716.594
712.447
645.133
753.399
665.434
745.711
715.409
624.425
689.686
690.068
733.338
737.488
727.187
681.758
763.675
694.701
729.99
675.325
601.547
672.297
702.297
711.76
690.798
701.309
631.855
682.147
694.774
688.714
734.633
772.576
734.005
686.469
680.188
637.956
703.496
746.146
767.682
636.308
720.56
669.717
694.044
740.777
682.509
695.958
743.261
669.921
631.115
697.401
722.519
718.264
695.85
815.291
643.187
610.312
661.274
691.792
689.714
746.931
690.67
633.574
662.313
676.709
770.747
751.736
699.219
719.415
678.055
681.456
708.339
770.45
714.246
661.358
716.44
617.791
698.598
623.116
723.678
659.672
736.529
721.752
763.628
673.309
693.68
673.194
721.841
616.368
703.59
741.039
682.741
724.891
731.143
704.595
735.518
708.517
681.994
735.154
740.745
705.392
709.045
657.432
670.747
726.432
689.315
689.193
700.418
722.637
708.802
746.655
734.916
674.025
637.354
676.478
786.024
681.722
664.634
719.589
776.448
753.67
650.237
704.341
674.658
712.885
772.907
625.393
685.727
719.303
689.45
737.837
662.542
694.956
676.025
669.994
741.703
703.515
732.122
682.741
715.873
653.37
711.375
703.383
698.009
667.901
644.03
682.066
709.354
655.64
712.132
700.043
669.473
642.543
685.246
669.94
739.494
747.912
694.889
684.496
585.072
715.392
697.595
651.635
771.382
743.811
716.798
726.083
646.178
715.997
685.192
697.259
672.99
707.034
667.92
704.136
654.021
722.787
679.466
699.367
713.145
719.675
709.981
741.177
682.552
769.277
705.099
721.921
693.237
684.319
619.004
676.357
756.512
690.513
758.599
696.182
697.188
706.414
640.688
722.973
753.961
706.411
645.268
731.425
655.464
698.783
699.619
691.058
677.347
682.584
644.944
627.702
705.699
772.452
655.401
718.455
770.984
630.973
669.742
726.197
631.03
758.824
676.189
691.709
797.059
686.76
650.752
713.456
750.302
650.332
702.888
692.796
666.401
652.825
711.604
682.907
676.697
686.696
693.725
725.613
689.375
719.514
704.843
681.562
723.588
728.777
715.315
691.35
676.465
717.047
704.724
781.464
637.433
673.117
673.614
723.518
678.799
712.216
674.542
625.526
677.414
658.937
646.248
697.247
740.724
674.522
706.743
715.045
650.827
675.029
684.956
708.619
749.882
643.996
665.685
679.344
685.204
718.069
722.768
706.036
672.021
683.01
762.405
686.738
735.964
683.688
619.762
658.579
619.296
661.041
712.083
715.21
688.412
653.306
671.767
677.46
720.114
710.288
664.798
662.43
694.288
630.569
709.326
746.846
666.262
712.66
723.78
720.777
746.91
651.434
682.839
660.281
800.714
758.626
759.774
680.716
701.445
674.75
666.935
665.26
627.007
653.08
736.114
663.951
698.554
657.473
745.797
663.859
751.735
658.989
703.021
672.639
739.374
679.884
650.69
710.611
691.179
686.999
690.925
688.315
631.447
700.8
707.021
746.52
699.782
641.9
689.664
712.444
671.252
761.151
712.873
747.986
740.42
722.252
695.8
747.953
697.776
643.375
678.867
707.933
694.372
685.553
693.34
714.049
708.679
655.057
695.229
670.043
677.669
786.153
677.266
666.315
703.466
672.9
668.874
729.878
658.506
757.125
694.33
790.491
755.045
687.092
675.468
746.493
670.298
669.82
706.619
683.36
686.257
663.363
722.988
696.052
710.923
667.436
690.925
640.246
715.027
727.534
694.757
676.746
644.291
769.288
725.484
748.523
714.662
700.094
656.644
730.863
686.253
694.326
761.607
716.508
714.632
709.309
621.179
785.244
663.764
719.979
732.429
666.606
720.34
738.698
673.293
712.128
722.479
693.824
725.624
688.303
748.824
673.435
771.548
739.137
697.553
728.86
651.532
683.645
700.313
737.986
618.419
668.013
706.376
736.773
724.371
704.803
730.482
703.496
698.55
629.225
703.271
692.99
614.43
721.813
669.762
686.86
699.827
724.582
733.631
676.693
725.047
683.688
691.41
637.499
681.781
702.225
745.924
681.321
709.237
665.951
714.938
680.205
655.491
649.568
708.218
705.002
724.644
762.705
711.862
685.122
682.332
634.197
756.671
657.394
726.23
721.34
684.733
763.426
643.309
781.618
684.605
697.293
712.249
811.036
713.047
686.436
614.756
697.865
699.431
721.964
681.507
712.874
691.491
648.968
697.727
819.257
668.474
658.044
722.068
694.587
737.626
685.334
649.553
691.51
715.751
665.288
728.133
702.551
798.78
704.998
702.508
683.406
740.983
647.114
819.062
672.43
632.96
704.602
753.853
736.618
682.169
666.267
674.741
683.823
737.667
736.193
702.019
668.439
699.833
636.586
689.23
672.894
711.345
642.598
691.053
646.866
756.793
738.327
647.734
728.812
646.05
700.262
640.726
691.729
734.438
657.406
673.711
693.203
713.645
646.829
659.894
716.284
656.296
725.999
716.603
726.822
713.668
732.285
653.395
672.152
686.767
713.585
674.311
666.622
700.684
666.016
667.175
680.255
695.352
748.445
732.879
641.332
732.942
632.752
720.109
725.119
654.294
636.42
591.747
714.742
686.103
726.998
659.571
675.412
644.536
677.14
621.911
680.613
641.449
668.714
699.478
783.566
701.326
719.284
704.712
706.179
672.938
650.078
689.726
724.308
721.6
631.666
696.696
729.452
746.928
693.331
651.062
672.85
743.723
673.902
707.768
733.086
711.675
637.387
699.659
702.683
677.682
800.963
784.583
687.373
746.698
648.622
687.881
684.439
710.416
735.855
657.748
662.891
729.977
711.655
733.555
700.031
683.004
719.173
778.526
666.171
590.869
723.877
710.884
691.615
669.761
681.076
679.761
702.74
700.747
736.696
748.04
681.067
686.948
773.733
716.395
739.65
715.974
725.312
773.349
733.433
674.654
630.176
682.419
604.7
599.196
806.329
748.475
737.654
700.636
674.549
735.164
663.611
706.927
688.586
711.575
700.631
682.844
693.432
663.088
687.68
690.416
724.709
654.772
694.92
677.261
748.953
645.107
648.274
662.519
761.573
711.033
714.157
676.666
645.632
664.939
645.046
691.113
702.059
718.22
662.817
761.976
752.146
690.26
666.912
654.896
732.87
638.897
684.911
712.282
659.113
749.466
676.581
685.479
680.063
688.892
682.896
679.725
742.118
659.537
752.918
675.057
654.811
686.958
689.097
696.247
638.464
718.849
716.268
647.288
679.105
652.609
681.964
691.362
665.347
744.689
713.279
699.432
661.576
722.654
633.08
682.008
666.473
672.347
709.757
695.5
705.189
695.048
699.532
689.579
657.645
709.763
689.992
640.392
659.802
717.112
758.457
722.873
677.693
682.479
705.197
767.196
676.08
784.292
685.958
695.925
736.685
729.291
694.79
645.032
693.191
669.101
756.379
681.689
724.369
606.293
705.738
674.164
695.31
660.559
722.134
714.724
739.048
660.455
636.104
674.045
722.367
724.233
740.786
730.729
627.026
698.66
661.964
706.898
689.158
736.124
695.942
693.25
676.782
712.414
682.748
643.741
647.812
752.718
690.209
640.378
656.327
678.321
729.825
610.787
700.996
684.508
669.508
720.302
720.293
697.857
778.278
714.078
662.365
694.865
652.001
727.392
653.006
722.386
705.604
754.506
723.186
744.296
811.433
720.192
687.077
731.8
640.158
651.327
641.058
681.467
713.967
708.237
691.328
734.972
734.226
683.587
768.319
739.006
659.521
682.667
636.602
751.74
662.205
708.459
726.808
728.605
685.753
638.72
684.956
657.908
703.371
834.328
739.992
732.037
616.715
736.012
630.17
714.562
728.316
695.532
740.972
668.501
669.077
688.027
760.624
702.608
682.483
723.754
649.4
741.709
727.363
689.264
743.421
649.874
746.247
761.646
745.037
681.8
632.447
706.783
674.281
685.128
796.383
731.933
684.929
713.796
733.112
663.378
774.026
679.101
704.677
762.352
727.576
677.551
706.783
692.365
800.486
659.167
686.662
656.571
674.264
636.674
636.826
675.075
689.291
700.066
669.412
716.271
703.711
681.96
843.637
690.775
692.373
690.215
630.679
675.4
727.404
622.487
690.075
732.458
685.592
695.987
634.311
673.221
677.037
664.671
634.631
691.065
706.548
666.549
681.259
706.171
700.22
682.572
767.193
668.165
704.63
715.11
691.568
696.129
736.662
688.765
703.959
648.548
738.142
749.914
693.785
678.969
651.942
792.68
671.651
671.929
719.93
748.479
672.637
735.575
646.461
720.179
713.019
654.539
712.685
674.638
712.778
680.61
639.224
707.444
665.904
666.297
758.668
692.31
746.872
646.719
729.606
695.667
717.985
636.889
676.793
659.268
635.501
670.135
729.354
659.839
709.586
685.806
676.831
729.351
727.378
729.082
751.275
740.996
624.693
697.006
683.339
656.19
657.668
685.495
736.51
719.116
686.212
707.893
722.9
728.528
605.589
707.154
706.207
705.154
683.788
709.321
692.571
725.486
598.93
656.54
660.966
662.036
713.676
700.904
658.516
674.37
703.112
724.049
668.954
685.339
699.08
675.062
746.999
734.311
637.442
716.078
693.253
652.648
713.803
761.316
670.135
683.166
646.415
690.311
662.862
635.132
706.433
688.313
655.555
707.519
770.158
733.964
736.872
748.626
618.151
721.55
643.402
642.666
713.996
662.625
755.133
702.614
726.09
749.058
662.234
664.655
689.722
682.079
666.777
681.476
785.561
748.558
704.879
782.965
705.248
670.776
726.455
636.602
672.223
752.526
702.033
770.364
685.361
703.726
667.718
626.467
703.047
685.878
620.159
718.825
721.031
686.64
749.742
741.848
745.281
735.993
719.163
666.694
702.475
651.563
662.574
683.648
644.742
777.991
650.013
656.932
708.103
653.6
717.006
631.67
680.309
651.768
669.873
636.724
729.394
711.021
742.084
695.861
619.426
657.621
740.366
715.425
676.998
722.317
714.058
687.583
693.799
615.936
725.052
673.215
693.863
757.94
683.476
660.998
718.453
737.671
743.514
683.482
636.134
688.306
658.667
697.688
741.641
661.167
751.161
713.514
632.036
753.773
684.88
771.141
790.504
746.532
715.62
713.011
705.298
670.267
688.167
716.869
747.601
695.268
707.52
697.564
701.937
685.614
721.999
698.29
647.84
665.306
723.84
726.136
679.317
653.705
703.092
662.991
681.139
713.533
697.36
645.515
680.638
690.717
736.449
748.936
