834.403
821.362
893.152
979.54
901.114
1150.61
951.363
867.204
1129.41
1067.5
1016.96
1067.12
870.988
923.669
819.523
983.796
800.021
930.529
934.129
872.634
947.12
893.458
874.377
939.324
911.425
842.673
912.482
785.145
1013.5
1049.75
1097.56
1083.31
869.703
1008.12
851.443
894.112
1019.73
827.973
935.688
946.924
913.067
812.063
1032.7
820.784
1134.16
765.638
872.77
964.924
1003.99
952.798
1034.72
915.353
1052.23
829.641
899.591
973.991
1019.78
916.735
901.447
972.806
1029.58
948.625
812.966
891.276
929.921
788.633
846.747
801.462
751.253
1092.78
872.527
840.651
1051.69
990.355
861.54
1024.64
995.817
1119.01
885.85
735.947
963.128
1010.27
977.614
883.207
852.593
856.335
1008.3
967.331
848.256
920.865
864.852
809.332
824.903
904.287
1061.24
1000.4
863.453
783.69
1001.05
1057.03
928.63
1060.62
1056.19
819.628
1163.09
833.518
839.129
1097.84
924.507
1022.73
1024.26
969.725
1001.41
835.576
990.023
948.336
941.68
873.069
981.968
826.69
865.013
937.198
985.602
975.263
914.706
929.178
774.335
916.899
984.475
840.403
870.272
963.927
886.428
964.961
945.127
926.055
1260.8
1072.06
735.155
826.709
894.022
948.038
1142.63
976.7
970.28
849.354
905.118
1001.25
765.132
1023.57
877.115
844.424
975.868
998.528
876.753
901.103
912.444
832.887
767.75
965.927
974.887
873.128
886.464
887.553
996.3
958.348
985.735
872.642
979.586
875.11
855.787
975.366
1021.73
926.36
895.051
877.119
861.22
843.799
929.84
945.722
981.432
997.783
1017.93
1037.88
879.554
944.169
874.997
1030.49
1094.99
1058.17
861.935
810.739
864.634
937.28
931.404
876.148
970.39
848.451
1023.62
858.749
957.886
792.559
1047.25
896.241
840.428
1016.51
1005.18
819.934
1058.88
1049.57
894.438
825.787
910.254
810.945
917.561
1094.89
976.585
1050.48
980.553
846.077
798.598
839.664
778.986
875.123
799.082
820.792
939.552
950.318
995.224
644.303
1037.13
908.842
873.048
924.76
887.407
943.019
781.95
831.414
953.582
829.529
773.161
718.214
756.057
918.817
945.117
957.313
1130.16
908.574
1027.41
791.199
829.64
837.115
954.743
987.742
766.72
907.614
928.745
863.046
1296.82
910.24
959.664
1068.98
934.549
933.398
938.785
826.519
881.657
951.158
902.123
885.31
811.942
914.551
793.879
979.929
1215.48
994.293
843.196
1052.41
915.264
965.554
1060.54
947.852
1068.17
797.367
1020.31
751.486
864.709
944.406
1016.2
944.771
870.406
896.83
914.352
855.417
931.166
788.689
1051.85
898.143
867.399
918.2
983.142
800.918
838.087
910.936
882.322
844.639
834.752
834.076
1257.72
945.326
984.059
1022.29
1034.4
869.554
1231.84
1018.82
1086.09
872.916
1068.26
1019.24
946.038
826.621
1060.47
1037.13
835.425
1062.13
1007.19
1108.68
956.609
788.886
968.441
896.374
998.176
759.532
780.37
799.231
795.486
978.015
929.979
845.384
809.833
986.406
817.256
855.784
811.184
1034.81
788.406
1063.13
841.411
897.474
987.504
947.287
866.276
790.751
951.034
869.272
988.741
1005.78
980.433
973.754
805.189
978.79
918.64
954.552
945.375
980.614
1059.44
964.416
1031.87
1022.61
725.032
973.188
979.689
1043.53
929.257
932.21
991.754
898.766
1132.34
879.499
945.419
886.841
834.726
1120.68
994.105
1076.81
862.885
878.411
966.419
907.091
922.737
924.574
1084.74
1077.69
776.048
914.417
805.394
761.403
931.272
897.185
750.359
1028.98
983.317
779.549
993.678
732.004
886.597
773.3
973.589
1133.3
972.321
822.134
770.231
846.981
988.68
1014.85
781.21
881.747
925.765
806.021
1001.71
795.744
998.673
1044.58
991.358
1072.33
1045.28
771.196
943.434
908.114
990.198
1028.9
811.81
1176.07
902.532
760.871
984.394
906.199
961.448
841.911
821.075
809.438
855.282
858.108
845.776
1064.02
842.809
1034.93
1057.12
831.287
1015.09
886.215
945.717
902.587
874.482
881.965
1179.26
966.864
872.217
1226.24
970.308
672.953
907.627
879.769
857.012
862.583
835.489
968.639
1052.78
902.67
981.701
987.736
1009.41
971.176
954.64
824.462
920.725
847.813
901.608
843.868
1016.52
839.975
938.835
864.584
1029.91
936.561
926.704
823.943
909.404
908.234
1111.89
1011.63
918.137
1004.35
1027.49
871.131
898.34
784.741
958.86
906.867
884.931
887.093
1039.17
870.12
952.004
833.014
770.984
957.151
814.56
1006.29
942.18
975.672
1096.48
852.305
917.238
1012.23
903.434
894.698
949.42
889.638
1012.29
907.093
860.13
766.311
849.95
989.588
902.162
1034.7
873.144
897.566
891.574
1226.22
930.08
930.033
999.27
791.033
1099.27
991.067
873.391
965.155
826.447
1215.02
966.521
1032.24
945.704
899.793
1012.22
832.239
906.601
850.974
839.653
859.185
1145.18
836.9
972.864
901.224
985.088
836.616
887.571
1081.93
960.056
716.998
1069.14
941.042
901.059
983.334
834.444
1060.44
1050.74
920.746
1073.49
881.947
882.049
995.893
885.276
1139.73
970.596
820.598
853.851
993.165
1079.56
1053.87
778.043
910.95
875.228
1072.15
917.63
950.595
998.977
939.971
994.278
1081.49
842.25
984.679
954.961
1044.99
879.131
903.441
1001.41
1061.97
1008.92
928.328
667.69
976.603
1076.9
943.661
1065.13
843.03
1012.4
1040.87
907.362
1063.79
993.874
845.589
804.285
812.313
1083.36
975.497
741.604
1115.49
960.919
880.877
971.397
840.268
1059.18
924.35
971.086
830.878
948.188
977.079
1041.34
938.029
918.29
947.283
946.539
1052.38
912.126
1223.51
801.461
980.401
807.679
910.823
718.835
990.483
1003.18
853.535
1024.34
920.83
830.245
834.637
873.148
943.065
891.417
862.031
838.019
1038.47
802.663
969.3
1070.37
932.466
768.462
1012.76
933.385
880.752
892.579
949.357
872.883
874.398
1143.56
952.155
928.097
855.692
736.318
1077.25
876.213
919.062
1021.1
959.204
980.89
907.117
746.629
1020.96
874.956
933.983
946.259
858.796
929.783
1162.04
787.33
875.862
889.138
891.317
941.493
795.3
1011.94
999.297
814.333
1057.75
950.671
922.118
1023.39
969.314
834.891
791.844
946.864
922.576
859.411
1086.84
977.519
840.757
986.15
920.409
882.707
873.234
965.844
892.988
1132.11
825.867
1025.94
989.186
808.612
841.798
729.389
844.685
1102.78
940.121
1013.74
827.631
781.701
873.676
747.956
930.523
839.027
995.229
993.043
1167.11
994.898
816.956
888.13
969.78
936.141
917.157
849.205
950.073
878.415
1095.67
809.284
876.171
935.351
857.513
852.464
882.011
1011.01
852.389
924.247
811.253
1205.09
898.832
1077.45
977.8
853.679
877.82
1117.3
1023.11
938.128
837.889
926.956
1049.27
887.088
1268.79
683.008
862.908
1011.88
861.528
978.071
964.741
991.109
913.231
1147.95
905.658
817.197
884.755
849.071
1003.61
960.215
939.389
994.397
981.756
867.601
897.675
944.657
950.742
818.585
889.491
1063.81
950.019
849.809
1071.98
891.224
838.748
925.208
854.437
1089.12
896.423
870.29
972.297
802.034
1021.72
822.006
897.608
811.304
918.481
903.747
1052.74
905.731
901.836
886.481
936.545
1000.41
942.286
1021.92
906.982
996.548
727.479
888.767
1002.08
810.812
947.516
808.301
832.776
1036.38
1202.69
865.391
897.651
830.544
915.467
824.431
919.835
915.57
799.314
1008.07
1070.7
965.439
902.823
1018.14
882.492
859.077
719.262
1020.25
928.307
1131.69
878.993
872.916
1052.62
814.137
903.269
902.757
799.836
847.922
794.474
926.881
971.979
1081.76
889.683
913.139
842.832
954.705
814.01
921.726
1078.28
1034.23
884.982
887.349
973.248
855.601
943.447
834.097
891.851
871.109
995.666
814.867
966.938
884.346
808.27
879.352
1184.97
854.763
1011.69
742.202
1118.71
983.529
1030.34
1002.31
862.872
933.123
935.35
889.957
945.557
806.951
1015.71
794.054
1066.64
918.037
957.416
1126.7
1032.09
865.833
871.608
856.332
869.024
947.693
1184.34
945.511
1029.58
805.18
914.035
818.013
760.612
991.877
880.046
1016.24
848.693
963.321
1078.1
1011.11
1066.89
882.734
877.509
917.239
979.197
864.189
913.719
823.108
981.994
749.144
806.611
892.487
902.865
928.99
892.804
886.424
956.54
897.82
1040.75
955.58
818.432
883.373
779.568
882.885
920.155
892.019
927.215
925.914
947.582
812.381
945.438
953.918
1005.37
887.756
908.821
1092.93
886.402
974.56
1057.01
1050.08
923.603
1040.22
958.277
1013.58
914.045
979.235
938.508
980.054
739.826
814.229
1052.21
1006.22
858.922
1032.65
864.422
864.431
1031.6
797.881
1013.35
885.858
1015.22
1049.06
900.646
917.615
824.551
891.437
830.65
735.261
978.712
739.577
1053.5
908.068
895.744
1031.05
769.359
916.444
1092.7
951.913
935.666
892.773
837.088
1091.34
827.515
1030.34
924.154
762.568
1175.48
1081.27
926.737
876.205
1009.72
859.543
1045.04
924.783
853.095
1038.39
1000.42
848.178
878.202
1035.16
1068.4
968.432
902.077
779.853
943.167
909.979
1074.29
1063.12
1023.22
1027.87
1003.44
827.396
923.631
963.358
867.52
846.02
813.383
950.442
817.98
1019.29
787.524
877.608
1000.96
989.368
826.501
1001.7
800.045
1063.49
1003.99
894.677
946.999
1052.94
918.334
890.04
926.817
830.966
889.123
997.654
799.572
827.103
917.352
952.424
1047.71
876.597
886.107
913.023
951.645
880.934
817.508
924.004
1003.08
717.357
836.63
875.92
863.299
878.107
948.154
911.128
1005.06
885.142
826.075
999.979
775.145
946.365
975.795
833.214
1056.81
827.116
784.508
884.697
889.212
982.023
902.344
929.033
1045.84
987.28
879.829
935.967
808.373
1104.21
954.756
1119.46
893.309
944.086
910.366
931.512
904.693
1107.67
1004.98
979.684
1019.78
876.425
900.265
710.306
924.597
886.767
1103.38
985.01
846.476
913.074
1024.02
885.115
798.283
807.218
911.002
1010.96
1027.29
948.016
920.006
970.292
883.988
858.843
945.329
834.269
853.322
929.823
831.44
985.554
1063.15
1005.96
902.155
942.352
916.455
1015.21
1014.48
805.888
961.823
967.87
868.155
1039.57
842.139
820.405
898.631
859.57
961.179
848.673
1101.82
902.644
924.322
780.224
955.946
849.081
1003.74
931.221
819.328
932.079
913.338
885.393
851.184
876.947
934.66
763.839
952.528
955.245
856.277
902.139
809.548
843.639
1019.21
782.775
897.213
970.774
821.738
1041.2
830.406
917.981
912.884
1002.87
896.852
960.611
914.743
1009.56
921.228
701.811
899.561
1105.89
984.549
809.22
914.213
873.442
960.72
885.679
1061.97
938.404
1136.53
960.127
858.535
897.739
922.563
870.546
910.394
911.151
1061.86
863.113
1178.62
1012.51
1047.62
1056.43
764.084
892.807
837.434
937.664
983.655
873.781
863.491
822.456
938.805
1003.47
979.085
762.818
832.542
836.012
905.79
801.521
915.488
880.856
810.7
760.523
1030.04
948.486
834.476
982.265
1009.17
1000.56
864.688
873.152
842.833
841.309
904.854
895.282
954.153
845.185
767.153
883.195
868.928
997.373
1134.75
971.821
837.644
994.017
938.574
834.203
828.497
882.138
932.031
943.061
926.772
786.132
1102.05
802.985
890.058
897.837
846.1
889.801
840.861
1059.69
943.881
1004.47
789.315
891.14
820.673
1141.61
959.432
898.058
810.332
910.64
896.097
856.551
1016.15
948.611
1238.32
993.105
1053.36
1068.59
929.964
964.003
1021.67
805.438
1119.75
924.815
939.056
1031.25
879.604
976.017
1067.76
980.832
1040.68
948.983
828.008
975.924
811.525
859.272
988.949
959.748
849.457
982.962
949.953
1058.71
1066.78
975.465
930.119
894.827
1109.07
962.567
784.473
968.958
910.595
778.41
871.079
818.098
903.219
972.758
944.353
917.785
854.259
925.426
941.053
888.041
1016.11
833.722
823.572
915.004
1089.54
834.026
1095.62
886.625
977.986
889.832
907.317
991.529
1040.57
898.88
873.057
949.967
801.019
876.164
856.799
975.658
1086.78
1021.46
849.633
830.181
988.705
882.592
928.908
957.743
893.157
956.832
936.817
841.114
1058.11
803.213
1032.6
865.013
954.139
822.035
1032.15
938.485
900.433
907.35
868.566
1097.65
1057.29
883.528
950.287
708.84
821.528
896.132
880.116
1063.72
966.489
1028.46
866.836
929.993
1038.39
852.947
754.597
909.484
998.562
1166.14
905.788
938.078
906.517
968.098
953.532
941.267
916.285
930.665
936.9
909.845
893.991
915.871
928.944
931.792
813.076
957.5
1010.43
997.596
949.192
714.702
672.673
918.647
919.478
959.508
878.979
955.207
1145.46
919.944
886.065
888.045
896.586
979.694
885.828
929.133
870.414
928.408
911.73
876.332
980.244
899.395
976.949
930.277
992.806
1133.01
776.445
975.531
1051.22
889.05
1011.98
1046.6
822.102
888.353
859.43
847.975
767.263
884.116
1056.87
883.51
863.349
967.832
956.143
715.315
1068.73
987.337
905.171
874.212
964.673
1165.7
873.694
1026.81
979.705
795.579
1090.99
1023.59
927.559
1004.19
1002.71
908.302
999.492
829.002
892.197
872.909
957.924
1034.52
895.446
895.101
862.577
826.253
1042.1
943.515
1007.51
874.406
780.899
903.683
997.106
781.617
946.968
904.31
944.843
929.822
982.355
851.566
994.536
839.172
1038.51
926.394
1033.74
1103.85
836.8
833.228
888.893
1022.98
777.125
897.234
908.109
1108.71
811.319
904.66
802.55
815.642
819.762
1026.26
802.997
1022.58
1015.65
1074.64
1032.67
898.31
808.946
994.647
1106.2
1022.28
854.996
832.863
962.43
1136.55
965.371
762.746
954.104
990.073
830.57
896.754
971.72
971.869
981.625
1091.8
893.349
955.269
1168.83
1036.86
876.469
1035.38
942.905
959.389
825.534
861.984
865.514
803.555
892.504
930.481
842.052
993.751
994.664
712.93
714.886
979.683
818.128
883.75
950.32
842.595
904.091
853.746
977.447
819.303
943.949
820.187
763.007
839.821
876.397
1061.5
907.792
884.624
914.606
915.667
960.108
986.786
704.464
926.146
1130.82
962.392
929.188
923.729
1133.93
716.997
974.611
842.139
849.37
975.253
903.508
890.408
1000.72
962.86
877.964
1025.24
961.973
1063.61
778.947
976.277
880.684
768.975
1070.34
735.767
958.333
855.101
878.853
946.038
886.172
1100.61
921.614
768.421
925.989
876.361
974.074
920.205
957.785
939.412
956.304
911.885
1032.8
907.662
937.619
937.777
862.847
981.414
929.603
771.996
1005.51
863.116
994.421
927.029
881.617
793.971
932.804
933.45
930.037
867.122
761.468
968.251
920.946
915.577
824.992
867.143
1071.92
806.499
1003.64
1072.55
911.938
1007.21
914.755
837.662
1018.64
1051.11
988.201
1129.93
860.962
876.769
961.52
1033.71
974.235
1025.5
1172.78
772.882
956.007
913.38
951.905
868.014
726.371
910.036
946.01
1033.93
997.395
941.314
944.239
993.676
996.398
926.071
999.675
890.087
890.958
1143.78
946.095
864.838
971.853
897.081
861.648
894.132
960.633
857.2
1015.74
1064.22
914.667
841.362
890.24
806.972
894.77
862.722
992.074
949.003
797.301
908.972
735.669
970.204
1113.4
919.38
941.21
1062.64
1054.7
916.384
1017.9
1088.38
957.894
805.832
870.575
830.332
873.466
962.979
1019.23
1098.5
858.244
926.904
844.486
873.891
793.71
841.023
953.603
937.64
1016.22
885.141
961.473
910.93
834.515
938.758
796.426
943.237
917.51
1125.84
841.301
876.913
927.66
1182.55
769.537
982.18
926.321
1028.52
1025.39
857.123
909.764
1017.92
971.258
813.538
854.055
904.224
954.217
978.993
951.046
735.195
781.112
875.296
945.193
852.957
823.751
823.861
939.503
988.156
893.293
858.445
1108.3
832.933
955.575
769.502
799.21
1025.74
838.369
1011.32
933.801
906.503
1038.82
797.422
813.454
763.158
991.351
833.265
825.749
915.426
858.671
902.58
915.186
1069.6
922.219
1011.89
900.889
987.4
868.542
969.882
996.176
823.943
921.53
964.304
893.773
1079.58
884.891
1156.92
938.45
988.979
781.757
897.775
902.993
869.486
1026.65
898.845
885.371
832.859
1119.15
710.695
1015.16
927.334
990.142
836.193
840.843
944.67
842.513
840.891
1027.76
934.848
933.627
939.565
1120
911.285
834.491
923.784
892.845
887.159
1047.66
841.212
758.353
702.929
870.843
846.919
885.279
963.622
862.24
905.313
1002.23
1072.56
966.283
907.606
873.469
853.172
846.386
852.633
760.641
969.415
1085.58
1050.04
840.092
1116.38
766.38
831.654
819.293
857.846
972.214
889.291
994.195
777.876
1022.1
846.519
938.158
882.126
980.13
912.302
1038.84
1003.14
951.549
885.653
958.409
938.59
873.299
784.601
1031.79
795.112
910.736
952.859
956.188
915.491
920.226
1120.11
953.201
820.409
851.681
819.639
1049.18
844.762
902.323
1014.61
924.157
883.447
994.164
873.187
950.303
959.299
948.413
840.122
795.102
865.294
908.603
963.777
990.787
1054.01
890.28
801.061
1061.67
900.746
940.913
995.608
1038.97
890.807
964.519
1002.86
957.693
1040.72
942.405
860.563
813.769
990.597
901.339
1115.5
812.681
855.82
983.346
934.772
882.38
830.079
969.237
1012.63
927.979
1037.84
973.946
957.237
990.863
905.452
1028.69
941.097
806.384
1051.39
869.721
845.233
1048.21
954.603
851.309
916.507
972.339
886.713
1200.5
934.808
817.672
900.085
953.866
940.936
968.404
885.576
931.395
1005.52
985.533
1010.87
1113.49
927.776
984.262
1007.86
880.67
923.68
913.079
926.422
1032.19
961.961
916.9
816.991
812.231
928.973
861.902
948.221
884.714
868.268
871.256
735.369
987.482
957.082
993.699
867.163
819.149
991.476
898.127
946.453
912.88
851.365
1042.34
1064.55
1114.34
933.73
1218.83
837.296
1180.27
885.698
724.515
984.131
878.589
954.818
843.273
779.117
954.965
989.869
866.647
873.674
907.867
1125.73
898.176
933.191
851.288
840.76
885.27
848.95
768.267
938.995
971.268
793.713
938.302
1027.83
1054.2
833.942
1034.84
937.678
916.889
840.339
979.178
844.577
1037.74
942.07
1090.77
889.249
932.253
877.704
938.394
899.13
952.213
892.075
914.947
672.388
995.009
901.71
827.518
989.49
876.803
898.663
879.308
894.716
817.871
1042.23
797.515
798.844
1116.31
1026.12
793.836
1262.05
1053.11
823.318
818.714
896.911
939.513
1007.52
865.961
862.066
872.563
1079.28
977.552
856.707
1066.64
806.306
941.23
924.489
833.663
879.363
927.547
970.748
917.974
851.925
918.168
1036.49
825.869
1011.84
919.906
974.511
1109.6
806.767
1008.18
920.244
972.898
1073.85
1098.05
916.382
952.265
871.845
891.246
934.34
948.792
894.931
929.303
816.088
797.145
1192.3
1002.45
1144.78
1204.26
1004.13
1023.81
877.223
828.821
894.239
997.577
988.812
850.795
808.428
1075.71
874.507
1129.39
733.353
940.191
888.203
882.841
884.805
831.735
804.282
851.49
1153.08
835.616
1045.36
742.512
740.616
988.101
971.358
877.399
920.03
832.668
949.097
863.035
924.484
1040.2
1075.44
979.85
959.647
907.234
835.098
1073.43
918.356
957.108
835.9
1077.8
845.076
1035.93
1006.68
919.272
1056.24
1118.76
873.423
982.068
984.885
1234.9
915.928
815.922
862.335
920.449
1091.62
1068.02
881.962
811.413
1025.67
864.67
822.305
914.843
835.058
1011.48
964.572
944.441
895.626
1011.24
1030.99
833.049
964.493
827.257
829.704
998.123
977.064
974.361
1020.95
955.723
817.778
911.977
864.977
1043.38
953.304
970.976
1132.8
1044.6
850.127
946.46
1083.46
969.517
955.659
985.945
838.893
1088.34
894.291
1050.74
874.236
858.956
955.918
915.697
966.636
847.182
946.196
1003.61
927.215
984.187
862.257
866.064
975.068
1416.36
842.326
993.331
903.258
846.846
1028.63
903.797
968.639
925.299
1019.28
991.52
923.413
1001.87
1059.48
887.004
923.489
886.738
925.123
1062.89
967.026
945.347
775.622
794.793
891.84
904.192
1015.74
923.859
1022.91
987.006
924.993
1116.67
807.465
922.551
916.411
961.061
837.466
940.214
913.312
918.036
863.857
911.823
895.477
833.099
899.797
934.852
918.108
963.306
863.886
1024.48
821.313
1028.39
1047.1
1074.05
1075.37
1070.12
1206.92
868.033
863.56
897.29
964.098
973.075
864.99
877.17
1060.38
872.512
1098.28
834.656
948.74
925.833
1050.2
1025.2
934.528
776.52
875.499
1162.22
859.832
1005.04
997.348
784.306
1049.31
878.032
808.131
921.248
945.826
993.702
888.389
817.46
1001.37
938.558
900.163
851.724
763.983
1157.6
1036.04
917.042
1100.84
1110.53
941.169
957.881
1021.37
991.205
759.806
944.489
853.872
1032.38
976.115
852.232
860.462
989.889
966.938
725.268
970.545
848.327
846.173
779.248
867.339
1009.32
1105.91
813.79
1038.93
975.035
806.949
746.868
875.715
908.682
765.157
790.848
894.749
791.109
974.142
1158.34
771.693
796.673
1096.9
1028.21
971.483
962.554
989.811
970.314
1032.49
854.779
1029.42
793.002
754.906
998.148
843.163
1020.25
859.942
913.759
1263.05
907.524
1032.33
970.681
1096.31
943.141
1123.64
973.888
859.443
1041.6
1062.62
965.536
1053.46
1141.24
734.524
943.841
901.987
880.582
935.961
1000.81
923.315
802.438
806.607
907.877
881.997
964.374
868.583
846.357
935.056
1053.86
985.804
848.055
878.79
808.079
769.958
844.886
1145.76
880.073
906.829
854.41
1093.65
849.532
917.982
928.708
980.008
1052.48
827.407
920.647
806.695
867.183
1006.45
978.629
934.968
798.921
938.824
885.327
1020.98
1073.83
948.619
943.74
1012.79
817.881
918.214
1166.98
1009.35
887.526
924.895
862.026
878.121
972.117
930.305
923.822
904.048
973.918
894.171
1112.94
879.764
912.792
906.506
942.924
797.938
1066.86
925.085
1031.29
1107.99
1055.35
927.91
931.952
963.871
825.375
922.99
1017.14
1094.88
1006.04
1095.82
1117.77
858.027
861.251
1015.44
933.238
888.454
740.012
872.67
1135.45
887.316
948.064
936.869
1028.81
1110.65
898.56
899.813
970.981
972.348
841.596
910.232
959.788
931.121
947.391
896.85
873.855
968.202
1006.75
786.45
1034.28
849.203
918.219
848.597
915.212
859.866
929.213
818.884
918.532
1104.94
946.66
1129.17
908.268
990.624
813.293
905.64
837.587
896.29
1083.02
902.923
922.048
1049.98
892.315
1035.09
950.935
891.624
971.83
1091.11
936.93
860.919
825.678
911.95
1003.39
844.784
1107.21
953.713
987.665
849.967
928.306
950.932
869.728
1094.68
877.982
730.822
841.769
916.693
780.762
983.819
788.718
852.489
901.91
983.551
1059.27
992.772
1132.92
983.905
902.63
937.816
942.314
920.059
927.239
1017.76
847.694
785.709
912.928
1160.13
837.419
871.745
881.606
1057.47
925.382
946.496
1033.57
983.645
1035.05
1022.27
830.821
914.163
893.774
870.787
1073.37
862.874
834.744
971.895
977.494
926.072
961.417
940.458
836.722
847.26
1056.85
919.613
777.857
829.364
1048.71
927.643
1044.01
918.636
1018.53
816.666
790.767
1002.21
792.092
927.586
921.119
997.698
934.672
867.622
839.414
968.143
835.061
789.015
992.895
896.009
839.02
958.292
1006.73
916.615
840.73
899.595
920.425
933.975
966.839
1042.35
1135.56
1054.5
848.207
943.306
1024.7
954.381
898.293
889.608
923.513
779.846
845.283
832.693
1003.17
990.334
1013.9
1006.94
915.823
893.976
858.671
891.25
1125.16
822.596
885.244
1014.95
1003.83
1103.22
890.585
887.495
914.714
1068.44
835.702
775.859
886.805
955.497
970.839
947.189
941.658
1042.66
913.912
967.772
882.191
918.641
1004.81
916.835
873.696
906.754
905.358
933.103
1075.74
960.204
892.015
936.905
970.378
1037.35
1036.79
841.966
781.616
941.606
786.259
895.423
955.412
914.64
961.298
927.829
938.645
942.464
987.466
810.433
933.033
954.932
1069.77
1062.24
996.222
826.496
773.104
875.616
902.651
1007.82
927.813
822.775
1094.5
983.824
793.601
989.475
867.368
1111.02
988.115
848.302
818.07
855.35
947.578
1163.49
977.589
900.936
1011.84
933.214
869.54
877.143
937.75
977.011
1009.98
1073.33
1141.08
1039.21
955.531
878.708
971.274
821.28
825.705
850.234
777.096
937.025
984.169
840.256
1054.93
1127.1
1095.77
882.653
1004.48
1026.01
878.759
848.684
929.73
965.851
936.392
864.223
931.234
858.008
923.988
868.411
860.637
881.475
999.303
952.492
889.643
1090.7
1023.24
939.981
869.668
1082.67
967.231
1027.82
775.01
1072.56
898.506
832.511
966.875
797.07
909.844
797.275
1121.61
899.399
930.698
920.788
804.61
817.772
850.433
832.476
1035.89
973.233
942.109
998.197
862.732
900.525
901.027
889.649
981.033
1026.44
840.068
930.358
922.232
766.619
938.945
907.192
783.738
932.606
1025.13
782.096
767.189
967.856
859.466
1077.55
1029.4
985.483
839.322
1066.04
706.06
842.056
892.386
1079.43
778.35
1100.54
801.324
913.166
770.065
940.125
902.393
895.855
978.46
976.372
906.717
1019.59
997.128
1039.3
837.093
980.06
1124.41
973.652
996.68
895.883
912.966
755.344
1046.92
923.53
1166.31
898.316
1016.62
1203.04
1049.84
841.692
1001.15
947.176
949.289
852.92
819.219
1055.62
937.998
870.325
1154.17
787.986
1034.42
1082.99
962.744
918.681
983.164
982.94
957.124
959.733
1033.4
913.756
920.637
822.073
966.738
997.128
1083.18
764.366
1063.75
913.72
1037
915.375
958.977
888.411
865.203
1057.95
988.578
1087.13
763.147
846.583
958.794
888.486
1056.07
894.452
1109.4
1026.98
1058.78
1155.31
1035.34
855.164
1029.22
969.565
887.324
839.585
911.264
1087.67
914.236
981.857
969.372
1061.75
996.061
794.141
1031.25
1071.02
1048.74
813.926
972.536
946.303
923.389
741.217
1092.58
1011.78
1026.16
1235.91
1136.52
949.962
872.14
777.813
937.529
996.086
943.457
1067.26
826.333
919.67
859.86
948.791
893.184
900.219
822.546
879.161
1114.17
950.891
1196.4
893.849
911.649
934.803
1121.51
926.912
783.458
882.66
919.158
928.512
1069.68
999.592
826.845
998.737
898.914
884.693
942.088
905.678
915.538
1001.7
996.699
959.813
838.246
904.017
986.813
958.575
1083.18
1022.04
970.53
882.448
1117.02
1112.43
932.902
990.232
1006.95
1081.01
987.787
852.185
862.298
924.816
750.586
768.198
1105.08
799.113
991.093
886.903
808.079
852.322
984.654
852.993
1207.58
799.452
1091.25
1020.46
942.665
927.483
859.202
884.899
996.788
929.825
910.365
810.381
1229.49
909.675
843.445
935.007
1031.17
1060.61
926.205
822.46
783.806
1107.77
790.628
950.399
916.1
922.312
1017.21
903.113
876.57
915.352
719.527
876.418
1084.89
853.935
810.652
1067.15
847.64
946.396
1010.57
912.58
1047.68
1054.14
915.634
1257.26
761.156
1013.93
867.858
906.041
949.824
927.322
891.677
989.361
894.529
861.524
952.199
818.499
955.864
933.68
776.347
961.467
969.032
979.421
797.374
1016.85
901.992
940.248
998.498
918.127
1059.16
887.897
1002.46
838.926
910.404
970.591
786.574
862.135
1121.33
985.51
949.77
820.901
971.322
976.793
1072.31
837.614
1016.93
911.32
875.315
923.164
900.374
924.632
852.816
852.148
902.297
965.671
904.23
961.165
879.392
842.208
966.452
826.316
849.797
1052.25
933.48
785.759
1172.57
889.138
908.692
742.194
818.238
1184.73
888.427
775.489
966.66
888.151
977.619
899.655
955.849
1063.75
914.801
970.952
1090.54
684.016
828.931
977.878
869.328
898.647
892.477
950.143
941.99
1091.53
1079.94
967.767
962.972
1264.94
918.896
901.13
1090.76
844.925
976.008
769.099
889.51
923.773
1159.99
998.048
900.662
1002.29
862.462
767.562
981.798
809.144
1020.99
1013.38
862.572
872.155
864.741
824.807
834.276
828.625
1006.02
861.002
912.9
997.729
908.965
1035.76
957.225
712.365
831.719
1109.36
851.689
923.736
841.288
1034.17
790.873
1009.8
856.882
961.215
964.472
1002.84
921.052
1012.84
694.454
889.146
1025.28
968.836
1103.89
881.758
822.037
762.798
1013.1
922.215
954.186
960.976
1021.22
1161.3
877.634
992.343
1196.33
882.225
1012.19
889.61
828.113
876.083
912.136
848.626
915.646
859.381
853.496
1076.25
1003.84
804.965
994.268
817.015
933.233
905.411
1033.84
1074.14
950.035
1033.27
947.647
1138.35
794.233
874.837
793.095
695.234
1010.36
865.205
926.959
960.692
902.175
962.91
916.865
1123.4
910.482
975.692
814.831
1037.99
1030.84
865.211
805.152
963.543
952.034
909.764
929.817
896.875
991.285
730.547
922.544
882.337
945.515
936.209
861.584
1062.59
933.372
1172.39
961.303
941.96
895.061
1155.56
971.828
971.2
1014.8
997.944
983.1
900.278
1173.53
997.756
841.067
825.435
782.886
970.555
883.206
863.858
906.391
912.939
736.414
1053.83
904.25
1005.81
805.686
984.355
867.268
982.932
974.41
849.986
919.68
837.466
935.409
950.598
945.388
978.166
1074.69
867.411
877.73
875.025
1107.49
900.305
1006.67
877.673
941.635
943.946
1031.57
838.055
929.251
863.242
973.347
927.805
1024.15
1177.04
919.193
1025.4
985.054
988.263
796.475
890.965
848.465
965.537
910.51
949.21
928.094
920.551
783.159
918.327
943.551
1173.23
887.339
868.158
1190.82
914.029
876.349
911.131
867.61
811.315
949.164
945.436
908.015
990.913
1012.77
885.12
861.901
844.494
881.568
966.756
871.079
907.352
951.841
902.538
906.359
734.843
988.059
1076.55
780.287
1037.51
1057.05
1083.93
800.657
926.136
1231.13
829.938
1189.64
775.742
898.335
821.206
976.884
856.171
1003.14
879.038
1028.48
787.852
726.832
870.337
1001.36
775.948
940.579
861.07
899.831
910.833
958.446
1005.49
988.893
1035.1
1013.43
822.554
896.248
1045.43
1147.98
902.213
1069.25
892.094
739.513
1034.91
819.66
906.944
886.706
933.226
1011.13
831.195
799.991
788.744
774.158
891.248
1096.35
1020.15
864.62
1100
844.399
837.931
872.125
1016.21
980.954
808.127
1010.53
943.907
784.904
898.512
852.613
935.623
807.44
1226.58
902.341
917.583
792.193
859.606
795.81
919.416
948.603
796.735
866.14
930.136
869.858
860.641
838.664
763.708
942.563
911.114
912.482
891.55
879.177
976.061
916.765
871.615
903.879
1006.97
928.418
798.421
989.39
983.245
1023.89
1008.93
977.426
1012.93
871.349
994.24
931.28
1008.9
1034.83
985.312
807.937
897.349
967.253
869.98
805.021
1029.32
862.023
911.891
957.499
884.493
915.848
1060.37
885.957
852.542
800.743
942.006
896.216
1128.31
881.866
947.704
813.78
870.012
886.44
858.644
761.992
991.479
922.112
920.129
889.945
827.742
792.877
885.558
941.297
1012.49
890.075
921.426
1009.93
879.128
735.19
879.648
844.084
1172.03
1127.38
993.579
892.457
764.744
1004.47
1104.74
905.368
814.827
988.775
813.703
799.803
941.274
1001.06
834.908
915.221
1000.41
746.39
849.766
917.889
1073.16
769.767
1026.39
895.793
979.004
887.351
886.116
1018.81
805.739
930.918
1006.61
809.436
950.498
883.491
1090.19
911.93
1010.32
1123.21
851.795
862.664
919.508
776.42
790.261
983.054
766.531
1128.09
1087.79
867.542
1085.5
1006.39
888.84
847.44
704.386
869.515
1036.51
801.003
843.917
1006.74
818.98
1106.06
828.482
807.989
1089.19
1005.23
1083.39
900.74
922.463
945.091
1006.3
825.516
966.25
1002
873.382
1182.18
903.372
1038.29
1054.26
977.41
970.105
851.98
1037.52
811.051
997.979
915.068
969.925
942.614
1059.2
1143.92
1025.18
896.966
859.745
982.444
1014.08
1021.08
905.234
952.971
878.448
819.852
823.02
851.555
965.897
830.902
809.824
904.47
816.748
869.959
808.844
932.191
984.933
955.717
856.377
856.307
964.195
1053.66
754.812
958.758
964.001
1020.8
995.445
896.242
908.945
1039.88
887.251
727.285
737.717
880.03
969.642
939.676
926.085
924.145
999.105
897.806
961.441
875.003
835.387
911.139
945.943
860.381
879.227
900.104
993.064
970.973
813.754
947.274
919.991
968.52
885.694
1003.46
1010.48
1035.61
752.48
1075.97
895.206
1036.75
859.867
852.831
948.267
954.602
1030.54
881.412
954.989
1044.34
847.882
826.491
860.78
773.734
1045.02
904.743
1009.78
917.737
880.925
1127.14
980.025
1174.07
802.962
875.536
919.169
915.203
872.402
902.853
880.221
966.496
852.465
978.788
974.148
916.015
973.795
1036.69
1114.67
844.914
1011.88
897.422
876.873
1099.25
900.398
829.9
885.851
901.993
926.746
848.923
1015.8
1089.34
984.268
950.117
837.179
790.728
979.85
894.942
864.828
811.422
869.954
870.686
951.578
810.823
944.376
882.121
971.821
883.663
887.022
954.857
924.59
836.437
917.558
1009.81
879.098
761.19
859.27
950.74
1062.12
969.751
1012.68
1019.5
909.057
803.228
971.124
981.624
905.712
834.098
926.408
1043
809.016
904.493
1108.27
958.036
946.536
884.156
842.889
940.193
721.406
891.906
832.34
1065.52
1009.87
927.935
1054.18
970.915
1101.1
877.117
921.16
1156.19
778.849
912.244
1123.15
771.455
985.124
1163.76
866.471
968.048
950.859
1023.15
1047.11
980.216
1014.63
1117.12
1156.07
875.55
801.888
740.081
1024.17
835.047
943.886
1034.19
943.772
913.179
845.004
948.481
940.302
1040.87
793.53
920.509
876.889
827.001
856.444
870.181
866.481
1003.34
877.948
943.231
973.916
1007.31
943.14
889.324
1020.36
1004.46
866.523
988.84
814.166
938.888
871.849
950.568
1017.12
989.141
813.865
949.547
792.418
951.127
881.513
895.664
1004.52
907.777
742.368
1045.98
774.211
964.236
851.235
1021.39
1091.25
949.97
845.473
846.907
820.541
947.987
761.93
1030.55
906.126
900.332
887.913
802.401
923.39
992.269
866.623
867.803
980.912
987.475
1102.3
908.729
777.172
855.859
1061.65
950.609
952.22
954.486
908.508
979.354
804.509
848.497
874.501
851.962
1123.03
851.622
930.832
748.767
941.864
1063.47
930.788
870.437
912.925
755.357
952.473
920.874
892.416
891.428
849.191
1081.51
741.479
959.804
924.544
1029.8
955.75
889.713
1172.74
1002.17
768.684
887.123
957.421
846.442
882.855
831.862
953.11
1166.55
932.634
878.191
1033.48
905.683
949.476
1037.98
942.553
749.248
964.054
1033.14
877.728
895.034
971.127
955.156
1163.1
978.097
906.92
772.359
892.026
992.197
931.978
895.686
1013.23
926.002
970.279
966.942
968.84
928.189
872.705
954.604
873.411
831.288
984.236
1142.86
912.934
912.389
981.956
885.76
956.898
886.066
925.715
866.269
841.111
814.005
985.78
1130.6
995.035
771.705
904.16
1050.8
994.924
1124.17
981.903
753.023
746.743
864.784
792.979
881.261
1010.57
1014.4
869.379
878.476
1094.03
915.285
973.673
775.509
1036.65
818.171
903.957
895.68
799.05
941.209
895.07
896.328
920.941
824.001
888.474
888.817
901.469
922.144
867.057
763.791
1119.24
855.911
949.515
957.842
1073.54
892.598
877.79
1207.07
844.57
767.672
782.316
762.11
997.754
1056.62
860.102
960.093
908.276
956.888
982.296
986.681
1026.66
929.437
1021.87
969.542
881.619
945.399
942.937
976.402
937.544
749.758
788.318
815.426
897.594
1009.4
972.115
995.029
799.669
980.771
979.861
946.063
1002.03
970.348
909.568
846.945
783.299
1016.55
878.496
956.9
825.227
979.322
1119.15
908
1053.69
966.495
942.279
952.535
854.812
987.282
947.655
850.429
832.528
946.732
870.003
999.475
1125.69
1086.15
820.735
890.056
895.001
1079.48
726.289
1021.22
985.009
863.353
875.168
1040.39
944.223
941.251
915.787
871.094
849.96
1018.39
982.452
1030.73
1006.2
906.111
945.504
895.828
878.928
1061.58
828.754
861.849
890.949
1135.25
956.218
944.913
960.348
895.642
858.669
970.142
1069.97
920.302
953.294
893.784
977.867
844.326
753.606
927.453
750.611
921.675
914.892
963.407
1041.84
998.503
867.528
805.852
785.069
876.054
844.093
1089.55
935.403
1060.3
830.604
952.584
1051
828.5
916.16
845.895
882.044
913.268
866.84
980.198
1013.45
1032.82
945.108
885.635
936.74
996.362
977.153
865.976
995.48
1034.44
967.667
903.054
1012.57
978.699
1048.36
965.133
949.764
1052.68
988.009
935.86
1070.69
1008.87
1000.48
865.375
855.11
1088.39
995.19
1029.88
885.682
874.019
843.747
1075.6
1176.79
859.601
844.204
970.422
992.401
1040.57
1128.82
857.765
866.692
1022.54
953.751
822.108
973.022
1037.97
859.307
998.33
1022.29
912.966
846.117
955.151
986.365
945.408
944.181
1118.38
905.719
863.65
1068.22
919.9
1034.16
775.487
928.551
993.424
847.127
904.566
1108.73
940.158
928.086
954.256
953.36
962.588
869.761
871.066
889.856
931.139
1101.89
918.689
797.802
976.727
883.391
1040.23
962.315
897.854
965.653
845.497
856.923
990.929
902.046
1055.79
919.125
885.219
927.077
975.837
1007.31
864.354
935.234
880.667
779.113
905.78
1064.26
1053.77
936.916
917.188
949.563
905.203
883.486
1114.26
997.661
904.386
997.104
935.329
857.484
927.58
971.054
835.553
972.807
1099.87
952.093
884.116
1046.44
821.564
1078.83
732.21
1028.12
933.106
984.155
853.931
949.158
1027.16
906.982
1006.75
887.56
987.256
832.1
982.992
852.04
890.436
1041.45
1007.04
885.36
964.91
933.948
941.058
941.325
910.243
1037.63
967.589
1049.32
955.865
1218.8
891.059
941.274
976.361
933.221
1038.48
832.697
900.893
938.693
1001.07
920.808
886.964
865.547
1048.6
734.18
921.822
862.032
852.012
867.106
1169.83
944.34
974.339
822.251
970.733
989.447
821.998
786.618
829.507
989.409
961.249
1021.32
890.932
923.504
954.902
877.563
887.075
928.939
986.52
907.737
926.867
870.402
886.479
999.642
1019.71
1065.52
859.204
895.524
898.83
837.34
903.061
813.754
808.331
880.869
936.297
1050.66
1246.97
838.153
901.14
1149.78
1052.82
852.534
858.979
914.889
834.999
1152.12
955.951
789.406
1125.42
881.417
1015.78
766.017
807.962
863.033
923.036
856.923
1025.66
901.462
788.975
1017.12
1042.49
977.984
1021.9
1015
738.446
1062.91
729.829
1026.31
1024.69
994.409
786.605
935.111
1035.05
1041.04
808.893
867.17
893.158
898.887
890.176
909.162
1101.66
846.662
887.573
1002.14
1053.09
869.606
872.35
982.492
963.737
1065.5
848.598
883.551
945.188
994.084
933.251
1030.2
881.871
943.086
903.558
897.548
865.318
842.828
960.53
915.297
860.222
946.572
915.213
833.384
954.619
922.789
877.233
931.298
960.663
970.877
897.927
1131.94
908.132
945.215
1001.25
925.984
998.812
855.138
987.436
835.045
958.821
920.836
844.089
786.903
942.943
866.482
883.013
1154.37
895.319
825.576
904.348
878.553
1135.29
915.743
1021.15
871.495
1054.44
1026.14
1002.21
815.063
719.45
833.732
1004.12
1110.73
1022.86
880.016
946.488
896.074
971.073
870.561
927.466
855.983
815.712
983.799
937.742
903.191
1156.77
901.072
751.761
1014.11
932.668
803.837
1010.87
799.492
896.721
900.676
966.588
986.335
955.018
1043.61
958.999
967.031
976.962
1090.3
931.836
872.949
1045.05
1092.62
833.918
848.817
921.822
971.937
960.972
1013.75
822.707
955.343
926.087
1106.18
972.275
890.899
847.576
1007.51
829.021
931.34
774.259
841.643
795.355
853.339
773.497
1003.71
1023.1
995.862
780.48
825.215
906.929
1218.94
942.055
949.441
880.675
950.098
899.879
1103.43
1143.75
1061.76
905.488
827.678
1044.33
784.914
851.291
920.163
918.673
964.708
889.842
908.337
900.823
967.511
881.013
895.753
878.227
922.119
986.044
978.658
907.343
952.761
894.21
1083.9
1060.02
1108.91
948.688
990.933
981.241
865.019
900.628
914.859
1049.4
894.884
915.256
1041.53
919.335
929.161
1022.3
885.403
908.845
858.67
1006.92
943.266
941.693
920.371
760.956
866.174
1044.97
950.326
885.822
887.149
1086.38
988.74
1106.86
998.893
811.579
996.417
824.924
1082.78
952.289
766.945
984.746
1119.71
912.628
964.759
936.212
940.672
909.088
799.577
860.64
976.426
988.856
1071.63
881.043
1053.34
1055.46
919.644
924.139
914.076
856.939
851.76
961.138
1209.65
876.186
821.928
1000.95
884.359
1053.55
1017.07
792.533
756.905
979.891
965.635
879.26
921.984
887.385
879.952
903.85
925.41
1020.78
1005.19
957.607
1069.13
1010.55
1027.14
955.035
908.038
844.451
909.394
962.163
1055.34
1113.52
921.917
860.364
1035.19
841.727
891.102
1007.68
816.756
1040.14
953.317
779.284
1058.26
1062
825.528
794.485
877.119
897.597
785.13
1134.61
916.496
745.873
1106.39
874.25
876.9
916.299
781.787
912.355
920.752
799.549
892.499
1025.33
853.078
852.24
842.978
898.805
1021.4
908.282
759.564
912.955
783.579
1164.65
977.572
982.352
853.699
1016.37
1009.32
944.982
843.287
832.943
915.54
868
859.648
1003.22
886.478
974.343
981.355
907.609
996.54
915.802
807.284
824.895
944.353
919.918
851.376
845.44
911.766
1066.56
1040.89
872.628
1131.41
1099.21
1198.33
977.731
1038.05
969.634
1039.24
1023.1
745.635
864.164
937.83
873.628
1012.5
851.781
931.443
905.479
922.18
970.785
985.111
958.994
1002.58
801.175
986.95
943.456
763.155
898.662
821.024
919.724
908.83
909.197
945.118
1053.11
1027
1051.28
878.048
870.829
946.71
878.757
997.826
938.008
1007.57
839.608
892.7
1113.76
1059.29
974.134
927.868
1018.74
984.859
796.563
1043.85
891.503
1090.6
890.307
926.135
959.195
789.9
857.057
928.306
994.971
966.438
1034.02
830.179
927.621
988.074
990.86
822.414
995.923
1067.07
982.335
1077.64
833.167
985.021
1021.67
799.516
974.274
970.063
729.482
1029.24
925.242
901.254
893.024
1003.54
1049.15
910.743
888.395
1082.65
925.067
956.74
993.897
989.474
1022.51
1115.93
1071.93
977.615
925.863
775.18
844.004
880.264
919.319
853.271
978.033
960.682
864.232
931.12
891.763
998.134
1043.72
1034.19
846.185
976.034
803.063
821.888
963.738
838.321
1004.33
1033.27
971.341
1135.34
956.106
916.221
916.414
945.079
864.082
788.794
814.739
1062.37
925.941
851.23
974.982
819.812
1135.06
908.084
848.335
1093.63
1091.02
812.054
898.524
859.996
1058.84
934.031
1092.85
959.139
1189.79
994.962
881.165
826.846
821.507
959.823
923.911
828.426
1130.48
1149.05
791.591
1185.05
1061.98
848.492
989.368
960.037
920.41
1079.16
970.652
925.997
844.308
941.281
790.725
882.416
893.252
962.807
805.767
926.77
1018.78
1154.58
1078.5
1015.46
980.892
967.389
875.891
953.339
1061.67
911.688
880.233
890.422
909.018
829.24
831.941
1050.3
1198.73
840.906
1181.86
890.494
1090.5
909.318
954.82
1069.78
987.65
1043.02
914.893
1042.27
838.059
988.318
1003.87
750.007
861.127
884.824
908.018
959.83
948.355
986.321
985.748
873.005
954.53
781.324
1021.05
994.07
893.717
992.972
815.884
806.043
939.731
766.279
937.75
1068.44
1008.02
991.402
802.752
929.048
1012.73
772.343
947.066
894.852
963.469
1060.8
1093.6
833.351
987.571
848.398
907.166
859.215
847.789
962.022
854.233
869.58
905.864
1138.16
1012.41
979.694
994.02
959.67
899.852
1084.95
956.721
1086.68
991.93
815.657
1049
1083.63
946.218
988.799
939.779
811.595
1085.66
904.134
782.585
967.579
706.589
1110.66
1058.26
946.832
964.576
889.588
944.19
867.418
969.073
972.301
972.585
1037.26
1007.35
852.41
1047.96
909.704
1011.41
1014.26
844.367
840.029
736.544
952.809
903.319
966.743
994.046
1027.32
892.898
873.919
1077.34
793.189
879.758
973.222
861.198
953.193
990.492
997.113
961.579
920.329
1146.83
868.504
1034.34
791.001
934.236
835.914
1041.68
937.948
845.95
1133.11
960.211
835.682
844.337
881.874
944.01
939.35
968.186
891.905
1019.35
1028.73
787.675
1154.76
1035.57
764.459
919.926
860.232
907.225
950.068
872.241
754.824
901.442
778.271
953.986
1016.65
983.533
1042.87
927.243
855.543
899.533
1086.38
1135.22
1063.97
910.454
973.191
1017
894.296
976.764
932.101
942.117
948.759
1064.23
909.398
925.028
892.538
804.125
823.961
966.181
806.986
973.5
965.779
1032.33
900.253
877.701
1085.13
962.475
988.686
1036.11
822.808
946.648
989.451
746.627
942.11
977.02
1057.77
999.65
910.644
1011.62
1065.94
1122.17
954.109
1044.94
922.252
1078.03
998.642
950.556
959.679
898.843
1145.04
866.961
842.615
934.996
892.62
704.993
924.546
912.869
924.367
960.842
977.445
1051.16
867.709
806.788
838.227
845.787
1011.51
995.692
800.021
938.351
841.916
985.078
753.096
1015.85
898.507
702.944
877.475
903.547
872.946
992.002
999.567
1001.19
1015.64
813.32
906.909
880.418
842.531
1002.43
774.324
976.942
868.977
824.754
1070.62
1015.78
823.87
934.936
861.011
1095.89
917.968
979.326
967.968
1087.61
794.195
932.134
1055.04
863.343
828.653
767.766
760.465
869.784
890.57
1007.56
977.583
921.549
741.537
853.936
888.673
1018.15
840.896
873.951
1037.88
781.465
861.481
950.714
914.278
1006.15
892.377
1066.73
806.618
926.097
761.878
758.682
965.262
902.259
1007.1
934.932
844.059
999.235
814.285
936.664
850.793
1061.32
721.453
987.051
879.549
894.251
1001.96
958.53
1009.27
984.702
801.661
1018.35
1026.02
894.987
825.08
1175.56
913.936
991.286
858.614
887.97
930.107
954.481
1018.78
1003.27
822.126
894.47
882.884
938.672
975.098
898.435
974.958
901.995
959.62
985.854
844.458
819.54
1000.07
1042.65
851.341
1009.21
871.985
894.989
946.642
907.976
940.071
848.855
859.495
825.507
936.152
822.694
829.218
935.292
850.546
1022.33
877.052
887.312
931.512
877.441
998.725
804.492
774.023
938.847
782.519
1008.92
1138.4
991.902
783.529
839.688
919.07
1038.07
950.935
1092.58
1081.33
1024.93
853.107
894.901
969.706
991.791
1106.86
772.545
909.612
927.868
967.74
765.411
896.309
968.369
927.982
877.804
937.185
1006.57
922.56
883.941
844.869
890.483
788.32
1076.95
805.797
1014.05
839.904
847.313
961.566
874.844
996.274
951.855
944.254
1003.09
959.94
933.85
929.618
946.553
868.199
965.782
998.922
967.754
1026.43
1089.64
987.021
1003.75
829.087
1107.97
998.169
888.708
751.304
823.011
840.693
894.167
978.929
988.292
936.789
1017.06
818.326
1069.2
745.789
1026.69
991.221
882.689
1027.25
941.225
979.039
688.682
894.453
1006.09
858.479
971.159
983.552
855.77
1045.34
1006.14
940.65
1005.83
803.724
982.068
901.961
923.866
967.996
819.46
912.469
795.463
902.017
822.31
984.39
864.408
907.45
911.526
722.028
851.249
803.37
924.819
894.687
937.537
997.241
1005.81
853.475
992.735
922.37
857.497
922.602
924.536
1027.8
962.062
819.576
996.799
883.808
1057.85
1007.65
923.754
963.727
930.896
705.981
947.382
948.895
944.203
927.501
895.128
894.469
821.856
749.965
865.333
798.032
1037.73
1122.46
1003.95
955.635
1043.86
937.627
905.345
860.029
1010.92
1066.24
886.388
885.62
863.003
956.43
971.137
1085.01
991.634
951.543
829.245
842.873
969.119
994.435
764.907
945.105
910.878
995.979
918.715
1106.83
901.468
951.471
1014.45
948.658
928.081
859.04
1051.48
669.626
990.889
891.571
947.918
740.608
840.62
1012.84
859.418
824.945
1034.79
979.201
879.031
1007.66
960.027
989.885
831.501
856.879
823.632
732.979
963.294
856.524
885.083
874.926
1013.43
1033.56
874.426
984.565
777.502
952.058
936.331
826.653
822.106
991.813
945.098
919.584
861.794
963.665
972.357
809.202
900.752
789.834
1000.02
1054.59
835.315
922.235
977.665
878.727
990.382
861.204
916.834
963.745
923.147
1035.03
932.552
970.389
890.444
1040.32
806.261
1070.52
853.275
1060.06
1114.69
1025.27
1009.91
875.37
944.926
1021.26
1206.13
945.197
950.551
818.228
992.934
966.896
858.107
970.821
910.48
930.078
944.557
851.29
943.843
942.148
806.893
875.935
856.656
1002.69
800.469
813.355
916.332
931.791
838.863
1052.79
941.684
723.874
1141.78
738.648
1033.54
970.177
1071.89
1016.15
996.549
727.227
992.59
919.815
928.058
970.033
982.711
947.395
1027.03
1027.18
854.17
938.328
836.411
935.049
937.513
972.372
834.206
981.136
920.993
1132.23
710.042
976.654
906.328
820.485
819.183
1023.39
807.694
1007.66
991.702
982.207
1065.8
908.899
1014.48
891.896
851.141
948.081
987.872
818.35
865.427
1002.02
679.464
852.275
1012.09
998.474
995.738
871.822
934.619
1042.03
779.837
947.448
878.478
911.74
839.557
1015.32
986.975
869.712
1018.37
978.557
944.538
846.733
831.406
930.635
843.298
898.89
959.309
911.407
969.35
939.217
918.927
852.306
888.112
839.651
1139.03
855.8
870.652
1031.2
859.792
744.477
779.692
1057.58
909.853
988.744
794.054
881.298
904.647
827.8
914.997
768.964
1106.22
922.239
1003.5
769.084
847.384
875.442
994.679
1048.05
1000.84
949.022
1212.42
980.137
1115.05
903.574
912.094
942.356
881.35
882.791
901.192
904.493
916.57
828.527
895.984
1060.62
833.137
943.276
987.816
795.603
840.476
788.202
862.471
856.237
863.795
876.997
1134.11
822.442
907.632
1032.53
844.665
773.143
895.103
941.559
974.298
954.743
896.376
975.275
941.504
924.515
987.836
792.884
861.625
1100.54
1304.79
1089.67
788.184
972.752
825.763
832.981
943.299
897.307
785.141
808.441
972.442
922.7
874.974
1041.33
1026.68
865.902
952.722
872.675
985.687
816.005
975.382
824.715
813.732
983.361
846.499
901.986
1002.39
901.451
837.165
897.882
1146.18
948.616
1006.23
820.952
914.479
828.128
1219.68
794.586
964.374
1000.29
983.965
897.935
773.735
844.987
793.039
943.689
747.364
943.336
942.662
949.215
863.029
941.938
979.34
764.221
887.244
887.726
775.14
944.051
904.629
821.274
896.465
793.548
952.996
984.821
1042.93
903.985
1038.73
761.537
822.829
771.559
1185.72
944.364
950.593
930.139
1073.33
937.613
801.716
897.167
1137.52
1015.63
911.52
1103.37
1038.63
918.853
866.836
845.106
858.582
1146.38
929.387
1193.09
837.318
839.612
925.772
862.292
984.472
1233.93
898.095
830.795
923.879
1060.86
965.648
1028.55
1074.91
999.574
984.685
976.043
793.992
1041.82
1038.94
1207.31
835.611
1016.84
862.522
856.198
922.775
946.374
1039.77
986.489
911.318
951.884
770.646
1065.74
899.379
783.092
932.219
914.753
810.521
775.92
841.959
850.224
970.569
893.466
872.265
915.426
804.927
823.32
1030.45
961.114
971.628
919.519
1058.81
999.739
954.313
914.235
1073.65
938.8
953.449
1030.99
1055.11
883.057
1043.87
800.203
958.646
931.259
710.271
980.924
807.867
845.472
942.036
734.146
895.062
875.119
995.183
916.405
835.735
959.165
844.993
879.253
897.674
994.503
1043.69
977.785
1043.01
1107.75
904.911
907.219
896.3
855.579
953.889
972.932
1033.82
989.758
836.025
792.397
895.879
968.879
1087.25
912.236
945.773
1001.65
991.55
890.322
1005.75
870.929
1029.85
840.371
933.257
941.45
972.633
948.819
1043.51
980.677
904.727
936.517
1012.57
860.877
1129.05
815.932
918.215
904.209
999.51
830.644
840.34
864.843
869.404
944.249
806.878
777.82
915.888
1045.81
983.296
849.807
903.912
921.339
853.181
901.696
947.994
914.894
941.944
1031.83
789.581
843.027
939.148
985.472
864.597
1018.44
849.036
851.224
783.2
833.987
930.667
885.501
820.712
994.493
1063.37
968.803
910.459
874.349
1089
913.471
887.289
904.432
1083.3
897.995
925.919
1124.75
876.173
784.584
817.708
1080.98
915.107
1072.82
988.723
834.234
883.863
853.132
928.633
887.372
846.533
970.35
798.392
785.865
957.793
933.686
1096.79
934.095
992.564
775.769
834.337
907.87
1066.75
1051.48
948.544
840.395
856.452
988.249
824.965
627.231
824.805
991.98
978.105
882.895
915.21
1005.32
827.021
896.918
922.519
899.753
1124.9
821.673
829.548
933.765
931.427
914.376
995.092
1045.26
959.592
770.033
745.762
827.467
884.785
774.059
1041.54
852.242
929.877
925.977
840.886
1135.42
854.416
1112.11
1039.11
845.721
923.639
931.718
1110.29
1182.67
916.968
1034.21
1060.46
962.466
794.849
925.273
948.143
852.219
811.811
1007.73
782.916
910.535
1045.37
841.062
839.322
1148.73
853.485
904.288
906.165
815.061
1011.79
841.702
828.662
956.53
987.657
824.209
860.709
795.643
917.104
952.915
989.267
760.626
899.749
936.635
943.512
767.579
1046.37
1042.94
945.032
901.817
896.731
604.466
978.295
998.995
942.531
868.963
1067.4
974.933
920.274
1055.21
971.706
977.896
915.221
968.469
760.081
932.602
901.053
1023.83
882.432
937.497
869.775
983.984
969.556
1007.31
966.746
952.709
872.201
802.196
1100.35
1166.62
1006.99
972.032
976.342
922.493
1111.22
893.016
982.443
941.084
1122.96
952.622
833.594
796.68
877.008
931.045
907.398
1057.09
956.454
828.966
916.243
817.877
901.468
933.667
841.725
984.314
968.698
897.608
1124.95
1023.59
866.24
848.031
733.897
1005.75
869.647
1133.58
742.455
1042.61
1062.6
906.358
902.186
982.785
885.668
920.08
1105.33
844.618
850.752
700.737
1022.78
917.868
1078.7
853.138
870.977
1021.13
914.073
910.241
910.949
856.603
864.439
964.9
857.992
958.1
845.882
796.147
970.599
934.428
811.424
891.584
783.065
937.909
943.882
806.583
997.284
864.803
988.697
915.884
1010.76
862.764
1025.61
885.176
881.571
860.767
970.277
984.374
959.047
1036.35
1002.71
934.502
822.643
851.556
775.484
928.088
890.956
746.093
1022.14
812.114
823.127
1165.93
902.003
855.604
801.907
915.317
830.918
909.236
918.627
909.492
981.526
955.79
1014.74
1067.12
1063.69
929.464
795.661
1011.03
1028.14
861.928
895.709
905.184
891.594
935.771
902.617
1050.33
871.619
988.768
820.959
824.181
893.641
913.966
781.3
925.659
917.434
881.766
859.714
959.553
940.099
829.555
955.108
835.55
876.46
930.76
1029.81
1061.34
1048.16
978.589
864.394
931.402
1072.89
1026.97
980.686
808.363
1033.47
985.946
954.88
1011.35
896.329
995.38
874.341
995.635
958.356
903.556
841.19
867.942
895.606
964.711
1062.01
966.654
1138.37
986.919
729.899
968.879
1160.48
871.588
900.349
1027.99
806.501
818.819
839.601
878.146
1128.63
902.746
938.529
938.227
1029.37
872.067
1107.47
1096.03
840.472
1025.86
741.761
843.668
848.816
859.711
982.535
1088.61
912.886
843.633
879.481
1002.49
971.29
1019.89
1166.86
1026.44
897.233
973.522
873.64
1072.93
942.95
1079.82
953.053
1074.1
1039.2
985.197
880.445
966.263
1027.66
892.792
917.313
1046.44
839.859
873.024
963.365
761.711
811.843
999.654
919.458
883.966
830.818
867.077
847.986
801.46
1019.69
825.608
864.9
933.255
775.307
768.025
904.661
886.188
890.514
966.68
908.126
999.764
822.664
1206.12
841.719
950.246
946.768
984.461
915.668
905.502
1047.02
1054.67
1016.91
901.587
931.297
1008.83
881.406
862.953
862.08
897.769
858.726
904.987
977.653
801.803
787.919
875.551
913.505
777.703
758.211
847.942
916.725
930.376
917.065
836.627
790.755
839.834
905.715
982.954
1034.25
957.009
891.092
921.331
892.797
980.16
903.058
837.559
982.193
1106.77
886.672
967.018
868.271
786.402
1007.18
977.859
835.47
872.32
853.28
909.027
893.624
907.041
818.649
834.5
915.884
981.301
1016.19
1101.33
915.201
763.35
995.987
938.019
960.825
994.707
926.161
956.34
965.258
941.463
863.406
958.951
1041.99
973.764
1050.34
901.707
987.561
988.665
937.877
866.41
957.286
792.321
969.2
982.246
944.498
929.617
1087.53
988.943
825.001
921.656
817.819
948.436
868.812
913.515
887.839
1026.8
917.14
918.688
756.861
761.002
972.831
743.782
864.199
964.212
948.693
1003.5
843.38
937.291
1042.61
931.698
943.554
843.267
1000.67
1007.41
978.778
973.284
811.522
1000.31
953.046
941.303
904.386
860.213
897.928
829.289
1144.77
912.604
952.792
841.831
833.392
908.996
928.171
702.416
751.269
934.764
936.848
991.876
928.622
936.307
862.511
957.746
897.402
991.562
816.657
1261.44
1004.88
802.201
882.661
810.909
1058.07
1004.25
847.398
943.404
880.469
751.755
871.934
1039.81
1006.68
1039.61
897.297
1025.21
937.317
912.431
760.108
897.474
854.789
1160.09
946.187
1071.92
999.439
1042.29
845.888
998.754
909.76
777.012
867.724
854.011
898.941
943.675
921.012
857.073
812.004
879.363
1007.88
791.231
1018.51
1087.26
1018.37
905.035
896.847
919.119
1100.91
913.79
830.417
936.361
931.352
891.307
997.477
999.882
1037.72
1121.85
915.403
1055.22
980.68
824.797
764.054
654.122
839.299
862.958
899.388
1057.04
914.097
921.791
820.909
820.086
829.208
877.719
881.901
1096.49
848.081
984.38
953.049
832.877
1083.77
982.06
996.358
1061.47
941.238
1136.94
932.556
765.648
1082.92
745.313
1013.88
987.079
1022.7
806.858
905.625
1044.78
891.647
1141.2
1159.4
971.844
846.158
1053.46
964.088
970.657
830.902
700.058
838.738
977.719
973.921
943.959
1069.24
865.6
876.172
1003.33
1381.84
863.515
886.35
1055.55
915.083
961.734
1106.71
920.3
863.874
1021.56
994.531
1067.96
795.457
932.718
842.642
884.22
728.575
927.399
1015.59
775.566
1169.04
990.133
1203.77
973.233
979.214
983.147
950.072
888.065
970.557
1016.5
903.53
883.934
1072.79
883.198
1016.75
836.686
978.38
941.132
928.909
889.674
843.121
920.826
1029.12
892.938
809.564
834.365
916.847
939.549
1032.84
800.847
901.639
746.534
1032.29
916.603
876.993
915.779
1168.71
795.98
844.424
1011.31
888.499
915.53
1112.96
963.406
1084.16
984.357
877.543
891.329
858.171
854.875
942.623
835.743
847.426
842.229
999.727
1034.15
962.627
1015.78
858.367
864.266
966.304
961.297
923.644
865.007
879.339
929.787
954.898
976.701
893.352
958.844
1031.65
984.108
994.395
999.07
821.682
814.498
892.274
1001.42
1003.43
893.715
815.361
770.486
1009.33
822.949
804.13
981.799
995.415
830.059
942.639
990.559
982.82
980.745
974.702
724.758
899.13
1120.81
922.734
914.117
919.149
858.065
1004.32
829.41
816.88
872.932
784.55
896.432
849.309
814.808
1092.19
979.52
1177.23
1074.22
919.538
836.14
900.078
874.406
997.132
1023.09
890.551
1080.88
953.103
997.051
841.018
891.787
937.27
1059.56
921.015
956.001
824.892
1044.19
991.857
1039.97
1011.94
911.024
799.05
1073.28
894.266
1084.62
892.326
777.954
1014.34
791.672
964.024
1109.88
1037.73
746.221
952.695
975.812
918.41
910.192
1144.18
1074.9
909.691
906.694
937.073
993.97
1063.09
846.975
873.448
834.249
972.019
932.368
915.085
1021.48
1025.21
826.654
971.026
940.603
848.858
909.597
842.801
1048.09
875.356
1003.62
889.361
1048.01
942.868
803.339
917.402
802.988
767.934
1135.88
928.84
1010.28
1059.88
911.133
891.014
857.653
991.336
794.633
1168.59
1036.64
990.715
1056.33
822.429
875.102
1048.92
902.085
891.642
826.02
751.609
1027.16
993.171
976.754
896.309
795.605
870.904
1021.96
992.934
981.942
776.624
872.893
1025.84
796.639
1029.05
925.73
1138.22
982.824
1186.72
936.407
1094.56
812.606
1035.85
764.2
1068.36
857.655
773.434
772.672
1047.97
922.252
1079.11
946.164
856.1
1016.03
978.963
1042.91
914.1
935.406
946.159
1026.27
917.338
932.388
1007.12
1018.73
879.294
829.12
927.873
711.745
993.231
825.162
909.394
989.976
944.083
993.429
899.149
821.711
965.953
980.448
970.595
981.459
978.215
951.237
935.919
834.301
1049.87
768.403
1037.11
831.984
1005.75
781.567
1041.97
902.165
928.2
966.411
736.121
972.81
1045.94
842.454
943.748
868.818
949.877
967.762
915.518
917.044
966.458
856.411
1034.69
940.109
1105.98
876.26
660.959
947.531
817.899
1025.12
960.511
757.119
959.857
867.808
807.36
841.502
1104.67
1073.65
858.54
997.042
1061.2
752.074
952.963
966.415
1181.5
828.247
780.327
944.803
1013.58
938.532
909.125
1149.32
932.182
889.657
1070.27
1085.03
1048.23
812.784
785.867
806.46
1076.42
983.89
885.198
765.042
938.804
825.873
938.528
979.497
1108.98
1018.47
892.113
787.021
979.399
999.079
875.468
755.202
950.411
867.897
1027.6
904.571
1090.78
886.112
986.634
820.373
949.231
883.563
1030.34
925.85
1068.15
978.931
905.186
776.6
897.655
828.589
889.42
1005.36
841.944
907.572
1138.08
820.129
879.09
852.933
924.706
1012.56
794.622
849.604
900.212
1074.62
857.907
1034.18
1061.97
921.711
1002.31
975.329
935.185
1215.5
1154.64
1150.76
1094.9
954.041
804.221
926.781
1048.04
852.634
952.08
1004.41
832.568
852.745
818.175
1036.05
985.135
1064.83
910.299
782.036
853.628
1083.53
870.184
790.854
898.756
967.466
1028.38
955.725
1042.7
949.783
895.46
917.323
952.699
827.417
875.211
800.066
952.833
874.691
861.287
980.701
1022.62
899.493
950.009
956.254
1052.79
869.638
955.803
1030.94
761.216
1051.19
879.523
877.791
913.042
1032.83
884.403
1044.58
856.953
1017.18
913.36
810.391
868.49
847.006
881.15
1080.46
941.553
836.242
1026.45
995.926
951.36
957.786
704.846
933.079
921.594
934.296
846.037
791.097
917.545
894.007
974.73
919.63
1077.35
979.19
1026.91
828.398
1097.14
1018.14
875.865
891.311
899.607
949.561
935.389
881.208
862.726
908.669
906.226
1100.65
880.686
936.379
885.127
925.017
1008.97
909.888
816.595
870.158
783.18
858.685
730.748
878.004
942.782
843.331
937.86
878.702
904.295
1078.1
1145.4
1032.57
959.875
936.509
965.946
851.233
836.809
1138.78
997.861
1016.3
868.521
865.156
1043.65
841.902
965.062
942.121
976.443
926.656
895.954
936.354
1001.96
876.649
958.343
860.02
941.237
961.505
847.636
905.052
813.651
877.75
959.764
832.453
1051.75
881.205
974.992
838.249
895.483
935.735
772.67
849.098
781.439
1020.65
793.3
869.646
987.903
868.269
837.865
700.507
834.892
852.207
874.421
785.86
820.6
1025.07
871.812
953.66
973.621
960.83
995.039
980.038
954.184
872.632
940.164
905.549
868.255
783.379
935.338
1096.62
1039.59
783.923
1000.5
1054.93
1032.83
897.921
883.695
974.73
759.134
840.281
835.203
1082
1032.19
1010.8
872.591
884.825
1228.82
984.719
863.914
933.104
915.447
1052.32
902.622
1006.77
846.595
829.244
876.115
922.236
920.388
989.089
841.403
918.905
821.241
845.461
952.348
893.393
1024.72
859.169
991.031
881.058
878.346
922.9
819.766
818.463
802.364
884.132
1065.7
857.62
1094.25
805.734
1048.02
740.312
793.956
1060.05
779.052
927.665
1083.23
1077.17
1136.76
841.707
879.69
1016.57
831.963
848.854
1071.54
945.982
894.165
865.242
897.247
986.515
758.786
1108.78
1078.58
1116.41
1031.09
940.16
1020.33
1045.28
882.239
866.659
828.9
981.887
908.577
939.206
879.77
1079.89
911.306
925.509
889.83
1077.43
929.825
997.249
844.865
871.302
664.842
842.588
784.024
870.675
736.661
844.049
1097.53
845.238
756.167
782.01
942.752
1008.73
906.4
805.879
1061.69
1012.55
954.332
920.625
1075.61
1061.64
992.003
818.738
915.556
937.067
845.212
995.778
749.836
891.536
978.979
940.164
885.153
1133.08
898.117
864.856
933.164
839.182
772.347
1040.73
993.297
904.537
967.673
860.7
961.489
863.542
957.923
855.565
887.372
840.458
953.179
846.559
927.05
956.805
898.279
855.359
863.126
863.005
879.82
992.28
975.962
1089.88
812.436
962.913
941.532
1154.28
892.145
946.537
798.182
1056.79
995.695
917.855
1035.09
742.073
865.437
890.111
849.595
851.501
1006.67
780.932
1041.8
1103.37
910.645
901.19
1067.13
882.888
1033.46
843.668
891.28
865.566
1040.86
935.262
944.43
1043.34
985.075
1158.73
820.624
797.259
847.876
901.952
913.038
918.806
978.174
912.904
1164.4
892.965
1063.76
941.446
977.761
952.026
1003.21
998.062
1153.78
915.642
942.043
974.817
1032.96
1007.11
865.124
994.859
861.864
788.656
899.723
973.669
1009.59
1026.27
826.332
894.757
1045.41
871.938
856.946
906.563
910.92
775.305
892.074
836.145
1007.47
962.952
853.938
935.88
849.959
897.966
964.585
823.054
915.757
995.753
920.423
860.523
902.319
821.801
924.889
1030.85
704.171
820.714
1040.24
1134.71
912.307
1268.36
1020.97
957.456
901.824
808.263
847.236
925.634
1091.48
1059.82
834.668
959.54
928.709
860.073
766.99
855.722
1164.37
960.709
797.308
861.018
968.61
949.556
1011.78
988.584
974.594
931.715
1050.33
1044.06
895.344
1087.04
948.419
781.775
1044.27
915.481
1006.27
837.135
896.387
786.78
916.355
818.883
909.403
768.135
1060.13
823.524
861.119
807.412
929.007
977.219
971.157
943.102
910.964
853.481
995.454
1082.07
829.377
830.452
993.211
1035.02
844.432
907.121
864.282
890.446
913.285
955.023
887.682
979.375
784.55
980.441
821.41
875.736
1105.78
854.879
796.079
867.189
927.25
1033.23
1012.83
854.196
981.566
815.987
984.48
813.974
1041.3
987.886
913.227
994.774
1088.32
900.504
864.564
931.341
1093.35
1003.37
901.825
941.951
827.109
966.052
1081.91
933.808
903.327
983.459
1004.12
947.037
887.226
911.453
917.96
944.67
803.209
1025.97
963.399
1062.17
843.83
995.499
941.916
881.152
871.806
837.481
881.014
806.853
813.285
1054.98
1021.53
1063.61
1044.33
1125.29
795.984
1072.46
748.026
942.214
1015.17
856.761
918.782
1040.33
955.248
964.968
862.086
820.094
922.124
883.914
927.656
892.361
1029.72
1055.95
864.773
1150.39
953.632
917.18
987.257
858.754
803.732
997.286
882.964
994.549
826.771
1142.46
763.837
1014.33
793.782
952.894
1004.09
1100.46
869.441
1000.45
954.302
964.616
961.771
800.882
863.214
920.584
806.335
972.786
1018.07
868.003
757.241
972.3
948.131
839.212
919.259
948.415
834.121
830.542
880.319
1049.43
930.14
916.861
937.343
928.062
877
952.189
906.459
1037.32
941.738
989.605
1032.24
1027.64
961.278
1003.74
920.942
944.668
921.9
895.188
879.854
922.587
940.845
1039.7
842.288
973.932
946.922
984.782
855.789
1022.2
914.608
1046.45
1025.06
964.517
1166.88
1064.33
1167.32
823.057
1074.71
1019.75
932.611
730.275
1091.78
909.9
1012.06
937.263
981.291
1030.71
807.746
1038.12
787.741
1028.13
944.48
862.546
883.403
949.314
945.272
931.141
909.18
791.084
951.824
989.668
941.595
838.033
1012.41
988.929
1024.57
932.329
914.186
848.47
967.595
1069.28
903.424
930.481
1042.43
922.18
1115.11
954.549
852.111
1011.77
975.427
1010.81
1010.93
1008.06
954.601
872.58
969.839
937.98
938.003
883.121
864.093
791.274
1006.88
1009.52
773.334
925.513
956.928
852.299
1028.9
974.016
956.88
1032.43
830.093
1018.91
835.488
897.288
981.876
759.242
886.37
842.667
825.642
916.073
984.092
867.503
965.774
899.266
1016.08
976.592
1070.84
975.792
903.83
773.562
873.552
1008.55
826.48
793.219
1029.34
1024.42
950.948
994.31
967.283
966.428
834.274
872.051
951.313
886.103
938.653
1016.63
881.633
909.704
1024.56
1011.21
791.097
926.524
1082.68
977.083
857.585
874.506
882.07
818.937
979.135
888.6
1065.76
827.27
838.287
864.417
883.739
1033.5
902.974
929.608
873.511
951.999
1009.52
1046.54
964.462
906.037
1051.21
910.252
866.986
1038.18
945.532
964.623
923.051
902.734
1104.19
944.298
981.572
930.741
882.794
893.814
927.831
901.107
947.508
824.757
803.031
913.969
1163.57
962.682
852.395
946.713
1049.7
955.575
770.553
911.588
1174.7
840.849
827.598
825.64
1014.05
1047.3
911.176
824.899
784.452
885.731
901.859
907.077
883.278
854.602
962.813
913.27
965.968
907.679
976.428
947.226
1016.54
1043.07
1009.67
965.839
886.176
940.695
926.424
1065.82
869.309
863.294
1079.61
1029.68
857.275
1044.61
812.063
994.862
951.783
1069.55
1055.29
953.982
861.88
968.264
933.252
889.807
867.668
968.069
958.007
1096.55
925.668
891.366
958.996
901.158
955.183
924.188
855.935
953.234
983.853
1007.75
1067.07
836.924
839.316
899.377
1108.98
974.947
820.755
866.954
894.183
853.865
1071.45
918.668
840.212
946.853
939.2
1006.32
875.764
1007.18
848.261
868.806
929.38
938.314
901.211
908.099
1059.58
1024.39
898.899
798.009
797.318
872.701
1107.87
1000.34
815.129
966.326
873.91
895.492
911.656
949.91
776.779
854.855
746.86
1033.22
768.486
797.09
994.234
1018.72
823.632
887.778
917.244
954.757
962.178
1216.69
825.816
1019.27
841.667
1014.06
921.19
1097.99
866.739
970.617
767.598
919.868
849.335
828.22
800.838
999.364
1213.7
1034.08
817.369
898.991
1017.28
1033.81
890.168
1084
874.09
935.715
925.677
987.611
1070.2
889.348
879.698
1100.8
971.3
910.218
819.82
705.908
863.042
953.389
1045.32
1041.86
916.354
964.456
913.133
918.368
1055.35
1051.22
952.199
919.422
1156.31
957.595
941.38
907.28
890.704
829.593
1005.23
1094.4
975.645
999.989
875.009
949.905
702.708
807.309
865.913
829.96
968.809
989.376
673.645
1187.76
946.942
847.694
894.795
844.707
965.084
936.139
887.564
976.51
936.097
901.991
932.283
927.696
1016.56
1009.13
1055.97
1021.06
814.074
907.561
904.399
862.132
755.157
787.217
1026.35
866.514
725.589
913.249
841.668
1186.08
997.561
992.023
1074.25
1145.33
1004.86
1052.69
929.643
917.542
781.855
926.704
1030.34
870.313
1051.26
1072.61
976.378
916.386
975.403
807.719
943.357
793.86
1085.25
1168.38
836.307
772.79
1037.25
1155.68
923.381
971.715
937.198
788.143
864.936
847.593
854.058
1077.01
948.433
963.527
870.596
966.275
872.151
946.369
1060.16
847.9
912.051
949.415
898.22
895.422
997.505
942.353
890.719
907.581
1015.9
1002.31
958.649
970.17
934.617
845.459
948.341
844.849
1059.57
916.118
865.313
1004.61
1027.6
877.227
747.28
855.192
865.981
885.147
766.526
879.906
974.515
1155.41
1018.52
1082.8
979.051
827.209
946.783
1015.77
1004.61
998.146
896.609
801.834
772.625
994.936
1029.08
755.037
909.777
901.814
968.348
859.347
1035.58
1016.03
891.77
1086.01
903.229
957.661
1127.37
960.215
902.281
971.884
978.24
848.538
1066.07
856.754
980.542
1017.39
1088.94
757.299
879.726
861.411
880.435
889.601
841.494
761.135
1146.55
891.244
1055.03
969.726
1014.12
926.395
938.874
989.651
881.804
1028.35
819.927
812.459
937.391
861.073
873.375
854.037
953.785
972.294
897.83
1087.79
943.854
898.111
750.461
906.945
867.389
1133.82
767.353
876.522
1151.69
843.38
888.204
842.376
783.481
940.747
981.679
1038.68
920.928
1012.24
900.614
838.847
815.78
767.491
938.031
964.076
959.444
1041.37
876.687
785.999
749.603
812.572
1050.17
994.786
824.276
1031.92
798.983
888.329
976.05
1045.7
926.039
847.898
762.999
1269.07
953.246
979.283
991.509
867.734
843.754
993.765
847.935
776.284
1002.68
881.966
985.215
943.617
932.827
949.255
891.235
1027.35
876.146
879.557
982.13
762.339
1056.27
847.592
979.301
880.746
895.513
777.483
979.784
824.612
878.972
789.251
1155.68
1200.53
822.784
868.285
889.956
1006.79
1026.88
907.743
757.987
885.549
1022.76
784.121
794.138
1088
825.464
878.562
943.347
981.166
941.114
829.213
809.66
871.253
942.713
933.617
1073.5
939.445
1126.01
908.077
927.929
898.107
920.782
939.466
832.648
944.945
1057.46
994.256
1213.61
887.17
1048.7
1049.77
921.41
807.923
1017.07
887.27
820.959
933.854
816.185
924.111
745.715
969.771
894.516
981.774
746.087
980.495
911.815
891.127
955.428
877.673
733.196
931.929
1098.78
668.749
923.057
1028.89
927.596
967.505
993.217
1006.42
992.634
951.083
818.963
1103.37
962.731
987.398
918.29
1143.03
828.409
882.293
933.051
1052.85
899.719
878.206
830.07
795.362
978.008
949.69
980.001
850.047
927.145
849.415
968.06
819.947
923.224
1147.64
830.098
886.575
1136.07
1033.96
1039.72
1033.1
939.745
801.116
915.503
785.628
878.633
819.679
1016.81
944.473
926.213
988.408
778.305
1026.08
1098.67
951.264
901.46
952.613
796.547
1064.48
800.976
951.999
921.786
783.077
926.522
881.159
883.806
975.75
920.57
1036.84
799.275
793.031
924.576
975.685
840.378
842.468
1117.76
963.607
985.137
1016.7
1091.08
966.675
842.409
890.807
916.187
853.04
873.754
950.825
812.527
985.353
1095.21
852.142
815.115
886.909
797.008
939.368
901.977
993.811
816.889
1029.15
1023.11
968.914
808.273
888.503
1012.93
987.185
858.779
1072.04
890.149
1104.63
879.824
882.79
864.831
827.002
1031.75
893.914
960.211
1085.93
930.903
884.31
950.282
795.052
1055.04
935.782
833.752
762.164
861.579
778.164
970.473
928.877
857.49
921.076
841.071
917.327
897.202
747.166
1016.53
825.703
871.803
936.816
1019.91
974.992
775.465
784.189
866.74
1002.01
1096.52
863.538
797.559
1037.46
1199
888.266
825.541
990.766
742.845
949.795
966.714
983.384
997.744
925.366
1192.54
916.943
939.133
1119.68
874.958
971.207
842.636
979.482
826.916
1120.81
914.694
904.979
945.2
962.571
876.336
1083.77
906.205
859.021
1066.5
929.224
817.45
940.778
964.875
853.502
849.719
918.6
835.37
889.297
1008.19
882.062
884.533
889.005
893.692
902.993
954.295
949.241
903.806
870.999
1000.88
897.878
1095.31
958.771
972.327
1080.53
786.877
877.469
825.185
870.528
837.757
969.143
793.056
923.94
792.639
897.591
1025.69
881.15
875.385
984.037
920.86
728.35
865.548
886.837
784.024
841.669
1158.54
1045.76
974.507
742.93
1057.51
946.151
932.042
777.253
942.793
811.176
946.249
886.586
867.75
1001.12
736.459
1036.72
948.327
926.365
899.28
989.155
1036.82
959.952
876.051
824.392
913.534
970.689
851.763
962.801
962.149
975.953
968.799
962.304
954.104
907.962
1071.66
952.974
941.024
846.277
852.093
881.113
823.213
1055.84
882.804
889.533
792.58
919.231
874.819
874.873
920.721
947.093
1085.49
840.784
1058.33
1040.15
1146.45
961.381
1058.98
930.496
996.741
934.716
653.086
937.45
791.439
956.288
839.552
970.46
866.657
968.048
1128.9
922.943
933.945
804.538
887.408
875.373
1041.83
837.494
1058.91
1002.38
881.565
827.454
771.221
898.503
967.268
884.601
958.462
1141.99
1149.4
883.945
853.596
896.469
946.311
1078.93
1004.39
997.646
1008.54
1055.32
1004.27
950.588
892.727
946.755
922.932
1011.02
981.851
882.796
847.628
1007.05
1066.88
973.437
904.56
986.021
869.522
1154.04
843.703
870.74
915.282
925.343
905.688
898.839
1094.31
834.371
932.666
917.116
867.456
1034.32
876.267
926.113
881.607
868.424
955.263
1074.17
885.523
924.835
897.56
808.688
819.259
996.893
894.82
1083.85
989.962
892.142
890.766
883.536
872.58
880.738
911.771
984.167
943.145
974.04
909.392
911.295
901.015
888.068
821.558
934.37
929.865
984.363
988.309
845.901
919.847
980.131
832.892
1154.8
836.75
844.436
981.643
1006.6
829.047
953.152
969.085
964.426
785.362
882.029
818.021
1001.04
1002.01
1014.61
872.298
789.472
831.527
899.996
903.292
825.141
853.003
1020.15
815.832
760.051
919.028
971.559
974.145
915.441
1051.36
878.462
1118.62
927.838
783.365
895.74
947.11
927.628
857.253
862.2
989.663
862.356
877.329
885.997
980.771
916.349
1077
864.488
1131.62
863.957
889.169
999.495
690.143
897.731
936.997
927.784
879.998
932.987
949.53
1087.17
1223.56
968.627
1113.93
846.559
810.158
859.333
1055.04
895.196
988.832
954.627
1105.4
837.302
947.534
860.834
1040.34
988.21
1002.29
929.014
1017.7
994.718
1245.05
888.301
879.14
815.847
901.511
820.897
804.817
831.464
924.336
832.978
999.802
933.421
944.229
1047.76
761.823
1018.9
931.577
830.749
907.933
775.112
1114.45
884.537
915.91
870.988
962.397
985.061
870.35
806.047
791.408
930.64
1041.76
954.955
848.425
974.493
1110.16
1078.06
944.633
955.212
819.96
776.301
1006.64
1084.72
899.069
1176.85
974.759
930.195
804.455
873.557
859.29
962.814
938.421
959.18
1078.74
803.197
1088.72
752.971
1010.84
879.08
855.676
988.769
783.337
974.957
996.704
1147.47
912.92
887.23
818.313
1041.44
883.833
947.992
907.404
1042.29
1053.44
874.092
835.185
807.958
750.668
951.762
805.624
842.83
894.953
1104.01
940.481
896.066
998.41
985.258
903.427
979.015
893.098
1151.5
857.678
856.98
952.911
851.421
1022.89
1000.92
974.431
933.726
816.196
998.735
917.726
879.302
951.212
881.267
962.763
1130.99
1021
973.453
848.825
837.463
941.088
888.476
827.182
996.427
879.124
907.438
1193.72
961.637
874.724
871.139
923.563
735.319
953.71
1052.06
1084.28
1002.12
880.804
888.159
942.176
912.637
1076.78
924.182
896.887
981.468
932.769
986.343
915.728
918.406
926.209
900.813
880.625
836.19
854.822
895.12
895.476
958.468
1110.1
849.498
1173.11
965.087
1040.95
912.975
905.119
936.596
788.493
925.858
802.033
1026.23
890.398
1038.01
952.685
874.441
889.396
984.607
794.315
746.616
943.015
777.364
758.167
954.872
956.9
710.935
880.867
778.929
999.618
918.656
969.42
877.256
858.677
905.578
910.206
951.634
817.99
834.267
839.052
1048.57
757.656
765.441
870.149
786.502
953.297
1147.33
1031.33
859.03
808.118
944.416
980.821
879.219
946.516
949.262
846.365
848.476
980.679
1103.45
861.315
940.655
969.32
808.815
956.843
892.096
1086.62
1005.63
1000.39
895.245
877.163
976.881
1006.8
925.724
813.717
1033.05
871.12
751.796
934.179
1131.25
804.299
844.618
902.06
953.18
824.228
965.233
1053.42
1025.17
991.521
947.567
996.025
994.616
950.438
1027.92
1012.61
828.186
865.314
996.839
1029.73
797.653
872.896
1067.41
971.44
915.884
970.019
1058.3
973.791
940.092
958.426
1043.96
959.861
907.369
807.344
875.022
890.758
874.012
1006.21
931.429
1073.46
914.202
805.866
874.37
927.551
912.937
925.34
885.218
891.278
848.441
1025.13
1188.59
958.72
1040.24
747.222
1062.23
979.531
842.887
884.392
926.85
885.525
910.458
969.07
1009.34
923.936
878.618
904.374
851.801
1013.68
814.679
984.884
915.989
1014.28
972.745
968.827
772.743
855.689
867.232
910.099
833.83
922.559
852.743
887.123
967.522
893.572
927.693
923.255
806.515
908.345
987.158
935.938
926.523
1086.07
799.55
838.192
1063.62
909.796
875.954
1039.91
1123.91
1123.16
1036.13
1043.74
879.476
989.694
986.794
809.624
822.85
841.46
902.364
947.927
929.93
1073.62
782.225
968.003
933.106
914.459
932.837
970.681
932.529
849.582
928.864
971.275
896.856
938.975
892.576
1199.1
936.365
821.684
979.11
958.094
1010.06
1168.34
1036.91
1013.1
989.644
998.772
864.965
1074.72
889.684
839.668
939.365
990.455
948.635
969.72
1087.5
895.248
913.707
1043.82
927.787
1073.86
1024.25
870.077
955.386
1076.9
876.468
865.585
855.702
769.97
882.392
745.081
913.19
1143.75
934.534
745.456
1012.57
1056.44
948.595
872.811
997.857
888.361
994.997
762.502
982.884
876.169
961.821
1038.11
1052.72
996.553
930.815
1151.51
831.58
958.914
1048.51
924.423
1032.17
918.495
889.295
911.607
978.583
988.499
910.125
850.843
834.055
870.553
941.745
1187.41
1038.21
946.631
931.283
1211.39
985.198
930.629
862.711
895.77
823.376
1133.65
796.789
866.055
932.155
966.944
971.116
938.66
810.052
1094.62
885.57
966.186
1007.08
1064.92
860.604
1047.09
1105.35
936.936
1071.04
810.29
836.636
985.07
817.192
1121.9
783.091
880.691
801.444
884.779
880.609
873.069
1033.34
806.457
1004.52
846.767
878.178
847.164
972.097
961.149
1008.57
792.841
1018.96
866.885
929.856
948.497
892.064
844.895
952.32
932.396
1085.62
894.877
933.004
963.641
1039.85
1014.16
957.052
1030.34
973.242
913.627
890.3
831.455
986.593
877.914
984.24
900.223
1071.14
768.661
780.317
888.367
992.623
790.988
841.388
936.372
860.967
817.483
808.539
786.328
998.572
863.22
899.419
1073.46
1046.44
769.464
923.136
975.918
835.022
920.654
928.129
817.333
1044.56
847.97
990.145
1110.69
843.131
767.179
810.213
1023.2
932.944
800.3
780.797
1077.54
992.633
1032.71
912.644
760.195
881.518
951.498
1070.3
1113.33
922.265
919.115
938.801
942.411
889.107
1039.66
1020.7
983.512
953.723
956.117
929.832
873.155
975.104
1170.04
873.83
840.386
976.563
839.974
1108.49
864.503
929.812
861.443
762.141
961.224
890.924
921.791
1098.91
947.697
971.154
978.776
939.599
806.461
880.104
925.922
837.497
950.081
936.947
893.086
823.989
779.608
899.1
868.173
1067.31
955.148
977.595
908.931
981.817
842.351
981.977
931.554
929.078
1036.14
1053.79
864.441
925.136
833.487
808.385
893.839
1056.39
893.336
947.828
823.786
926.047
985.027
790.701
935.119
990.469
1088.33
999.088
966.593
890.342
976.588
1033.85
1006.15
920.848
1094.82
879.394
846.339
880.014
774.83
910.422
865.872
987.033
878.892
918.508
926.143
857.693
937.955
881.67
879.797
934.315
818.948
841.587
1060.78
742.696
763.051
992.753
795.085
915.543
930.187
876.719
975.9
1021.08
829.265
1150.84
913.074
1219.14
991.004
810.101
1043.09
965.231
878.571
915.856
912.338
1107.72
1005.89
848.196
846.138
911.051
1006.19
966.968
946.621
907.911
1089.42
821.856
924.662
984.05
863.914
818.346
764.908
942.386
1030.63
983.568
940.336
892.806
925.748
927.803
906.716
1172.21
928.108
1031.29
854.467
930.31
865.287
898.714
933.68
871.871
947.997
1063.55
876.351
880.943
937.825
1040.85
956.848
866.288
1006.6
1034.7
824.345
912.708
979.186
1089.4
904.188
884.914
893.201
1084.56
903.635
897.39
903.744
931.763
847.379
899.549
1039.33
969.906
1164.57
1076.4
822.129
838.834
817.319
932.797
1076.88
791.428
945.331
813.863
986.605
745.043
1064.08
954.458
961.93
819.064
788.511
960.307
1009.89
888.236
868.853
812.176
1000.98
838.704
861.612
868.825
1050.96
936.602
956.647
825.956
976.637
914.837
1038.16
840.401
902.916
1005.29
832.5
878.863
915.453
986.422
822.341
937.792
907.744
1122.33
811.866
968.046
1062.51
799.095
1129.53
865.695
962.542
1045.56
991.736
871.546
1070.5
1111.44
895.093
1032.96
908.79
751.322
868.963
992.855
842.025
884.57
891.75
886.704
857.286
903.643
871.655
949.179
919.068
834.18
783.136
942.141
915.377
927.574
1098.42
879.555
1046.56
897.46
891.501
1000.65
1029.9
917.723
1005.31
990.508
726.103
956.902
760.494
886.513
960.833
937.15
980.7
874.645
939.079
896.79
1263.65
1037.67
953.929
919.499
1084.41
814.161
825.027
954.802
775.83
977.194
969.722
920.046
1326.04
950.995
880.241
947.881
938.437
1262.68
844.382
958.651
896.725
1083.38
959.77
1097.28
980.803
1009.42
914.836
975.293
837.033
878.435
860.616
937.888
793.079
851.614
999.329
848.449
959.889
904.121
957.162
849.965
909.553
914.033
1070.98
944.066
866.024
958.953
1070.61
817.182
933.131
936.974
1042.33
1032.75
832.106
1053.53
923.087
901.473
908.282
1112.12
963.567
846.319
786.456
794.83
895.751
875.028
915.228
1066.67
1105.86
830.955
861.186
996.426
1004.72
839.173
887.505
874.574
997.365
984.906
865.122
871.508
923.08
962.411
841.734
1019.92
936.12
923.219
1105.88
859.896
899.557
866.465
1029.5
885.887
906.785
902.6
803.691
840.065
779.27
1050.3
999.007
1133.26
1020.3
862.685
922.831
894.084
734.255
980.122
1001.17
876.261
815.815
887.61
884.445
855.763
915.702
778.728
1169.16
1018.46
938.195
982.06
878.774
801.107
996.202
1029.76
843.06
907.677
839.57
940.136
950.833
954.478
820.944
886.386
945.703
784.242
917.849
870.626
940.04
1070.56
919.033
772.467
865.941
925.249
779.195
821.462
1118.15
876.873
895.808
1130.07
1095.63
998.487
1068.95
849.396
1208.64
998.405
824.988
887.435
995.121
835.443
949.15
918.76
864.407
999.25
809.201
1122.91
919.413
827.248
890.907
955.428
990.869
859.375
944.963
839.256
1043.87
825.889
1015.46
1142.86
816.299
975.258
882.385
941.448
831.291
935.927
806.496
940.366
827.09
918.975
901.214
1055.18
903.067
942.42
990.421
918.035
944.066
1006.65
1022.45
938.529
1128.75
972.183
893.085
961.801
1227.28
969.898
811.962
972.998
930.637
863.976
897.016
1006.64
974.358
896.391
956.964
979.813
1004.49
971.98
941.139
1047.55
925.863
917.102
955.229
742.673
1015.5
957.433
1068.28
811.405
1007.55
925.658
821.388
903.792
876.765
894.502
1132.76
1018.8
977.693
901.987
945.817
897.122
920.047
924.895
955.729
1139.38
827.695
1021.02
945.771
937.765
850.088
940.166
837.575
771.93
1004.46
780.762
963.565
836.564
905.102
911.753
782.942
865.211
896.66
724.322
1099.9
932.855
985.13
939.212
965.306
940.165
852.809
960.766
1201.22
910.985
818.453
1017.46
860.026
955.366
965.259
1053.77
931.205
1088.81
820.449
896.92
861.556
1246.08
845.585
1029.48
867.308
883.907
964.798
1016.83
816.701
1086.69
967.688
914.25
801.053
856.476
913.927
863.575
909.525
840.521
970.317
1140.82
987.932
1009.65
919.051
982.014
1002.44
973.648
820.861
1021.33
1043.41
935.664
929.292
854.043
918.006
922.297
976.448
981.681
922.404
1090.16
964.464
1062.25
1016.59
885.554
1067.73
818.433
949.302
889.444
1081.08
1052.53
991.147
977.084
906.629
808.433
856.852
888.765
854.527
925.358
1036.22
967.277
890.844
959.495
1063.26
863.281
933.849
985.103
1106.63
1021.86
944.536
904.151
867.532
837.189
1197.75
796.493
831.957
1033.42
837.275
998.487
939.935
876.623
891.031
977.103
892.636
888.571
953.986
1147.43
884.985
976.639
865.368
955.024
960.108
834.288
693.45
973.507
897.46
982.1
989.567
888.934
980.235
856.973
1063.22
883.192
843.944
1033.29
846.963
1000.18
1096.69
939.489
1035.17
967.736
935.3
809.259
990.019
975.96
1021.27
766.147
1100.74
917.085
937.351
864.698
741.314
879.323
825.289
1045.95
894.023
881.372
810.657
1034.57
910.13
956.77
890.368
894.012
913.786
879.127
865.446
980.755
758.121
830.026
868.559
802.275
1026.35
1148.07
873.491
940.365
910.517
850.623
883.362
1224.72
816.189
798.554
987.051
899.504
965.573
984.023
916.224
827.829
1109.38
1002.68
890.47
852.801
850.13
892.987
948.853
1038.09
838.244
733.219
1051.17
840.017
846.039
1110.64
957.024
1018.7
790.647
1008.58
928.13
929.985
956.445
955.273
966.081
990.782
911.416
897.228
980.158
759.657
813.607
948.937
803.229
933.024
1133.87
784.943
1072.69
947.834
986.861
968.468
861.358
938.054
858.222
872.859
1087.93
1017.65
1027.75
1045.44
1000.11
1018.05
939.47
959.226
783.219
917.418
955.728
924.346
801.714
992.139
1005.08
938.943
922.066
998.867
855.245
893.299
856.465
960.135
1001.41
830.031
964.074
995.061
970.976
979.564
1006.16
871.381
843.997
996.77
923.283
881.809
1007.96
955.4
908.725
806.34
773.618
921.485
1032.9
767.806
916.001
1016.07
1027.3
1020.18
940.262
965.941
831.483
974.074
1095.84
1034.65
1013.13
830.386
954.727
926.851
806.072
1086.68
1122.94
755.466
941.871
914.507
851.144
1008.67
984.678
1053.27
1070.28
1128.11
823.694
794.314
908.682
838.861
784.783
1124.18
933.922
766.149
863.886
852.863
965.108
990.245
882.134
