965.045
978.041
960.422
845.568
1043.14
1161.9
902.151
1241.46
1148.6
1000.77
1119.69
1184.22
1103.66
974.687
1158.77
912.658
790.93
1327.08
1000.37
1036.8
1114.69
897.962
1130.09
807.078
1267.62
994.313
1356.13
893.526
1275.54
1093.81
800.409
996.222
1023.78
1271.39
797.155
1020.93
1015.6
875.841
1189.45
1076.41
1084.57
1012.78
829.796
1174.67
1285.27
1062.07
1071.62
1186.78
1231.56
1005.16
1266.8
925.81
1067.44
1148.36
1086.35
1276.92
1221.59
1024.1
954.957
1050.54
1220.38
773.586
872.309
1360.79
1251.29
1196.52
1014.94
1064.33
1118.89
956.782
1112.66
964.411
790.113
821.048
1196.97
1193.82
968.03
1019.49
822.424
1119.08
894.573
1150.47
864.215
998.471
825.886
996.582
1160.6
1000.03
983.825
905.806
1269
1143.09
1050.91
1064
1069.16
886.38
1074.82
1187.54
972.627
1113.49
1219.99
999.64
1147.67
984.638
1107.43
898.457
1081.5
886.173
971.994
1042.81
1131.72
968.792
1107.2
979.302
897.413
1125.94
1096.68
1201.13
896.277
1104.95
975.333
1245.81
1082.95
1405.51
1023.98
1543.99
939.093
1105.87
1029.91
1071.7
969.533
1083.16
972.781
942.559
983.101
1160.8
818.613
996.664
1201
950.895
1279.64
876.363
1252.41
1025.99
1258.98
1002.76
910.249
1088.15
1015.31
977.924
1035.35
1039.04
1257.1
1307.42
962.073
1154.74
971.051
1133.61
959.697
883.007
1367.03
1011.51
1018.02
961.129
878.734
968.841
952.658
1241.65
1169.95
1495.55
1270.75
968.782
1355.25
937.076
986.574
992.898
1005.18
1019.29
1365.97
1118.16
1112.62
1107.38
1021.56
1029.56
1050.75
1358.82
1296.4
957.695
888.854
1087.39
818.122
1007.82
891.462
1286.51
1158.32
861.824
995.92
966.634
1101.32
974.922
1221.66
1177.49
1171.53
1081.41
1079.61
1159.75
1172.2
984.889
867.075
1069
830.127
1156.73
907.854
1166.98
1072.68
1238.9
958.159
1063.41
1155.83
835.102
1105.4
984.225
1233.01
953.169
1164.43
1047.88
1049.43
857.051
1230.59
882.495
1049.74
1018.32
893.573
816.173
1535.44
791.806
918.039
1600.05
898.836
993.949
838.446
889.161
726.049
1163.61
1173.25
912.163
900.172
975.208
1206.19
1023.95
912.701
1256.64
1153.45
1069.82
1047.44
1082.05
966.027
1054.71
1039.65
1225.43
1064.71
1024.24
1167.11
1155.19
1063.63
1056.37
1110.84
976.589
1012.88
1284.17
1286.27
1178.9
820.497
1035.59
982.454
1336.34
1126.78
966.892
920.169
1063.81
1243.08
982.063
1356.33
905.053
953.719
934.61
890.349
1040.07
1043.99
1139.72
823.383
1188.66
1129.53
931.222
1595.93
1149.87
1149.19
1077.7
827.547
1293.26
953.845
1008.47
889.261
1308.7
892.978
1052.68
936.598
821.75
1002.78
1273.39
1071.75
1146.8
1485.92
1045.5
1001.77
1197.02
1028.64
951.507
836.236
1061.36
1049.82
1120.73
941.736
1074.77
1468.06
1094.29
1036.21
966.802
1065.68
1068.56
1014.54
1257.08
1031.06
1126.52
1148.55
876.785
1141.09
1024.69
974.16
1199.75
1161.23
1068.28
1106.87
1161.4
950.685
1173.02
1035.44
1185.4
1569.56
1123.15
1255.21
1239.89
1267.33
1030.2
1123.1
1245.54
1298.35
836.341
1027.05
1136.58
1131.73
1105.88
990.834
853.194
912.185
959.982
1029.43
1241.62
1043.72
1204.31
989.056
1685.45
1235.48
941.175
1135.18
955.444
906.269
917.026
1065.73
1358.7
984.115
1074.92
1028.66
992.016
910.943
1079.91
1092.82
850.729
1325.93
1259.07
955.724
1261.07
1127.47
990.628
1030.87
1229.06
1324.51
941.633
1031.26
1332.41
1281.49
1221.74
868.85
1229.79
1079.17
756.368
1113.66
1393.57
1216.89
1078.88
909.348
1357.7
1158.56
1071.62
1030.19
968.844
1089.11
1049.15
1140.52
840.187
1091.31
849.935
1162.96
1454.44
1076.3
995.186
946.615
1135.14
861.156
751.872
1006.95
1166
1047.87
1061.37
1057.52
846.712
1061.57
1285.79
1115.16
1064.89
985.68
1165.22
1134.48
1085.57
900.039
1509.82
1143.32
1157.14
973.294
931.208
1298.24
1020.33
991.121
1137.19
848.499
1350.17
962.937
1124.43
900.778
1261.72
989.515
1199.21
1269.81
1054.58
1146.83
1050.37
882.289
791.756
989.183
1024.96
1026.95
1066.37
886.416
1030.73
1301.26
1055.57
948.698
1012.76
1405.38
1034.26
1017.09
1275.08
1186.77
989.973
892.212
905.485
1087.04
963.881
965.202
1087.29
873.746
1044.11
1412.47
1204.31
933.213
851.462
1020.4
950.458
1191.19
942.857
1382.33
1110.37
1348.08
1372.84
1100.92
833.494
839.55
1366.44
991.347
949.398
978.552
1259.77
1018.86
1053.72
1449.11
1414.36
1032.66
1162.88
1060.35
993.208
1058.88
1168.47
1172.66
937.895
1006.2
996.269
1071.23
1184.88
1161.05
936.774
1284.29
1099
1073.98
1167.37
1258.74
1120.95
1129.57
1163.58
970.072
874.528
975.525
941.441
1023.9
1118.56
1438.78
1281.24
1199.92
1015.58
907.337
916.158
1144.54
1280.76
1020.95
859.411
1237.96
1126.59
1019.98
1049.54
1335.11
927.399
1034.68
921.098
970.735
902.378
825.481
1115.85
1191.95
1152.29
1008.31
1030.91
944.271
1411.51
1145.91
1211.39
1036.22
976.623
1103.2
954.531
815.349
936.632
1088.54
1098.81
1662.21
1074.64
1461.99
1001.71
1053.38
1152.14
1135.4
1362.97
1199.3
1163.49
1322.33
1046.62
1239.73
1075.42
1025.03
1293.09
936.268
1072.88
1147.84
983.936
1452.32
881.445
970.243
861.529
857.664
1270.12
964.671
1025.36
924.065
885.839
989.518
900.546
978.009
1067.24
897.043
1065.63
1180.3
1026.39
949.453
1331.37
1308.47
1011.63
1011.9
1000.41
1013.95
1004.82
1141.54
797.109
1087.79
872.673
1281.86
1161.42
850.509
1026.79
1288.13
1250.61
929.018
1224.5
860.976
1014.63
1164.23
1219.06
1281.87
975.909
1085.2
1271.45
1003.56
1012.85
1125.45
1190.72
1329.81
1040.43
981.928
1139.98
922.711
942.403
1056.45
949.078
1180.3
1188.64
1098.96
879.071
1087.77
1152.49
957.346
1000.11
964.047
893.595
828.98
1151.91
962.094
987.194
1028.01
1169.9
1047.75
859.689
999.773
1136.33
1115.27
911.445
1067.43
961.346
1053.06
1098.41
1073.57
1132.24
824.835
1184.53
1236.11
1055.48
985.446
823.027
1452.46
1013.11
1169.11
937.39
1238
1080.52
1021.36
810.203
879.057
889.809
880.269
1281.75
1086.58
1301.62
898.925
954.493
1155.96
881.139
1049.26
1003.63
831.176
1130.1
944.291
1006.49
883.288
1021.8
1013.48
1187.19
965.847
1059.68
1187.37
1033.26
1085.98
1344.04
997.337
1062.29
957.847
1346.92
957.975
1112.87
933.816
916.707
1426.43
1027.6
1328.08
883.309
845.054
1187.88
1023.39
966.276
864.716
1149.07
1096.98
1250.94
893.703
1238.59
1134.21
1121.26
1227.28
1093.47
996.721
1222.29
1266.99
964.945
940.722
997.213
939.893
993.072
1150.82
989.563
1179.33
1056.49
950.955
965.91
1269.62
982.73
1142.11
1016.28
959.342
1067.85
1128.13
936.25
845.331
1402.5
1060.11
1142.5
1123.31
1303.69
1019.32
1027.39
1243.37
960.749
1153.67
1156.32
1177.27
973.897
1062.28
919.674
994.393
1080.8
764.843
1260.04
1261.19
991.316
1165.45
949.42
937.655
1036.27
1274.49
1048.1
1137.36
1057.22
1148.64
1124.16
1068.06
1349.99
978.509
1218.5
930.832
857.74
993.643
1015.1
1028.58
1168.63
1046.83
897.458
834.355
1180.31
1062.31
949.941
1038.56
1176.76
1148.04
1004.77
960.9
1084.66
1061.36
958.531
974.855
991.03
1025.29
1006.3
1138.59
797.418
1096.1
1221.56
1091.17
1200.08
1145.5
1355.7
1033.04
961.774
1032.1
964.19
979.428
906.173
1030.19
1201.41
1006.32
1039.09
944.155
908.629
958.569
1151.73
988.292
1181.67
1233.72
1145.44
987.758
1239.18
1037.45
1203.71
1205.3
1009.55
1170.52
1209.46
1190.54
1040.62
916.092
910.952
976.551
1483.2
1003.02
1035.25
1218.23
1159.63
1010.84
1003.4
983.027
929.56
873.803
973.174
1038.79
939.886
1051.4
1128.85
955.446
1198.24
1060.72
992.097
964.886
898.689
814.12
845.907
949.162
1263.58
1176.01
970.418
946.809
1023.53
1112.4
939.328
1317.71
1051.16
1134.26
1179.65
893.597
903.698
1031.32
1062.76
1170.69
1005.75
1083.81
1197.21
1118.88
1279.12
825.536
1094.94
1056.94
1228.26
989.218
1161.25
1046
1000.96
997.907
1103.27
782.024
1453.78
911.512
960.697
947.4
847.551
867.653
992.586
891.483
1318.64
851.093
993.004
978.869
1388.23
1199.77
1120.92
1152.5
833.97
1109.15
885.524
1123.69
957.286
907.368
1246.21
1190.2
1007.9
1347.77
968.484
840.985
1146.61
1068.48
1072.24
887.026
1093.43
1188.46
1232.99
1213.52
966.812
1067.47
938.789
1076.48
1112.81
1339.97
1044.81
983.513
1068.41
1145.15
888.973
1071.57
1026.18
1288.34
1188.41
1072.61
997.717
986.849
1093.26
1032.93
1186.78
933.257
1026.46
1111.5
957.175
812.315
1065.59
1079.73
862.268
1086.01
1269.36
1063.83
849.869
1006.76
960.163
1192.41
1107.27
885.371
1139.85
1036.66
1303.13
1105.49
958.479
1201.14
855.252
939.209
1128.92
1313.99
882.332
902.45
981.332
1190.46
969.56
1132.61
877.099
945.817
725.312
1106.19
1078.88
1038.31
1348.39
912.503
1265.27
1051.81
951.513
1138.26
1021.3
987.54
1028.63
977.159
793.024
1128.87
858.645
1117.14
939.932
1044.19
1216.95
1044.66
993.994
1035.66
1078.68
1035.03
985.712
861.108
1055.23
1034.18
931.894
974.709
1036.26
857.312
1091.86
859.369
1151.39
1099.93
1173.28
1052.05
1027.82
1102.09
1297.18
1513.66
1129.31
1129.45
1439.84
1215.25
1052.09
1018.63
1108.5
864.66
1051.76
1341.81
1129.9
1041.41
840.614
1207.15
1319.98
925.045
1246.9
1487.2
961.825
1086.56
905.73
1059.79
839.6
1136.04
1075.44
886.859
966.726
1086.88
1085.52
1048.28
958.706
901.907
1287.87
1005.04
816.582
1001.48
945.695
1043.04
1504.56
1020.19
1032.41
896.564
901.515
978.993
1022.84
830.502
640.318
976.357
929.935
1279.46
1326.51
1142.1
1082.04
1304.76
909.12
1088.18
1074.8
743.22
1146.18
1224.16
950.421
998.548
806.655
907.856
1102.45
946.215
1096.71
929.691
1185.85
1192.32
1033.72
1223.49
951.412
964.887
864.249
922.517
1140.41
977.844
1087.81
885.944
951.583
1125.94
1005.46
1050.16
1141.91
1064.17
942.531
993.558
1173.1
994.85
1099.37
1122.42
950.966
1164.26
1154.39
896.182
1063.16
855.565
892.183
981.133
1131.33
953.938
838.463
797.198
977.597
905.886
1109.96
906.58
1478.28
1005.93
907.496
983.32
1473.54
1258.89
1047.84
1084.99
923
1027.46
1378.18
1155.38
875.656
916.747
1154.86
1251.15
1051.22
1451.97
903.027
1083.84
1050.45
858.56
874.811
1001.27
915.527
1171.09
891.585
1179.53
996.065
1368.68
1133.68
1146.71
949.346
1057.44
931.192
714.686
984.545
1234.74
1440.41
965.288
1303.98
997.996
1187.07
931.506
1009.02
1580.55
1088.22
965.353
1074.32
884.108
1089.34
1071.03
1053.2
999.828
1076.55
1002.05
1091.2
917.331
1294.73
863.897
1020.52
973.573
1201.91
1290.64
784.429
1066.04
913.469
1105.06
1011.48
1055.66
945.708
902.452
1056.94
1195.48
706.451
1281.07
901.014
1189.47
1062.71
1107.44
1018.64
942.442
976.92
1002.59
929.006
944.766
1447.73
935.601
1014.81
1053.56
1143.62
985.213
1034.42
1106.67
1201.37
759.081
1270.79
1005.19
857.649
1211.85
1104.26
866.955
1022.89
1080.78
1187.23
945.323
949.105
885.37
1135.98
1200.04
937.369
1065.51
901.453
1262.75
921.886
1019.25
1349.92
1054.72
903.391
1215.38
1286.91
1128.6
1231.82
990.683
1168.29
1142.52
1221.74
940.815
1391.52
943.955
1053.39
1097.78
1010.93
1066.36
1148.46
1043.45
882.45
1053.16
1203.05
930.13
969.869
882.708
1181.94
911.166
1155.79
1125.39
1317.05
806.805
1029.22
1017.97
1241.97
1199.74
984.259
860.935
1071.72
1167.75
1295.16
1118.12
1487.8
1131.17
1219.09
1108.94
1129.33
1157.36
779.297
1114.26
938.951
1013.31
1204.61
915.396
1372.82
922.678
1107.52
1016.09
1003.11
949.127
1060.16
1284.36
1072.99
1128.56
971.764
1099.89
1080.89
924.104
1193.25
1049.22
972.302
981.968
1179.13
913.919
932.722
930.952
1159.63
917.304
947.574
1006.03
1078.96
967.587
945.898
975.243
883.622
1081.51
874.006
1194
998.78
1142.92
841.658
1005.76
1028.58
882.526
1060.86
1198.31
1036.45
1171.38
1157.28
838.764
950.353
1042.82
1003.84
1093.58
887.284
1110.81
1036.3
1159.67
902.106
912.709
1176.48
1442.05
1013.86
1008.31
1191.26
1116.77
1084.47
984.786
1068.92
1297.14
1053.86
854.414
783.579
986.74
1109.78
1090.77
1122.59
1256.17
1127.27
1065.66
983.341
1025.14
1036.83
1005.05
924.214
1293.55
1004.6
999.263
1042.94
1109.49
747.052
887.545
1190.18
948.914
1174.65
1081.42
1002.28
880.383
1278.44
1031.26
999.83
909.663
1098.54
815.27
967.01
903.841
1194.86
1339.55
1104.48
1108.27
1170.52
1447.34
1067.42
1162.9
1130.66
1199.2
1008.2
1107.65
1034.18
1183.18
1145.72
1087.94
1051.86
912.483
1067.12
884.426
846.404
724.278
888.107
1111.12
993.35
933.521
955.739
1145.12
942.97
944.309
1122.5
1360.83
1026.45
992.308
825.127
930.901
1518.08
1040.55
1035.51
1319.43
1346.33
1050.83
1257.39
1029.8
980.043
1010.48
1203.29
1404
1179.43
1288.71
1123.17
896.338
997.168
1041.14
959.616
1053.87
1279.44
1131.13
935.064
1156.15
1044.47
919.221
1473.05
1049.39
1097.59
1207.76
1139.09
1261.57
1110.87
1112.1
942.059
1318.31
1358.67
1001.06
1039.04
1015.64
1158.53
1221.38
1186.47
997.658
1116.86
1110.35
1042.87
1326.86
1268.45
1020.57
961.633
1040.71
963.36
1107.84
1008.98
1269.35
1088.13
1084.35
995.895
1116.93
1076.57
968.083
1421.68
1083.42
1107.48
916.835
1156.43
1376.02
1023.07
1082.47
1035.09
885.324
1021.89
1359.82
1206.58
1025.51
1406.23
1034.51
1102.44
1002.71
1001.53
1308.87
845.779
1312.33
902.153
1225.22
1030.29
1073.43
983.302
1371.48
1112.3
1005.2
900.319
1267.12
1088.26
1017.37
1098.18
1370.05
1019.5
1072.43
932.045
1019.14
1186.13
1145.91
1160
903.862
1116.55
1219.54
1023.07
699.851
1292.31
838.532
1152.89
916.219
985.766
977.024
1255.09
1067.81
947.296
1168.32
945.782
913.859
952.557
903.598
1223.18
925.872
779.772
1050.74
985.39
921.695
1200.21
1028.11
1083.99
1104.96
1080.63
933.032
935.256
1126.53
959.003
1139.31
1030.42
1133.18
1129.81
929.718
1044.6
856.618
1046.63
947.894
1006.01
906.232
1288.45
983.482
908.084
804.716
1054.82
982.882
1414.73
800.63
1182.28
1153
987.616
1018.08
1263.77
1066.11
883.359
1105.68
1097.05
1160.66
1022.14
1279.27
985.391
1279.37
956.607
1053.16
974.416
1221.02
1215.92
1220.48
1291.85
1023.65
953.905
1116.65
1184.1
1173.85
866.356
1041.17
1190.21
1136.38
1115.54
1252.58
1073.96
948.442
840.24
1281.9
789.128
1408.51
1375.18
1209.48
1125.27
830.243
1286.77
1243.33
1114.83
981.082
1182.8
1032.52
948.817
961.198
959.525
1014.58
945.35
837.284
1131.63
991.929
1101.72
1061.63
1009.19
815.14
1084.14
1076.39
1090.87
1235.71
1086.53
1112.12
1131.81
1207
1206.85
1105.07
1326.29
1001.23
1088.63
1107.09
1059.11
1164.08
1028.29
1139.23
1048.43
1276.8
1264.54
1075.4
824.339
945.574
1011.52
1043.39
963.448
965.602
1115.5
950.008
1124.28
1261.98
970.719
1213.07
866.2
1001.54
1086.31
1193.53
1203.59
1082.25
913.064
1245.82
1152.77
1295.42
1288.12
1163.19
969.967
1018.95
1185.69
1211.67
1197.05
1155.57
1109.39
1420.05
1015.29
844.159
939.305
896.232
853.447
1127.35
1189.13
1011.89
1051.81
997.245
1001.23
1235.79
1019.79
1036.42
1211.2
1015.93
995.016
1096
1002.17
1210.93
1222.78
872.316
1063.83
967.668
852.03
814.445
1056.5
1099.13
997.548
1239.22
1045.77
1431.77
932.186
1164.64
994.617
872.521
1210.24
1053.54
996.733
1006.88
998.965
1155.29
1048.62
960.982
1079.41
1171.52
1081.92
1230.41
964.606
961.319
940.361
1022.69
1419.48
1137.61
857.892
946.451
1162.17
945.947
906.718
1072.54
1215.38
1113.22
1197.81
822.959
1111.43
1013.41
920.653
977.607
1126.11
1040.12
1241.75
1064.39
876.882
1137.62
925.462
982.908
1145.59
1013.56
1432.41
806.412
1101.41
787.621
1161.57
1012.92
1441.43
873.185
1093.85
870.576
940.707
1206.02
1119.51
1064.08
744.829
1234.89
1162.08
834.718
972.534
1164.87
981.906
1379.58
941.723
1135.34
902.194
964.874
1567.99
1049.52
911.934
990.484
1207.25
1118.36
1096.73
912.113
915.259
941.742
1065.47
1103.85
1308.84
1145.83
1263.51
982.278
1296.37
1241.42
1136.11
1245.9
901.559
1422.51
1096.48
1264.01
968.242
1135.02
1272.29
1301.73
970.367
1117.17
1225.06
1160
1017.6
1065.11
1039.45
1108.15
1007.82
993.391
917.07
1131.98
1193.89
1189.06
1071.21
799.944
976.579
1231.6
1149.3
1233.47
1039.33
981.511
900.968
1176.54
961.907
1114.41
1157.4
1053.91
1136.06
1012.7
1142.02
866.668
932.019
1309.13
1196.46
1377.97
1133.44
891.607
999.578
1084.2
914.715
1410.97
1407.01
1000.31
1315.88
1040.54
931.321
1093.41
943.133
1095.85
1399.67
1017.12
1282.45
1047.14
1076.11
1082.05
971.224
970.037
1065.74
1005.07
1129.93
1210.36
929.783
992.248
1102.51
985.133
939.89
1059.59
1029.87
934.03
1032.16
1112.48
868.131
1205.39
946.381
816.141
1116.98
1018.63
1030.56
956.7
1129.81
1091.21
977.336
1048.06
1181.55
1155.61
865.413
1039.49
1088.04
1087.59
1005.98
1073.36
943.861
978.891
1222.24
958.412
847.418
964.699
1192.62
882.899
1152.81
1030.77
830.003
1108.73
887.393
1187.92
989.285
1110.63
968.843
913.563
980.316
878.646
1096.09
922.147
1591.86
931.958
972.952
1188.67
1200.28
1222.55
976.133
1228.78
949.587
1222.71
911.448
1376.01
1022.63
1211.77
1069.63
964.06
826.637
1184.79
1510.73
1011.51
1028.14
1168.87
1286.73
1137.44
1052.66
914.433
1061.06
1080.76
1129.83
1060.8
1017.77
1018.11
1115.79
1043.15
1483.47
1068.63
945.147
1202.33
855.128
1330.65
1030.16
841.773
919.721
1043.52
979.463
923.685
1159.55
765.416
1163.94
1198.43
1004.07
1181.35
1131
993.002
1087.23
990.83
939.747
850.374
1006.64
833.34
1048.51
906.359
944.696
1147.64
853.57
1101.34
926.879
1126.19
1226.45
968.068
828.263
1103.36
1174.73
925.681
1048.55
1110.57
942.855
1127.04
1237.31
1080.66
899.509
1057.62
1017.94
1064.45
1087.23
1007.09
969.113
1139.56
1118.67
856.589
1145.41
1152.89
882.226
1117.2
1158.86
1230.32
1245.01
1360.21
1137.47
1126.24
945.265
1020.91
1345.71
1155.54
888.733
1109.17
970.237
891.025
1092.06
1027.07
794.026
1047.67
1032.64
1123.61
949.722
1255.22
1111.75
1019.09
974.32
1199.87
1077.9
993.149
780.387
905.326
940.285
1010.21
1312.35
1061.07
1235.92
1114.71
997.143
1090.49
1237.98
1162.73
1284.94
931.921
1105.7
1140.1
1326.22
1024.09
1232.19
1245.39
811.354
1048.92
1066.88
950.489
1103.95
1025.23
1037.96
907.428
1461.45
1217.36
1489.57
968.092
1064.63
834.445
973.939
976.181
958.848
842.619
1178.56
1193.99
1053.94
1069.78
1006.39
1145.21
1005.47
962.495
1119.51
1152.37
918.976
1233.68
1139.14
1145.16
999.137
1129.48
1206.64
1535.87
1091.24
1285.49
1497.78
1061.73
1083.73
1040.21
1219.71
1144.51
827.29
1160.57
978.827
1128.99
1026.49
1114.12
888.222
1152.6
1053.2
1112.16
858.322
916.587
949.94
909.228
1293.08
1194.89
971.946
1295.09
1271.13
819.949
1134.9
1214.79
895.642
1040.12
1441.41
1044.9
934.549
1466.7
1116.7
920.804
1284.99
1103.39
831.43
1236
954.31
872.327
1284.93
978.593
1156.58
941.104
1273.84
971.12
934.41
999.235
1154.51
872.837
1218.21
1030.2
951.164
1019.28
976.632
1044.09
809.388
896.632
1102.85
1076.37
907.009
999.334
1090.23
938.871
948.433
1175.6
1086.36
1083.27
1117.35
1041.74
1189.95
1078.3
996.169
1225.22
877.108
1011.91
985.472
894.442
1192.32
1216.04
1024.51
1054.2
1330.87
1172.09
840.108
1258.13
843.807
960.423
1152.24
977.709
1104.54
1035.71
1103.5
1148.75
893.275
1091.64
1418.2
1005.21
916.045
739.357
989.77
973.152
1047.26
866.812
908.035
821.139
1320.1
1386.44
1440.96
926.453
847.709
1147.18
1185.05
956.746
881.928
839.412
994.734
1183.78
1124.89
1027.14
878.162
1109.64
933.09
905.648
1121.61
871.139
1015.51
906.412
1013.89
1255.5
1163.04
1116.7
1315.86
1452.53
1070.38
1391.36
1026.4
776.829
1288.57
928.117
1248.64
1108.34
1200.67
939.747
1442.71
1038.68
1001.52
1035.43
857.713
977.489
1172.75
922.422
1124.96
972.756
1059.18
1065.32
968.394
1029.07
1152.9
1294.73
1017.41
1169.52
1032.01
1188.95
990.883
1270.24
1013.39
1226.92
1169.42
1261.51
946.062
1094.31
1001.01
967.722
966.642
1071.68
936.656
883.535
1193.26
976.16
1462.24
1099.32
992.158
799.959
1158.56
1168.27
1123.54
1518.63
1193.47
955.864
1111.2
1019.66
1210.79
1196.5
905.202
1162.41
1081.03
936.247
1053.66
822.202
1325.12
1015.46
962.594
1101.5
906.926
1261.74
1110.28
1206.33
836.123
1108.52
954.922
1077.66
1086.22
1059.25
985.301
1037.77
983.18
1034.64
1203.22
999.865
1213.52
978.33
1324.43
1049.11
1097.57
977.828
921.311
1245.87
891.778
879.264
1062.67
962.109
1273.9
1091.39
1168.97
1129.22
1088.91
1148.55
1012.58
1041.41
1074.15
941.974
1037.47
1154.16
852.011
1070.02
923.129
1262.86
1079.96
1070.24
1070.81
1237.96
929.534
932.365
1052.92
1235.43
1088.41
1104.7
1074.79
1030.88
867.817
945.543
874.279
1128.38
1018.95
859.245
999.74
1408.08
961.926
1004.63
872.256
869.938
1185.52
1342.71
1358.99
932.866
844.429
1242.43
916.262
993.66
886.865
968.154
1129
891.545
1227.91
1068.69
984.144
1245.14
1285.13
916.259
1050.33
890.461
1099.45
1044.82
1518.96
1307.34
925.519
1351.29
1097.74
1023.14
954.161
1171.71
968.064
947.027
1036.04
1180.68
885.509
982.657
790.36
1188.21
1004.03
1116.71
1225.87
876.992
1090.41
809.087
933.834
1065.09
1000.35
1042.21
1182.16
987.465
935.432
1032.79
1051.02
1245.83
1078.17
1154.24
1059.79
969.464
883.719
910.752
999.548
1033.78
760.083
955.59
1065.48
980.131
977.652
1290.38
1033.99
1169.42
1053.17
1191.04
1009.85
1069.85
859.017
1219.96
1466.34
1252.6
1112.9
1135.09
1076.81
1163.84
1037.73
1440.37
1021.83
1072.45
957.697
824.476
1115.91
1029.72
1081.71
1008.35
872.033
949.037
984.162
782.762
840.154
1230.22
980.592
991.503
1167.79
977.814
1060.68
1119.8
1074.13
1038.14
1103.9
894.745
1092.04
997.537
1254.05
1223.58
1136.16
1173.97
1164.6
1070.23
915.167
808.517
839.895
1068.41
990.699
1073.98
1143.51
1111.59
1150.8
858.598
1107.39
1110.5
1221.75
858.261
1031.06
1427.45
1037.95
1068.88
1223.09
1042.53
1119.16
1072.14
1089.99
1020.4
1086.31
1169.21
1023.7
931.5
1137.27
896.973
1322.6
1347.5
952.256
1139.44
852.626
976.969
864.653
1114.06
1280.54
1049.53
978.107
1199.88
1150.84
1138.04
1040.93
1032.84
928.599
1056.76
990.421
807.047
1021.14
1116.35
974.719
1120.81
972.377
1471.97
1339.59
925.292
1327.3
1100.44
921.238
1262.81
1129.6
1024.79
926.771
1258.72
1107.14
1409.68
1060.41
1123.82
903.615
882.208
1021.71
862.647
957.443
1346.79
1182.9
1038.97
1087.11
1094.06
859.924
1346.86
1091.79
988.305
1290.95
959.129
1299.45
984.037
1229.4
878.598
1204.95
1119.24
1226.88
1261.46
984.556
1337.81
1005.51
1162.26
973.586
996.929
1125.59
1206
920.935
965.621
1250.39
1370.41
844.399
1019.16
929.566
1082.11
956.703
1135.4
1205.56
1347.05
1084.54
849.561
892.593
1170.6
1057.76
1052.53
1210.77
1185.66
1055.02
855.118
1320.34
1037.07
1046.76
1006.9
953.364
1069.53
1012.87
902.931
1208.36
1102.45
1137.35
1110.94
1158.91
1125.45
1051.41
1121.63
1019.76
922.891
866.894
1158.36
1255.34
965.273
1164.8
1101.76
943.132
1268.29
863.442
1120.44
1122.3
992.943
1311.25
856.343
1232.29
1119.49
1090.43
1231.81
1002.46
926.375
1001.57
1012.18
753.885
874.66
832.341
834.256
905.197
982.795
1259.52
876.511
1357.21
869.276
895.334
1007.61
909.787
749.918
1116.57
1266.32
1225.83
1339.5
931.466
987.005
1049.51
918.827
1130.5
1391.07
1185.2
1152.34
981.487
1019.01
862.941
1030.69
1203.1
1044.47
910.099
1190.27
980.204
1122.35
1093.35
1047.09
1118.77
1200.39
1092.54
1297.19
1133.09
867.021
1019.12
1238.12
1160.87
774.451
1175.99
925.825
1206.11
965.737
983.311
965.559
935.429
1186.69
982.461
777.561
1180.1
884.295
1096.93
1186.02
1246.13
1152.56
736.71
963.239
1220.96
1098.53
934.566
932.687
1078.05
960.261
1074.89
864.641
836.128
1218.29
1010.66
1178.27
855.41
1015.82
1199.47
1308.32
1089.19
1122.09
1051.55
1251.32
1004.86
1025.01
1158.52
1022.62
1036.25
1275.42
1091.28
1128.96
1104.85
1123.33
1288.66
1094.71
1214.75
1259.88
843.128
1210.81
1121.12
999.694
850.623
1110.29
1161.04
878.645
1043.28
1289.51
1372.84
1104.52
986.385
1012.1
981.109
1111.82
954.077
1359.49
1301.29
933.843
921.884
963.889
1176.04
958.723
887.446
1089.06
888.561
1056.21
1247.77
1407.81
874.103
1049.41
869.671
1403
876.433
988.37
1029.1
1031.93
996.817
1079.68
908
1086.91
934.564
1009.58
1033.83
1055.85
1255.04
897.031
850.186
1110.76
953.265
1130.76
903.081
1131.6
1134.06
916.978
1111.74
1255.34
973.767
1139.68
923.668
1101.39
953.848
1152.57
1144.95
1174.03
1103.36
1053.62
921.464
1015.28
1108.68
1018.73
1066.42
992.202
901.989
927.953
984.075
1265.45
964.006
1237.05
990.3
1093.74
1383.92
1077.86
1250.02
866.651
967.708
1438.22
1014.57
875.134
924.894
1122.97
1284.46
1134.5
1027.75
1169.37
979.243
1120.79
1087.05
1063.98
1285.85
938.909
947.153
1185.34
926.847
1105.86
850.448
1245.88
1190.84
1124.21
1244.94
1035.46
1051.15
1591.59
1192.31
859.312
829.584
1151.89
1285.7
1032.01
945.936
957.088
1028.26
1107.72
1056.26
1031.4
1047.88
968.976
1109.12
1190.96
1147.52
973.897
1086.07
1072.35
880.12
968.16
1016.34
1231.36
1068.23
989.45
1091.96
1150.09
1226.36
1102.04
1409.17
1010.66
1169.07
964.085
1003.17
955.111
1001.67
987.021
914.955
887.079
890.413
992.024
1146.89
1231.28
1430.04
1219.76
1228.89
1212.26
1281.54
1134.45
908.69
1313.12
1047.99
1168.44
1159.35
905.965
1109.25
842.567
1062.88
1113.46
1251.49
1358.64
883.609
1042.63
1009.33
995.564
960.501
772.417
1003.46
1115.11
960.002
891.163
810.108
1038.97
1204.56
1252.43
981.906
1338.97
1125.14
1091.19
937.09
972.832
1097.76
1050.76
846.538
1378.36
769.995
1134.91
983.744
1221.62
852.232
1013.74
805.828
1229.97
1283.09
1100.01
1087.15
1184.35
1080.09
919.683
811.051
1023.28
1203.26
1100.1
1097.15
1155.78
1078.23
1136.82
1027.65
968.087
1084.78
1097.88
916.22
1286.85
1221.53
982.423
960.788
1104.45
1140.51
1005.08
1006.04
1085.75
1024.14
1017.78
1125.3
1133.7
1009.1
1049.63
960.496
1152.22
1308.1
887.831
1302.16
992.954
1090.41
1083.27
1066.43
997.059
1051.85
1077.56
997.735
1027.47
1088.79
924.204
1072.42
1154.54
1402.63
1284.78
1444.95
1001
958.414
1275.72
883.494
963.18
1080.19
1010.15
911.715
1453.01
896.319
1400.17
824.482
1068.55
1046.49
1033.5
1168.05
1063.55
960.967
1355.85
1216.31
983.359
1295.99
911.045
1427.56
1083.08
1101.29
981.541
977.87
1016.21
990.891
1178.95
950.537
997.741
1120.28
955.931
1007.03
1140.84
1291.46
1131.6
891.185
1152.27
1099.13
1159.98
1063.8
1122.43
1136.82
1162.45
995.024
1110.96
1010.97
1056.94
1086.88
1091.46
1043.48
1077.94
1021.58
1302.64
977.784
1087.61
1150.4
1287.5
1074.69
984.924
1290.8
1038.59
1080.76
1278.24
1062.89
1128.53
912.986
875.284
1354.59
886.059
916.274
1000.49
950.767
1117.95
1093.78
905.918
1089.08
1200.28
1066.25
985.458
1261.98
821.897
1129.18
879.777
1093.32
1072.72
933.95
1133.16
1302.69
920.602
913.636
876.997
1162.31
1130.13
1012.63
1244.42
975.276
1181.6
1149.27
1153.37
683.81
1165.26
1312.25
1116.32
1070.59
1267.49
1145.07
818.228
1248.31
1444.14
985.723
1197.72
1137.91
967.249
1246.67
973.136
1071.64
1064.2
1151.97
1459.7
958.965
973.817
1072.4
1105.47
839.893
1364.57
843.451
1016.82
996.596
1581.35
1147.76
1027.81
1208.48
990.639
807.223
969.921
1082.33
1022.11
1389.86
767.665
1134.95
1033.21
892.641
858.749
1274.74
867.4
978.286
1107.06
1255.16
895.326
1188.84
979.893
1076.99
921.451
1085.88
1137.53
1280.7
1127.81
1024.22
1349.08
940.284
1088.92
948.95
1308.36
955.85
875.651
1015.2
1242.32
1156.1
914.238
967.895
982.734
812.592
1046.56
996.818
1104.91
1475.1
1176.26
926.365
1147.64
1171.95
903.314
1616.56
1025.29
1181.62
1171.72
1073.34
1108.64
1139.77
1118.79
1159.43
1134.9
804.016
981.961
1019.46
1151.98
948.472
970.905
1202.85
1131.65
1465.93
1101.38
1141.14
1155.43
1050.54
1033.16
1097.31
870.448
1069.7
925.031
1274.84
1216.22
1001.76
1157.99
1087.61
786.116
1088.39
1163.18
1019.13
1561.89
1000.7
1336.66
935.367
1179.87
1138.76
1007.6
878.277
1135.86
903.214
906.859
982.732
1203.92
1086.35
970.549
1255.34
1113.36
1205.55
1007.15
951.486
1162.88
1012.95
1198.81
1081.97
848.225
969.102
1142.82
1255.35
1123.18
942.326
858.766
1242.85
1045.95
877.876
1230.59
1142.49
946.333
1237.3
1238.82
964.552
1048.52
1018.22
1131.97
1160.98
1299.33
967.542
1104.82
1042.25
1076.29
979.239
1297.98
1013.23
1180.42
1035.83
814.544
1485.28
1002.38
822.035
1045.66
1449.04
982.788
960.075
1080.7
869.086
1033.48
945.288
819.74
1124.17
1249.86
977.555
1168.06
967.611
993.732
1319.97
1123.15
1346.89
1169.33
982.499
1205.46
1343.32
1137.86
1118.82
963.6
1090.96
892.743
783.603
1118.13
1089.14
1303.94
853.994
1155.44
1162.23
1102.62
974.763
1216.01
966.715
1178.98
866.05
1175.05
1002.71
920.278
1099.66
1072.96
1304.82
1601.48
1122.06
1283.07
986.656
996.544
1122.31
826.46
1056
879.277
920.898
1551.5
829.503
1034.53
1314.35
1004.06
1042.52
944.824
1061.88
966.415
996.216
1179.45
1137.04
1363.15
973.587
1131.01
1054.34
1053.67
1008.85
957.399
927.889
953.539
994.402
1317.73
1117.21
1217.73
893.283
1198.47
1123.68
1484.54
1100.25
1117.39
840.064
1070.9
1486.09
1237.61
1359.37
817.835
823.434
1097.97
992.772
1051.03
1126.38
903.633
821.391
879.489
830.586
1033.05
1007.32
978.7
996.53
1193.03
1048.72
1092.42
956.743
1080.24
1099.92
932.769
1069.83
1228.6
1067.53
1053.78
1200.52
886.807
960.55
1240.28
1189.15
1285.47
1341.04
944.925
1199.11
1241.53
988.157
1141.05
1179.99
1154.78
998.559
1253.16
1402.03
1082.65
800.904
1356.79
1241.04
990.757
999.682
1135.29
923.978
1050.42
1301.19
1020.08
990.855
1228.76
1303.7
1029.44
1251.96
1111.79
988.076
1064.35
1173.44
995.844
1412.66
1163.48
950.294
1004.47
905.489
1131.98
1264.18
815.392
1147.94
1147.82
1146.1
938.767
1252.66
897.191
1079.48
1312.91
1049.77
988.517
1212.05
1188.24
1163.16
964.245
1157.72
1047.66
1116.15
1068.9
1011.3
1082.72
1650.7
1011.33
918.081
1337.05
1191.26
918.933
834.612
1478.94
1064.63
1104.86
945.068
1025.66
1051.66
912.344
1056.22
970.121
1222.56
1032.75
1408.19
1008.26
1079.47
1093.75
1163.95
948.219
1179.28
799.845
1001.28
1272.1
1138.43
961.993
795.475
1058.69
1179.96
1300.77
1142.92
1034.7
985.012
1044.63
994.666
962.034
1116.78
1226.84
1024.41
957.469
1133.79
736.988
1333.34
1149.36
956.868
800.013
1128.51
1368.81
1101.3
973.46
824.059
1088.84
961.965
1740.68
1373.95
779.007
872.518
1097.89
1026.3
1143.35
950.315
1047.19
1110.76
805.705
947.964
1271.86
1253.01
919.01
1156.84
1096.13
881.333
1186.39
845.944
1017.66
1102.75
1015.65
988.204
1004.58
1097.85
952.978
1050.51
1163.4
1308.5
1292.23
807.014
1071.4
1408.17
1026.85
954.828
966.984
900.069
975.633
1116.86
1050.57
910.633
1177.43
1228.92
1345.26
1092.68
1249.54
823.302
945.022
1247.27
1053.53
1261.89
1327.9
1133.49
928.688
1164.42
1280.05
1064.17
985.199
1321.49
971.721
820.66
1034.78
1006.14
1155.21
919.979
1113.51
913.843
1203.79
999.732
928.904
919.712
975.464
988.496
1491.23
974.184
1004.1
832.172
917.881
919.173
1216.43
1028.94
1183.61
858.634
1030.69
1119.12
1057.2
1120.78
1001.47
801.906
990.295
1105.77
903.833
1137.72
902.919
1262.61
843.543
724.522
1114.72
1167.83
982.327
918.536
1053.49
829.703
1180.91
1138.91
1042.87
1083.56
934.125
1149.11
1080.02
775.819
1239.15
1151.83
1192.29
1368.28
1058.87
1082.78
977.722
931.404
884.957
880.37
969.68
1008.92
1023.06
942.686
1057.6
1201.54
1081.32
894.631
1140.99
979.364
843.714
1050.72
990.214
1208.53
987.414
719.794
859.635
1092.26
957.566
1111.46
965.486
1126.84
961.255
1504.95
1204.53
1400.99
976.55
1150.08
1094.28
1103.46
1046.06
947.904
1207.69
886.019
1160.85
980.088
1096.69
831.823
948.31
1386.8
1340.33
842.595
1106.46
1012.81
856.418
1111.97
799.251
1244.92
1139.26
1243.05
1208.8
1268.55
715.432
1192.08
1194.97
1062.39
1037.52
1038.15
1140.81
954.969
879.944
904.975
1038.94
1091.59
1231.44
1065.84
1128.93
1144.95
942.004
734.694
1053.13
1023
1154.91
1004.54
1065.08
1126.37
1111.97
1108.56
964.741
1109.83
1025.9
1082.4
1184.55
1032.64
960.845
1004.31
1104.33
925.534
920.977
1208.81
779.132
1176.08
1126.93
822.588
1096.42
1220.06
939.576
1202.74
834.213
1118.43
1179.81
1109.07
1011.77
1124.69
847.907
1116.65
1030.69
951.502
862.979
1092.14
1365.31
1015.45
1335.91
1149.97
1044.78
972.508
1158.71
1074.56
835.502
1238.64
1092.54
1298.65
1105.25
1022.72
993.427
1437.56
1190.07
1029.43
1045.46
1060.54
1006.57
991.346
1304.02
1132.66
1181.11
856.306
883.331
926.875
897.006
1154.27
1142.66
1035.82
1072.16
1015.23
1310.15
729.721
937.389
1013.09
964.694
1344.37
1188.54
1148.56
1441.32
1329.96
1172.57
1347.36
993.743
1356.41
1114.01
884.86
1428.49
1452.88
1052.45
1156.33
1371.86
1200.08
1001.89
1023.5
1043.42
1226.41
1117.6
1091.86
1039.61
1174.56
864.023
958.901
970.637
977.471
1106.33
1110.74
967.329
959.511
946.21
855.106
1074.83
1126.52
1255.21
964.268
1185.82
941.17
1042.1
929.567
1468.84
944.751
1022.08
1153.62
995.018
939.752
1053.02
904.634
885.435
1079
833.209
971.133
966.651
1138.04
991.865
1108.84
1321.62
1308.53
1063.62
1113.6
1024.92
1295.68
783.551
1098.56
1066.61
1181.8
1165.87
1096.87
1049.69
1017.36
1279.7
1052.92
963.789
851.881
1124.26
1150.18
1031.77
934.287
1114.17
1335.77
1261.31
1137.26
1077.02
932.624
988.979
1344.84
1213.43
1131.19
1099.28
1169.83
1234.66
1043.26
925.848
1229.1
1059.14
1042.66
931.013
1379.86
988.276
1143.94
867.127
982.394
1158.43
1320.68
1220.29
719.882
924.51
1059.83
858.77
1082.12
1193.13
1008.44
901.299
1141.68
994.476
1315.79
794.152
904.435
930.959
1059.58
1398.86
978.28
861.285
1163.93
965.421
944.174
1095.04
1049.72
915.304
1130.26
1026.7
774.617
1115.14
1183.18
1146.86
1356.2
916.613
1168.71
1272.68
1030.13
1097.25
1062.97
1037.78
1124.56
1050
987.34
1071.02
1125.13
971.353
1034.61
958.974
1060.56
858.06
1043.4
1019.1
1007.15
1213.02
1143.04
1065.48
968.432
1085.69
1420.83
797.266
1029.59
839
1057.62
856.616
665.4
1310.59
932.474
1067.93
1035.43
1007.92
964.254
1013.5
1282.97
877.057
1432.22
1020.51
1005.43
968.33
857.223
1119.18
1214.11
1028.27
1110.43
989.777
976.673
1199.02
1214.93
1023.81
1027.76
990.303
1187.02
832.329
915.037
1022.52
1454.32
809.488
1243.51
1403.04
996.612
1043.43
1056.26
1114.73
1068.72
1198.35
1055.18
1139.32
1242.15
1023.87
1005.76
1069.63
1318.54
941.766
1272.6
929.981
970.762
1219.79
879.303
1437.12
1013.27
1066.07
858.718
966.917
1173.98
1059.86
1107.46
1018.77
1240.13
990.859
1101.83
1128.4
1118.22
1167.14
1357.31
1117.13
1043.43
1250.36
940.054
1138.67
1043.55
1045.82
1015.17
1277.01
1273.89
1108.63
1259
842.003
1136.5
828.403
971.33
1096.62
877.955
1111.12
1127.67
932.954
1219.92
812.808
1096.14
1047.74
1068.5
925.507
899.824
1067.19
998.249
1020.34
1004.79
824.302
921.73
1282.17
1215.81
1218.23
1057.04
971.597
839.545
1094.8
968.76
960.278
1139.25
1136.17
1109.09
957.604
1275.88
1246.73
1054.12
1289.16
830.907
1055.9
1099.62
1039.74
1425.63
829.52
1029.69
894.872
1029.02
910.433
1020.27
1096.75
1306.03
1168.87
1055.22
879.98
917.13
872.357
813.793
974.257
1073.97
1054.55
1147.39
798.946
1162.96
1057.01
1027.68
981.9
1119.69
826.209
1043.05
1006.17
1229.46
1125.74
958.737
934.634
1127.06
1278.05
956.086
1141.79
1050.94
1133.19
1067.07
992.808
1277.21
990.37
1007.14
1404.72
924.342
903.481
1204.88
934.843
974.807
1078.95
1078.86
977.497
1191.05
1180.22
1172.55
872.036
1037.37
1094.06
1376.64
832.403
1063.5
1009.92
988.073
966.793
916.938
986.98
941.282
1069.18
1191.52
1156.51
876.429
961.581
1274.71
1247.23
1175.98
1024.49
1099.36
935.428
987.026
824.866
1210.47
921.879
1138.39
1083.59
1047.42
1215.26
1126.05
1032.03
1066.9
1055.23
928.689
1070.63
1033.56
1027.11
841.478
1147.65
1046.58
1020.78
909.544
1062.29
967.399
918.933
1076.08
1187.04
903.13
1091.74
1002.01
1275.53
904.415
1170.61
1065.19
1157.65
927.803
725.094
995.37
1055.66
1003.65
1011.37
874.861
1189.56
1189.65
885.148
1368.33
1127.17
1056.17
1339.1
1072.66
849.557
929.074
1286.58
995.568
1036.57
913.721
1060.02
988.572
1077.41
1202.72
1046.47
1187.18
898.301
839.469
916.564
965.917
992.21
987.691
1089.09
945.886
962.046
1180.95
988.39
1006.16
1045.81
1090.4
1015.73
1252.81
908.684
1101.28
966.167
940.221
986.351
1184.95
1028.74
1265.79
1053.43
991.75
1361.02
987.409
981.17
1001.69
898.447
1063.84
1312.4
1364.12
976.425
955.703
1139.69
882.249
1600.69
1132.84
933.253
851.199
863.127
1174.46
890.162
1172.09
931.224
1154.71
1129.26
1003.86
1334
1002.49
976.484
1083.63
955.297
1175.65
1104.32
1212.81
1039.83
1148.66
1121.07
1140.79
1228.95
1032.12
1072.08
1087.62
1031.94
1092.27
1280.2
1535.61
1203.65
1060.41
1009.19
1184.97
907.345
1053.44
1065.48
1255.36
991.703
1245.52
1130.82
1104.83
984.12
1030.12
1052.69
1008.55
1051.92
1061.33
1009.04
1260.51
1046.37
1015.59
808.419
956.856
1015.88
1198.37
896.31
1024.11
960.257
876.49
867.575
1246.52
835.244
961.701
1333.67
1014.11
948.987
1052.64
1121.49
1032.12
816.409
914.433
1144.35
1175.08
903.77
1222.68
1168.67
1356.74
1315.85
1187.87
981.89
1149.08
967.564
1055.89
959.92
1057.59
931.195
1024.91
1271.2
1266.19
997.008
1368.18
1152.59
1046.62
1074.85
1274.56
1074.8
1118.06
929.352
1184.54
887.744
1175.22
1104.81
980.344
1082.1
1354.95
931.085
1152.09
1006.35
1117.36
1068.63
963.456
1065.36
1225.73
955.858
973.687
906.547
1167.03
897.137
1207.32
1111.85
908.875
1170.64
1052.2
950.855
987.668
1055.02
1024.03
1416.46
1172.17
1179.48
1077.93
968.432
921.944
1117.33
1243.54
1132.28
965.206
1005.36
1045.63
1138.52
970.434
863.061
1116.96
992.689
1194.86
1003.84
963.241
1155.21
951.739
1040.11
1174.74
1491.58
1201.07
1060.16
1084.37
1522.21
1078.84
1208.72
982.669
1136.07
895.412
918.66
1137.03
1123.99
1094.26
993.41
1176.62
1230.01
923.779
1162.1
951.844
1042.68
1042.7
1102.53
935.512
932.43
969.655
897.717
1193.06
1145.79
1025.18
1303.75
1331.45
1594.59
921.831
971.255
1056.11
1198.12
865.574
758.895
1047.68
962.767
1015.53
1016.81
1244.93
1074.22
1203.88
848.017
1402.49
1064.29
929.736
738.088
996.262
1052.28
975.425
1003
952.927
1207.43
1237.3
902.536
1155.2
1175.68
1115.26
1257.74
968.265
1433.35
1081.5
1212.45
783
1034.92
1106.02
1094.46
986.12
1079.17
978.256
1303.28
877.614
988.546
1050.77
987.633
984.383
980.338
979.346
1196.62
1213.85
1041.6
1076.21
1107.15
915.395
964.989
1033.23
1280.48
967.878
986.595
1206.67
1208.39
847.201
1099.88
1306.05
1016.78
896.957
1098.29
1069.41
1163.93
1032.51
962.692
916.81
943.35
892.407
994.977
1108.53
1207.71
1209.79
1355.6
937.943
1163.06
1052.19
1038.43
942.952
984.061
897.328
808.749
1204.59
705.413
1073.35
1073.8
1007.92
1157.28
1276.09
1189.3
1026.83
1240.31
1124.25
1060.73
1337.96
1088.77
1101.08
1145.8
1132.93
1061.31
888.63
1118.14
1093.84
1023.52
1308.1
1293.42
1213.6
1040.7
1074.18
1067.13
827.728
909.861
1161.18
1195.17
1141.55
930.777
1001.33
1069.91
1179.76
1334.62
912.315
830.936
916.615
1067.08
1188.18
887.681
1041.53
1132.5
1002.09
1005.43
936.614
769.494
973.444
735.591
932.173
1079.53
1175.36
975.108
1299.79
1005.99
1204.15
1822.14
966.757
1264.04
910.746
1086.31
1014.48
962.232
1165.14
1026.64
1070.95
1033.84
965.311
1097.23
957.854
928.119
838.138
986.501
1200.2
1189.79
1065.93
936.981
1197.19
1322.44
1025.47
984.974
873.158
924.471
957.142
958.233
1009.96
1064.43
983.079
891.759
1192.83
1086.81
1315.36
904.794
946.649
989.312
1033.79
896.084
949.958
853.61
1045.91
822.412
1210.43
1270.89
1216.1
1415.6
1053.15
990.717
846.184
823.47
1043.74
1202.28
1191.28
967.064
900.463
954.449
1293.01
1061.28
1429.35
1083.26
1103.17
1017.64
1439.21
938.778
967.401
1047.93
889.366
1509.1
927.764
949.793
1384.92
1104.54
1066.55
979.403
854.686
1137.37
779.491
1158.75
1515.47
879.839
892.428
1009.01
986.574
1050.55
989.106
1398.21
1031.01
961.551
1021.36
1172.74
905.076
929.306
1028.69
852.755
861.594
1145.88
960.758
1025.37
954.475
940.903
938.784
1216.01
1081.84
753.919
802.123
1116.59
1064.35
1335.61
1055.51
1315.59
989.647
1088.14
1084.74
1267.83
1215.48
1042.74
1149.23
1041.12
1034.9
1107.99
915.595
1254.75
1123.51
1651
1050.92
1001.71
909.637
1085.72
1004.31
1115.65
1245.94
1135.9
1165.18
876.273
1123.28
949.662
1058.28
1030.17
934.637
944.256
1215.62
906.985
872.956
1138.92
986.092
1107.33
1418.57
997.549
1034.39
970.216
1208.9
1275.11
1013.13
957.092
1178.41
943.509
830.753
1104.58
870.232
1042.39
865.721
904.874
947.287
1010.85
968.579
1148.1
1073.26
1113.37
1211.48
903.157
878.626
1103.27
966.583
912.733
1098.43
1110.08
1071.79
838.729
1134.97
1056.19
1005.23
1296.33
1034.59
1153.36
1067.68
1002.03
1001.76
1401.28
1030.55
1023.61
816.24
999.556
1034.89
1328.35
1326.95
963.055
1080.48
912.249
980.679
1024.16
1046.16
1107.07
824.077
1238.74
1042.81
976.893
1230.02
1228.97
1083.27
1105.02
1066.86
802.747
1018.38
1260.52
1245.08
949.473
1057.59
1014.07
1119.25
917.491
1319.02
1028.89
1225.55
1179.66
1306.51
1008.9
1253.89
1084.32
1196
1003.91
990.602
886.179
1037.36
1651.5
1017.82
1269.23
1131.06
1124.7
1054.87
977.622
1019.6
1061.64
1284
1086.32
1025.2
1009.88
1000.64
1259.87
1025.94
959.887
1157.59
1070.7
1190.88
1175.74
922.665
1085.92
967.238
885.631
1257.66
1064.45
974.042
1059.71
1354.31
1123.9
1256.49
892.757
1086.31
787.967
1084.48
1055.75
947.437
1059.46
917.189
950.228
933.725
977.178
1192.11
1092.85
937.228
1126.02
1204.09
1001.82
984.527
763.554
1179.55
1175.91
924.749
1048.67
1049.65
999.582
878.758
979.548
878.766
964.199
1097.55
1464.51
857.926
1007.29
1352.99
1054.02
927.201
1223.26
1272.49
1127.61
1308.37
882.906
1214.84
896.633
1047.29
1031
1091.96
1128.59
946.63
1113.63
1053.65
851.482
1242.51
1244.85
1009.37
1064.26
1070.51
1332.34
1055.97
1102
1187.31
1077.78
964.601
1062.55
986.213
1202.26
1068.33
1177.81
1025.18
1217.34
932.035
887.281
931.038
1037.07
1085.51
1127.44
1042.26
1028.06
1121.73
1352.72
1195.1
909.758
791.5
1197.3
1022.95
986.699
1206.66
1274.97
1072.41
1024.74
1315.46
985.539
1185.9
1354.32
1115.11
1097.63
1128.97
1238.95
1079.27
864.422
1242.09
1107.94
1008.26
1041.77
1080.19
1068.67
1000.83
1221.36
1201.3
1339.71
1187.69
1139.58
948.297
1005.47
1132.55
846.309
1158.84
1219.54
1046.23
1107.77
917.602
1039.52
951.53
891.207
999.598
1017.11
1003.36
1008.57
1293.69
1176.48
752.026
866.399
1118.63
1056.82
1036.95
926.891
1156.49
1057.29
1090.69
1187.68
991.237
832.97
921.36
1150.19
850.921
888.116
1073.52
1075.47
909.404
793.991
961.41
955.93
948.867
1117.28
921.726
963.672
1290.35
1225.98
1279.94
1021.91
1105.91
1013.31
1061.15
1147.26
1017.1
961.521
1126.74
839.199
1016.32
1083.38
889.296
888.448
1352.87
840.14
975.401
1149.88
1245.41
1048.99
1226.38
854.732
1402.5
1135.69
1128.33
1049.04
1132.01
968.681
1201.01
860.576
1156.94
1284.2
1005.98
1229.23
1136.62
919.396
963.839
1140.7
921.122
1104.28
1043
1068.98
1060.68
1110.75
1062.71
1134.23
886.004
1072.67
852.509
1151.93
1031.57
1077.15
951.839
1108.44
1019.23
1054.93
1113.73
1232.92
1277.45
1180.68
1115.7
1182.93
987.432
1238.68
1121.15
1026.95
841.877
1156.87
997.43
1043.25
1117.53
1368.83
912.872
1015.16
1033.84
1195.57
916.552
913.092
1111.22
900.376
1001.15
930.336
1195.3
1313.45
1014.69
1032.67
1158.62
1151.95
1143.2
982.734
1149.8
1027.19
1090.67
1145.64
923.396
937.768
1201.72
919.092
1021.02
914.782
1392.48
810.375
1100.7
1009.55
1077.37
1068.64
876.745
1265.78
838.991
904.885
983.414
1278.04
1062.99
1341.72
973.936
1047.38
1030.84
836.72
1200.16
1018.84
986.065
953.564
976.355
1120.17
843.261
1202.77
1201.44
1170.81
1144.03
1115.27
1049.13
1341.28
1083.64
1084.68
1022.52
1243.62
992.303
1177.31
854.646
1152.78
919.186
820.542
927.54
1097.56
1028.67
891.598
1013.87
1178.97
989.307
924.827
1090.23
889.835
1176.82
972.137
984.041
985.892
919.028
1099.52
1011.83
1060.86
1210.38
922.482
1089.35
997.914
912.141
1075.72
960.121
1282.93
1213.27
1159.54
1028.82
982.779
1266.43
1016.19
1386.56
1023.89
964.416
1112.26
1201.99
1087.89
1361.33
933.93
754.598
1063.39
942.968
1126.55
1420.38
1028.77
757.47
1114.53
1313.91
1032.39
953.647
1008.56
1025.5
1018.4
1144.3
1241.84
986.767
924.46
1156.81
1038.25
941.023
935.738
1353.67
971.835
1439.68
966.439
1130.15
1460.72
1136.61
1046.94
1088.34
947.853
1437.46
1145.89
1090.05
1029.26
931.63
1236.49
1112.73
822.068
838.76
996.104
1239.52
1290.21
1035.27
890.273
1114.56
1013.07
1189.99
1087.95
1151.7
1006.98
835.385
974.188
973.804
999.138
1322.18
945.295
1128.6
1246.64
1001.82
936.234
1165.45
1088.31
972.35
1192.23
1253.17
1106.12
998.582
1338.93
968.053
1331.77
1065.74
950.253
837.049
1166.41
1102.07
1202.49
1304.42
1053.6
941.694
1225.11
1106.75
1134.14
1159.73
1037.76
811.114
1180.41
1066.86
1063.62
1163.67
915.22
846.378
943.198
1101.78
913.419
1278.27
948.483
996.917
808.645
905.036
1031.15
938.946
1001.95
1150.27
925.504
1132.28
1282.19
1060.9
1028.63
1216.11
1200.13
890.734
1146.31
939.137
1166.76
1191.21
1123.77
1030.93
820.274
1105.38
916.346
1065.66
1039.7
1041.65
1086.56
1018.67
829.175
868.346
1025.79
1225.8
1001.03
1075.01
1284.26
888.58
1241.1
1367.55
967.053
1049.75
1158.59
1108.05
1173.97
1146.51
1065.57
999.034
961.187
1004.1
1083.92
1707.52
1047.77
938.375
1059.47
1130.62
1152.67
880.473
1171.14
1062.31
1105.95
852.19
1096.25
1193.02
1004.33
1214.71
1189.67
906.319
879.641
1398.07
1270.02
1396.04
1055.09
1231.34
974.842
1142.15
905.633
948.235
1176.53
947.641
1183.13
873.244
927.719
1487.72
910.836
899.342
969.447
1101.02
1381.39
965.862
1210.98
1039.36
1132.16
1014.17
1154.16
992.566
1225.86
868.628
887.476
892.914
1047.07
1057.15
1129.08
974.77
1378.17
1207.64
1064.71
1048.45
940.264
909.808
1029.09
1176.1
1069.9
932.355
885.701
965.286
746.661
1202.81
1196.19
881.812
1289.51
900.042
1170.09
1233.15
938.92
1120.45
885.79
1163.16
997.867
1116.23
1187.15
1524.26
1201.33
1502.86
1138.91
1162.54
1071.42
1194.12
970.864
1429.61
970.619
1018.66
1125.34
983.588
818.946
1314.84
972.109
1027.88
1213.2
862.168
1162.39
961.382
1149.62
928.487
988.001
1159.15
972.516
1340.3
798.294
1193.47
1351.76
1077.64
932.853
1097.46
958.389
1161.27
925.262
1177.23
971.66
1425.1
910.803
1191.49
932.277
1021.98
1014.2
1158.85
969.587
940.659
1120.76
1053.19
901.023
1098.84
1363.04
1065.37
1286.47
927.587
1082.26
1348.99
1209.09
1065.36
937.865
1055.87
1073.96
958.541
1020.95
1135.56
1351.36
1133.25
1228.24
930.678
954.093
1539.53
928.781
994.118
1258.62
1089.82
804.029
1148.4
987.503
839.733
1112.62
1027.16
933.287
1456.33
1096.08
871.307
1010.26
1007.86
1160.97
1046.63
1173.38
1211.38
1072.88
1044.99
1109.61
1057.96
1146.89
1031.53
996.807
1252.19
1280.61
1218.02
982.188
1092.63
943.438
1320.41
900.692
1285.43
1129.55
995.403
1118.87
902.055
1082.86
971.014
930.16
1129.91
949.194
1059.53
1115.61
934.327
978.107
869.352
1208.2
957.669
816.637
790.177
871.1
1038
1058.63
878.778
980.838
1098.08
1185.2
889.238
965.069
975.306
1142.69
1205.88
966.533
1063.46
831.275
810.782
1031.73
929.022
1068.8
1016.66
1045.06
1084.65
1105.51
998.12
727.11
1271.59
1036.95
972.135
912.178
1130.93
880.214
1208.89
1029.35
996.784
1140.11
1019.22
1830.63
1140.31
1097.02
916.069
1025.52
1257.97
847.51
1180.1
981.898
1348.8
864.961
1147.68
1001.06
911.936
1084.86
871.952
1059.48
1035.57
1015.06
1265.56
1092.88
1076.47
864.402
1071.91
868.756
1320.69
1312.36
1035.38
1039.38
979.391
1153.07
1187.14
892.722
1014.06
1049.41
1258.1
1106.76
1195.38
1174.51
940.92
1025.7
945.425
1125.05
1012.1
932.78
916.054
1003.83
1204.8
1117.19
1158.13
843.481
1338.4
1074.48
959.52
1120.94
951.711
912.081
981.323
709.686
1006.41
1131.07
847.495
1281.14
868.274
1043.3
1047.87
1020.57
1013.98
1158.81
1021.82
993.913
897.921
942.699
1107.36
1127.94
994.699
991.204
1047.32
1166.15
1228.09
1206.4
1172.18
1096.27
894.545
1250.27
1036.63
1072.11
1075.62
1085.7
797.325
1166.83
1084.55
1507
1010.14
1235.3
1062.54
1264.74
1159.97
1362.52
1278.28
1125.49
957.536
1487.36
1295.27
1147.21
1164.96
1129.85
994.806
1150.66
1106.11
1219.1
1130.83
1158.84
1042.29
1045.53
981.219
1433.35
874.891
1035.1
940.434
1006.98
1187.45
913.245
947.381
978.794
1029.42
1000.64
943.374
967.714
941.883
787.925
1076.91
1009.8
1154.74
1032.21
1306.19
1023.5
1142.92
1009.4
1110.27
1195.38
1059.23
1147.66
1007.63
971.417
1209.51
1011.87
1010.42
1151.8
1124.08
1119.06
1070.76
1029.97
956.152
881.135
1320.87
912.54
1185.07
1291.55
1072.49
926.97
1100.07
1248.37
1260.26
1145.14
1041.53
1248.73
979.334
1177.73
967.137
867.595
1105.56
1208.79
1013.19
1053.51
976.193
917.87
1122.25
972.437
978.865
1297.54
1098.76
1152.94
1081.56
1229.69
1037.13
879.76
944.933
1092.99
1192.72
895.21
851.544
1184.85
1127.81
936.405
1079.45
1234.75
987.305
1071.34
1053.74
1251.2
1117.19
734.957
1114.9
800.638
1102.61
1185.35
1225.78
1218.66
849.319
1338.32
1352.47
1231.84
1012.72
1151.34
1105.94
1052.77
1082.17
998.285
972.342
937.42
1034.92
1306.46
976.969
1323.19
953.395
886.236
1365.59
1241.69
1141.09
1486.7
1170.55
1355.41
998.541
1113.32
1316.85
1013.97
1218.04
1244.82
943.114
1143.83
1143.76
1275.83
989.581
1159.74
997.096
1025.29
1027.53
1114.53
1042.54
1069.73
1340.9
1116.7
1062.58
962.93
1215.83
949.231
1354.84
1137.39
1209.28
1024.41
1453.73
1042.02
1089.23
1040.44
942.843
907.771
1271.98
1233.6
891.318
1299
1430.58
964.22
1111.89
1030.75
1032.95
1042.17
899.348
1133.23
1142.24
1218.91
787.901
1114.24
1224.76
1051.59
1156.53
851.117
982.966
1103.94
1121.74
1217.74
1287.08
972.008
1157.32
912.997
978.661
1034.98
998.249
1012.12
1092.21
864.338
1047.7
1003.65
915.23
977.454
1159.37
1073
1203.88
914.859
1132.77
1007.07
1008.32
1155.75
932.361
1062.79
1029.74
887.805
926.595
1094.24
1013.06
891.39
1400.39
892.586
1161.33
1274.84
972.848
1098.06
1367.96
1081.18
1058.49
1150.63
1335.41
1210.23
1211.97
1101.43
1046.87
1010.45
902.003
966.204
1508.76
1159.5
857.037
832.238
1159.79
1041.06
785.516
995.492
853.598
1008.37
849.409
1407.64
903.904
896.158
1043.08
1023.2
875.401
1025.6
964.095
1146.18
1119.86
967.411
1462.25
965.456
1105.5
1028.38
1110.75
966.782
805.887
1233.61
1141.88
1041.07
1238.1
1149.3
1102.6
1051.21
952.123
1227.37
1163.28
1041.55
942.771
998.066
1009.92
1127.97
969.495
1169.69
1181.45
1274.28
1103.02
1022.27
1122.39
1397.66
1071.3
1006.31
1135.78
1234.99
1029
1012.77
1124.13
955.45
1083.57
916.756
885.23
1033.11
1241.92
973.495
1146.66
1124.85
1204.02
1015.1
978.625
991.504
862.525
1280.25
970.744
1395.96
994.29
924.653
978.675
1042.09
1122.41
1188.7
967.257
1003.3
1078.61
1029.73
931.026
1010.24
1368.74
829.689
980.987
1070.32
1067.04
1136.78
927.956
1273.35
901.645
1033.5
905.529
880.885
1278.89
1030.96
1128.99
959.306
1162.56
1020.35
1230.07
1019.87
1069.73
1093.98
926.371
1035.73
1117.41
1023.02
1073.03
924.443
873.205
1052.62
1117.63
1246.55
946.051
1226.9
1027.52
909.93
1120.27
1005.89
1098.04
1101.48
1166.38
1143.51
1025.1
995.186
870.818
980.96
1235.95
935.384
1420.13
1104.52
962.477
1178.67
820.785
1248.68
1123.86
1215.18
1098.03
1158.96
909.437
1028.3
1239.39
947.16
942.162
989.263
1167.8
1245.91
934.601
1011.26
1171.44
959.092
952.479
1012.31
982.037
789.198
1059.61
1260.37
1273.29
1170.5
1178.43
1208.4
1162.45
1350.93
1486.17
1255.41
1142.21
1125.06
1092.4
959.653
1101.67
1256.14
1172.13
1223.05
1012.93
749.275
873.75
1030.97
1176.63
1012.36
957.186
1072.87
1006.64
969.563
1242.13
957.801
1355.16
887.052
1208.09
1042.2
1474.1
986.074
1116.89
889.293
1024.61
912.691
997.03
1144.86
735.614
946.549
1002.93
972.126
1163.29
802.862
922.421
943.891
986.126
1137.44
1205.01
823.449
880.089
956.624
1114.22
1031.4
944.581
1271.78
1077.8
1132.76
1119.61
1264.97
886.198
1234.12
1090
1038.14
1107.29
1032.3
931.164
1008.95
912.362
939.381
825.009
1087.99
1115.01
1069.48
1046.96
869.43
1073.37
1119.95
1025.21
961.819
925.154
906.457
1028.16
866.818
1368.89
1543.62
917.48
1257.56
1002.87
1090.29
903.879
1018.71
1313.09
955.39
964.154
1073.33
1404.4
1006.77
992.324
1239.08
1037.62
1232.36
1157.58
1177.73
907.91
1070.8
1147.82
1064.74
1068.23
1273.43
958.859
960.781
1019.42
1033.78
1341.49
992.68
1435.52
940.901
1251.57
1083.45
1234.2
1017.9
1193.2
1011.78
909.245
1007.55
1085.54
1261.18
946.282
887.723
1033.65
958.868
925.224
1215.86
1119.35
910.886
834.586
818.53
1266.21
1090.34
1021.95
1107.05
1235.93
1236.13
1017.09
1109.95
812.804
1324.56
1273.33
1361.46
980.089
1099.02
1166.5
1018.42
938.763
858.873
1170.04
1110.38
1023.82
1062.7
1331.83
1013.6
1027.93
1155.59
1085.26
922.421
1031.43
962.694
1207.95
1079.54
999.148
897.449
894.323
1309.06
1052.29
859.582
1063.99
862.334
1245.05
1132.14
968.672
861.307
955.695
1313.84
913.873
1016.09
860.71
1183.19
1004.76
957.936
1068.19
889.206
1144.44
922.011
888.444
860.609
963.772
1041.93
1118.48
848.023
986.697
1061.89
941.707
1169.35
1039.04
1117.69
1038.25
1258.35
1177.2
958.046
1221.69
1360.11
1194.02
1000.9
1071.73
949.741
1191.86
1074.6
1136.97
1079.94
852.58
939.341
1062.3
951.707
937.899
1206.45
1163.4
1209.69
905.356
1296.56
1142.38
963.784
1107.18
1299.43
930.804
1179.25
1040.18
888.982
1141.21
1280.69
1188.27
883.428
1079.53
1270.37
1121.48
1090.4
968.686
1223.77
1554.09
968.853
888.85
996.871
1027.87
1097.49
1008.24
1074.15
946.712
1277.2
1144.34
905.822
1083.95
1114.22
879.118
1166.92
1130.09
1176.13
1006.05
1102.31
788.495
986.689
1057.73
889.67
1102.13
1363.59
961.051
962.675
1010.06
1076.69
1819.08
1068.65
1085.9
1244.83
1029.73
1173.39
956.723
1073.74
1039.39
1018.61
981.519
1064.99
1406.65
1004.25
1025.37
878.339
1325.7
994.296
1051.72
1136.32
982.258
1353.12
1149.24
1076.8
1327.71
770.171
937.159
1143.18
1053.01
1101.4
1189.65
999.213
1141.01
968.006
844.603
895.56
870.159
1010.54
856.273
1096.3
947.26
961.499
985.439
1073.53
1030.96
863.837
913.97
1321.87
1246.96
1107.52
1479.14
1043.74
1261.13
1318.85
1098.4
915.475
1266.87
919.073
1032.66
1173.79
1361.61
923.481
994.998
977.93
1071.78
1043.97
1162.39
1020.64
1014.89
948.307
939.028
913.256
1145.34
1091.67
1173.52
1256.82
951.286
903.642
1113.99
1152.66
1107.37
1067.84
970.107
991.213
792.082
1225.9
1359.98
1198.91
1096.9
980.96
943.963
1131.06
1018.4
897.528
847.356
932.821
1038.64
1085.36
1331.59
1135.26
1018.97
1290.85
1074.83
887.865
978.09
922.576
943.325
1316.12
839.418
818.149
1141.71
1028.2
929.995
1020.64
1280.67
1023.44
1345.83
1068.07
1023.78
937.3
965.882
1396.33
990.718
1136.47
1202.91
1538.39
1075.55
828.68
827.783
1276.65
1069.87
831.699
1146.85
1034.32
878.695
994.394
1032.72
1020.37
1116.13
1080.26
1132.92
1469.24
874.304
1110.26
1048.99
947.776
1136.24
1203.1
1020.22
1082.93
987.385
1114.69
973.036
793.796
821.614
1198.58
878.354
1132.15
1155.51
891.286
1186.69
913.737
891.201
1138.87
868.759
1060.7
957.124
992.044
845.157
1178.78
1179.15
910.199
1123
868.761
1322.88
953.062
1107.15
1217.38
1048.34
1039.73
944.101
1074.85
1102.73
938.134
1038.15
1280.67
1205.52
1083.75
1054.07
1070.28
1345.19
921.876
980.303
976.532
1058.85
1115.45
1103.96
1126.88
974.403
1054.13
977.838
991.875
1241
1035.5
1016.82
1505.44
1163.27
990.354
1113.94
1498.54
1144.53
1181.85
1159.84
1185.72
1074.13
1083.77
975.484
970.212
1224.38
878.463
910.588
863.591
1013.83
1176.96
1022
1230.53
992.874
1163.52
1107.75
1007.31
991.206
1130.63
917.815
1300.26
1193.84
1422.07
1048.78
965.07
964.073
920.969
1017.32
916.555
1467.49
1159.02
1048.27
1034.93
1038.69
926.208
1039.6
1130.27
939.026
1022.79
1025.69
1087.09
1216.14
1107.86
979.123
1083.17
1264.92
1010.5
1259.24
1023.01
843.466
1013.94
1073.93
1118.96
840.65
958.916
1189.43
921.807
990.778
974.806
904.411
1220.48
990.793
1027.74
920.609
920.523
1258.47
1128.17
957.804
1112.42
995.909
940.356
1135.42
822.082
1157.77
977.02
1169.45
973.209
970.289
1148.68
990.817
1131.73
773.783
847.3
1058.9
993.67
995.946
962.854
1173.45
1067.99
1071.84
1232.9
1039.28
1035.6
1169.92
1054.85
918.656
1168.22
966.949
1029.38
1030.73
850.517
1025.78
1190.58
1043.79
1192.56
1087.87
952.499
1034.08
1296.57
863.044
1141.7
1089.32
957.774
1116.31
1110.65
1100.37
1113.02
1091.17
1102.98
1037.24
948.71
900.454
1160.38
870.062
1389.28
1003.11
1047.17
891.745
1486.02
924.97
1226.35
1244.08
948.521
1148.04
1015.59
960.587
873.793
1014.81
884.449
983.429
1266.69
1042.28
1003.99
966.803
1074.28
1088.61
1354.27
1081.25
1133.11
1049.65
899.707
922.286
1154.54
1395.58
960.69
1033.76
963.462
1066.3
1115.46
1256.91
1055.69
928.358
897.526
1169.42
932.142
972.672
721.129
1095.37
998.771
815.852
1108.1
1013.7
1083.77
857.79
1053.04
966.708
936.965
1082.63
1808.03
962.545
879.302
990.939
914.195
919.237
909.937
1078.29
959.035
1037.84
1042.3
1111.61
1484.25
985.798
1091.35
834.304
1059.44
882.929
1118.82
1138.19
818.543
931.983
923.804
940.56
1337.5
1219.5
1408.55
1008.24
1128.69
869.441
1117.22
1423
912.82
981.146
1048.31
1257.24
919.232
1012.56
1042.1
930.325
1149.33
1061.84
828.405
1052
997.366
1006.86
1034.58
1158.66
1196.86
963.793
1242.01
927.004
1113.53
1140.01
1089.35
778
939.792
900.566
1062.18
989.139
931.724
966.88
1020.42
1113.43
991.491
901.393
759.109
1094.68
1219.11
1117.19
1382.25
982.584
1190.43
1000.46
858.507
981.256
1129.86
1030.97
1110.36
1011.55
1059
1121.16
1543.45
1099.84
1323.92
1011.48
1048.95
877.111
1190.63
1065.59
1179.01
1015.61
961.018
1300.63
1109.18
896.542
962.391
1014.69
1364.12
1339.72
1194.04
1168.22
922.31
893.171
1006.35
1124.94
992.49
1299.85
1066.57
1078.1
787.654
824.417
907.129
1389
857.433
887.073
997.13
1037.31
982.858
1176.85
1171.01
913.077
1112.46
1207.77
966.685
1182.96
872.828
1233.01
1099.55
943.028
1148.31
886.166
986.714
1088.16
843.988
922.171
975.512
1225.81
1541.64
1174.25
1015.28
1134.11
993.791
1094.42
1130.41
1091.95
897.841
1100.73
900.311
951.096
1039.82
972.566
1152.2
1095.03
1089.45
836.268
1087.68
848.222
903.877
1201.78
1178.33
1140.52
1191.51
1288.56
1042.8
891.458
983.923
1108.54
1051.93
901.671
1119.79
1050.71
1037.14
1175.71
1151.15
1037.79
1144.47
1082.29
1156.26
1098.38
1086.08
987.864
1251.96
1093.17
889.229
1549
977.769
1175.52
1110.89
936.472
816.041
978.471
1022.63
1146.26
973.174
999.392
927.698
1161.51
1085.58
828.38
1277.84
1013.89
926.444
995.994
1147.9
1097.82
1228.62
1096.2
992.186
1022.79
1065.29
1097.6
1077.47
1428.55
900.878
1152.51
1010.45
900.155
1061.45
1103.79
1106.26
822.185
1142.78
1233.36
906.779
1117.37
1078.58
896.63
975.769
1203.67
1038.35
1397.81
922.205
1040.41
984.706
1149.36
856.105
1109.54
862.603
1210.93
1214.92
1182.36
935.258
966.571
893.807
1227.82
1489.53
1195.71
971.188
845.752
1107.92
966.523
1025.22
992.964
1175.23
951.064
1017.05
1345.13
1177.65
1176.84
1166.62
902.266
1100.75
1212.78
850.507
1189.09
1315.1
1172.72
1116.88
1002.79
1365.1
1064.89
725.474
998.51
1116.17
1034.08
885.27
1290.91
982.521
1017.26
988.047
899.281
1042.48
955.238
1030.71
981.464
1229.01
1006.8
1212.44
963.373
1167.12
1300.13
1457.87
1090.85
877.31
1119.68
1117.41
1053.66
1125.85
1039.18
1117.79
1116.88
1080.3
982.056
917.949
999.825
947.973
1181.6
1021.82
1146.91
1284.92
1187.47
939.247
1159.44
1191.18
893.391
1139.64
1021.45
864.779
878.948
814.172
1121.21
911.674
1156.06
994.536
1197.78
990.644
1114.02
1119.65
1014.39
764.687
960.946
973.647
1180.52
1101.66
1361.1
905.388
1221
995.417
983.995
898.946
1327.67
1062.98
1208.59
1431.27
1000.29
860.92
1421.61
905.346
977.604
912.621
1193.95
1026.82
951.682
1135.34
1039.84
807.906
1014.06
975.468
996.093
1208.65
1257.13
1212.26
1246.23
1216.65
1174.34
1057.17
859.497
1100.1
976.204
1001.77
930.654
1003.41
1107.41
1350.71
813.89
928.792
906.427
858.814
1326.06
1317.51
943.98
982.566
1040.87
1222.75
1127.35
1027.55
983.82
1021.39
987.021
1824.09
1412.07
1494.65
909.797
1095.01
1019.23
1134.99
1299.55
1098.41
1086.61
952.643
1092.52
1090.9
943.651
1070.75
1367.87
999.961
860.64
1032.33
1184.18
965.69
1009.11
1117.45
1109.85
968.237
937.362
799.697
1325.1
1079.94
1052.58
896.797
1020.73
1055.77
973.383
985.593
1087.96
1040.49
858.15
1350.65
879.036
893.184
1181.31
1344.99
1324.81
940.462
1212.45
1443.8
890.948
1315.47
1371.2
1162.06
894.658
1233.49
985.797
1091.9
1110.3
1135.41
1164.41
1009.45
1052.09
946.937
1174.45
1147.12
1165.44
993.008
1263.84
945.229
912.065
885.641
939.682
898.003
1367.45
1188.44
1095.01
870.264
1017.29
1112.27
1074.23
929.63
808.917
865.371
927.693
986.107
1204.2
1021.1
995.162
1014.76
1042.67
1202.6
963.736
1050.21
995.793
1006.78
1195.63
1193.69
1135.57
999.657
802.013
1382.81
1172.97
931.606
871.981
1040.23
1071.33
991.62
842.952
1042.48
1259.71
1074.47
974.478
1188.15
1420.78
893.447
1160.18
928.083
1175.79
1141.63
1049.53
988.335
1028.4
916.124
1048.74
733.738
918.238
1160.2
1074.55
980.48
1181.06
829.744
990.956
1018.65
875.413
999.884
1006.05
1251.62
1181.02
1072.22
1057.42
962.027
1011.36
1394.96
1144.78
1078.28
921.448
1314.32
1124.34
1330.13
1075.02
923.493
944.66
1034.72
1069.75
1057.07
923.785
1221.71
1037.84
1373.01
918.74
996.303
1158.44
1121.03
1108.65
1338.72
1130.71
1019.74
1113.2
1055.46
1384.28
1178.6
1096.64
1075.74
1318.54
846.927
950.206
1170.08
909.039
915.133
1263.71
1025.39
962.792
1026.54
982.111
1107.79
1159.16
1253.91
935.651
1018.26
1199.96
978.395
938.912
1272.78
930.31
1293.6
987.735
1137.62
1089.72
1056.56
849.954
1087.41
905.297
1064.07
1149.64
938.236
851.179
850.64
1067.86
1168.72
1049.92
1069.97
1353.16
1038.08
1052.21
925.766
1160.55
827.205
996.548
1047.39
1039.74
1246.86
1233.32
950.409
1239.3
1129.57
1257
1133.42
918.574
1118.61
1002.25
1026.9
1350.81
1108.01
1015.02
1192.89
944.487
1004.64
992.542
1204.68
955.888
1296.99
1175.31
968.967
1090.5
1125.54
1126.43
982.179
1034.4
1163.37
789.091
1059.77
1169.68
1086.22
1031.48
1337.09
918.686
960.018
1148.58
1259.41
1024
1181.81
1015.08
890.228
927.95
1021.56
1052.79
944.983
1007.38
919.898
952.363
969.735
1036.33
1016.57
1189.56
1216.81
1080.36
1058.42
1078.11
1304.97
1032.87
1167.79
1531.23
1077.58
1126.81
1019.37
978.451
989.967
1319.33
1055.4
837.816
837.773
882.061
1067.8
1050.31
910.108
854.289
1027.28
1369.13
1205.37
911.047
1144.61
1271.2
1313
908.454
1301.4
899.588
1406.82
1260.17
1066.57
1195.99
1049.89
1195.04
1010.8
833.122
1249.28
915.99
1043.7
1120.75
926.374
997.264
1104.12
941.347
805.321
1242.96
979.263
983.184
1067.02
877.288
1436.53
910.997
1359.31
1003.04
994.18
996.218
797.464
858.873
1207.17
1130.22
969.022
920.158
1102.35
919.704
1249.24
1112.2
1197.33
1134.3
1220.61
1210.05
1121.35
1018.27
1042.32
1138.55
1000.82
1272.83
1122.37
1028.85
1262.26
864.432
1191.13
1256.21
1122.16
1042.57
1028.21
871.344
842.877
914.202
888.171
916.662
1209.02
1054.48
1201.98
912.026
1382.8
1052.78
1026.7
1087.65
1246.88
1047.81
930.605
1205.02
1248.02
1196.79
947.485
1316.49
881.937
1093.38
955.279
791.398
1092.13
1086.92
970.386
1146.12
883.246
1192.52
1005.42
1504.56
1049.17
955.059
1218.55
1062.84
1406.51
1043.42
1025.31
1084.97
1136.04
932.715
727.598
1084.04
886.013
1018.26
1181.96
1138.25
1207.24
1170.43
1060.96
1138.98
1201.12
1356.04
1164.94
1599.97
1096.32
1428.4
1063.32
967.142
1131.51
1114.75
1124.26
1134.3
1132.38
1218
878.215
1307.59
1353.38
1201.94
1059.53
956.441
1020.27
927.45
1065.11
994.734
1123.75
1049.7
782.166
946.574
963.643
784.922
909.99
1016.59
1069.02
1456.57
1043.8
1138.49
1018.13
1203.75
1120.45
1204.92
1047.09
799.412
1278.05
1054.16
793.004
899.619
1023.11
1108.68
1147.73
986.833
1026.09
1111.5
906.994
1110.63
1041.58
999.05
1039.34
877.499
954.775
1108.19
1084.92
1131.39
1269.19
752.312
1064.15
1000.55
997.448
949.764
951.437
975.924
940.854
1054.73
1073.38
1317.22
1022
1004.01
919.413
1187.96
1522.61
1211.37
815.347
1190.88
1150.62
1283.4
996.154
1716.15
830.821
1062.79
1138.61
1205.68
978.892
1169.82
1189.29
989.589
1036.47
851.285
1043.98
995.877
902.478
885.029
1126.72
953.973
1099.47
883.396
954.19
1186.02
1214.76
1134.67
1179.44
1162.9
1221.61
1115.94
1354.88
1035.2
1190.98
920.693
1049.44
841.398
1034.16
1033.24
1175.91
1162.51
1025.19
994.641
903.821
925.829
1151.74
1151.79
942.056
1252.34
954.664
1266.11
1039.17
1272.13
1359.95
1005.79
949.661
1032.79
994.291
1080.54
949.322
819.288
1090.6
1063.53
1281.6
1188.14
942.89
1179.22
900.115
955.881
862.481
1108.14
1014.99
856.661
1349.03
886.776
883.615
1299.21
922.527
1102.12
971.315
1324.09
904.016
1066.95
1070.35
1399.38
1167.29
1086.93
1517.06
1106.03
941.275
935.657
964.034
950.982
1278.27
1434.31
925.013
1201.78
1226.96
1118.91
1063.04
1054.55
956.031
838.453
1037
901.427
1043.84
947.833
1145.42
1048.39
1152.89
1087.96
816.144
916.646
1243.31
955.022
1167.29
1100.47
1326.98
1031.24
872.444
986.438
1063.46
1180.62
1156.29
1403.39
1002.13
1005.65
999.003
946.468
1248.46
877.868
902.61
1145.65
949.665
1255
1200.44
1075.75
765.759
1010.07
1066.43
1092.72
1127.27
1153.74
993.978
1091.34
1143.02
1254.31
927.787
1140.85
1119.25
1029.48
916.615
974.278
1085.94
899.716
1072.02
1002.6
902.812
1228.33
1140.54
1039.2
951.886
989.318
1257.2
1461.06
900.419
801.756
933.233
1191.44
970.224
1136.39
1189.16
965.693
1428.49
1302.35
1174.74
880.079
899.141
1125.94
1359.2
875.168
1073.73
919.767
995.548
1464.97
891.191
1200.16
887.59
927.032
1009.48
1027.78
913.599
968.682
1062.44
1093.97
1312.12
1045.93
1211.27
824.17
1261.16
935.832
1125.49
1097.54
1033.99
1295.71
1135.3
1177.21
1036.76
967.791
786.779
1184.21
1018.68
943.844
1103.42
1020.9
1004.55
943.798
1193.33
1078.42
862.757
1060.3
984.178
1129.35
1093.08
1072.06
1035.17
777.442
1035.44
865.919
1181
1366.12
1118.91
922.332
1233.68
1037.87
1072.18
1038.93
1184.58
971.722
1300.94
739.605
945.422
926.778
1118.59
1089.99
920.695
1289.45
1109.9
1265.76
1311.36
1286.25
1151.24
1120.61
1153.74
1230.53
1161.35
1172.49
1118.92
952.627
1363.66
1216.43
1183.38
1118.8
1003.14
1256.41
935.8
1162.97
965.445
1164.54
1041.4
1349.05
1193.39
942.083
974.869
1071.38
1134.62
1171.7
989.612
1353.44
965.019
997.782
1046.34
929.649
1094.15
1395.33
1110.74
1082.95
1045.72
1063.72
991.381
1183.57
1275.56
1375.03
861.029
1189.05
1119.02
900.018
1001.6
903.959
1114.09
1159.26
861.396
1047.27
1294.6
999.965
1061.36
977.518
1204.77
1004.52
977.033
865.155
1028.82
1522.26
924.882
853.581
901.145
1074.57
864.202
1135.48
1007.81
1248.05
1146.51
810.167
1256.66
1043.84
1098.85
1204.32
1411.29
1010.91
939.359
1322.44
1008.99
1139.63
1173.27
1171.14
977.566
962.695
1005.92
953.75
1301.46
1223.32
1391.45
1083.15
894.538
1163.81
1125.68
977.76
1267.74
1083.65
1069.3
1000.58
1337.08
957.201
918.863
905.02
1154.9
917.103
938.758
1210.1
1094.34
824.211
1025.29
786.863
994.166
1149.33
1034.17
942.187
1120.53
994.735
1024.7
924.257
999.262
1142.74
1296.04
1287.14
1331.87
1046.32
1020.25
1416.78
1010.36
1068.95
1329.74
1113.55
1095.15
1439.3
1358.27
966.634
1122.27
1014.52
927.48
970.952
989.196
906.663
912.832
1057.36
1150.92
993.841
1073.12
1120.59
1261.67
903.707
919.733
1026.18
986.826
1022.91
1014.01
874.204
1111.54
1159.34
1103.71
888.506
1203.59
1093.38
1090.75
1180.79
887.143
1233.14
1003.1
1136.43
1160.89
1166.79
1014.39
1018.38
852.238
1274.27
1152.37
1015.91
1010.73
1245
1106.11
980.399
1182.67
1004.22
789.277
915.466
1080.71
1269.19
1230.26
988.423
923.232
1016.66
950.998
1290.49
1028.75
1091.53
1087.5
983.642
1147.97
1160.4
1082.6
1022.8
1274.8
897.216
1156.21
863.743
1205.23
1095.68
1128.66
988.873
994.918
1020.61
943.887
818.675
1245.8
826.018
1025.97
973.263
1377.78
1209.1
960.601
880.699
924.687
1178.2
1067.02
952.036
1224.19
958.219
1160.23
907.135
1069.46
1157.21
1096.68
1043.56
933.923
862.201
1161.87
1041.29
967.455
1176.38
1007.07
1167.27
1021.78
1128.71
1171.92
1133.45
857.49
1130.11
1227.82
1119.79
1072.89
1006.06
1239.74
1251.39
1002.02
1114.81
931.858
877.817
852.813
1153.58
1114.21
1134.19
1277.56
1057.36
1050.66
973.22
1032.07
1095.75
940.801
1090.99
1133.8
1085.07
914.531
1150
1053.44
1050.17
1015.4
1007.04
1013.41
700.532
1028.32
1462.32
1122.13
1083.38
1192.98
1160.79
1239.16
1188.63
1017.22
1152.41
1079.97
1005.12
931.333
1288.48
1196.5
1025.92
1457.33
1092.01
1103.19
1110.58
1084.92
913.681
1114.91
987.529
858.983
1152.96
839.979
1166.78
916.107
909.986
974.346
1056.63
1121.62
879.858
819.453
1272.67
1415.78
1209.83
814.449
1060.43
883.574
1118.27
951.029
1178.69
1127.74
1225.62
1147.74
978.291
822.884
1200.27
1052.12
867.907
1008.52
1153.32
1366.01
991.173
993.332
1009.94
1205.31
1060.56
1251.85
906.141
1080.81
1174.57
1159.28
1239.41
977.351
1162.55
1498.52
1325.12
1232.44
964.445
1141.84
920.712
874.483
1215.07
1235.93
1308.45
1381.58
950.456
1038.4
863.978
1117.43
993.311
1193.38
867.638
1009.99
1040.98
942.864
959.63
1391.68
1095.17
1031.26
1252.11
997.465
1084.81
1090.43
995.702
1170.18
962.931
1225.83
1086.33
1053.22
1030.76
984.469
920.806
1345.82
1429.17
1012.42
1034.05
1116.39
1373.98
915.22
1031.56
970.076
933.312
1172.23
963.528
1193.23
1028.69
942.303
1033.95
951.085
986.788
1008.61
1179.37
873.338
1641.23
1085.12
1066.62
873.892
1337.45
992.688
1037.74
844.042
1175.22
942.66
1095.79
1072.43
1113.02
1030.31
1127.82
1058.13
1195
914.321
1012.55
1208.09
942.357
795.451
783.43
1453.93
1201.37
1434.27
1077.85
1198.21
1031.76
1181.84
1171.03
769.8
974.235
1372.46
1024.9
773.591
1184.3
1128.46
1144.86
1004.43
1212.62
1340.05
1057.04
874.669
722.221
856.658
987.41
1404.21
835.798
860.436
1293.35
1157.47
1208.69
854.022
860.601
1204.83
1052.83
1349.34
1124.07
1060.59
954.243
1301.52
1298.09
1088.16
1306.05
955.112
978.873
1120.98
1136.65
1083.32
1048.48
1092.39
1206.76
1047.14
1284.73
1038.06
1298.46
1289.97
1490.65
1130.45
851.423
1369.37
1246.58
969.626
1105.49
1371.63
954.726
1033.55
1054.38
1101.16
1158.99
829.131
773.771
1390.7
1116.91
1440.05
945.683
1270.14
1050.42
1278.35
1120.28
1464.83
923.573
1186.36
1079.71
1082.61
1016.07
945.594
1175.56
1194.58
844.356
1424.72
948.713
1002.76
1516.4
921.087
969.413
1187.25
987.854
1084.51
1055.93
1213.89
1161.37
1000.74
971.078
1071.68
1420.91
1369.46
1158.87
883.629
1283.64
1370.36
940.2
1028.8
979.343
981.22
1000.26
984.549
1260.72
1028.97
892.587
797.949
940.583
1394.97
976.806
1054.94
1220.39
1161.84
1260.31
907.296
1042.26
1085.92
1318.78
975.522
1053.45
1045.05
1121.12
951.077
1144.75
1063.02
1104.12
995.079
1031.79
912.487
1101.37
1106.28
1049.35
1151.91
1259.97
1087.29
1317.74
1070.64
1256.05
874.497
992.268
998.479
1048.39
1018.19
970.683
1164.52
1058.83
967.876
917.091
1058.46
993.166
1092.88
1327.77
943.595
754.347
814.677
1224.26
855.642
1143.56
984.033
1111.93
1084.62
1082.26
963.253
1203.13
1044.42
968.887
971.193
1091.99
1037.69
1231.97
1543.88
1065.37
841.029
1062.06
939.447
1004.63
797.568
1095.06
1045.55
1179.41
876.582
892.33
753.185
1041.05
939.472
972.323
1129.02
949.212
1180.02
945.62
1066.87
955.848
744.525
979.816
1033.08
958.463
1032.39
987.42
882.841
1123.93
1172.83
943.378
1213.84
1029.26
853.597
1278.07
1035.04
1061.57
1057
891.539
1052.55
1223.48
984.988
1022.3
1114.34
1110.56
1109.84
1144.68
1048.4
966.206
807.266
1022.91
1214.73
1507.73
1183.27
1066.29
1050.08
1423
1182.16
1161.06
913.249
1252.01
1483.77
903.771
934.486
1089.87
1007.79
993.975
945.83
1223.32
929.891
1008.76
1119.52
1097.28
826.305
908.929
1094.56
1085.05
971.687
870.403
926.185
1007.77
915.85
1053.56
1067.06
1185.26
1026.43
987.661
1022.25
1132.9
812.243
1119.56
1084.62
1122.51
871.625
960.486
1249.34
1146.95
961.857
1400.93
1085.02
970.396
1410.35
978.756
1414.44
1012.03
1049.03
1097.07
1373.79
942.006
1340.25
966.098
1372.22
1055.51
1271.64
872.666
1073.92
1237.34
987.614
977.334
922.679
959.186
918.216
858.846
1083.86
1592.63
1261.68
850.574
1059.73
1266.67
1321.24
1113.4
961.821
1192.91
998.214
1013.85
968.708
1215.12
1051.45
1368.95
984.717
1156.09
1062.63
1165.37
1263.53
738.003
1181.61
713.51
1008.95
1321.74
917.358
1250.73
996.457
1009.51
1329.3
1081.08
732.751
1209.7
908.349
1217.98
1154.9
1225.45
955.173
808.172
1395.97
1062.26
1575.62
1221.6
1208.89
1259.97
921.61
925.305
1300.14
1107.18
1178.55
926.177
1327.39
1014.24
1119.97
1024
1103.4
1273.38
1131.5
1139.1
1359.58
1013.35
1124.15
1205.59
1051.44
840.18
994.497
1162.54
1015.23
889.526
1080.52
837.752
1435.82
980.124
1148.46
1067.36
894.591
907.294
820.336
802.19
1212.17
933.538
1181.81
899.127
1061.32
1004.03
1239.88
1268.5
1054.62
995.119
1170.09
968.756
1090.29
915.466
1049.88
918.149
1217.88
1309.83
1197.59
1077.45
1055.35
1107.84
794.88
980.788
1005.31
832.539
1153.34
788.494
1680.95
1107.69
1163.99
1105.15
794.985
1262.11
1065.82
1276.77
954.707
1108.26
1078.21
1051.47
1010.65
1116.9
1050.25
1066.67
1169.26
1062.19
1257.13
996.374
1179.49
1209.66
1201.6
892.385
1069.18
1066.25
1209.65
1086.72
884.531
1009.35
1055.05
1445.98
932.578
819.625
813.414
1009.36
1051.49
1230.42
1123.71
1023.39
998.082
946.761
1012.11
1138.71
1280.91
1032.72
950.914
1191.59
1006.26
992.691
878.777
1273.45
1039.47
1062.69
795.764
1089.07
1067.05
1102.66
708.836
985.727
1131.98
803.179
1055.64
1207.53
930.531
1024.97
988.291
956.982
1163.87
876.219
973.68
764.758
1325.3
1028.51
878.855
952.223
1052.65
847.769
1148.75
1049.98
939.192
1000.71
966.254
1019.85
1161.82
1034.25
997.182
992.007
954.113
964.572
1170.68
1032.58
1252.72
834.767
803.294
1157.14
1102.86
1008.26
930.049
793.026
944.496
1087.27
831.876
919.373
987.321
773.438
838.195
952.783
1090.57
932.507
1079.43
797.346
1038.04
986.471
900.159
1206.76
924.705
1003.4
1094.95
1148.69
1101.01
1114.95
951.089
1169.71
852.067
1300.04
949.345
910.159
1235.39
1075.24
900.739
942.744
779.953
758.021
1162.52
1236.45
1024.58
1133.81
1368.55
854.095
1228.32
1006.75
969.02
1197.32
1424.23
1338.96
1008.94
1315.24
1010.5
806.195
1004.92
947.803
1035.3
1121.17
833.01
1125.27
1156.61
1050.74
1314.67
1254.03
1300.05
1155.84
1029.61
935.17
1302.21
1071.4
875.723
1270.49
1078.55
914.954
1286.88
876.747
1176.73
1026.28
1225.83
1066.22
1002.57
989.386
973.58
1019.7
1447.04
1038.52
969.209
1102.36
1254.11
1129.33
1115.04
1421.43
1115.08
905.037
1027.23
1089.65
1084.95
1313.45
1196.04
1108.47
1097.67
1131.77
899.329
891.254
1302.2
1083.55
1184.14
1098.46
1203
1163.85
942.352
1101.61
1088.91
1175.72
945.239
1212.27
1049.02
1047.79
953.634
1104.6
1045.25
1190.95
1190.42
1008.51
1114.16
1146.42
1011.21
1055.08
842.434
1179.03
921.594
1043.34
889.283
1285
907.241
1076.65
1065.64
1222.02
1097.45
1205.74
1039.84
1231.56
1130.98
1014.34
784.69
1009.01
888.044
1166.81
1013.3
1195.04
961.541
1230.44
1257.74
944.89
896.239
1341.33
1137.48
1120.65
1145.06
1115.51
1162.21
911.622
1066.45
1142.33
1189.07
985.137
1015.07
1228.28
1001.22
1304.71
1078.69
1134.72
1310.08
1114.02
1326.3
1065.61
907.689
1283.54
999.214
1116.32
1098.48
982.898
1093.25
821.975
1105.37
1095.59
1128.34
1295.68
1247.38
1102.43
1037.08
940.511
962.609
1231.65
940.042
1200.94
1109.48
1293.8
1101.06
906.027
991.6
1002.04
1132.69
1026.22
1495.4
888.575
1130.12
1253.8
1014
1145.34
1183.69
865.485
1210.09
1086.45
848.198
1026.41
1220.67
937.032
904.591
972.923
1429.17
1216.83
1120.88
1164.97
936.876
1017.92
1070.77
1105.32
1151.93
1553.46
875.417
1018.02
1281.14
1248
1116.68
1327.55
975.112
940.404
1105.36
1226.43
1177.05
1275.03
940.944
987.64
952.187
862.523
1047.61
1056.78
917.792
1140.26
1034.18
1070.24
1127.57
1088.95
1072.4
1071.97
1009.61
923.065
790.715
1110.61
984.685
882.642
959.046
952.295
991.385
967.474
1040.88
935.079
1156.04
1149.22
816.145
1183.9
1139.6
941.564
1095.95
1036.72
1033.17
995.31
938.22
1010.76
1167.35
1260.5
1009.83
1123.57
904.303
937.361
1138.55
1023.57
1066.09
969.318
1373.88
1094.39
998.586
1158.34
1446.43
1087.68
1076.48
929.23
1037.61
937.432
914.733
1254.42
1178.96
1314.05
1092.58
1551.33
923.051
975.322
963.313
1081.79
1079.75
928.387
1038.53
1253.01
1257.47
1108.06
1072.09
1108.59
1101.8
1175.65
1112.73
1159.73
851.625
1038.15
1205.78
1217.29
928.859
1124.96
1196.87
1295.18
1175.43
889.574
1284.5
936.909
895.884
886.526
1206.29
1017.21
1345.42
905.329
1156.88
1093.85
1142.14
1173.93
1065.54
1130.73
938.603
1050.52
1070.62
938.744
886.612
1026.52
1226.64
969.72
878.402
1020.03
873.513
969.75
1147.26
1162.76
1112.15
991.566
1143.66
1013.12
1017.18
1052.52
968.771
1116.71
999.245
897.361
952.269
982.962
750.518
1308
1200.36
974.654
1063.6
955.326
1030.47
1114.17
1170.44
938.474
1173.54
1095.83
891.778
1194.13
975.206
792.813
1230.03
1073.18
1267.49
897.049
898.983
1143.95
948.263
934.76
964.087
1146.59
1065.81
1060.35
1017.79
923.745
981.139
1014.13
1065.7
1028.11
854.642
1017.9
1114.5
1095.47
1012.85
1210.99
966.732
1195.87
984.754
1066.91
1000.75
986.878
1329.07
833.707
1061.22
1072.1
1141.81
1123.02
1124.21
1132.1
1195.33
1100.39
932.099
1242.1
1217.31
1107.18
950.274
810.809
1264.04
1569.59
1074.47
1002.9
1044.16
1049.62
1210.49
920.22
1066.24
1235.86
1313.46
905.108
1380.58
1059.9
1320
935.941
986.732
927.165
1119.07
1128.97
959.066
1003.22
961.72
1320.65
1323.51
1381.59
1199.1
930.269
1089.77
999.603
1011.23
857.688
1215.36
1125.02
1150.91
828.484
936.895
1127.9
1059.24
1018.57
1114.4
931.607
1166.99
1099.94
985.539
896.622
807.131
1362.73
1490.06
1097.73
1272
1157.14
951.53
883.816
936.747
945.078
941.238
1137.29
1030.37
992.255
1094.65
1012.54
918.095
942.885
1048.34
992.027
828.618
935.777
872.436
975.018
1001.56
1005.63
1079.7
1119.83
1018.96
1148.11
1086.93
1047.26
1302.34
1087.24
1143.03
1425.01
1285.7
999.598
1003.24
1104.53
923.365
954.909
1447.54
1206.44
1087.5
960.79
927.238
1347.11
1181.58
923.025
1122.88
934.21
892.871
1010.9
1123.18
1055.1
1114.91
1176.06
1061.23
986.247
969.181
939.035
936.186
1064.71
944.612
1136.3
785.005
995.512
1033.44
1080.65
1215.37
894.347
1193.38
999.658
1035.45
944.819
1120.34
868.909
1026.1
1086.26
1265.2
941.206
1101.87
983.958
1068.92
1094.77
990.687
1215.97
1106.91
1495.65
1057.55
858.126
1049.75
985.122
1033.6
935.436
1009.75
1004.84
1081.2
1006.49
1090.25
1161.75
887.438
810.134
914.243
897.946
1132.69
1002.36
1105.72
1227.3
1027.32
983.022
992.702
982.687
1149.38
1187.65
1203.64
1106.65
829.836
946.765
984.485
1213.58
1052.75
1254.79
821.182
899.596
1108.81
1349.81
968.627
831.266
961.452
936.098
1109.78
1121.63
1195.04
1117.21
875.307
1060.63
1091.76
935.71
1127.88
867.483
1039.78
949.645
990.022
1299.44
993.983
951.776
1172.19
1294.24
945.924
1260.51
992.628
1142.2
912.048
1038.43
1043.75
1280.76
1118.87
1162.82
1117.32
1074.94
1400.59
1057.36
1078.98
1217.45
1385.3
1031.62
1391.4
992.8
949.382
952.477
873.37
1297.5
962.836
1300.19
1063.55
913.419
1121.13
1107.19
1389.68
1144.31
1128.38
1258.96
1306.7
909.023
1295.28
1083.05
1237.48
1020.28
1270.56
1210.82
973.105
1055.99
1147.17
1193.19
1063.31
1342.15
823.488
892.117
1030.07
1145.55
918.898
1087.16
949.101
929.81
1092.51
889.96
1033.85
942.773
934.082
842.22
1279.76
1379.04
1089.09
1007.44
896.082
1275.95
935.298
1119.31
1207.21
988.307
1196.38
908.019
843.418
883.399
959.958
974.298
1014.04
949.041
1069.72
1051.62
939.338
1027.52
870.148
1274.87
1056.03
1102.91
1143.28
1051.3
938.514
1128.25
1071.41
1295.89
971.711
1002.92
1248.26
793.855
1040.54
790.457
905.405
1080.99
958.384
1089.49
1233.52
1003.99
893.724
957.333
864.072
1070.96
873.228
1088.26
1051.26
1036.68
910.425
924.739
1038.85
1132.1
1080.95
935.812
1044.91
1004.42
1085.19
848.05
1171.86
1217.89
1156.17
961.183
1278.39
980.492
1144.43
942.745
1207.42
1029.06
782.634
939.268
1235.71
949.31
964.227
888.718
1115.34
1014.55
992.946
877.368
831.436
990.58
1236.05
1323.37
1200.86
969.249
931.68
1108.14
1438.64
1251.71
877.067
1021.67
1120.42
1096.46
1060.99
1080.64
1037.75
1206.52
1142.49
1194.33
1193.54
1058.07
928.353
1329.52
977.324
991.877
1101.48
1013.15
1074.97
944.287
1107.72
1134.04
1106.5
1150.95
905.55
997.55
997.802
1027.19
1030.26
1062.49
951.657
986.491
1137.73
1045.17
980.314
911.495
1240.92
1050.48
1008.58
998.267
912.143
1085.55
1074.51
1317.04
875.954
838.238
929.071
1063.59
1279.63
1431.69
1046.92
1069.72
1064.67
868.056
1032.26
1294.2
1034.26
883.978
1313.98
1125.14
733.621
961.885
898.643
874.772
980.899
1014.26
1219.22
1225.61
1018.1
1355.08
969.448
1246.01
923.839
1053.44
1118.69
1159.78
1181.2
1014.02
1288.65
1103.94
1159.24
1064.91
828.531
1263.19
1261.35
1295.95
1257.59
975.075
1151.62
840.244
1041.58
1009.27
942.916
954.163
1032.65
857.383
1045.73
935.755
1048.28
1104.48
968.118
919.954
993.226
1323.98
972.737
958.273
995.112
1075.5
997.034
1073.92
1134.63
1013.56
1037.22
1109.4
1187.95
1102.36
1208.12
1133.72
942.486
1126.59
1357.74
1026.47
842.866
856.525
1071.49
1123.15
866.659
1231.49
1218.67
1209.04
1179.65
969.753
1048.97
895.841
973.71
1155.43
1104
1003.71
1143.86
1029.85
836.925
1231.54
896.669
1152.84
1011.93
845.828
1017.66
1089.22
1351.27
828.29
924.281
887.735
1117.56
1188.67
1118.36
1030.29
1176.39
1104.84
1137.65
1127.51
1135.04
759.143
1079.04
985.633
1049.51
1167.17
1128.19
873.36
1100.05
1169.83
919.658
1294.77
969.475
994.869
929.582
1234.49
1079.59
1084.07
1103.03
1051.17
1026.44
1004.72
848.078
1294.84
1016.02
1015.92
1304.81
873.348
990.587
1232.44
956.857
1047.15
958.288
1054.81
1253.53
1020.73
1042.51
1011.69
1131.74
846.337
1326.93
965.046
1009.49
990.067
1045.01
1162.95
1267.56
1177.92
1215.73
1151.05
1276.83
1330.06
906.797
971.036
1149.8
1057.07
1318.34
1052.25
936.34
936.071
961.531
772.65
961.437
1295.88
1063.26
1232.09
896.922
1033.81
917.248
757.873
809.286
1204.49
1239.27
975.823
1124.55
1048.87
932.01
1087.9
951.475
1145.24
1132.5
963.375
1140.71
1028.61
1163.16
1163.93
1283.91
791.923
1023.52
832.53
926.158
1077.1
925.602
1146.28
1065.25
914.953
1069.54
904.142
1063.69
1208.53
1176.6
1319.95
1080.6
1118.04
1034.91
1228.81
945.867
1128.47
924.535
1076.93
857.062
1008.44
884.988
925.47
926.632
1048.24
1089.26
1086.1
