1157.78
1061.65
1048.19
1160.96
1148.63
987.545
1167.51
1171.87
1152.03
867.396
1360.57
1256.28
1306.22
1038.9
1215.87
924.799
910.701
1071.74
1157.01
1041.48
1197.27
1099.56
1230.04
1117.56
1248.9
1137.21
1160.1
1252.6
1156.31
1252.76
1199.24
1079.24
941.805
1270.1
1320.84
1233.66
1124.88
1235.09
902.721
1044.08
1269.56
1049.99
740.894
1059.8
1095.39
862.914
1135.07
1335.3
1300.34
1090.91
1001.12
909.214
774.755
1474.37
1077.79
990.44
845.569
870.686
949.502
1114.91
963.155
886.192
1311.59
1166.7
898.19
1309.32
935.563
907.507
1045.33
973.138
1037.92
1153.24
1278.37
883.947
1330.48
1315.66
903.816
888.946
1402.56
1077.3
1182.48
1026.2
894.575
1105.8
1319.89
1106.93
1209.4
1273.29
1316.92
1007.38
1040.09
1132.8
1049.82
1168.53
1185.53
1074.86
1227.89
1446.89
907.426
1062.68
1108.81
1039.57
1127.8
1706.5
945.343
1056.51
772.747
1196.25
974.016
1338.09
1139.94
946.848
772.488
1021.47
1155.24
967.421
968.634
949.436
927.282
1642.41
879.384
999.459
1182.08
886.888
1042.52
1035.13
1196.48
1160.8
1157.12
1034.08
1134.53
906.944
1280.23
1083.65
1111.3
1326.4
1042.85
959.297
976.245
924.025
796.464
1102.09
1008.84
982.839
1451.84
1305.64
1003.16
1174.16
981.949
881.633
1151.75
917.779
1353.28
1081.4
1145.1
925.98
1151.55
943.962
1000.37
1200.77
1297.08
1561.01
1240.42
1217.62
1383.24
1267.11
884.378
874.602
1312.48
782.259
1109.8
1307.2
1346.2
844.975
1322.35
1002.32
1012.72
1078.75
1116.01
897.624
1134.03
1063.76
1275.31
1180.94
1123.54
1220.23
976.327
875.467
1172.67
1171.48
1432.91
1052.68
1017.84
799.772
961.976
1439.55
1070.22
827.232
1233.42
1336.32
1070.99
1162.78
1136.79
992.612
1053.39
1473.43
1025.93
1164.91
1359.43
934.828
1175.84
1052.61
986.795
866.606
1262.57
1547.7
1007.96
925.278
918.593
1053.02
927.576
1163.94
1273.83
921.02
1171.07
1159.32
1098.17
860.514
1041.55
1053.76
956.28
1271.99
856.886
1010.86
1575.49
1112.78
1066.02
912.253
959.15
1053.97
867.962
1144.76
1151.28
1047.92
1323.03
1228.54
1085.39
1309.86
1145.9
1198.39
1269.33
1220.44
1465.17
1154.75
971.909
886.609
994.188
850.56
1174.27
1030.6
1099.76
1183.05
1084.07
1663.2
944.367
879.763
1155.03
1366.67
1161.03
932.053
978.457
1131.05
956.224
1305.48
1397.16
1038.3
1052.79
896.03
1015.89
1056.08
1009.05
1173.29
1306.24
1127.78
1132.27
1117.93
1169.2
1054.92
1227.03
1116.26
1153.87
770.654
1087.09
1052.87
1356.63
914.152
896.438
1013.88
863.875
894.179
924.718
1229.83
900.635
1227.66
1005.01
1345.3
1217.31
1124.35
1048.69
970.309
1020.71
1059.33
970.205
1052.98
1129.35
865.971
1298.76
1007.18
1110.45
1025.69
1026.08
1098.77
1185.6
875.087
969.022
1156.14
942.883
849.012
975.422
1025.55
1081.06
1459.26
1029.51
1093.01
1153.26
1182.06
1098.17
1163.66
906.857
942.213
1195.02
1082.13
986.201
958.302
1714.07
822.382
1054.75
1049.18
1050.8
981.683
957.76
870.49
1102.92
1223.22
1276.42
1128.26
951.261
1576.6
1005.16
1059.54
995.428
1040.03
1116.59
870.332
1260.28
1550.27
1137.97
850.905
1381.51
1160.96
944.878
1116.46
1003.21
1058.03
1071.83
1053.28
1347.34
1171.29
1000.91
885.302
937.911
974.189
917.805
787.388
1107.01
1154.31
1314.39
1210.38
902.14
1031.21
971.628
1446.63
946.604
887.37
1204.4
1069.18
840.077
1047.7
916.725
1177.54
1052.6
1275.55
1298.56
1014.35
1310.84
1253.43
1442.68
921.749
891.326
720.755
905.86
830.39
1239.87
973.611
999.53
870.993
1367.88
1043.35
1114.81
1230.81
1140.9
877.113
1066.85
1065.65
926.229
1408.22
951.958
1185.21
882.795
1164.73
1041.14
774.551
1157.52
853.092
1375.46
1191.14
1149.11
1039.59
1358.13
1259.99
1059.17
890.581
1232.29
1317.41
843.033
1359.88
1094.05
748.647
1166.32
859.38
1113.62
902.613
1215.72
1096.4
1013.51
937.156
956.746
1016.13
781.076
944.411
1105.42
992.834
1143.46
1327.09
1071.27
970.197
1062.65
830.849
1079.25
1073.36
1055.92
1131.45
1270.18
1437.99
1112.72
1362.66
1171.65
913.115
973.86
1048.77
1008.72
1287.9
924.424
1258.47
1085.74
996.117
1424.72
864.552
896.844
890.118
1054.24
1152.63
947.034
1429.47
1064.62
942.748
1011.82
941.662
821.285
1369.96
1414.04
1214.18
1006.24
930.406
1042.73
1251.74
1148.67
1063.95
1006.72
972.164
881.373
1184.96
1240.56
1304.31
1318.83
1583.49
936.056
1563.55
1297.91
1098.6
1036.71
1739.11
1242.5
1392.44
1182.25
919.288
905.463
1150.49
1487.87
976.328
1037.92
865.643
1134.47
1373.44
1232.37
994.231
1305.49
1252.49
1119.38
1042.74
1085.21
1518.12
1089.5
810.103
1103.39
982.186
1411.1
989.237
1409.51
1168.43
1074.32
1113.97
947.324
1149.1
1279.79
1319.84
1033.26
888.974
846.627
1041.21
1068.86
1038.74
1014.94
939.899
1071.03
1271.51
956.289
1046.48
984.97
1227.8
1168.48
1154.03
1134.42
897.467
1240.32
1073.33
1049.16
1665.85
1214.66
931.412
1354.35
1074.06
988.301
1063.98
1070.1
982.244
963.999
989.464
1092.89
908.71
1349.23
1071.93
1159.23
1254.12
1169.45
1069.18
994.375
1415.2
1006.88
922.728
1213.62
1101.86
1331.75
799.72
1439.51
1009.93
1049.14
1092.57
1210.33
1175.36
1478.28
1213.14
1132.19
993.44
1071.08
1103.6
1462.78
986.292
1066.82
1215.35
1355.69
889.111
1240.99
1316.08
1031.08
1107.5
936.73
1113.22
790.449
969.972
1216.97
873.434
1352.45
1222.02
1116.5
1276.49
1119.45
955.778
899.354
1322.33
1138.87
922.626
1488.12
1192.33
1563.46
1330.75
1193.67
1612.45
1016.95
1097.86
1068.94
1133.38
1238.82
1333.69
1386.1
1289.59
1407.6
1152.66
1133.42
1278.02
993.543
1017.28
1061.52
850.158
829.683
1071.11
738.393
1096.15
1205.26
1181.37
1079.55
1137.33
1031.52
951.76
1099.46
1237.74
1203.36
1426.87
929.049
1004.86
1021.03
1129.48
1014.45
902.076
1446.17
933.325
1055.11
1307.73
1187.03
1375.51
962.534
930.605
1016.43
939.912
1524.6
968.041
908.499
1196.1
1373.99
1199.28
1218.18
815.343
1104.62
1366.03
1143.82
1116.99
1298.9
1006.59
1006.33
793.099
951.309
905.719
1234.91
953.142
1073.11
1074.37
921.507
1253.92
911.983
1094.03
1168.39
1378.67
1252.26
883.938
965.136
1179.99
1248.32
936.971
1086.93
970.697
1014.69
957.366
910.402
929.577
1608.57
1576.02
1342.34
1004.68
962.178
1213.66
1098.02
1130.85
1103.13
975.483
916.017
1105.55
1024.61
1509.99
1099.61
929.324
1136.95
1326.15
1158.24
1267.63
1009.85
991.378
1344.87
1416.85
930.587
855.219
1627.44
1064.75
1273.53
995.686
1011.12
904.057
1178.94
976.218
1214.16
1173.85
1563.58
1159.64
1257.5
1363.67
1350.69
1007.94
1297.78
1211.12
894.308
1012.59
765.945
872.235
1144.33
1225.21
1312.11
1251.72
953.938
1265.46
944.771
1378.86
1223.49
1276.34
1095.9
1240.35
1067.24
1243.16
1124.26
1223.22
1476.49
1086.11
1062.72
1248.69
1103.45
1270.12
1126.9
1060.23
1161.2
990.255
1081.3
844.275
986.117
1168.85
1035.17
1116.88
1159.49
814.949
835.935
1222.03
1089.6
1091.73
926.937
1348.08
948.669
961.693
1101.63
1061.36
1106.24
1017.7
1773.64
736.609
1072.11
1446.03
1144.95
806.19
1225.23
1262.32
947.116
946.796
1382.79
989.702
1078.41
853.942
1099.45
1282.91
1099.56
1001.77
1002.12
1059.55
1329.19
975.59
1058.19
927.57
1226.69
1066.45
1264.3
1267.06
906.402
1686.24
1259.55
1187.79
957.499
893.604
1591.3
1013.04
1328.67
1150.52
1109.18
978.932
839.97
1237.65
1078.42
1219.39
1166.29
909.561
1108.9
1170.35
954.875
1365.41
1247.43
1133.06
1260.79
1080.82
1239.02
1099.28
1062.68
1001.51
1089.82
1251.71
907.551
1184.6
1012.42
1577.94
1098.24
1091.25
1088.23
1046.85
965.123
974.144
1167.87
1323.65
1205.06
1212.29
1097.27
1810.65
1093.98
1334.11
1350.14
998.661
1085.81
995.271
993.382
1056.3
1150.56
946.828
1208.05
910.946
1342.52
1142.59
1376.01
1302.82
1105.51
1034.8
1068.62
865.325
1180.38
1343.29
1383.63
1093.45
785.6
1010.77
1137.39
1279.41
932.83
966.693
1029.4
1284.31
1165.59
1181.07
827.283
1046.56
939.113
978.607
923.144
1020.61
1254.79
1248.3
1126.6
945.348
1580.51
1082.36
933.609
1025.57
1180.32
1151.56
956.897
950.861
1060.41
929.391
889.78
1070.84
830.107
1136.37
1045.59
908.322
1088.35
1167.37
935.705
919.247
954.309
1333.38
1296.43
1167.13
1044.21
1295.67
1295.97
1038.07
997.525
1188.57
882.474
1319.35
837.834
1323.51
934.067
1020.54
1248.2
1123.83
1147.71
1091.12
1200.59
1023.49
1368.47
927.16
1042.95
1396.23
952.164
1421.87
1023.55
969.7
887.981
1132.05
1291.78
919.159
1009.48
1230.58
1348.89
1101.13
1056.89
1152.6
1016.06
1000
1451.09
1177.34
999.923
977.661
1032.38
1320.62
1248.1
1299.53
1284.42
941.532
865.231
1329.14
1208.55
971.516
902.2
1013.33
1362.01
997.65
924.215
913.341
936.61
1180.45
991.905
953.786
942.909
1655.05
836.709
1236.16
1165.91
923.051
921.85
836.268
1531.83
914.397
996.214
983.444
927.103
1094.38
1154.63
1270.08
873.782
783.827
1255.82
970.69
1129.43
1514.28
1012.68
931.871
1225.08
1067.67
1282.4
1178.81
905.618
881.076
1256.69
939.053
1072.31
920.938
1076.46
983.337
1103.26
1042.25
1248.03
1055.3
948.102
994.27
932.135
1198.51
984.049
918.863
1190.1
1359.42
938.572
1419.21
1295.41
893.653
1335.92
1019.98
1113.07
1258.1
1074.58
901.84
1332.66
979.336
1232.64
986.841
1139.71
1440.68
1435.12
1247.11
1141.44
944.213
847.778
1524.23
1253.28
1082.09
1263.34
1104.87
1023.63
1238.75
1252.04
1048.73
760.278
1377.02
829.175
970.771
1280.99
1167.3
1066.56
1071.82
1084.04
1063.89
1205.67
1005.49
1237.94
1742.85
1021.2
818.73
946.644
1100.87
1424.26
1129.85
982.61
857.229
1064.01
1449.29
1098.55
1183
1092.16
1337.25
1097.63
891.439
1366.73
1039.98
1442.93
1013.26
1175.15
1183.37
879.537
984.989
1789.26
1420.51
1020.39
872.304
803.755
1222.07
942.724
880.446
960.764
1231.5
961.629
1202.86
1267.15
1648.63
1346.09
961.554
869.949
1269.61
933.625
1380.58
1500.36
1084.27
822.366
793.041
1148.57
1139.97
871.479
1067.57
1625.1
1260.57
1213.23
1081.06
1360.28
1182.19
776.573
867.688
1353.88
1119.6
1225.57
1265.91
1284.56
1031.47
1331.53
1217.88
1063.62
1102.58
1203.93
1574.46
1003.91
1018.34
1113.32
1177.29
912.593
1046.54
985.319
1076.13
908.259
1275
1318.41
1000.08
973.835
974.53
981.584
946.329
917.558
866.541
1313.95
1059.09
1204.31
1219.15
1022.19
1112.49
980.207
1819.2
1047.36
810.529
1241.77
752.142
1408.77
1259.83
1449.34
979.323
1272.3
979.594
1009.96
1076.58
1202.46
859.227
1328.85
1185.33
1041.67
1467.54
921.059
1005.02
1028.98
816.293
1130.01
929.262
1700.1
915.732
968.29
1331.99
1107.7
930.946
1218.12
1024.78
1182.51
1001.98
827.512
1419.32
942.027
1081.71
924.209
950.792
910.486
876.594
1084.96
1341.93
1081.75
806.478
1266.89
985.658
977.312
1228.82
1191
792.573
1324.72
1064.68
907.018
1311.51
1181.29
1127.41
863.463
1163.21
1481
1098.35
1049.87
978.457
1269.05
1008.55
1235.74
1066.74
937.322
1497.73
1285.24
1219.53
1710.3
1127.93
1302.84
1054.44
1310.41
1129.28
1069.36
1281.86
978.597
1846.57
1124.49
1078.56
1191.16
1211.59
1628.2
1136.36
1171.26
1284.34
1369.43
1262.65
1398.21
1427.83
885.833
1109.76
953.454
1170.41
1096.82
1164.17
1097.39
1074.08
1066.59
914.478
1066.91
866.725
1167.39
698.983
917.768
1481.25
1250.79
1205.02
1128.92
1116.11
987.553
1082.94
939.891
1101.6
1144.38
1038.26
782.722
1130.7
1197.69
1104.86
1043.95
1058.01
1201.66
797.368
1290.47
1152.17
1198.83
864.414
1051.63
912.845
1114.02
914.068
1151.93
939.827
1030.66
776.943
1212.25
1006.65
1204.37
1171.15
1243.55
1109.69
1094.05
1223.29
886.912
1236.94
1320.68
844.039
1116.88
1427.28
1003.97
1135.8
1193.47
1048.58
1243.22
1101.57
899.239
1446.38
1408.07
1205.05
1052.91
1586.74
944.285
1279.06
978.617
959.049
994.767
1296.04
1163.13
1053.25
902.758
973.018
985.199
1146.43
1304.61
923.789
1218.62
729.264
974.669
1234.45
867.302
1333.87
1130.74
1009.1
1018.04
1114.22
1130.49
1031.05
1087.97
1067.7
1011.79
962.178
1055.82
1118.74
1306.39
1197.51
893.342
1314.93
974.388
1289.76
1138.79
986.229
899.211
993.557
1099.11
1200.84
725.896
1222.16
1094.04
931.84
851.063
1156.89
1185.8
1024.3
1184.02
1178.27
1267.85
875.592
1075.64
907.246
1108.94
877.312
1089.28
1197.7
1135.14
792.959
1098.02
1083.87
1192.61
1092.16
1397.13
1224.68
928.56
1201.01
1203.62
1059.66
1271.14
1291.6
1308.89
1621.59
1424.78
1027.11
1039.07
1051.7
900.686
1559.13
971.613
1169.44
1023.49
885.824
1083.18
1026.89
1058
1050.02
1148.11
977.073
1095.4
870.881
1058.94
1147.31
1129.72
1018.57
1299.99
1264.28
782.579
1006.56
1399.69
1054.74
859.081
1205.82
1104.89
854.593
864.886
1378.45
1155.15
1193.93
1231.32
1368.87
1104.3
1219.18
1183.83
981.568
1120.08
958.905
1096.51
1143.97
1051.14
1069.36
1090.69
819.014
1251.29
1415.42
1239.71
880.568
1245.5
875.975
1074.57
1038.09
959.626
878.23
865.969
1274.87
769.406
861.259
1064.14
980.914
1177.75
1032.82
1025.27
923.91
941.67
1136.33
1172.24
1321.66
1053.13
779.244
920.732
1078.57
923.428
772.1
936.924
968.681
1220.62
1172.17
886.726
1152.96
918.939
1170.89
1343.9
998.804
1445.25
1257.31
1351.44
735.629
1037.78
1015.81
969.768
1051.56
1051.63
1414.55
978.633
1066.99
1203.13
957.181
915.663
1039.1
1155.28
1118.63
1043.82
1025.29
1332.73
952.459
1332.03
910.288
957.071
891.097
949.907
1386.94
1227.87
987.408
896.483
821.475
1067.39
1298.43
1124.73
1261.46
1207.54
915.194
1208.72
1148.08
1396.37
1219.69
1234.35
993.951
1067.49
878.851
828.913
975.027
692.859
1022.87
1091.33
1028.17
973.876
989.499
1326.73
1195.41
1042.03
1217.2
1279.12
1090.65
1015.12
1233.82
915.939
1291.69
1067.7
1252.69
1093.12
1111.76
1147.86
923.586
1138.91
1233.46
1193.56
836.749
987.968
1333.36
1082.91
1037.14
1198.5
1122.17
1124.29
973.057
956.701
925.379
1191.11
938.693
1177.88
698.437
995.432
1085.8
1294.98
984.706
1127.96
1396.98
1292.69
1508.41
1200.26
1264.55
1067.42
1275.97
1155.45
939.869
1221.64
976.706
1118.79
1105.63
1099.66
1205.12
1303.39
979.628
1200.1
853.192
1033.94
1205.8
873.177
1522.72
1049.67
1128.38
1158.11
900.58
1050.01
1191.64
811.17
1283.82
898.452
1358.63
1433.66
1072.61
1243.65
1054.45
858.88
1035.84
1160.11
1413.53
1012.25
981.677
937.4
1214.68
1347.52
1115.56
1066.13
1296.55
1144.42
1017.65
928.058
859.293
1162.95
1123.11
1135.27
998.137
1811.72
1241.94
1167.45
1386.65
1224.01
1208.96
1145.78
931.424
1010.04
1276.46
969.813
1061.99
1172.1
1063.54
1410.51
1231.18
738.801
1669.4
1263.26
1177.14
789.128
842.556
864.762
1196.88
718.906
1196.5
977.597
1065.97
864.693
926.44
899.64
1257.37
1147.6
1067.43
909.297
1015.19
950.671
1368.03
840.559
1149.87
929.942
865.072
1279.78
1023.68
991.694
866.61
994.569
1315.88
1708.38
1021.1
1245.81
1192.3
964.363
1129.57
1052
1224.59
830.23
861.261
1120.15
1279.69
1292.94
1021.49
1073.75
1037.43
1035.09
884.372
1160.02
980.067
951.73
808.761
1280.15
1057.16
883.973
1005.22
1039.51
1084.63
904.314
1086.51
1479.82
1061.6
930.694
866.131
950.062
928.411
1012.78
1043.53
1195.45
964.924
1353.78
935.691
986.321
1040.36
1382.96
1216.86
1209.49
1373.24
1202.3
934.883
896.696
1176.68
1031.17
1116.06
990.798
1007.12
970.736
1262.04
1176.67
1229.96
1089.55
1121.24
1197.23
1423.14
1128.9
947.158
1302.22
1128.06
1518.25
1068.22
1064.97
1037.81
1436.62
1284.16
992.506
1024.43
1302
1286.97
1225.02
943.431
1121.66
1171.46
1090.17
863.159
946.344
1434.11
1394.97
1271.51
734.713
1261.36
1221.01
1213.27
1019.54
1041.22
1057.79
936.66
1561.27
1110.88
1450.67
946.748
981.186
1359.61
925.385
1169.81
1370.18
1104.44
1196.11
925.398
1039.69
1012.52
999.776
742.392
1187.27
1192.31
1281.25
1022.19
947.323
1247.47
882.762
954.965
898.812
929.221
1169.2
868.696
781.77
1141.99
1105.87
1113.47
1275.52
1051.28
1154.55
855.496
1432.65
1111.4
1005.74
891.854
951.676
1129.57
1198.66
945.983
1176.72
1159.7
1114.49
1211.46
1046.99
1211.7
1569.68
1086.38
1664.58
1451.78
1240.04
1143.57
941.102
936.489
1009.54
1083.63
858.463
1140.94
868.422
887.414
927.052
1425.49
1486.52
1289.76
1005.07
1133.6
1062.37
1203.33
1169.52
1335.9
1197.93
907.876
997.162
1153.09
1180.62
913.298
1191.35
1056.85
1740.98
1145.08
1203.59
832.274
1483.69
1104.42
785.8
1132.34
1139.05
1114.38
1029.93
1041.78
1123.42
1219.07
912.588
1064.03
934.525
1029.39
771.89
1150.17
1348.12
1035.87
1273.99
1446
1048.5
876.52
776.533
996.33
1057.22
1108.83
854.045
1041.48
1056.96
1107.35
889.367
1265.57
1254.42
1286.15
1230.72
1026.19
1062.2
974.599
1485.23
1068
1600.77
1009.09
1294.2
973.346
1102.59
1010.33
1478.78
1274.67
1406.93
820.622
1394.8
996.145
1571.23
913.458
907.34
1251.31
1160.59
1051.19
846.709
992.974
975.516
1529.77
1226.07
991.667
1047.28
1285.41
1038.99
988.545
1026.02
1548.19
765.761
1005.55
916.461
902.831
1151.91
1173.69
1452.39
1057.66
1542.15
1120.26
1345.73
1422.51
1083.98
997.471
985.662
1058.4
1346.32
1399.77
937.793
1405.23
1039.62
853.707
1098.7
875.556
984.113
1233.36
1220.99
956.317
1294.76
770.99
848.7
1346.28
1560.45
1278.59
1169.06
1384.17
1180.82
986.577
1077.52
973.536
1177.8
1223.02
1044.65
1091.49
1084.15
953.646
1090.08
1057.2
1554.89
1056.78
1120.27
1196.64
1371.8
879.615
1013.25
871.224
895.066
1700.33
1111.44
890.098
925.151
949.188
1081.33
1358.32
856.205
1048.97
1071.97
1060.93
867.682
905.212
1036
1150.48
1205.7
1130.95
1269.11
1159.51
1089.46
1345.95
1358.61
1011.55
950.523
1528.37
1115.01
1085.68
955.818
972.363
1161.55
1264.33
1437.73
1281.15
1035.19
1312.97
1070.86
1213.78
1323.02
1050.75
1164.2
1167.84
1193.55
1013.6
1619.82
1094.7
1016.14
1104.36
1054.04
1116.19
1211.46
1171.33
1135.06
866.127
1082.71
955.786
1260.93
1153.8
913.835
926.548
1114.19
1266.5
1210.66
1125.56
1306.35
1141.23
1257.95
1153.87
995.568
1222.74
1220.71
1275.91
1075.92
1027.62
1145.71
993.343
1137.94
1194.54
948.081
1239.14
1185.18
909.811
1101.25
1228.62
1216.66
910.447
892.43
1181.3
1090.15
892.151
1391.63
845.888
1052.1
993.822
1244.02
1442.56
1246.64
890.092
1059.89
1003.14
1439.35
1100.84
1248.49
1283.52
992.416
1270.26
1112.14
1123.19
987.067
889.962
866.6
1441.05
1243.02
1307.61
1360.16
1253.18
1017.14
1082.24
958.255
738.345
951.456
1514.23
1005.62
1273.61
971.25
945.029
999.585
917.462
1044.1
739.912
1044.71
1357.75
1150.29
990.429
1062.26
952.205
1023.68
1055.24
963.032
1592.56
1037.73
1285.25
854.302
964.793
1116.27
1035.53
1158.34
920.28
835.09
1242.72
1371.53
1162.09
1306.51
1049.48
1006.62
1028.87
1281.76
1259.22
1146.17
1273.19
832.539
1144.37
1279.16
1072.86
896.475
1060.52
867.087
908.155
1071.29
1113.01
1100.02
1044.01
906.211
1007.11
935.934
980.056
876.513
1380.08
1244.43
1173.78
1216.11
1455.78
936.77
872.051
1283.27
1642.2
1247.26
1266.03
1410.33
1586.72
1277.58
1170.45
918.482
1045.36
1339.3
1290.9
887.292
1028.19
1057.26
1123.35
1185.08
1201.97
1129.84
930.327
1254.98
1109.92
1160.4
1121.04
1007.04
1250.57
822.212
1439.77
1228.78
942.223
1179.14
1414.35
1213.63
850.164
1225.94
1173.76
1658.5
1015.99
914.38
1121.79
1297.91
1230.78
1098.83
1150.58
1433.23
1218.75
937.25
1017.93
1146.53
1128.93
974.747
1148.52
1108.69
881.119
1312.38
1113.12
1588.44
1200.89
1654.55
913.557
1094.69
1113.81
1129.93
1060.77
1047.01
977.421
1205.99
963.695
1179.76
1632.38
1091.53
1244.86
1076.95
1030.71
969.875
1014.93
822.792
971.481
979.652
982.882
1002.47
1425.14
1192.39
947.353
1285
1376.85
831.96
989.122
912.78
1121.55
1226.36
1565.41
1168.78
1135.37
1082.34
812.727
1045.87
1047.1
931.867
1197.13
1132.14
1288.04
838.844
1269.54
948.248
1171.09
938.065
1012.91
1163.4
904.687
1058.4
1100.81
883.065
1055.35
1418.8
1026.5
1169.13
1269.91
951.288
937.864
1185.45
850.799
1262.97
1602.57
1027.33
1027.31
976.586
1546.53
1008.4
869.461
1002.24
1016.14
1301.11
815.532
1013.41
1086.25
1072.5
1093.55
1278.85
1489.72
988.602
1101.81
1162.69
805.421
1186.75
951.396
1545.84
1189.72
1219.46
1201.08
1362.66
1478.23
1114.71
1272.23
1028.64
997.053
779.217
1218.34
1042.91
914.138
1183.95
1146.77
1310.59
1003.87
1000.78
927.831
1212.57
1202.76
925.839
1256.57
1169.12
1098.34
1120.19
1451.93
1184.69
891.795
1107.4
814.088
1186.44
1041.81
937.245
1186.59
886.651
1169.2
888.843
927.635
1007.76
1171.96
1279.87
1026.92
1251.01
829.792
1272.85
1229.82
1142.46
920.739
1129.15
1065.02
1105.6
1171.88
1345.74
1235.84
845.168
1026.18
990.795
1346.97
898.38
990.546
908.245
969.274
1068.69
984.552
1286.87
880.023
826.227
1049.09
979.051
1518.92
1192.44
1070.88
953.816
1202.7
1321.88
906.688
1061.61
1053.63
1338.47
740.322
1375.29
1478.18
1616.43
1042.3
1064.56
1227.02
1067.74
907.029
894.491
940.269
1184.01
1065.93
1285.01
1110.67
876.374
853.907
1354.9
965.665
1157.92
1185.57
1056.76
1229.01
1165.05
897.332
1088.01
794.567
1250.41
1094.1
1445.47
1130.52
1239.59
1328.86
1177.75
795.76
914.831
988.961
1381.83
1176.1
1365.26
816.484
1064.66
1126.52
1060.61
998.6
946.882
938.556
958.496
974.653
934.227
1108.52
1081.47
1144.6
1050.97
894.505
1095.29
1047.2
1293.12
952.629
1082.46
1566.98
855.75
1232.53
1098.58
890.644
974.452
1287.6
984.594
922.624
922.006
1123.49
1020.41
955.844
1008.36
1147.26
1023.26
1352.97
1103.21
1399.81
931.816
1397.4
1252.33
1478.5
978.527
1128.77
1008.36
1258.4
845.964
992.812
1067.66
1128.13
1084.61
1337.26
1274.96
1504.63
1016.67
1342.31
1153
1055.68
1116.98
826.334
1260.27
1391.82
944.334
1290.23
935.79
1186.65
1301.79
1224.13
1168.13
1158.93
934.85
1323.58
986.904
1226.75
1074.97
1065.87
912.356
1106.34
1101.95
1099.9
1426.99
906.419
1008.8
916.377
1723.78
1308.67
1333.23
1191.12
1198.65
1103.33
1062.74
1283.66
867.595
976.296
1113.72
985.555
1120.83
1473.34
1059.54
1119.37
1140.07
1935.64
1496.29
1180.02
1301.46
1303.79
1591.2
1116.24
946.991
1230.31
1053.5
1049.51
1013.33
1053.64
1074.07
1005.96
1069.53
704.943
894.966
1239.85
1119.69
913.717
972.202
1122.44
1086.29
880.677
1137.56
917.822
959.697
1121.57
1060.68
1052.61
958.619
813.825
1031.38
1086.32
1021.36
1030.33
1060.08
1025.12
897.692
859.275
847.234
1068.52
1035.03
897.36
1238.42
1058.1
1041.25
1009.61
1042.31
1208.11
1058.2
1124.31
1023.5
1084.18
1022.37
1062.82
1245.93
1195.72
1115.26
1003.06
968.972
922.574
1065.43
938.351
964.517
861.247
1083.88
1546.89
996.802
1305.36
1189.02
931.706
975.507
1593.92
1073.16
1303.68
721.441
1290.82
1013.34
1008
1115.49
1007.03
1018.14
1657.99
927.204
841.033
1056.11
1069.23
880.216
856.88
922.505
1109.24
1147.3
1078.62
1059.18
1206.5
913.936
1119.42
785.674
1215.83
1213.58
977.58
1210.22
993.107
1125.3
1308.9
1101.77
1246.09
1211.42
1188.89
1254.03
840.576
1033.83
1074.09
1090.03
1148.16
1095.41
1629.32
888.975
875.937
848.375
1350.03
735.81
913.347
1334.21
1079.47
945.823
1004.24
1155.04
1219.3
948.368
861.928
1079.12
1408.55
1010.66
1035.68
969.059
1103.91
1070.11
1692.81
1140.28
1180.08
1082.89
1044.43
1013.91
1085.53
1155.94
905.474
877.732
1157.29
756.352
1151.7
1341.54
975.086
1013.05
1339.5
1219.39
1121.6
1414.19
1309.73
1212.37
1475.67
940.421
1183.8
868.804
954.374
1352.15
1347.85
1221.4
1242.27
1016.25
1063.13
1058.49
1017.16
1137.65
1168.71
1010.83
916.761
970.955
1358.41
984.664
1161.14
818.97
1646.46
1108.55
1284.49
1020.03
1208.75
1193.67
1113.75
954.578
1022.83
1065.51
1128.8
1030.21
1087.43
1055.05
1152.84
1158.68
1044.4
1018.45
1073.76
922.482
898.451
1028.46
1212.4
1085.63
1037.94
1257.56
1525.04
936.94
916.533
1145.25
1426.66
906.616
1087.8
1080.72
1132.17
1276.67
1234.84
1324.59
1264.3
1267.97
951.239
1302.91
1288.67
1024.49
1061.96
1138.37
1042.17
1242.58
1086.58
1084.15
1276.61
1013.9
1132.66
1166.64
1115.54
941.322
931.024
1211.58
1020.39
1004.2
978.015
1192.64
802.547
1212.98
859.786
1436.98
1074.57
1215.15
1149.04
1129.37
1381.25
799.986
1122.34
1053.11
982.999
1365.38
1276.08
1064.2
1089.27
888.44
903.199
1269.98
1243.29
1319.69
990.951
1159.26
1017.5
931.439
1148.64
1060.88
1013.86
1311.73
966.514
1152.34
1242.08
1150.68
1272.75
1006.53
1178.9
1038.89
1040.41
715.385
997.914
931.562
1133.71
1110.22
818.096
1054.2
1116
1114.02
1112.71
1112.17
1093.4
965.291
1478.6
1556.04
1183.71
947.875
985.62
1012.37
1610.49
968.782
899.643
1027.5
1033.18
1074.33
1129.98
882.945
907.151
1201.53
1247.44
901.956
761.863
944.688
965.298
786.232
1053.26
985.256
1059.66
769.806
879.557
827.061
1528.59
995.825
1273.67
1014.46
1388.19
952.134
1367.51
1159.85
1431.99
1022.07
936.989
1037.56
1077.44
1091.04
1296.87
1465.81
1225.84
882.562
1031.58
1206.28
1019.09
995.285
1035.1
942.304
1418.31
1067.35
1249.12
1045.96
951.208
1056.12
769.369
1046.95
943.243
998.221
1149.18
920.477
1344.9
1102.8
1349.31
1028.01
1230.39
1222.95
699.635
850.922
940.263
1408.71
970.878
1138.7
989.942
842.007
1143.25
1143.62
1098.03
1227.59
1129.42
1271.31
880.766
1042
1125.87
1044.64
1168.72
1159.8
1200.47
1207.64
1321.78
1335.6
1023.87
860.858
851.815
1052.64
984.917
1023.1
1047.16
993.561
1486.14
1157.98
1236.9
844.505
1393.42
1254.68
1137
1471.9
932.67
917.691
1117.52
1134.02
1297.15
1040.09
1220.16
982.943
1072.62
716.552
1004.77
1356.42
1410.18
929.042
1328.3
1008.13
853.048
974.697
1038.95
997.489
712.296
900.412
1078.94
1132.78
1193.35
1044.95
1207.9
1020.06
792.64
776.634
924.14
995.454
869.257
988.508
1028.6
1013.59
1034.68
1175.13
1039.58
1345.45
1043.42
1097.77
1246.41
990.841
1201.07
1013.92
1322.81
1050.63
1290.85
1526.28
1034.41
991.58
1141.72
893.846
1215.38
947.972
1058.39
1119.92
1218.64
1154.09
856.784
1546.87
1195.07
1053.95
1090.74
1004.13
1015.14
1081.12
1074.12
901.755
1250.97
1068.43
1359.53
867.966
854.427
1169.54
829.491
1122.34
1093.07
1290.21
1222.36
977.916
1121.87
802.932
1026.14
1038.42
998.833
1138.5
1057.24
1240.83
961.049
907.905
1015.23
974.31
1460.44
1080.38
1442.95
821.988
1186.75
1086.65
1216.28
882.131
805.298
1087.58
1188.78
1121.89
1143.65
950.332
1202.72
859.887
1158.09
1065.21
1480.55
1017.6
1063.14
1648.44
1070.79
1325.26
1037.16
1416.21
1309.95
1036.45
1223.59
1216.22
1193.59
963.575
1032.97
1060.23
971.163
1110.77
1349.48
1175.15
1026.7
889.297
1158.56
1431.92
1179.94
937.575
1717.59
1196.04
939.753
1095.31
1307.25
1081.94
1522.36
1487.21
1396.25
1101.2
1383.89
760.754
991.5
1096.24
1093.22
1108.65
1169.35
1279.32
1295.36
983.853
1075.84
919.467
1415.94
1137.38
1044.71
1263.71
920.422
1266.49
854.017
1067.11
1054.99
937.125
969.729
1157.53
1135.2
1008.56
1314.22
1068.83
1081.42
1087.77
1085.7
1182.36
1131.78
1098.84
1170.64
865.869
1108.19
1190.18
1490.01
1516.91
1083.17
1005.31
1008.52
945.34
1224.49
1139.41
1124.54
1073.95
1163
1118.97
1129.27
1137.24
985.919
1078.71
1041.18
1100.47
955.337
889.295
1606.04
1043.61
1591.54
942.244
1275.67
1099.7
824.788
1113.06
852.548
1004.45
1072.95
1027.24
1053.2
1184.2
1249.16
1150.13
1339.03
1241.55
1203.08
1189.94
1287.2
1442.56
1354.42
1246.25
1215.11
978.378
1381.28
913.355
1039.76
841.73
1010.66
1212.55
945.58
938.01
1277.74
1530.88
1071.61
1054.9
1150.76
1473.76
1124.62
1122.51
1227.5
810.349
1066.09
907.819
1361.02
1285.61
1092.19
854.779
1057.51
1115.14
856.123
1064.03
1346.57
1128.9
1108.64
939.727
918.13
1225.44
1034.96
915.656
1113.89
1039.95
739.284
916.756
805.517
1232.67
1186.42
1449.2
1152.08
1117.84
1246.27
1501.8
1135.28
1311.3
1403.09
1055.59
1121.83
1220.06
1147.21
1330.3
977.852
1388.94
932.664
1134.69
1225.49
1165.6
1043.9
1242.41
1049.97
1070.66
1036.42
1027.2
1092.93
952.083
942.373
981.181
901.707
828.45
949.828
1206.76
1283.3
926.541
1162.58
1508.18
1561.75
1221.52
1199.36
1192.83
1257.23
1018.9
1207.03
1174.91
998.065
1254.98
990.569
818.133
988.771
1055.45
1343.3
1307.36
1025.93
1275.03
895.519
962.144
926.371
1214.23
1465.44
1109.09
1000.89
1289.57
1067.17
1099.51
938.994
1342.79
909.998
985.916
1013.69
1206.16
1508.23
1265.05
1093.62
1250.81
1176.27
1067.04
908.809
1042.95
1278.43
1110.92
1086.95
1119.09
1025.41
1007.4
1166.7
915.89
935.052
1324.6
1097.63
753.539
1071.33
1159.39
1343.98
889.8
652.417
1010.66
1234.3
1011.27
1073.51
978.951
1058.04
1015.24
1043.69
1039.82
1526.64
1103
1099.01
1119.3
995.193
848.385
947.354
1172.43
1050.42
1436.35
1650.8
1031.64
1323.85
858.771
1154.1
1038.47
836.519
980.345
828.05
1024.69
1323.83
1373.08
752.377
848.172
915.23
1048.07
885.692
1114.54
863.515
1197.78
1342.14
1284.31
1087.29
1051.68
1217.01
1020.25
975.425
1236.19
1380.8
1124.26
1178.71
1097.52
1084.07
914.147
990.715
1188.78
929.085
1604.33
1097.89
1232.47
1119.26
1076.81
1141.27
951.225
1180.28
933.979
1312.46
1360.26
1149.64
1270.16
1020.02
1395.75
1129.51
937.92
1156.79
1096.19
1099.62
1322.3
1445.09
866.455
875.252
1148.05
1111.3
957.098
1417.78
1139.62
1178.52
1068.28
1038.88
991.544
1140.9
1193
1086.27
1236.74
1126.33
1219.12
1192.37
1171.08
1084.43
1069.36
1304.18
1260.9
1106.29
1291.12
1080.59
1044.46
1054.47
1055.27
1339.08
1087.86
944.821
1040.03
1336.91
901.724
1078.69
1035.21
1140.5
1163.46
917.047
944.276
1053.48
1004.01
1434.4
1330.39
967.776
1037.35
1211.57
1182.52
1396.71
1158.14
1015.46
1587.86
1035.96
1054.79
1146.23
913.996
1166.71
935.803
1153.75
1012.65
1305.77
1057.54
1272.26
1176.19
904.432
1558.92
1021.22
1028.46
998.007
1092.38
1437.3
1173.44
1054.27
1125.57
965.464
982.031
884.453
1108.8
1341.18
1001.22
1083.55
1129.13
949.677
1114.14
1298.4
948.764
1056.15
1319.08
797.87
1020.08
917.455
1170.86
942.852
1566.05
1175.02
1052.8
1336.64
1177.01
976.198
1145.88
890.459
988.73
933.524
1132.81
1312.89
1026.9
1402.17
1026.87
960.251
1043.71
1170.61
995.447
1143.73
827.431
1255.87
1174.89
1285.92
1450.87
1306.28
1012.57
1023.15
1096.72
1149.6
1807.83
808.206
1227.61
1106.82
1112.14
1164.94
1004.83
1038.14
1041.67
1150.88
948.448
1173
1038.28
1224.35
878.785
1252.29
1029.14
1079.86
1135.16
1163.24
1116.56
1166.09
1069.48
859.501
1111.28
894.072
1276.91
1087.01
942.246
1017.68
1089.28
1285.32
1001.34
1616.08
1300.95
1187.68
1302.34
889.995
996.563
1109.63
1079.83
1100.78
713.568
958.568
931.063
882.014
948.338
1146.09
1445.67
1386.55
1102.95
1159.74
980.803
1039.52
1096.04
1127.57
1390.34
968.975
1899.01
1051.41
1045.08
1052.57
1353.12
1085.4
1184.72
1127.78
1469.32
855.903
1210.43
1311.04
1072.28
1034.6
917.59
925.28
959.031
1378.04
1025.35
1165.19
1241.78
965.186
883.981
904.141
1243.15
1054.7
1175.27
1260.65
1541.06
1168.49
750.019
1005.84
1168.84
836.113
935.128
1146.92
1060.37
1144.64
1140.83
1099.7
1156.05
960.952
1164.71
1277.2
897.363
1167.76
1082.49
943.223
907.539
893.225
1102.27
1366.51
1182.33
984.803
1142.8
1115.99
1626.13
1331.88
1161.98
1215.49
1124.28
1176.31
1177.88
1153.51
1229.13
942.455
1014.91
854.392
1345.41
1007.76
1115.74
1267.69
1070.01
1022.05
1389.8
1032.39
940.091
1300.5
1039.53
1275.77
1361.13
1092.2
1465.7
1028.93
1194.13
1206.38
1018.36
1116.55
1010.7
1235.91
1017.55
1196.59
1199.84
1173.61
1338.32
1246.27
826.491
1104.1
845.228
928.485
1053.02
1017.99
813.758
1160.28
951.478
1130.45
1061.76
1157.55
1060.58
916.043
929.003
889.509
1066.53
1186.04
1365.85
1382.12
1040.47
908.231
818.727
1356.03
936.685
1160.8
1214.22
1130.61
1236.61
912.327
1109.61
1081.96
1144.58
1274.47
1073.67
1499.8
1254.9
1341.97
1317.68
963.959
1028.23
981.114
878.031
1374.23
1321.73
1309.71
1209.71
845.344
1700.07
979.284
1094.8
1015.71
1116.19
1784.89
1228.13
1511.18
1195.87
1021.49
1189.07
1031.64
922.664
853.902
1226.3
930.01
1216.45
1392.69
1202.91
1228.79
1592.43
1455.11
1359.42
1155
1159.6
1115.31
821.928
881.686
971.366
1265.38
779.522
847.179
1174.44
1147.48
1187.56
980.003
805.859
1059.5
1215.03
1020.44
912.32
1187.32
1178.02
949.474
1468.22
1145.85
1119.46
1080.72
1228.53
1658.09
1138.17
1004.25
1132.66
1064.62
896.419
1246.57
991.509
1451.52
2003.48
1162.84
911.652
1406.58
1236.3
1032.17
1319.88
1042.4
1079.11
1124.41
856.975
816.929
1062.95
1007.91
921.278
1328.43
1319.02
1318.43
980.713
1300.6
1648.93
1021.83
1054.87
1218.01
840.422
889.574
1347.78
941.855
903.528
1339.57
1402.82
937.093
1177.26
863.273
1034.58
1182.92
1164.1
797.099
1514.04
1058.8
1218.77
1149.27
897.577
932.352
856.383
1031.27
813.584
1276.34
1087.06
1037.25
1455.18
1021.82
931.325
921.025
1054
1086.2
1314.13
1077
804.067
1349.84
1628.43
986.981
973.407
1104.35
1461.55
1316.88
920.127
1316.89
1064.83
1177.1
1545
918.306
929.869
970.797
936.176
994.543
927.79
1062.92
1020.81
802.54
890.225
1097.33
1164.98
1322.04
787.171
1836.45
1059.56
1151.74
1048.48
1032.7
1167.84
1142.62
1203.5
1112.22
1074.74
1018.03
942.374
1068.96
967.627
1349.37
1206.83
1061.73
1036.42
810.78
1866.75
1229.4
1045.1
850.998
1179.19
1525.06
1066.11
987.703
1101.24
1182.4
1137.78
1193.01
1241.52
1028.27
972.124
1023.49
977.496
1004.93
1219.5
1157.6
1083.11
1116.53
1091.16
952.966
1469.86
1440.98
1224.11
961.632
1073.45
1331.03
1317.01
944.493
987.935
814.068
999.962
1189.44
1178.02
1026.53
1103.61
1007.74
1256.87
1079.16
904.022
1013.42
1057.8
972.629
1090.68
948.856
1277.94
824.05
1173.21
1073.6
1231.78
863.18
1072.57
1093.16
981.053
1027.47
1074.56
1123.23
941.005
1221.32
829.653
1054.7
891.899
1029.25
1026.87
973.189
1001.97
1048.89
1167.18
1132.65
1251.75
977.315
1134.35
1257.28
1036.68
815.774
915.719
1006.62
1113.9
976.295
1004.35
855.174
1247.76
1039.47
1498.62
1236.03
1238.46
1049.71
904.527
890.747
1092.8
1375.01
1507.81
1198.73
870.863
1434.9
1012.6
1019.92
1210.02
974.043
933.764
1150.64
1043.1
1056
1288.35
882.809
1252.84
1178.19
1370.81
996.029
1237.47
1110.68
880.531
1068.87
1019.92
1142.22
836.675
951.879
1270.6
932.796
889.34
1277.3
1179.6
1035.17
892.938
946.627
1042.82
1300.12
1053.87
1099
985.612
1148.35
1135.02
1019.58
1081.97
1208.4
1236.96
1072.49
1163.36
1262.68
1068.02
1003.55
1294.55
1312.85
1217.26
1172.88
1201.9
1557.25
956.225
1041.53
1256.67
1051.84
928.746
1170.24
1122.18
1200.47
1360.28
1041.44
1198.24
986.594
801.921
894.029
1317.22
842.644
1371.96
747.538
1046.51
1026.92
960.211
1135.2
1057.34
1141.22
1008.06
1268.98
1297.92
947.88
902.476
1180.48
1222.01
920.178
1127.3
1011.19
980.375
1064.31
1307.67
951.768
1382.45
1534.16
1058.39
1119.79
1046.54
1141.67
932.125
1281.22
1436.62
936.293
1332.84
1481.73
888.551
1090.93
990.888
1332.3
873.075
1017.26
960.057
991.375
1026.21
1142.15
1536.28
1334.11
953.321
1060.87
918.19
1107.81
984.262
957.018
1515.33
1152.22
884.972
848.97
1148.77
1601.72
1277.22
767.414
821.102
1393.39
1359.81
1065.21
942.06
923.063
875.302
913.893
909.248
1629.62
1001.28
1445.67
1511.43
1431.27
1109.83
1226.56
1207.43
1163.53
1117.13
1020.62
1062.54
1317.52
1101.7
993.194
1075.41
931.845
1044.84
1070.56
958.247
1222.17
1558.69
900.793
995.277
1367.97
995.541
799.411
1102.46
993.482
838.427
1171.98
1343.93
1209.72
1241.83
1161.57
1001.52
1330.2
1088.07
916.577
1167.15
1148.38
1004.95
1227.75
985.422
1040.38
879.577
938.805
1198.85
945.82
1107.98
1291.11
1274.46
1440.57
975.426
1213.38
1147.8
1075.65
1325.97
1247.16
944.032
978.912
1095.64
1143.24
1091.59
1095.67
1151.59
1174.48
1082.32
1096.46
1105.78
929.337
975.833
897.9
1239.96
1084.41
889.122
1206.1
929.602
1131.72
797.695
968.657
1103.07
1286.73
1242.24
1066.76
990.698
902.852
1198.16
756.112
1036.58
1396.46
1043.93
1062.44
1075.2
943.342
1328.24
1261.55
1051.19
1234.05
851.985
1112.63
1071.61
1030.84
1157.12
1119.84
1165.42
1049.8
1128.32
910.707
1011.69
1051.34
848.147
1418.2
1757.69
1035.55
1061.33
1259.1
1137.32
1229.43
1072.33
923.194
1101.37
977.12
1267.03
938.45
1186.68
1107.74
1106.79
1156.16
976.565
1357.58
1142.85
1388.76
968.626
1239.51
1074.47
1069.86
1028.52
1061.73
1046.4
1077.02
882.027
1153.16
797.381
1152.27
1022.28
956.195
919.585
1325.24
1094.81
1070.88
1028.2
869.383
1229.72
1439.8
1105.72
1070.76
1035.98
1199.5
1065.92
1148.25
1150.5
1161.86
1114.09
1044.78
1003.07
1290.94
1031.21
914.909
1093
751.835
1019.56
1086.28
1010.15
847.608
1279.87
981.074
1332.34
1092.39
1177.08
1011.13
1055.9
1046.34
1290.55
1560.05
1064.8
1155.22
1127.68
1072.87
1143.91
1001.39
987.297
1053.96
722.13
998.139
881.617
1265.67
1214.34
856.244
907.95
1212.35
954.601
1046.27
1203.52
859.506
1244.36
1287.92
787.407
1056.16
1076.76
1181.52
1253.38
890.435
909.234
1190.23
1321.44
914.973
1280.15
767.408
1123.59
914.45
899.466
967.989
968.246
1237.27
1015.07
1156.65
1302.1
1111.06
1213.72
1221.59
1222.21
1302.2
1520.64
1054.53
1193.09
1243.9
984.485
1002.94
1203.54
1089.93
1176.21
1006.66
1240.18
1103.05
2024.37
974.753
1098.05
1025.05
1004.46
1076.68
1185.59
922.591
925.181
1022.44
1187.29
1008.91
995.836
748.91
1275.08
1161.51
1260.8
954.476
1085.98
909.702
1154.13
967.334
996.587
1345.32
917.497
1085.14
1130.92
959.143
1109.14
1100.47
954.63
1138.53
866.085
1306.9
1060.95
911.46
1086.48
977.933
1022.82
1347.61
1318.1
863.435
1062.2
940.307
974.116
926.408
1294.04
1101.07
1253.46
1177.75
1075.96
1588.87
1243.7
870.441
1338.6
1254.25
1202.64
1074.18
902.022
1157.04
809.678
1002.93
1335.01
1056.06
1022.8
1130.29
839.864
964.557
1220.58
851.12
1262.84
1237.56
1213.54
722.132
996.644
754.297
979.014
1076.67
1167.93
1254.61
1297.05
1337.31
1134.45
987.379
1218.21
1171.35
998.833
926.91
1021.86
1291.01
1092.32
1239.52
1254.44
956.697
805.271
1151.21
1186.82
1131.37
1006.4
1063.38
827.997
1253.04
1026.32
826.294
1274.68
961.296
920.531
998.861
1075.39
899.149
1056.94
813.831
991.537
1128.82
1384.91
1212.42
719.49
1566.88
953.985
1093.15
1206.55
1483.25
825.391
1198.17
1574.56
1056.49
1245.93
907.472
1401.19
997.032
1187.77
1137.04
782.861
1153.6
1175.95
1379.76
1130.09
1013.48
964.17
1043.62
1003.11
1235.35
891.397
1081.38
1219.26
1126.43
1042.15
1105.6
991.358
1088.96
1070.74
808.004
873.12
1220.78
1299.14
1115.56
1078.99
888.008
1377.08
1234.74
912.015
1154.63
921.612
845.83
1125.58
1020.53
996.972
1240.91
1315.44
883.515
1057.31
977.845
858.852
1028.04
783.68
1129.05
971.1
961.924
1272.52
1068.87
1459.46
1162.84
1082.42
854.997
963.195
843.827
1152.96
949.826
1563.62
1174.91
1209.5
1129.24
1011.71
1398.37
1108.03
1348.83
1490.71
965.722
1150.95
1071.99
916.828
1079.48
1172.11
1153.21
939.292
1013
1110.78
1336.17
1114.82
1446.99
1099.8
1062.11
1161.8
800.506
1348.9
929.404
725.245
1223.68
1289.13
1035.09
1274.47
1084.39
1212.6
820.915
857.176
1157.61
1412.3
915.594
973.944
1027.78
1240.92
1053.05
1013.86
1025.3
1259.79
1221.13
1324.08
1129.97
1200.47
826.869
1050.13
990.013
835.159
1149.61
1131.56
1269.81
967.173
1182.15
1060.2
765.759
934.293
1626.85
1035.02
1140.42
971.429
1213.48
1007.51
1276.13
926.409
893.836
710.36
905.351
714.886
1136.72
1044.12
1212.56
1273.64
1128.69
1057.38
1331.28
1144.1
955.794
1050.81
977.8
876.534
1026.9
875.358
1192.27
904.507
963.419
1163.24
1040.74
1060.37
1192.31
954.238
1355.28
1106.3
908.286
1079.56
970.954
1183.75
1097.8
1017.23
1036.81
834.889
1029.98
1112
1365.06
1689.98
1100.59
780.061
1101.53
1105.53
884.366
1140.14
984.709
1199.35
934.456
1036.81
944.828
1065.86
847.609
1062.12
1300.25
1107.54
1177.9
1167.4
959.282
895.629
938.681
1391.91
1027.91
977.818
1061.47
1339.25
1148.18
878.607
1130.95
984.826
1153.53
1352.79
1102.64
894.252
871.217
976.671
1275.72
1035.37
1086.34
1081.52
1185.7
1282.9
1199.53
1059.5
1179.66
1094.99
1061.52
888.138
1219.62
1105
1369.36
993.005
1270.84
998.171
1069.52
873.951
1082.76
1094.13
1108.26
1042.5
993.745
843.079
1062.88
1125.08
947.457
969.627
896.109
1443.06
1033.8
918.053
1104.07
1094.47
1391.22
968.144
1158.68
1248.83
1202.73
981.725
1195.12
1070.25
1402.95
1433.77
999.783
954.455
993.872
1222.07
906.523
995.809
1275.22
969.002
958.792
1606.78
1198.78
862.337
1653.01
1080.17
1127.49
872.653
1174.76
1196.39
1067.42
1284.68
960.918
1216.65
1451.83
1093.78
1096.39
1036.94
1232.97
1354.11
1416.15
1313.97
1127.48
1090.19
960.934
990.54
1139.56
1150.35
1457.14
1028.4
982.165
790.644
1524.73
981.119
1336.26
938.723
1005.99
1007.72
784.219
1371.57
1034.96
1241.25
1088.71
965.187
1185.08
1362.17
1036.99
803.975
1168.39
1228.36
1278.34
1079.05
844.055
1559.41
971.33
1191.28
1095.17
1006.01
985.146
1269.48
1163.8
1097.86
1089.2
1260.41
1268.92
1132.7
1231.35
1107.23
922.63
914.418
863.365
1065.02
1170.04
1185.18
1029.17
877.439
937.189
1196.64
911.635
1044.9
1186.63
1058.79
953.766
1087.61
954.018
1238.99
929.503
1219.62
1000.44
1267.73
977.148
880.83
1224.69
975.853
1124.09
1524.94
1242.81
901.333
1438.44
1557.69
1029.81
1171.11
891.948
976.501
1188.9
999.627
1030.98
1053.14
1191.23
1140.23
1432.74
1025.83
1138.02
1019.08
835.178
1030.88
1042.04
1005.99
1101.17
1367.11
987.93
1437.19
737.599
987.842
822.87
1441.5
992.232
1048.35
1065.6
1246.7
1353.78
717.85
837.531
1292.17
1100.3
1242.51
821.791
969.358
956.701
948.826
1017.42
924.167
916.037
1162.89
1044.79
1094.23
1109.99
990.255
895.557
1141.45
908.327
1249.05
1135.81
1002.1
919.695
1067.86
1034.67
1073.42
687.859
1112.76
1252.67
1064.02
1107.54
1221.56
1067.2
1283.32
905.557
1363.13
1180.93
1318.76
1155.77
1238.04
1307.04
895.621
884.928
874.124
790.93
1206.66
1049.54
1370.81
880.759
1358.81
1023.66
1028.8
1461.5
1040.03
1010.59
1296.2
1162.84
1120.27
1264.73
1103.37
1163.09
1024.75
989.903
1476.94
1249.79
1299.07
1236.09
1272.88
903.915
954.321
1010.28
859.859
973.351
996.28
1217.65
919.145
1356.58
908.79
1056.81
673.284
962.458
1059.74
788.927
1172.7
960.378
939.911
1051.11
1073.62
1088.35
1112.24
1632.08
1733.13
1309.04
1041.07
1224.65
943.677
905.438
1358.78
1134.24
943.873
987.669
963.612
833.171
947.189
1007.56
1154.25
1312.09
1111.58
1423.93
1151.34
926.196
1396.81
1226.73
1077.1
1138.16
1051.8
1039.95
1081.72
954.081
1110.46
891.045
1104.91
873.987
936.334
1328.5
855.274
1175.47
968.564
979.908
1450.47
1147.27
998.191
1253.85
963.619
1504.98
1397.28
1062.97
917.166
1282.73
1250.34
1393.39
1015.84
1376.11
951.229
1113.63
1473.59
1318.03
1036.82
1365.59
1004.91
948.899
1110.54
1062.16
973.094
1028.27
1311.26
1233.4
1172.75
1028.43
1259.83
985.596
1019.05
1021.61
1166.54
1212.28
907.122
1002.85
1303.19
942.107
996.257
888.07
1155.01
1265.36
933.564
1460.92
923.205
1040.6
1320.97
1068.13
1175.28
1289.19
1104.43
937.797
1604.86
1309.52
1025.48
1473.84
974.925
960.601
1394.86
1179.69
749.138
877.178
879.304
1089.64
1141.64
1204.26
1206.84
1613.3
1316.51
1030.21
904.687
1044.12
1139.46
981.571
940.53
1186.02
1253.41
977.749
1099.85
1225.95
1025.96
971.468
1224.98
1165.45
1102.29
1178.45
1026.33
1265.15
915.855
1456.69
848.741
1283.95
1238.86
1182.34
969.548
1425.05
1080.01
1040.12
1110.75
1268.38
1287.87
957.512
1081.75
1077.51
970.603
1291.93
751.459
1105.5
869.825
910.617
1140.83
954.958
1058.89
1115.87
1091.95
1473.77
1306.07
962.526
1048.85
1328.32
1161.84
1038.13
897.738
1179.94
1086.78
984.659
1142.12
1180.33
1759.67
1093.16
1017.13
1231.53
1193.92
1038.94
1324.17
1282.66
958.873
947.767
1062.73
969.704
1115.65
909.689
981.349
1088.06
1545.81
985.871
969.535
1483.92
980.099
1378.29
1442.3
844.683
1073.91
1143.36
940.144
1200.49
1393.89
1096.34
1164.67
1121.25
995.402
1077.95
1070.03
1069.83
995.769
1299.5
1340.91
1500.03
1102.44
1235.02
1059.01
1023.23
1409.08
1317.19
967.649
1321.14
857.284
1029.21
1216.75
1238.86
1132.59
1341.54
1311.81
1298.08
1102.36
1578.18
1186.77
1339.83
1339.55
974.781
1253.26
1305.64
756.51
987.751
1032.9
1209.9
1089.49
964.495
813.136
1104.12
1151.83
1040.24
897.22
866.844
838.598
1307
1571.98
1614.05
924.027
949.819
1125.83
1050.72
1192.91
1012.36
1268.39
1356.85
1008.94
1013.63
845.634
1272.37
1103.95
922.389
1280.59
1352.52
844.628
1138.16
1280.31
990.949
800.689
1062.75
1289.59
866.151
1225.19
1271.05
1060.14
1005.03
1067.72
990.921
1060.31
959.185
1042.99
1239.8
1005.46
1059.14
875.747
1095
1057.35
1222.3
1448.15
1016.46
1358.53
977.296
1064.09
1037.16
975.877
1566.15
1292.4
1586.46
1032.36
1250.62
1037.69
1186.58
796.249
946.195
1024.58
1051.73
1301.04
729.478
1194.67
1042.31
1058.72
820.923
1174.2
1363.29
1101.56
1265.42
991.504
1175.06
1290.74
1142.54
991.176
1196.2
1023.41
1106.3
1108.11
1272.37
914.116
1017.23
971.447
1156.76
961.758
1037.24
1400.19
867.254
1036.39
1149.06
1056.2
880.949
1089.23
1089.48
851.784
1133.09
1367.15
923.161
1032.3
1330.53
1078.77
1241.47
1194.21
984.689
978.242
1335.78
1209.19
830.644
1188.7
865.41
1527.65
1072.18
1655.88
1051.26
819.72
1574.31
1071.43
918.964
977.863
1056.19
1070.43
931.977
941.084
749.445
1533.08
1556.9
1192.2
782.322
1257.62
849.027
1274.03
1092.36
1200.32
1077.21
1010.77
1284.33
1053.1
1108.18
1427.63
1322.06
1402.59
1168.72
1195.19
891.488
966.133
930.985
1062.07
1137.19
1066.12
1101.07
1303.08
1026.84
1299.83
1166.56
1256
1009.41
1065.27
858.892
1431.23
1263.91
1265.89
1096.38
1036.57
883.256
1418.64
983.922
1105.99
1205.03
1008.82
1110.71
1011.8
1350.2
1207.02
1255.63
1080.7
1199.27
1076.23
806.669
1011.12
921.004
909.552
1516.85
1161.44
829.433
1085.6
1069.87
977.4
1155.84
1036.03
1361.35
858.891
992.738
923.121
1414.81
1067.65
1098.26
968.061
942.536
802.233
967.646
1019.36
1116.92
1198.53
1320.68
1573.52
1054.64
1137.29
955.868
1109.21
997.413
1398.43
902.782
1176.1
816.191
1107.84
1067.46
1530.54
990.083
1311.24
1191.92
906.323
1167.62
828.439
998.357
1184.25
996.794
1137.98
1118.39
1156.55
1054.3
1129.77
1074.82
1119.75
863.33
1024.49
1020.28
1035.11
818.941
976.343
1154.18
1157.29
909.333
1275.06
1094.42
852.636
1010.1
1047.24
922.245
921.372
1127.07
792.331
1019.86
1131.39
1231.41
984.005
1083.92
980.015
1139.11
1083.26
902.329
1162.94
1200.55
963.658
972.816
980.899
1082.39
1304.88
1174.49
690.793
1357.2
1016.43
1594.11
1024.98
896.764
1323.13
992.739
1146.08
1283.09
911.292
1445.31
1270.61
881.521
1093.08
1316.88
990.193
1140.97
954.454
1129.85
874.294
915.967
957.434
942.154
1083.89
1082.75
1241.94
1478.98
1289.86
1156.47
1073.64
1050.11
1117.02
1284.82
1231.93
916.26
978.967
1281
1143.07
1108.76
1184.35
1209.97
869.918
1073.09
1042.33
954.36
1066.37
1020
839.776
1017.39
921.416
1177.56
1119.88
834.05
832.818
902.42
995.876
917.798
983.251
939.045
1115.15
1162.16
1087.6
1049.13
1126.67
1264.65
1209.16
1099.51
1985.41
1024.58
868.716
880.77
1120.07
1190.38
1185.89
1040.13
1211.76
1127.45
1313.84
1631.21
1161.6
815.663
978.698
1222.74
964.632
1163.56
880.901
1183.76
1321.28
972.875
1052.94
1183.35
1166.01
1168.17
967.44
1352.08
1081.01
1102.13
778.563
811.805
858.593
911.666
1069.17
993.947
2005.89
1443.55
967.047
1085.64
1137.22
1140.51
1482.87
1181.52
1114.67
1486.12
1016.52
1158.14
908.308
1155.42
1225.59
1048.61
1152.79
1225.32
1192.5
1183.08
921.976
1167.81
815.041
1121.76
1001.52
1265.81
784.87
1072.58
1188.52
1068.87
1046.95
1253.57
1212.73
1314.52
895.988
1172.74
990.443
1398.16
1159.39
1019.83
1351.1
1106.14
968.591
1051.63
995.122
734.54
1250.83
1148.47
1184.27
1051.1
1004.96
1183.41
936.264
1087.21
1075.08
949.139
1115.96
1277.26
969.24
1205.61
997.471
1221.27
921.853
1566.94
1347.45
1622.04
1135.81
1008.1
926.706
1311.38
795.129
993.643
1056.3
1072.91
1083.95
1108.13
1077.94
1017.75
1437.48
1146.94
939.283
1363.04
769.645
876.367
1129.21
923.717
1507.93
1149.06
1115.77
922.942
950.839
1255.47
1021.56
836.091
1075.08
1335.82
1033.41
1207.92
1000.96
1420.6
1244.65
1345.23
1035.78
877.05
1028.06
984.057
1431.5
1255.22
1115.47
1170.13
756.956
1245.17
1176.85
1058.34
1686.48
912.764
1055.13
1015.84
1207.52
1163.59
801.444
1041.45
1001.76
891.806
1020.13
1128.96
971.514
923.178
1042.19
1299.91
961.581
932.018
1144.42
1214.52
984.196
1324.2
807.699
889.118
910.558
828.818
921.847
946.94
1384
1085.58
1355.5
1039.17
1038.66
1123.78
913.002
1021.94
1279.33
1062.89
954.24
1238.29
1373.39
1527.58
927.812
1281.58
1516.7
1383.74
916.095
1731.09
1187.31
1235.23
1028.38
950.938
1220.38
805.585
1261.6
1102.89
1234.71
1167.74
1408.01
1087.84
938.538
1266.36
1015.99
1262.41
1234.51
1030.96
850.403
1029.92
1049.7
1072.84
1149.13
1188.67
1081.43
1098.71
1330.14
1033.91
1295.5
1208.42
1312.62
1052.42
1180.66
848.614
893.031
1349.42
804.586
958.299
1076.56
1135.97
1335.23
1245.91
1268.05
1043.78
906.628
1225.91
931.099
1154.07
1381.92
1152.26
1317.77
1110.05
1201.2
899.338
1126.36
938.343
1211.95
1082.29
963.344
1245.46
1086.83
864.76
1184.58
1146.89
951.399
1147.73
1056.95
1378.51
951.776
1190.07
939.89
875.41
1091.9
1312.91
988.064
903.184
1491.12
868.493
1552.6
1225.96
1392.13
1084.97
865.466
939.415
1386.21
951.106
977.609
1305.37
1222.83
834.066
1570.21
1007.08
953.24
1143.92
1121.84
963.851
1070.13
1240.13
1185.72
1075.55
1120.88
1317.52
944.389
1459.4
1006.72
935.687
1231.96
855.202
853.33
964.347
965.398
1093.1
1199.63
1351.54
1294.07
1177.28
843.557
1578.72
1091.01
881.421
1136.38
1187.72
987.899
1000.26
1346.14
1311.4
878.215
917.436
1213.58
1072.66
1129.65
1264.68
1083.47
909.163
1067.13
985.183
1090.39
1182.92
1383.42
1429.59
1022.98
1046.42
1072.69
810.45
899.083
1232.67
1051.12
950.15
1026.5
1424.81
1309.46
1001.68
1115.61
1450.74
1067.17
1271.05
990.1
1105.88
1131.07
804.002
1371.64
1254.64
916.693
848.632
1021.28
922.388
900.397
1557.38
1063.24
891.268
964.887
1154.67
1665.1
1144.84
980.711
1316.09
799.401
1222.89
942.986
956.368
1109.78
922.578
1206.75
863.004
1079.68
1021.17
1058.19
982.535
1316.67
1311.37
931.097
1208.89
940.332
983.167
1179.8
1058.77
912.368
1122.06
1426.36
1116.15
1223.15
935.777
1165.07
1059.37
1163.7
970.344
1202.67
908.834
1090.7
1601.12
1212.7
1082.42
1312.13
924.845
802.837
937.106
1337.89
1216.83
1008.69
1220.22
1153.59
1010.69
1221.81
1045.87
1271.49
860.497
1344.68
865.225
1378.54
1016.9
960.225
799.166
918.106
1270.61
1039.24
866.391
1184.56
813.641
1062.39
1099.44
941.286
1103.81
1016.52
1144.91
1228.93
835.803
1057.59
1107.77
1098.65
889.338
1310.02
783.464
1266.56
995.738
1077.9
1271.93
1168.12
1361.82
1239.68
1137.09
1201.36
1066.14
1174.67
1072.64
965.075
1090.05
1006.68
1027.65
896.804
1326.45
905.708
1363.56
1348.32
1202.61
1395.66
1213.33
1219.74
984.678
1240.41
1222.43
1319.89
1340.8
933.789
1179.51
888.064
1017.99
1061.79
1141.94
1363.02
1191.48
1247.88
1194.47
879.844
1032.98
944.5
1060.73
1183.06
1413.29
796.301
1083.05
1284.08
1249.23
1076.24
1285.89
936.025
1009.31
1040.91
1306.42
1633.13
875.294
1287.48
903.565
1104.52
1201.79
1536.51
1026.72
1586.66
1351.45
1124.18
1068.45
939.424
921.419
1384.47
942.617
985.133
1291.98
850.25
1116.78
1265.27
974.097
1366.67
1032.76
1149.25
1095.9
1234.63
1011.09
936.643
1562.01
936.712
1063.67
1414
1101.95
1034.05
716.418
923.495
1154.05
1095.08
1028.36
1233.07
1406.4
1119.37
1063.11
959.236
1138.07
1236.72
1227.8
1004.32
1123.42
895.219
1093.54
889.099
1102.51
1269.29
1142.03
892
925.614
948.91
1071.8
1249.23
1152.58
1040.04
1000.11
1330.86
1299.27
1011.81
940.979
1149.22
955.154
1227.87
1184.3
961.375
968.72
1082.58
1017.08
1119.16
825.167
1183.47
1344.57
1116.84
1642.38
1070.13
994.794
878.723
1295.04
1317.34
1050.43
1042.94
921.418
1380.06
1337.57
860.446
962.206
935.408
947.872
1260.21
1658.22
1168.78
1263.88
903.318
1057.24
1111.87
1365.76
1279.22
1178.39
1363.96
1093.79
1163.36
924.334
881.945
1495.48
1322.07
918.373
1137.07
1060.59
1044.15
885.612
896.771
1510.82
908.872
1487.7
1073.99
1281.88
1018.83
1060.64
1291.27
1129.42
1173.64
992.941
1258.21
962.38
946.105
1054.58
895.329
1147.96
1108.21
1328.17
1143.64
825.506
1062.03
931.4
1645.65
1130.32
1278.33
946.896
1085.85
954.097
1129.94
1130.75
1042.22
1353.36
1139.01
1400.9
844.977
1166.93
1162.86
1325.74
1082.65
1172.45
1218.49
965.266
1360.32
1026.29
1031.04
896.782
1049.84
1251.87
948.926
1320.59
1196
902.594
1144.07
1096.81
1238.25
1007.61
1074.27
1099.19
1131.61
839.93
1090.86
1196.03
1363.05
1380.78
1139.31
1066.67
1002.73
1367.48
1016.04
1269.41
867.46
915.879
1148.94
883.34
1003.52
887.49
912.341
953.398
1361.28
935.448
1353.95
1719.58
1155.05
1385.98
1192.7
1026.26
1669.89
1346.63
903.531
1054.76
893.929
1199.84
997.621
974.29
1034.19
782.539
981.181
935.938
1112.82
1086.86
903.751
1256.03
999.423
1100.15
1059.02
959.837
1039.52
1271.54
965.24
1176.09
1160.66
1085.41
981.717
940.574
1317.92
1317.06
1281.25
946.181
1059.8
1135.65
1266.26
1176.81
888.803
1303.07
1512.56
1689.36
1118.91
920.959
1176.01
1456.9
1199.95
792.186
1027.31
1381.88
1044.93
966.605
1150.89
1242.53
987.66
996.291
1195.23
962.643
1025.03
1208.19
1081.63
1204.32
1086.2
1153.46
1184.2
1117.21
1131.32
1362.89
1058.46
1185.52
1008.31
923.74
1072.16
1049.1
949.706
1779.74
1072.62
1164.28
1275.47
786.872
851.389
1189.23
1005.52
1284.59
1157.44
1032.56
915.051
857.805
799.454
1046.2
1038.55
1253.47
1516.02
946.558
973.443
987.487
1048.25
972.185
1288.36
1129.61
908.629
1064.07
1063.69
1129.31
1153.1
948.763
1436.28
1121.93
1336.89
1237.13
1109.14
1537.86
1021.87
1090.68
1137.36
964.488
1112
1251.29
1069.58
1193.22
1291.7
934.192
1291.43
1121.29
841.492
1091.17
1128.21
1166.66
1107.32
1203.85
1056.41
1116.58
724.459
1219.7
928.804
1434.49
929.772
1233.41
964.912
1251.75
995.991
823.451
1388.2
1042.67
867.84
784.631
1061.06
1059.46
1123.69
1133.01
1363.96
1178.71
1193.28
973.469
1400.73
1429.07
1085.56
813.075
971.292
1212.84
783.682
958.637
1191.17
1076.71
1033.7
1203.3
1021.18
1108.05
1179.68
951.071
1281.16
1127.39
1131.01
915.222
1222.65
1415.08
1180.69
1343.74
1189.7
1212.13
1095.33
1534.49
1069.18
1206.48
850.714
1463.05
1020.73
1194.02
1264.42
1001.35
885.197
1278.3
923.776
1307.75
1292.21
862.135
1037.05
1206.67
1003.88
1030.11
1158.54
1150.16
1342.39
1562.14
985.02
1213.73
1028.65
1101.23
836.392
1004.61
1397.12
1217.04
1319.97
1177.25
965.178
870.212
913.182
1417.67
1016.28
1064.52
932.116
960.143
1165.04
971.11
873.378
1238.44
803.455
893.677
1144.61
1203.59
941.617
1261.47
1038.67
1313.9
1330.61
1014.97
1481.75
1047.82
1089.41
1034.21
1013.58
1102.39
1209.76
1205.48
784.358
1023.91
806.432
1152.44
1327.42
1133.43
997.283
889.7
1212.6
1289.34
1201.24
1059.4
1008.32
963.414
1070.48
949.427
908.568
939.548
836.542
1283.96
900.21
1124.03
952.891
869.312
964.521
1125.9
943.475
1376.08
850.596
1286.18
1188.3
1251.4
1146.98
878.579
1217.74
1129.16
1422.75
1261.17
926.184
1053.16
1023.92
1014.7
924.056
1141.9
1002.73
1014.33
869.896
1236.25
1176.34
1198.38
1243.83
1482.19
868.957
1318.16
828.76
936.445
1088.19
1117.85
1005.78
1397.86
1027.3
988.864
1274.56
1300.38
918.562
885.054
983.725
1235.63
1400.71
1079.65
1041.81
866.409
1063.63
1024.45
986.768
1137.49
976.945
962.026
1227.54
958.316
1225.36
1011.66
974.469
1665.9
937.351
919.906
1365.75
936.98
1147.03
975.787
1005.57
721.574
867.316
1026.73
1305.1
922.677
1039.87
1205.01
927.98
1201.6
1043.45
1387.57
1014.32
843.034
1224.41
1130.5
1674.4
1141.73
1251.24
1178.62
1511.73
965.11
1053.25
1277.67
1059.03
940.692
1221.52
892.581
1187.08
1340.57
1268.59
1062.59
894.202
1100.67
962.242
1085.31
1016.17
1217.77
1128.07
988.555
1128.87
1212.17
917.284
1151.91
965.008
975.278
925.888
1056.27
1216.96
976.22
1161.05
1404.93
1091.6
984.293
1027.55
1291.65
819.054
1146.57
1253.81
1188.22
1111.71
1030.06
1321.92
961.971
1092.42
932.182
1011.72
982.772
1482.98
896.891
1470.1
826.943
1265.16
903.762
1082.58
1126.52
1066.52
866.069
932.193
1153.17
1011.57
1595.24
1535.79
1405.12
1400.53
850.205
1559.1
1496.37
1085.66
1217.49
954.561
1257.56
926.693
1224.84
1343.26
1064.09
1059.75
780.041
1108.22
879.635
1039.54
1043.63
1056.9
1279.97
1042.51
1433.86
995.866
1418.84
1010.75
1276.19
1187.14
1043.49
1059.34
1246.65
855.94
1092.55
778.543
1125.46
1152.22
1126.35
1010.82
1038.19
1191.81
1182.12
988.305
992.584
1066.33
1027.62
939.265
935.247
1077.55
1192.93
1076.7
1065.54
1015.63
927.386
1030.61
1238.33
1123.74
972.307
913.91
1210.43
1310.99
1362.19
778.216
995.624
817.475
1380.22
1048.87
999.621
1069.03
1075.7
1539.69
1106.7
970.072
919.678
1081.2
1032.27
989.237
1023.55
1133.92
1331.24
1038.68
1050.6
896.359
1363.89
1152.1
1344.07
1081.42
974.898
1112.56
1016.81
1087.58
1118.84
1203.99
1506.99
1072.44
1116.33
1110.19
1049.83
1004.91
886.238
1096.06
1146.72
1108.03
1201.01
1267.58
1136.98
877.467
1050
958.849
1012
1334.92
1031.26
1398.34
1144.02
959.702
1270.69
1262.22
1079.51
865.701
1111.13
944.744
932.525
1044.02
1050.4
1027.03
1234.95
1096.72
996.239
1180.47
1027.71
920.51
1572.93
1486.96
1640.99
1050.94
1073.51
1266.38
1191.97
1095.24
1333.2
915.578
1024.91
1193.1
1254.52
1240.7
1212.38
1159.58
1237.11
1063.59
1038
1004.38
1023.09
1023.75
1062.48
798.02
1427.08
1137.08
1042.75
1023.57
1191.16
893.011
955.329
787.243
1093.05
1089.11
1089.03
994.564
955.329
1039.35
1193.95
1152.69
1132.01
1668.22
912.303
992.686
1315.62
1132.13
1316.88
1178.91
951.079
1248.65
961.94
1002.92
988.273
770.519
1318.04
1057.82
1002.27
1354.82
1248.29
1023.33
901.881
1298.66
1179.44
932.809
1205.33
1109.9
1037.94
908.182
1064.68
1144.99
1288.77
1019.55
1018.55
1038.31
1523.93
1124.57
957.62
988.375
1018.85
1181.98
1033.2
1061.45
1159.88
1167.48
968.501
1177.82
1156.92
1193.21
1121.43
921.892
1091.62
1072.42
1011.75
1354.63
1252.46
1256.64
1267.57
1195.03
931.408
969.724
858.505
1651.21
1354.5
982.742
1096.97
981.963
973.608
764.329
1259.16
1471.72
851.54
1255.2
1000.76
965.244
947.67
1177.59
1236.79
1572.51
1419.13
1385.92
968.053
1472.01
1196.18
1024.26
1213.51
970.769
872.516
1918.04
1107.04
1102.66
818.316
1243.71
1292.66
943.658
1409.59
945.271
1133.17
1355.76
1208.23
1303.15
1096.47
1075.5
1223.82
1188.76
939.392
987.057
1232.43
1404.63
1191.86
1134
1337.66
874.422
1170.2
986.641
1183.67
1089.54
1386.24
1322.37
1114.52
1202.79
1034.27
1070.89
1297.79
1146.7
963.181
1078.24
1191.38
1007.25
1082.64
866.45
1012.05
1178.3
1325.51
901.761
1208.38
947.6
1102.53
1319.3
1040.62
1201.96
1575.09
935.682
898.745
1276.43
1148.31
896.649
992.127
1007.1
1278.29
1079.11
1134.82
1434.75
1160.91
935.55
978.037
1034.05
1276.6
1124.35
1136.61
1855.29
1048.17
946.187
1037.53
1284.24
1233.44
1061.34
1039.25
1094.04
1357.58
959.95
881.661
1019.98
1121.56
1038.09
1331.07
890.156
1365.45
1441.92
1143.8
957.882
1226.21
1106.71
1121.3
1103.58
1145.14
990.431
1197.54
1320.94
1018.33
971.706
1207.19
1346.39
1068.29
1075.08
1013.71
1226.22
1216.98
1202.48
1177.85
1023.96
1461.09
1177.28
1146.65
1163.25
1048.4
1268.34
979.196
1085.87
970.39
963.049
836.02
1208.89
948.989
1126.02
1085.55
995.53
981.067
951.579
1590.12
1030.1
1010.45
1080.67
789.418
1276.55
1179.91
999.326
1254.9
980.418
779.378
1353.93
849.238
945.881
1026.19
1049.51
1185.11
813.576
880.095
1101.22
744.294
1340.05
1086.27
1088.32
1144.8
1101.48
878.423
1409.3
1214.83
1275.75
906.393
1054.88
828.719
1340.69
1087.92
898.681
833.236
1196.71
1144.67
1383.25
1134.97
1069.06
849.205
996.681
1128.16
1087.21
1142.56
1218.4
1006.83
921.773
1181.65
1348.18
1199.18
949.028
899.695
953.219
989.238
994.804
1063.07
1088.54
1219.76
1682.11
987.848
996.157
1049.58
979
1491.21
1022.3
1163.83
919.181
906.065
1031.5
926.569
1042.26
1091.81
1133.62
1022.76
1227.41
1042.72
1547.35
1032.31
1008.75
873.033
921.714
1060.99
1199.2
882.426
1009.24
1282.72
1255.62
934.58
1772.92
1160.29
933.706
1163.1
1178.11
1402.6
1435.97
1607.07
924.113
1269.32
983.224
947.122
1003.34
1137.8
1002.48
1126.18
1080.16
1028.83
1406.38
1127
896.473
1210.29
1010.3
851.484
1130.56
1087.81
1260.55
1257.56
1029.84
932.899
945.912
1343.35
1110.85
944.902
1363.33
1018.76
934.227
1075.86
799.728
981.249
1004.84
909.424
897.813
1051.35
987.513
1018.54
1035.59
1244.9
1101.34
748.157
1098.25
1843.74
1003.63
1089.88
1214.28
1097.29
893.039
1458.91
860.402
1206.21
1068.62
1120.5
796.673
1134.05
1270.28
1211.78
988.978
1115.51
983.824
1030
1012.01
1241.53
1290.77
1236.57
1130.49
1032.81
1251.8
1080.05
1020.11
1009.44
1298.9
1066.72
1007.25
1024.11
1172.7
1058.4
1372.78
1033.12
1112.61
1027.68
1033.66
1068.44
891.256
1109.9
1430.95
871.205
982.795
945.28
1276.13
1537.37
1114.19
1314.56
1267.25
777.251
1188.89
837.443
1161.49
1018.03
1836.21
977.869
1274.37
1469.26
1154.6
1093.96
1174.05
1111
900.179
957.533
879.047
994.715
1384.76
1011.12
1146.1
1151.15
1212.2
1307.54
936.171
958.35
1278.59
1296.57
1827.05
861.617
1186.14
899.351
1350.8
1257.81
1279.98
1162.2
1070.33
1343.37
1031.16
1126.05
1137.4
1211.45
858.224
977.904
1076.97
1044.87
1144.38
1325.9
970.793
1159.06
964.967
1026.23
866.498
874.799
1253.39
934.023
946.597
1336.09
1072.29
924.375
1054.35
923.059
1460.78
1136.63
940.827
1102.5
1017.93
880.691
889.174
1248.62
1148.76
1272.35
997.831
1224.27
1556.62
917.726
980.42
944.908
1154.52
1082.08
1046.34
926.413
985.082
1350.3
1208.12
1006.9
1028.23
1107.01
1100.46
1239.27
1256.69
1125.11
1180.68
720.428
1323.8
1511.35
1201.27
1157.46
1173.18
1139.51
992.011
944.586
1046
1014.51
1009.98
1082.83
902.335
949.542
1013.34
1020.6
1110.57
901.14
1233.34
1218.62
1088.37
1114.28
1198.68
1129.22
1070.96
928.153
1348.85
1127
1112.85
884.102
1611.77
1001.45
1326.05
999.356
1284.46
1415.57
1420.45
2046.27
1015.54
996.351
1163.74
1170.01
865.564
1304.97
995.63
1063.11
1157.62
1269.16
1119.16
756.676
1141.98
1188.93
929.405
1073.95
939.226
968.495
1062
993.55
1210.39
1080.74
948.374
1039.99
1058.28
1188.87
1037.58
1854.15
1271.27
918.893
961.405
950.204
1211.55
1137.92
1033.93
1197.3
1188.83
1106.31
1002.33
1073.69
882.325
1042.12
1076.18
1188.1
993.046
1344.72
1053.96
1013.97
1003.58
965.666
939.949
882.353
1113.25
1362.07
1211.25
1337.31
1244.85
965.71
1118.58
1013.35
1287.45
986.791
1323.1
1298.6
1122.93
1412.41
886.655
1131.25
966.77
958.975
1107.41
1160.01
1298.84
1131.76
1150.88
1161.8
1506.62
1230.85
1152.71
1120.86
1104.04
1006.78
1265.12
1218.11
1394.05
1343.32
887.033
907.461
1037.95
1275.08
1320.34
954.052
991.295
1034.59
1176.78
1064.35
1073.34
1211.24
1275.68
1080.82
1178.22
1066.74
1181.61
1199.6
1427.11
842.53
1039.71
1799.97
1258.48
1330.12
971.776
1308.76
1481.04
1129.55
1054.81
1148.32
1181.1
1187.04
1052.77
1014.22
1039.32
841.335
925.956
1364.57
1220.66
1089.57
1010.14
922.048
916.554
805.699
1047.02
1001.33
1173.01
1463.78
1056.47
975.145
1093.35
999.505
1064.12
961.284
756.417
1207.86
789.28
989.655
998.295
1104.76
1197.4
1067.51
1129.41
945.969
1200.17
1127.29
1225.19
1219.24
1476.09
1053.08
1037.79
935.274
983.024
1113.22
1088.26
1502.38
1064.54
1201.54
1356.37
917.308
1226.63
909.717
1085.05
1098.76
1140.36
1090.4
1041.93
996.872
1592.23
1287.66
1323.33
1398.75
884.98
946.172
1145.41
1161.92
1285.12
1202.44
1281.38
1126.87
1183.82
1356.61
1334.97
1387.7
1385.59
1302.44
1063.44
1190.94
1097.2
1063.54
952.743
1334.96
1012.13
1265.69
901.03
890.408
1174.52
721.569
1127.33
1149.31
1156.15
1170.8
1268.95
1041.97
1279
1041.45
1278.19
1145.53
958.898
1011.71
962.618
806.765
934.914
1030.32
1276.97
1471.01
1062.41
1138.82
1262.11
1185.6
821.635
1057.04
1033.31
907.372
1116.27
959.466
999.171
965.92
1215.41
1026.37
1525.32
1226.2
1391.38
1165.5
1015.23
1020.57
1165.6
1540.69
1434.9
1047.92
1372.08
948.097
1254.73
973.812
997.551
1144.41
1480.78
1140.35
1295.27
807.901
834.28
1079.94
999.384
1168.97
1100.66
1248.13
815.058
1008.79
924.572
1278.06
1342.49
1008.35
815.174
1261.04
1065.23
1092.98
1288.87
931.011
981.471
853.574
876.581
1311.56
836.823
904.532
945.619
1177.39
1021.42
1205.31
1012.94
905.75
1244.12
1059.46
1083.55
1167.14
784.416
1095.6
921.248
893.089
1094.48
868.023
1148.38
867.551
1073.91
1286.65
841.025
1173.2
954.835
956.047
1168.6
967.914
1028.29
1151.59
940.479
1133.33
1474.44
1097.94
1169.99
1288.53
891.444
1546.22
975.536
1116.96
1177.69
1172.9
1019.68
1156.32
1135.3
1561.41
1835.48
1103.22
1417.66
1677.95
1138.61
1269.57
1023.64
954.306
1259.05
1222.57
1094.28
1424.75
1317.19
1106.16
861.182
951.992
1069.93
845.796
1185.69
1106.21
1530.26
1123.19
1104.93
1433.27
1122.62
1189.98
870.799
1102.96
923.636
1209.32
1002.45
1023.94
1196.98
1016.87
1347.56
1004.14
1079.04
1449.33
1027.15
1320.36
1099.58
1134.29
1211.44
926.536
1247.52
1109.62
934.569
993.695
814.79
1491.54
1139.11
1213.63
1817.65
1000.65
1016.33
984.912
895.379
1322.54
1174.81
1385.19
995.348
1555.62
906.181
1380.09
1291.64
1256.34
1109.62
1303.25
1070.58
733.524
857.24
899.376
1241.78
1289.24
824.058
1299.96
951.197
1231.41
918.89
1073.92
971.869
932.517
961.279
1108.97
1123.03
1045.37
1090.43
1184.67
1043.95
1043.39
1599.34
1123.45
984.336
908.399
1224.43
1131.94
709.11
738.92
929.861
1242.01
1159.34
1088
1269.58
1174.4
1067.28
1355.31
1241.89
1068
1570.04
1044.72
896.458
1097.08
1568.77
1051.68
1005.58
961.014
889.316
1044.49
1175.96
957.778
1379.73
1088.16
1511.33
905.586
899.379
1446.26
966.128
1114
1543.34
926.82
1081.57
1245.16
1196.94
1127.06
1215.18
1015.75
1131.28
1089.84
984.06
1564.69
1240.27
1038.23
1060.01
1055.67
1038.97
1098.35
1191.68
1073.41
898.194
1001.63
835.976
1412.75
1435.6
1301.96
897.142
1303.22
903.795
1153.29
1665.1
1351.79
1001.09
1162.36
1703.28
1493.6
1136.12
1087.24
1598.53
1120.99
1474.95
1296.2
1188.44
1165.75
1355.77
1050.61
1157.88
1062.33
1193
946.762
1122.84
1058.61
1493.06
1169.53
1131.87
838.404
938.182
964.181
1200.62
1058.54
1170.77
969.181
815.604
1061.42
1406.07
836.306
1310.81
1407.79
1887.22
1317.95
1248.73
1252.38
903.44
908.378
1172.09
1270.58
871.136
1122.27
952.578
1195.52
1158.59
997.159
1138.12
889.837
1726.61
1143.26
1158.79
1399.61
1171.04
1756
1056.42
930.703
1060.59
1237.24
962.386
1308.85
1099.58
1008.99
983.61
1119.93
919.271
797.76
944.385
1015
903.617
1257.21
974.306
1123.45
852.236
1158.48
1304.45
983.378
961.246
944.603
1027.24
1025.1
1074.58
993.586
1019.13
1221.54
1103.09
1266.07
1169.17
1153.91
1064.28
1010.75
951.597
1170.04
899.404
1141.04
962.051
988.564
1209.49
876.657
1013.72
977.087
1045.97
1587.4
1114.88
886.439
898.763
1270.6
1006.29
1452.98
1194.68
1391.57
1153.1
1348.49
1054
1064.69
932.52
1671.31
1029.14
1165.49
1286.83
1094.74
1141.95
1025.83
1176.63
1157.78
1305.79
1257.98
1267.59
1624.31
1102.5
1019.06
1335.52
1247.48
824.271
981.898
1299.42
987.124
1177.25
1652.12
1037.04
903.151
994.138
976.087
867.436
1239.65
1557.71
979.926
1003.93
1041.81
932.747
1159.7
1029.69
1351.75
1158.86
1419.81
1359.9
1109.29
1629.44
1217.32
956.212
1006.97
1227.21
952.886
1489.1
1228.23
1675.73
876.832
1314.36
1152.67
1315.27
1155.87
1107.6
1217.1
1223.44
867.463
986.257
1056.99
981.288
1496.77
1233.66
1368.57
994.732
1165.6
909.882
1025.21
858.702
1173.56
888.009
1282.99
1121.24
886.746
1116.39
998.353
1073.54
1255.57
1364.02
966.9
1222.06
1098.62
1149.74
841.608
1039.48
999.842
878.086
1194.45
824.632
877.852
805.873
1240.38
1265.42
1049.11
841.278
1027.98
1046.34
1211
1192.42
1302.58
1315.55
1052.63
1154.11
1001.14
887.21
1160.31
1074.2
1052.73
1021.2
1416.74
1097.15
1358.28
1037.32
1014.08
995.09
1159.64
1309.86
1505.72
1033.65
1249.49
1226.56
952.648
1009.81
958.971
978.942
979.599
1026.64
928.384
1083.45
1092.02
1406.1
888.35
1008.72
1203.11
928.708
1238.99
1187.99
1500.76
944.5
1004.02
1011.09
2018.08
955.691
1145.91
986.206
959.761
1036.67
1171.33
1323.28
985.362
1039.73
787.462
1358.36
1080.23
1033.18
957.312
908.964
933.817
1136.66
723.489
991.532
1170.96
995.206
1168.7
1443.27
1306.45
1062.86
1038.63
1253.82
1058.18
958.47
1119.47
1186.22
1225.28
1224.13
1154.91
1353.18
926.78
1366.51
1434.41
1225.17
998.27
985.975
1211.47
1260.8
947.434
939.096
997.576
1077.26
985.756
946.87
862.31
1158.03
1137.23
1140.05
1686.18
1243.65
1113.01
1643.95
1112.41
1140.84
823.51
1013.08
1059.04
999.136
1016.76
838.805
993.152
869.474
858.5
1022.53
1438.62
1085.1
1009.77
1025
1165.21
1379.44
1387.32
893.077
1026.4
831.627
1457.58
1056.48
1276.2
1139.12
881.558
852.939
737.957
960
1112.57
1470.71
948.734
1113.83
874.043
902.184
1138.74
1288.85
1141.46
811.105
908.592
811.977
1268.48
948.294
1102.37
1246.13
1192.82
814.66
1381.98
1170.41
955.374
905.189
1075.24
1308.17
1110.99
1303.72
951.31
1227.36
1081.29
868.293
999.819
1288.22
660.637
1103.1
992.246
916.79
1402.49
893.209
1148.26
749.695
1155.73
899.633
1181.19
1302.05
1047.34
1347.53
852.2
962.391
1220.22
1089.82
1211.95
841.318
890.95
1292.91
1018.97
1117.42
1086.7
1131.82
985.522
1162.07
956.967
1168.29
1049.83
910.84
1065.05
955.546
771.478
1079.28
1163.65
1054.02
1386.6
1218.28
1410.54
987.662
1069.4
863.427
1107.77
959.113
986.936
894.507
838.312
1682.85
984.472
1011.61
857.524
1029.06
1161.63
1377.32
1298.4
1029.85
1040.94
1131.09
1737.31
1549.96
1675.7
937.185
1104.33
1038.74
974.729
1322.08
848.486
806.136
1037.47
1110.1
935.355
1224.11
773.857
1057.72
1323.11
1191.21
865.619
957.103
1124.5
1101.73
1281.63
1238.95
915.849
1215.69
1263.29
1385.38
1144.28
1009.04
827.328
1218.78
1136.87
879.812
800.368
1042.66
1129.25
1176.66
1254.5
1442.9
756.958
1152.25
1048.94
1134.84
992.577
1269.97
1066.77
1208.03
995.627
956.985
1038.4
1080.67
1086.25
1348.63
1097.82
1595.92
994.089
1169.75
849.067
954.258
985.11
1150.31
893.859
1107.98
1260.67
1129.56
1644.71
1129.06
1458.17
982.633
887.857
1234.87
1498.91
1044.28
1517.26
1062.49
804.421
1310.92
1293.54
919.261
1229.27
1202.23
1121.76
1162.51
1578.02
1025.06
979.941
1236.71
889.111
1209.29
1371.53
1198.97
937.796
1213.58
1123.05
1848.69
1130.37
1152.28
957.483
1042.59
1144.48
1232.28
1293.96
1332.73
1057.1
1023.95
1099.79
1252.24
1039.85
1059.22
938.271
1229.69
974.007
1028.58
837.074
922.638
823.308
1244.54
1030.15
1335.99
838.856
1038.46
1336.98
938.694
1212.87
1239.99
1352.34
796.339
1224.98
874.965
807.219
1050.86
984.458
1020.46
1057.96
1228.36
1103.44
1329.13
1285.07
1073.57
1132.6
992.762
1068.84
908.857
1070.46
816.837
1160.32
1021.92
1257.66
964.424
1140.4
908.03
1175.55
1074.56
1128.5
1063.36
1042.97
1225.75
1087.9
1032.46
1389.66
1179.78
941.045
1264.67
1035.25
1051.11
919.44
999.195
1161.13
817.37
1045.31
1268.27
1081.28
950.893
981.498
1256.37
1149.05
1069.49
1038.26
1058.82
1174.95
1331.11
926.387
1302.39
1398.89
1101.09
1095.67
1128.93
1140.36
971.98
1120.43
1135.12
1307.63
982.038
1022.03
1179.73
708.589
1233.85
992.267
1011.73
975.683
878.193
1248.68
1225.72
1061.55
1032.15
1093.47
992.453
1197.47
1447.42
1070.91
1115.34
1091.79
1440.97
850.69
1115
1003.49
1192.56
1077.04
1210.56
1147.6
1345.23
1055.97
1360.11
1023.45
1149.93
1029.93
1046.07
1034.52
972.132
942.532
998.701
1186.43
1154.31
963.324
750.273
1545.95
927.888
997.062
1221.62
1350.91
1391.52
981.8
903.092
1088.92
985.696
1107.2
1061.25
1076.35
1324.6
710.612
1002.4
1384.16
1131.16
1055.05
1163.77
1240.81
1231.82
1380.48
1117.64
1040.44
1165.19
1150.31
928.097
1990.59
1306.96
795.658
1024.84
1186.4
1186.97
1153.31
1516.39
1024.77
1099.83
1267.53
764.85
1170.97
1198.35
1293.96
1301.6
1194.68
1595.19
1185.48
733.637
1354.11
918.406
960.228
770.745
1120.6
1031.27
927.88
1130.4
977.683
936.368
1000.64
1090.78
1033.65
1563.68
1271.04
956.66
1220.52
1373.1
1232.3
1030.97
1008.13
1154.15
1292.46
1156.91
757.216
934.118
1142.38
960.529
960.952
950.779
1020.63
819.228
1150.52
922.656
779.207
1175.97
920.907
948.887
1277.1
1180.72
1288.05
1591.13
1059.38
894.495
958.583
859.358
1135.64
1383.98
1120.14
839.634
971.265
1013.76
1275.56
979.613
1020.19
1450.52
1236.28
1243.89
1234.33
1098.38
1175.75
1143.53
1347.33
1056.22
1038.52
1605.44
1037.68
1365.01
942.58
1063.55
1128.76
1258.79
1165.04
1465.33
1047.64
1379.05
829.395
884.467
1090.28
1039.03
1215.09
1176.75
1072.69
1136.56
1027.15
983.848
1296.44
1001.25
902.567
945.681
1138.54
1180.25
847.267
956.76
1129.57
744.719
1129.39
1078.83
1124.63
1263.49
949.996
955.098
934.08
1275.84
1222.71
1256.11
1131.44
888.18
1117.27
1096.74
1060.3
1172.56
1021.47
1093.65
906.476
948.553
1023.33
1165.68
1043.51
1120.69
1154.73
1014.13
1541.76
1064.78
1184.52
949.739
1060.33
1266.08
910.589
1218.39
1189.49
985.291
995.058
1215.35
1246.92
1528.88
1204.1
1106.05
991.483
826.496
1101.55
1417.86
1207.38
1229.4
1072.61
1151
886.06
1189.68
1099.36
1491.42
1002.73
1064.17
881.457
1320.54
989.375
1242.04
1446.16
1008.16
1043.78
991.527
1021.39
882.061
1141.84
1039.71
892.403
1503.79
1105.61
1072.97
885.495
1176.37
1161.03
1156.16
1047.71
1159.05
861.507
1146.15
1863.01
1228.35
925.274
1221.39
1226.43
1119.62
1536.42
1060.59
1020.91
1159.07
1232.3
1121.02
1196.14
1173.48
1309.7
1170.34
1137.63
1206.65
1705.82
1007.54
811.57
837.197
971.258
1096.2
895.764
1228.84
1034.37
1009.82
810.472
1051.35
1139.11
1174.06
1323.45
892.655
1016.63
1261.38
1251.46
1210.71
1232.88
1231.3
1167.55
1078.33
837.197
1012.13
1284.71
972.615
984.725
1190.71
1111.23
1161.31
909.064
1054.35
1165.18
872.548
1179.22
1052.81
985.125
889.018
847.138
1664.9
1071.45
1007.79
1092.86
1243.96
1008.23
1049.62
816.656
1679.92
1094.91
1034.48
959.266
959.445
937.225
1143.1
1062.75
1210.33
1067.95
849.537
957.149
1049.88
1059.48
1268.4
1136.16
1011.19
1204.95
1015.59
1205.3
1230.76
1112.17
1167.23
1028.1
1077.38
1123.96
1009.14
941.577
837.415
1244.51
899.382
1080.87
864.878
1060.35
970.634
999.689
872.251
907.024
1149.22
1215.5
989.834
1237.69
934.949
1259.13
1142.52
1007.77
983.091
943.813
1253.84
932.451
1256.43
1014.01
855.238
1015.12
948.549
926.175
837.216
1320.4
1329.06
1178.33
1067.59
1185.21
1071.17
898.682
1310.98
951.103
1079.66
1146.12
871.593
1180.53
1070.67
1186.35
1002.58
1061.35
1096.28
1341.44
1570.61
966.078
982.292
1130.9
1031.73
1035.77
1066.79
901.423
1041.74
1219.87
940.372
823.563
1203.91
1223.72
1170.44
858.291
1574.72
1098.15
1236.3
964.765
1061.91
1378.63
1060.14
1134.14
1039.57
836.213
956.5
1192.6
1031.15
1151.01
1489.69
1047.41
1044.85
1249.85
1164.26
1117.08
1255.43
1416.4
1224.92
1663.8
1001.98
1047.46
933.311
1008.57
1190.84
976.597
788.088
1072.94
912.951
1216.62
1023.38
1213.84
898.494
1147.46
938.633
869.747
1070.32
816.319
1109.12
1132.27
1071.39
1324.3
1157.29
729.966
856.441
806.922
936.327
1184.22
1101.08
950.109
1150.83
875.62
998.901
875.838
1453.96
1074.85
1295.87
1163.86
949.328
1185.61
1012.05
1142.76
1260.16
1056.4
1048.08
932.778
940.296
1200.7
838.52
839.481
780.644
1085.94
965.155
1121.48
1211.68
1153.34
985.946
944.068
968.222
1144.53
1099.52
919.428
1071.63
1887.38
1075.31
792.319
1094.9
930.554
1118.06
1121.15
940.915
1043.97
959.331
1127.72
1430.81
1391.59
898.92
832.148
829.658
1188.61
1264.41
1320.86
890.61
936.938
1072.31
1188.61
1367.18
1075.92
1274.51
1042.61
1098.97
821.522
1121.48
988.404
1031.83
1106.08
1373.85
1260.29
1076.13
1255.24
1267.15
1044.86
1140.08
1156.97
1199.91
1154.52
1051.05
936.474
1245.08
1165.04
1147.79
850.472
995.489
1155.2
1056.43
1004.18
1097.43
983.449
1421.48
1113.08
846.723
938.777
890.148
1011.95
964.67
1298.96
782.057
1241.39
1263.39
1247.34
967.54
1163.15
1123.46
996.811
1108.52
865.546
897.117
1119.75
936.57
1266.1
953.204
1308.22
936.094
1153.9
1015.9
1042.14
1002.18
1046.85
1159.89
1132.26
1127.36
1083.14
1064.88
919.581
1234.81
1031.75
948.153
926.662
986.453
951.601
1135.22
988.14
1049.97
1054.29
964.896
821.048
1381.75
1081.26
1026.37
1133.15
1152.05
1093.87
1063.24
909.043
1258.31
1212.08
1172.59
832.499
1143.74
1063.35
1221.47
1067
1165
1055.55
1360.93
1247.99
1125.5
1207.88
1436.18
867.821
916.794
1024.3
1121.15
912.323
1026.67
968.8
1251.89
902.083
1104.31
1034.91
988.305
1360.71
1121.48
1330.9
987.986
1225.86
767.064
1148.79
1298.9
1174.05
992.237
1124.51
1237.11
1109.68
983.173
1183.66
1235.35
1191.37
1288.95
1567.83
1005.93
1522.33
1007.31
1145.15
1251.04
877.509
1206.06
1180.9
840.901
1323.54
924.953
959.473
1131.3
1243.48
887.152
1361.16
1181.43
1049.16
1356.43
1051.02
1163.17
1083.45
1285.6
886.373
1109.05
1157.83
1359.79
1113.78
1250.47
794.816
1030.83
959.557
1077.68
1063.45
1165.93
980.992
1180.23
1267.12
1253.89
935.816
1002.54
1093.24
1038.03
1120.52
805.837
1120.95
1016.85
861.3
926.112
1063.46
848.837
1160.37
1037.58
1333.73
1509.11
891.069
1422.43
1110.97
1221.67
855.458
1089.54
1076.78
1154.6
1264.02
914.357
1044.1
704.419
1060.74
1148.98
1019.79
1128.05
1087.42
1230.36
1076.66
995.976
936.05
1570.06
1705.2
1068.21
878.785
1199.67
1367.65
855.318
1083.29
941.115
1201.86
990.478
927.896
1074.66
1022.75
1249.6
1337.59
1262.71
988.911
1139.36
854.58
941.683
1171.48
1400.04
872.692
1150.38
826.428
1370.14
1522.71
954.718
989.786
1408.61
1183.46
1064.64
1462.97
1184.82
1353.94
711.369
1165.72
1149.79
1066.22
1386.45
966.429
887.668
1360.81
892.076
842.947
1220.31
1445.49
1278.87
871.668
1512.37
972.335
1704.79
1242.36
1091.87
1022.61
1466.66
1418
917.852
1334.97
1185.65
1157.02
1028.25
1008.87
1147.84
1000.49
1289.36
1147.44
1645.5
1053.85
1496.61
1130.62
1022.64
1002.11
840.454
943.81
769.474
1006.99
1261.42
1004.36
1215.75
1242.38
1220.05
1113.87
1108.22
1097.41
1441.04
1200.12
970.141
1098.68
958.726
1055.26
1074.62
1099.03
1107.23
718.649
947.601
1467.72
683.223
1355.74
1052.99
1386.96
1172.7
991.81
1512.29
1440.85
1036.09
1343.62
956.155
1326.06
1674.13
906.368
1237.61
1027.38
1007.42
1276.25
1186.96
958.64
1562.13
1280.09
1432.48
1051.46
1194.17
1267
1205.37
996.624
1076.05
869.769
1242.86
963.267
1079.03
1145.94
987.019
1287.33
921.198
1366.63
892.477
961.468
1183.23
1272.27
1070.83
930.268
1039.09
1031.19
983.2
1541.73
1268.75
1270.39
1057.14
1165.41
813.802
1276.76
1317.48
1119.79
1386.16
1071.61
1043.35
1093.74
1110.05
1028.42
1006.71
1377.38
1217.29
1250.15
1184.17
1138.47
1343.73
968.46
899.512
1167.84
1008.44
1096.94
1207.85
1485.79
1183.09
1260.58
901.138
1121.43
1165.28
1023.75
1042.45
948.553
783.677
1082.76
1238.88
858.808
793.93
1278.97
1149.77
1219.03
1089.5
1154.61
1207.34
1093.26
912.404
1353.55
1114.28
1045.66
1676.32
955.013
1162.22
984.79
1233.31
1310.42
1202.32
954.83
1183.12
1309.38
973.171
852.728
1192.16
852.08
1058.75
1158.87
991.547
1040.77
1100.87
987.787
1134.43
1266.35
1006.13
738.749
1091.22
1343.75
874.122
1085.6
1214.61
1176.01
1008.75
1256.04
1124.62
802.687
925.707
942.455
966.614
1086.53
843.149
1362.57
1186.48
1090.57
1070.7
1300.04
1288.46
1342.03
1262.85
1141.82
980.504
1174.58
922.398
1167.9
923.291
1149.73
1457.96
1451.51
1224.87
1090.46
1272.3
1065.9
836.559
826.311
833.954
1208.66
1307.15
925.22
932.542
1159.93
1432.77
1242.63
1131.62
1309.67
1014.31
978.938
976.78
995.689
1239.58
1622.02
1048.57
1242.61
832.546
928.164
1353.29
1006.53
732.212
1158.42
933.064
1115.43
1245.67
970.313
1120.03
1241.67
1054.51
1219.94
1079.94
872.358
1133.11
1181.31
1419.55
1269.44
1182.42
1001.89
1259.46
1028.53
1252.79
1129.46
1124.92
951.431
1078.71
1273.56
962.755
1223.02
1259.69
934.783
1286.34
908.032
1196.87
1607.17
937.147
849.979
1284.27
1149.01
1224.95
908.857
1002.04
1095.2
1170.42
1035.25
969.403
1154.82
1043.44
948.352
1220.53
1315.48
1030.26
1077.61
1207.89
1088.52
931.744
1118.51
1165.67
1145.43
1126.19
955.469
1494.21
1124.52
1298.57
1484.43
983.484
919.118
1582.35
1281.71
1177.14
910.622
1169.67
1444.16
1068.67
1017.6
1770.91
981.118
1218.77
927.339
1189.09
1240.58
1044.86
959.918
1439.04
1456.3
1377.05
1262.01
997.74
1257.73
976.782
1121.62
1013.26
1076
1315.49
1291.55
864.985
933.653
1202.07
1005.57
1197.27
1570.9
1100.12
1361.48
960.859
1057.55
1004.5
947.152
1074.94
989.275
946.036
942.987
1335.22
1137.33
1277.31
1134.38
861.755
801.297
1295.11
1152.78
1086.61
1082.3
1145.32
944.259
1236.01
992.105
871.764
892.842
1251.43
867.446
1028.95
1048.47
1005.86
985.268
923.238
951.243
1275.96
904.651
801.487
1119.26
1024.94
1404.36
1349.8
1044.91
1108.62
1319.75
1224.16
1184.66
994.484
1023.43
1308.37
1365.47
995.787
944.95
1076.18
1093.34
1301.25
1167
938.501
1264.77
787.402
1238.15
1113.72
1270.46
953.976
1006.56
967.895
1008.02
984.774
1215.01
1172.21
1378.97
1250.14
973.294
1636.71
1061.69
1085.22
1106.76
1139.54
1215.55
1058.53
1044.75
1460.71
882.375
1121.7
1008.84
1088.6
1290.57
969.732
1449.22
1127.97
1075.29
1339.59
1112.96
1123.93
882.524
1366.63
1365.11
1186.05
1174.19
1021.97
968.616
1118.08
1040.07
938.086
1117.8
924.129
926.531
1293.71
1366.09
1568.73
1065.48
1029.42
946.1
1101.63
838.023
885.998
1201.97
1060.74
1012.43
1055.31
978.702
1248.49
1095.33
1142.86
1313.32
1107.45
865.372
1000.05
1288.06
900.574
1239.01
1069.5
1150.63
1481.09
1163.64
1242.88
1082.22
1076.85
1083.97
915.311
1150.92
1082.84
1056.59
1409.13
921.859
868.865
1360.25
1114.43
1291.87
1158.24
1119.39
951.583
1513.46
1116.83
1188.1
1840.25
1017.32
1080.63
1433.33
1372.81
1020.26
1095.35
1120.95
945.292
1134.45
1122.01
978.434
1565.31
1086.72
1197.57
1373.98
1124.53
1063.63
1378.63
1286.01
968.858
985.898
1295.95
1161.58
1240.79
1100.05
1040.73
1061.4
1253.52
917.165
1381.46
1088.34
2410.8
1205.2
1033.83
1126.61
945.259
907.085
1487.5
1159.74
865.464
920.067
1004.69
1777.45
936.062
1122.98
1002.4
1117.38
985.738
1163.2
1699.92
1151.44
933.365
1252.87
870.52
1406
1183.75
727.527
1165.73
1254.45
1036.66
887.518
1026.57
893.15
883.289
893.313
1163.14
1311.72
947.466
1095.77
1120.85
1258.87
1020.89
950.262
987.406
1240.2
1209.35
1447.17
1154.67
1103.84
1109.73
961.054
1095.58
1129.84
1074.59
1081.37
968.693
1747.56
1198.22
1298.67
1102.49
1161.01
1038.06
1206.78
1322.83
1158.24
858.858
1309.42
1187.76
992.579
910.913
1302.47
879.238
773.078
1142.85
1101.96
1007.16
1156.49
1174.64
1155.84
1091.53
1041.4
1134.08
1235.16
1158.27
1013.79
1419.23
1326.41
1394.83
1102.75
1086.79
1103.82
1162.94
968.208
