1079.26
936.188
909.544
1001.33
1300.19
802.337
649.677
1052.66
900.56
1095.96
948.372
954.68
972.994
1398.35
1048.94
1349.2
1408.43
794.506
959.892
949.687
917.267
1143.47
838.073
1320.29
1244.28
1439.26
1171.81
1071.11
1132.55
1185.08
981.389
1260.18
1174.38
1015.11
1075.9
957.766
1099.84
683.062
900.618
961.019
991.442
1140.89
930.288
1091.42
1088.85
1350.76
904.769
1020.97
1002.3
879.798
896.604
1545.88
1036.42
868.62
1270.95
841.726
930.033
1189.39
831.974
1056.82
979.334
828.293
981.438
1181.75
1083.37
920.97
902.504
894.525
985.859
1080.44
776.735
929.206
961.866
792.516
1089.11
952.086
824.956
994.516
1138.7
1117.01
962.205
836.89
1044.39
1211.49
1112.07
847.817
1242.03
1054.36
949.202
990.868
893.175
758.52
927.011
799.835
915.405
1160.97
855.658
1114.61
1079.99
1113.36
903.492
794.941
1141.32
944.302
1071.3
1265.03
1104.7
1452.45
1022.74
925.413
841.605
1835.34
1511.74
959.929
736.585
836.47
1033.65
908.751
1277.85
1050.43
997.623
1320.51
1019.49
964.508
837.554
1077.96
785.798
854.359
796.479
773.217
1068
952.549
1096.97
1090.43
1111.39
1064.84
724.384
785.293
924.363
1043.95
905.142
1060.63
955.546
861.234
909.746
1288.92
1036.42
855.477
1440.95
1208.62
888.627
746.152
966.11
796.583
918.848
881.209
1037.66
1029.2
1245.07
1193
1105.35
1352.9
1026.98
807.86
1136.8
1344.33
857.681
1201.79
1271.09
1070.18
1072.1
1296.36
1200.73
920.416
1205.96
936.417
881.225
964.621
1227.26
1159.57
915.522
1109.22
867.275
1025.1
1425.02
972.687
1225.43
1485.73
1035.49
944.615
987.895
849.614
970.716
1557.56
1172.04
923.829
1104.83
1298.37
1203.98
873.254
1222.38
1415.25
1116.08
1343.78
1506.89
1009.35
1078.19
1154.98
910.304
967.083
732.944
1430.86
1280.18
1060.08
1177.55
983.423
960.882
814.849
927.944
872.859
1004.96
1121.87
1193.85
838.461
987.641
1002.06
995.66
961.46
1249.56
827.042
1256.96
821.317
1269.2
936.613
1201.72
990.591
1172.23
1066.87
743.998
1061.7
764.598
973.177
982.125
1111.19
1035.4
1114.98
1189.88
739.16
1405.22
951.574
991.562
1197.97
1015.98
802.703
932.84
1074.8
1067.67
878.839
1001.79
844.728
1009.36
936.497
812.541
1060.37
1271.67
1349.88
995.772
910.399
1197.41
729.634
953.786
1183.5
982.179
1025.86
950.05
952.445
1037.4
1186.03
1002.9
800.339
1191.81
1178.99
1208.06
1167.23
1304.68
1243.59
1083.54
827.568
1054.68
1377.25
1357.53
1025.18
896.733
868.86
1135.41
1357.6
1130.87
1091.85
994.605
874.068
873.281
979.95
1099.73
1775.63
1069.29
862.293
1312.89
1047.8
907.295
957.941
1096.13
997.774
683.84
1331.87
1079.71
1136.51
816.797
907.189
807.85
899.118
1415.3
928.306
989.821
1075.73
1261.59
887.91
1042.39
918.603
996.136
1140.73
1125.81
897.987
914.022
1293.88
1235.08
1211.57
929.198
849.289
1221.85
1301.21
978.025
1156.12
1081.74
922.367
789.54
901.581
911.202
1711.8
748.518
964.468
1538.64
1127.57
919.184
901.198
1400.27
1002.51
821.264
1190.8
901.16
906.175
791.332
1277.48
918.069
913.321
1172.68
1457.17
1268.38
1075.8
870.187
869.016
1111.96
1118.67
1222.59
1205.39
1296.66
900.568
924.091
1132.67
1104.41
760.494
1341.56
995.21
927.347
1087.03
1282.21
863.985
1026.82
915.594
1011.48
1068.56
797.383
1169.45
914.425
1005.45
1069.2
1253.37
1241.17
1029.03
838.864
1184.39
874.372
1095.26
931.44
1015.96
1138.89
1040.64
918.167
980.372
972.26
1106.51
910.414
995.068
909.828
1032.89
985.328
1108.46
898.908
837.72
1326.97
906.803
1385.01
1192.74
934.334
1178.87
704.251
968.859
1064.7
951.28
843.076
1058.42
1224.33
888.229
989.794
1126.85
947.618
886.154
1000.62
1113
1550.98
905.641
1055.49
885.335
842.081
958
1290.18
1077.17
919.493
874.948
1114.14
1085.27
1263.86
865.75
948.464
1008.2
1071.28
1106.75
922.032
889.58
818.281
997.283
1067.84
1172.43
790.056
935.3
1366.61
977.797
752.742
1005.87
985.022
1109.93
1210.51
876.032
1133.09
676.028
1381.66
838.559
869.957
1172.08
1120.15
959.217
1085.11
1291.34
1103.88
909.495
1306.79
936.099
839.924
858.103
1008.02
1242.49
1504.33
839.613
1000.51
905.454
1135.74
674.09
1311.34
1189.85
922.494
1038.03
1001.03
1095.68
916.173
776.851
1275.84
966.037
858.406
1231.8
1123.23
845.888
1051.97
1214.1
1058.24
825.567
866.421
1060.94
1118.03
807.385
1141.49
1227.81
1014.96
1206.34
787.184
1156.96
1144.27
1576.31
994.015
1121.84
968.178
1021.55
990.022
1238.75
1274.05
1221.95
1352.97
1335.7
1349.58
1062.86
967.063
990.931
1014.03
1027.68
1079.89
1230.35
1035.38
1216.29
1246.36
840.43
1099.78
964.097
1164.6
1185.19
1178.72
874.538
1088.11
951.812
992.012
1176.34
1192.03
1008.2
1330.36
1167.18
826.439
816.228
1148.16
1184.15
1052.83
802.51
1188.63
972.342
895.653
1055.03
1842.23
1126.88
1248.63
1375.55
683.357
1153.45
997.575
1021.64
977.816
966.97
1181.72
775.105
925.218
1098.73
1410.2
1135.15
1214.73
1069.28
1143.39
1728.07
1088.76
1052.24
1252.76
1072.3
922.949
936.73
1104.16
1070.65
1009.24
1253.38
1097.66
1012.23
1348.81
943.643
1048.77
856.31
929.799
943.732
971.662
1038.92
1012.41
1077.74
912.635
998.92
1008.32
950.532
1067.59
779.442
1215.31
1034.25
1545.77
874.236
1480.23
1504.75
978.738
957.119
931.978
1143.86
1051.25
912.732
1098.46
873.755
1029.46
1097.38
907.167
955.111
1023.46
1294.47
1192.78
1005.3
875.116
1201.47
900.079
1192.89
856.914
1228.38
1041.68
983.584
1297.2
1087.67
1206.43
1194.89
1144.91
1023.75
1055.53
1501.75
862.09
1000.32
842.381
886.535
943.772
1207.12
1567.18
734.659
1415.32
1185.02
814.18
826.263
1482.06
823.852
965.487
1065.88
889.986
1010.59
1285.02
911.523
965.988
883.768
1522.1
1167.99
979.355
951.746
1081.36
992.66
1069.67
1394.02
1399.1
921.678
1074.67
1182.47
1064.44
1114.86
1149.32
948.412
847.93
1088.32
1032.37
1365.93
1106.68
1198.24
1309.69
1070.68
1026.08
903.824
1096.65
967.659
1009.6
868.975
1003.39
924.546
683.301
951.934
1080.64
867.98
1072.73
979.12
1033.98
882.097
1171.47
978.66
1060.95
775.115
1196.58
1184.88
1050.41
1084.44
906.068
981.911
1073.62
1519.49
686.398
846.042
901.224
1190.7
932.886
1126.69
898.511
890.009
1077.11
815.558
802.988
770.068
910.807
974.052
1048.49
670.013
1350.02
1349.79
862.336
1202.89
1027.3
990.078
1029.54
1019.68
779.105
990.477
1058.08
1098.73
1160.06
1552.9
903.867
803.104
821.791
1139.1
1086.95
1062.48
1171.73
975.838
1210.7
1011.07
1162.82
987.678
1051.59
844.516
958.352
1364.37
1068.26
1129.22
809.227
1183.31
828.243
1078.15
1154.48
960.858
1003.38
834.316
1023.16
1263.1
1124.13
853.848
1201.87
1237.8
1231.46
1230.3
1193.77
840.447
1004.36
963.38
1231.51
1066.89
896.366
987.446
1193.22
1287.3
1155.53
670.01
739.236
1291.92
1108.46
915.92
1114.73
1093.01
1156.65
803.447
812.35
942.95
930.825
1152.27
824.839
965.341
889.874
1050.91
751.6
1047.86
1024.62
1299
958.617
1170.99
1016.6
1028.45
922.959
979.748
963.376
1104
1010.83
791.034
1069.76
808.543
1167.57
1026.96
1179.99
1103.21
827.361
1233.12
1193.4
988.362
981.488
1029.9
956.56
1681.16
897.629
974.413
998.054
1028.66
969.094
1082.47
1118.48
1691.15
1162.7
851.874
950.79
753.063
1089.33
744.256
848.818
782.877
941.286
919.466
993.187
712.983
911.935
824.106
1282.6
1036.94
1008.67
930.373
939.512
790.7
1272.49
1389.46
796.995
832.529
1145.32
1059.46
1236.13
814.314
1142.13
1105.66
822.929
1079.49
1287.41
1077.96
1227.77
1263.11
1221.67
935.238
1312.7
1035.23
983.701
1200.88
1024.86
1249.73
915.101
1374.55
775.448
999.596
1134.35
960.114
1011.17
1052.84
922.984
1031.1
1148.84
890.017
850.268
933.708
1243
1149.1
1242.49
1155.19
1179.06
909.186
1029.18
953.432
1194.8
758.52
1129.91
865.879
1272.81
802.537
877.991
884.92
1049.36
1005.42
1037.87
1039.81
895.576
1052.06
1090.79
998.561
1090.01
1119.73
810.447
1277.82
977.63
1111.29
944.457
1266.93
1221.51
1020.73
868.418
1094.52
832.338
1308.15
1409.09
984.944
889.364
1406.66
1000.83
1180.41
920.555
779.691
1172.59
942.058
875.832
1128.99
828.969
1103.94
1027.54
864.691
1072.07
1254.77
953.889
807.656
1046.1
1093.39
1167.23
1192.24
900.875
1098.37
1021.36
814.78
1062.48
923.907
978.957
1100.3
1055.72
1402.07
792.168
990.294
1073.84
1214.32
970.805
1016.52
1239.55
1159.97
1481.26
881.464
738.561
987.352
963.99
1049.78
909.617
1059.77
1183.83
1002.71
1065.85
1014.41
1197.55
812.1
836.905
1103.52
1086.13
970.779
757.944
1401.41
882.186
766.798
814.29
1324
905.468
1182.81
1073.34
932.352
1026.18
1002.88
1304.2
1107.5
1220.05
1077.76
997.68
891.026
972.993
1068.24
806.83
1011
962.55
979.429
820.127
1035.18
1048.48
1035.43
1244.74
977.591
1105.99
1200.69
813.03
1237.11
1250.82
1128.37
1213.94
1136.1
944.985
1147.29
1471.12
915.529
868.715
1388.78
1374.61
1054.27
665.643
1330.49
823.94
1129.6
947.056
1093.88
1269.88
1012.31
947.702
1648.79
1153.64
1015.48
836.502
895.169
978.231
1012.88
959.567
983.277
1136.33
868.97
713.825
1589.08
1220.03
916.664
1339.63
1013.14
1343.14
1210.56
1085.42
769.74
1032.47
1195.07
980.309
898.404
1273.03
1049.97
1253.14
1019.67
996.425
1293.35
1027.22
1319.82
992.237
1178.68
1015.24
1131.36
890.092
847.563
1246.88
815.596
1004.22
1142.47
990.77
772.536
1041.43
1225.7
1141.13
770.747
941.751
869.412
1248.39
1276.78
966.634
1053.79
956.042
1256.02
930.869
724.165
914.123
856.16
1006.57
962.221
1185.39
1373.81
1016.62
1119.68
1397.27
1506.55
1194.22
956.936
1242.95
1534.32
995.693
901.124
983.706
1023.9
839.464
1131.82
1352
766.484
1371.86
928.487
1237.11
1071.19
1282.05
1113.46
777.806
934.206
957.372
955.922
1148.44
1037.02
1159.6
1003.68
852.808
726.927
923.671
1317.23
1211.72
779.623
969.648
754.596
913.949
1118.42
1117.25
983.633
1227.88
1017.2
856.136
1170.09
1073.47
853.626
983.813
1263.41
730.326
896.044
1262.32
969.628
1169.67
1002.4
1078.02
1385.26
1013.36
763.984
1061.78
587.263
1069.27
911.468
1230.31
1078.7
1121.33
777.463
726.954
901.788
1080.86
1150.39
1001.24
848.757
1155.21
1012.17
949.125
1015.2
963.603
1026.1
1055.8
1454.57
1193.57
1133.64
849.054
1132.93
983.394
1187.3
695.743
1025.85
836.843
1010.08
1136.02
1379.86
968.321
998.188
1145.29
970.363
955.613
1181.66
1122.47
1491.5
1186.75
1006.32
870.177
1282.77
781.524
1064.93
885.286
1135.29
1111.13
1445.52
1385.55
1120.07
923.371
1020.25
1401.86
1140.94
1239.41
831.395
1207.04
927.155
899.434
1503.73
856.324
995.163
1007.3
980.502
988.989
1021.37
908.394
1090.57
1069.34
745.137
1444.8
1186.18
1168.01
1293.7
845.953
1199.6
1344.89
981.063
1080.06
1018.07
864.315
1110.74
908.566
1007.03
893.439
903.212
1191.32
1070.5
1062.73
832.165
960.766
846.962
731.349
1061.88
1070.03
1259.27
865.613
914.409
989.501
1009.32
1085.39
709.52
1284.32
945.843
840.419
1156.76
1167.09
1048.2
1420.96
1425.66
1114.5
1056.21
792.141
962.438
1284.92
927.432
1028.32
734.687
952.236
847.722
983.175
982.203
913.217
1037.83
779.365
1425.87
717.998
1073.33
980.177
1528.3
1095.37
1311.82
1382.01
1297.07
999.658
798.58
1087.14
927.57
1213.89
854.853
691.281
996.551
805.283
1190.71
887.295
1069.17
1203.92
1005.87
1091.36
836.379
998.528
905.066
818.016
1188.58
902.027
886.335
1240.88
1348.75
1033.77
1143.34
769.71
1081.69
810.816
1117.41
779.204
760.707
1015.13
1085.81
1088.31
1153.73
1035.18
847.693
904.056
920.877
994.721
1134.31
1075.87
1079.37
807.262
944.987
1196.91
736.78
1341.09
847.09
1346.5
1035.54
1086.41
1034.85
896.597
1136.46
1282.44
1145.03
1280.44
1049.83
1428.86
891.316
1035.76
981.228
866.909
1077.03
1335.04
1127.57
981.7
895.674
950.937
999.813
697.03
951.747
795.159
960.274
885.877
963.672
1042.53
794.421
781.458
1305.86
944.738
932.071
903.555
1168.61
965.496
844.327
1149.97
868.271
1125.48
930.97
1062.22
1263.71
1070.77
954.223
831.738
1241.85
919.751
1264.68
1145.11
959.801
1080.35
1349.08
885.999
1223.34
768.035
975.102
1046.65
815.667
854.749
1127.93
1039.38
862.088
1173.65
966.704
1038.5
1216.44
1574.82
825.79
1207.05
935.631
883.242
651.826
1082.2
862.016
960.959
1009
1165.52
1087.11
1034.49
956.196
912.95
1140.44
900.837
917.026
1418.38
980.48
881.869
1189.48
1118.09
991.679
1453.03
832.749
1004.86
1529.69
1211.39
1604.06
1064.83
1190.51
927.137
957.25
1330.74
1123.52
1258.05
1052.19
1068.31
977.975
1185.57
904.123
1070.32
1213.99
898.368
1145.17
1345.34
1059.78
985.791
854.71
832.128
1054.98
913.991
1202.86
915.729
993.094
915.382
1112.39
892.157
1157.35
1145.65
1065.12
995.576
781.979
775.033
1169.83
971.149
744.432
883.43
1064.83
1076.95
1061.65
934.133
788.521
1135.49
931.615
1016.54
1161.17
1134.43
1569.9
942.251
1332.73
959.671
1077.57
769.607
1274.54
1035.78
1139.13
662.65
1196.87
1374.91
949.234
1099.18
1077.07
1008.12
1082.17
1025.62
1183.37
1207.99
1425.96
1632.27
924.175
850.494
876.194
1102.48
1292.19
1149.32
861.731
956.13
1190.91
1003.5
1391.76
1173.04
1256.39
842.661
965.054
1041.89
1059.46
1077.67
1268.42
1100.39
1092.21
1282.19
1045.51
1312.35
982.751
1071.92
999.478
894.445
1126.98
1006.33
1049.72
952.85
945.325
959.123
1171.87
1098.86
1195.95
1174.67
1120.92
832.358
1321.75
893.361
1108.78
966.851
940.996
1341.33
889.151
1037.53
1184.32
1180.24
1339.18
1009.07
806.954
1006.58
1237.41
1144.81
1028.28
1011.25
1265.59
759.361
1208.17
1058.58
1046.2
1123.97
1013.98
899.405
1101.22
823.538
879.175
1010.27
1341.75
701.961
1099.35
851.049
676.353
1046.22
902.254
803.319
697.432
1037.75
1047.67
1395.37
832.038
1301.13
1081.92
1056.03
1116.69
1345.17
1365.37
859.197
1089.15
1060.94
1300.87
1250.83
1037.43
1179.59
1121.3
1234.97
969.87
1135.74
860.985
980.259
1114.65
862.711
897.418
697.587
828.217
1242.61
1071.86
975.866
1245.35
969.842
1122.34
1374.84
1322.1
1488.36
1204.77
1138.5
955.284
1056.09
995.808
1130.15
1122.16
990.603
1103.47
857.578
1242.8
1054.38
1358.51
1222.9
955.775
860.805
1180.3
991.17
1049.26
700.546
770.354
1253.25
1051.62
1254.44
1372.75
1258.45
885.863
1213.53
1147.17
1017
1038.22
1141.1
1250.62
1092.66
1201.23
1098.39
986.8
830.625
1382.82
1041.76
1045.25
1197.77
1206.92
1326.75
983.632
1054.15
909.026
1087.01
1011.4
995.41
1200.16
1021.03
1068.94
1005.02
930.332
1112.55
861.144
914.857
948.403
1010.64
822.714
769.509
1214.14
954.842
1669.7
1047.18
882.725
1229.42
861.757
1090.54
1327.71
923.586
1017.73
1194.54
830.983
1256.17
880.294
854.238
1352.88
842.377
840.038
732.228
1035.37
1084.84
924.394
1153.02
1138.41
762.457
1303.04
929.507
1010.5
1122.63
684.308
788.791
930.842
978.385
1896.35
909.511
899.267
1042.22
901.387
987.155
1028.72
622.1
1044.57
808.984
1042.25
1285.1
1110.04
901.681
991.592
935.579
1334.55
759.234
1267.34
1001.33
939.852
919.375
989.713
990.96
1245.64
1497.73
1043.94
787.344
1202.92
914.308
896.987
907.376
945.525
914.479
877.64
1022.04
1144.37
642.186
906.461
827.405
1266.81
819.479
1385.45
1032.53
872.943
1243.33
926.261
1241.08
1025.78
1172.96
941.986
917.659
1211.32
1289.19
751.538
1170.8
1188.16
1217.7
832.697
757.298
1159.68
808.514
1160.28
1138.23
1454.34
1083.02
995.953
1426.79
1041.97
791.882
904.599
832.676
862.259
934.26
1057.57
978.187
1155
1017.09
724.1
1237.66
873.449
1109.52
995.932
1350.46
1168.37
1117.68
844.46
1113.02
988.71
1113.88
979.594
799.481
1312.2
1187.69
1148.82
903.05
802.319
927.244
989.791
1129.63
1510.88
985.644
1292.27
978.349
1218.6
1429.88
1092.8
1046.26
1843.3
869.013
904.245
884.633
1122.77
1332.01
810.817
1015.9
727.827
1238.97
843.776
1164.55
1052.81
894.741
1145.05
978.25
985.872
898.346
1324.27
1420.64
859.596
1140.41
1164.57
1207.5
953.892
868.573
828.207
1143.38
909.921
1273.6
1056.23
965.266
1234.19
964.271
1066.15
1370.97
907.379
832.749
986.262
820.603
1155.79
758.6
933.359
1229.28
809.419
761.642
1135.46
1087.43
1124.96
726.621
1245.27
935.942
1761.75
926.801
1063.57
1165.59
941.53
1260.31
1005.13
971.693
941.391
1069.57
839.769
1242.28
1277.33
939.418
1076.8
1465.53
734.599
972.635
1084.81
869.787
1120.95
1235.01
1020.79
1003.19
921.83
911.833
1183.69
828.007
849.059
1284.25
810.921
968.65
1105.23
1636.12
1040.74
1052.29
1324.11
882.342
895.933
975.819
1230.03
936.935
1578.24
1210.95
938.359
859.84
1172.84
863.068
762.899
1136.94
1030.81
725.728
1070.35
1009.28
1253.71
1213.8
888.071
874.366
840.715
1022.54
895.224
1292.42
1199.32
1169.33
1265.89
832.529
837.999
923.276
955.315
913.833
928.37
1113.47
1283.42
1294.32
1115.73
1354.93
1218.22
902.739
909.263
826.042
759.323
1090.19
1074.66
988.137
1082.72
845.038
924.52
1036.12
1206.47
1020.99
722.003
1007.5
1384.51
1021.07
972.704
1134.95
1100.27
1435.67
974.319
1063.24
1191.22
975.446
906.634
796.363
883.695
870.576
978.02
948.873
1267.42
924.449
972.064
810.583
1196.51
1251.67
939.037
928.787
1248.18
979.164
770.442
1134.97
1499.78
865.94
716.326
1125.32
1147.91
1222.54
990.438
954.576
1197.82
946.571
1290.53
899.836
1038.97
990.062
1128.68
1059.18
989.56
868.298
839.403
1079.33
1109.49
1100.72
1175.17
1073.97
1239.4
1062.05
1164.11
937.043
953.233
889.718
1112.73
1131.09
1326.91
1127.89
695.9
1268.08
1156.12
848.325
1090.89
930.463
1138.17
1041.04
1234.17
1074.7
940.502
1280.37
840.496
912.401
697.935
998.726
830.261
1394.63
848.901
992.822
796.989
952.6
1018.84
918.159
1015.65
1165.53
849.148
911.481
1137.23
1323.12
1211.61
942.367
723.052
875.809
1006.13
1329.1
903.174
888.674
1298.32
933.916
1187.53
956.902
906.559
1079.33
882.713
1047.75
1099.6
1026.57
1025.07
1062.33
1396.33
1058.93
758.205
1175.03
908.338
1176.55
906.986
955.758
1194.33
1177.35
955.412
1093.57
775.296
1002.4
926.74
785.355
1232.66
1024.48
1212.84
1132.2
1148.56
936.673
1154.51
1101.25
992.423
1089.53
1329.4
1104.7
1001.28
968.398
963.92
1074.66
1655.91
1143.06
1242.27
908.355
959.249
1044.12
1101.74
1122.36
1046.29
1144.28
1272.39
890.158
877.013
895.074
897.893
1286.25
973.538
883.884
1336.97
935.654
969.504
858.393
994.476
1051.74
1057.36
1136.8
1148.98
1343.02
1081.1
874.975
993.936
1210.83
1182.15
859.306
1324.63
731.939
804.384
760.833
1098.06
735.636
1028.97
871.082
1249.75
1177.19
1078.25
803.305
1100.5
992.515
991.081
866.699
1152.61
977.551
939.588
1169.08
903.66
1404.57
888.916
957.252
875.422
1053.66
967.544
1086.11
846.807
916.586
1167.45
1002.69
1224.78
914.432
1177.55
950.597
1165.96
1247.28
995.975
790.528
689.068
1216.52
1001.76
934.637
1124.45
1090.17
1249.77
1112.99
1253.81
1090.96
1087.71
1108.87
941.249
1283.77
1205.44
897.974
802.381
1010.26
879.26
1389.62
1059.95
1051.66
1001.9
1260.49
1309.67
1029.1
1094.4
1256.79
1394.09
1179.54
1054.65
978.963
1342.18
1009.29
1187.37
978.447
1162.03
778.33
1082.84
900.408
1019.61
999.075
996.899
1340.3
1366.94
957.522
1026.48
1001.44
1208.76
1062.32
824.959
1098.81
908.972
1054.47
1227.51
1063.68
929.088
1103.28
1246.86
974.539
1194.33
1383.5
895.382
1214.91
871.004
666.241
1133.36
679.243
1046.69
1051.53
1168.61
1020.78
1022.3
1110.56
1237.36
1372.01
1244.46
939.29
971.276
874.829
817.006
1075.81
881.629
834.488
1102.46
1182.2
889.341
767.573
964.683
987.547
960.831
1068.08
1180.95
874.445
1117.03
1272.82
979.977
1084.73
1001.92
1137.66
805.545
1071.73
808.697
1203.53
1062.7
1203.23
1015.26
1079.6
946.108
1080.99
1013.87
1056.24
1363.4
1012.8
896.088
1192.97
1213.28
1389.28
974.495
989.783
1368.29
847.729
928.259
966.062
1113.34
980.845
1120.43
1069.49
1107
1177.87
857.928
815.505
859.546
1182.65
1444.44
935.834
928.774
769.315
872.528
1091.57
1224.02
1155.35
846.356
1007.76
757.5
999.996
1079.02
826.843
895.87
1150.13
729.986
923.395
1142.18
957.214
1043.29
1076.06
1267.76
1214.25
981.638
1062.48
861.664
817.539
968.863
837.937
1067.79
1279.94
1007
1227.26
958.92
1112.97
1000.66
859.652
973.917
1172.72
884.668
1132.12
969.834
1095.34
1149.82
974.537
1043.48
1338.35
942.786
875.199
934.115
953.601
967.374
899.336
1345.91
911.51
1154.94
873.812
1041.93
1111
1084.02
817.864
1214.23
1170.45
1444.87
1419.05
956.587
1013.41
917.311
916.805
899.365
898.691
1186.62
1288.79
1451.81
1274.49
1045.58
814.84
1066.51
938.258
938.012
1064.74
900.508
900.396
1054.23
1102.92
769.377
1310.39
1207.21
677.714
935.668
1018.36
1197.29
1019.74
993.044
837.247
1241.45
1438.2
881.661
904.664
960.521
965.722
1143.04
951.338
1076.57
1117.6
954.815
960.162
762.971
857.281
916.858
1039.3
908.652
983.079
974.266
1067.32
1280.83
1318.58
917.333
903.831
1471.57
785.314
1050.19
889.982
806.787
1308.66
1043.8
925.655
1017.02
956.298
883.214
934.693
973.086
1174.22
1109.94
1062.28
955.024
1528.21
920.404
1386.71
847.652
1139.89
1097.81
1289.53
1047.99
1159.11
1461.3
980.028
885.929
792.948
1373.03
1524.15
1064.75
1116.69
979.682
885.047
1236.79
1094.5
908.901
1137.41
1266.83
930.88
913.562
800.079
826.747
1021.83
1134.53
1057.61
1177.75
1313.53
1000.73
917.312
1598.31
912.548
825.14
1000.94
1041.49
1012.35
1183.07
945.83
899.351
982.958
721.719
1108.31
1032.16
911.198
1321.14
1106.81
878.685
789.343
1183.05
1044.99
967.437
1447.48
961.29
954.745
1526.42
1208.97
1065.94
822.344
715.951
958.806
1077.68
983.076
1215.07
1049
838.338
1015.24
942.047
963.164
955.202
945.06
1657.73
889.262
833.094
965.363
888.905
1044.77
1071.31
1185.97
814.222
955.369
1098.61
641.218
1467.92
1138.26
993.04
1006.35
1111.09
948.122
855.666
1171.1
1030.76
1190.63
843.874
1266.57
1042.19
1133.1
1149.89
974.85
839.275
805.141
1160.43
1188.12
1028.75
684.161
815.42
1076.18
822.577
1174.89
1191.26
1101.83
1120.54
1095.08
784.95
1274.06
1021.53
864.543
1180.04
928.368
896.098
715.368
1051.69
1336.92
1147.96
1164.87
796.51
944.45
1003.18
869.215
1090.41
1240.57
819.862
983.606
1427.39
925.719
1002.98
974.819
851.131
1268.06
1272.92
1369.65
1222.85
814.098
1170.57
1461.93
1049.7
977.641
988.331
968.008
1065.02
1083.49
974.298
931.573
1058.51
938.439
946.637
1054.87
953.995
1199.9
1117.39
1036.15
814.184
1461.64
1060.97
1250.59
1021.12
1035.91
995.999
1017.26
1075.49
1231.68
994.427
1116.35
1229.37
1102.33
1062.52
1112.42
1017.08
845.943
982.407
973.795
812.229
1153.95
977.961
900.952
1057.72
1000.7
927.984
929.979
1077.52
750.152
983.323
1021.25
1101.42
1059.63
934.036
880.63
1007.34
827.62
963.938
1008.63
1053.65
1046.83
1084.76
1112.8
907.364
1055.04
1405.85
870.548
840.052
1412.29
1267.65
950.468
799.23
1000.02
903.862
1147.84
984.724
1141.41
1342.12
1484.06
930.646
1217.08
1218.26
1243.63
868.27
882.191
1167.15
933.904
934.485
1240.24
1153.64
1196.6
1076.75
824.989
841.481
917.912
1055.48
1024.42
886.955
1276.97
1246.85
1405.22
1047.75
1085.91
977.049
793.028
1520.33
1216.15
875.172
730.564
1108.05
710.425
801.373
1363.79
1064.68
850.43
856.824
894.666
845.688
1043.58
919.414
838.62
1289.74
1423.02
1014.21
868.512
1085.83
921.141
940.281
1211.72
840.462
1188.86
1083.59
1148.87
968.424
1130.12
1059.17
874.836
884.521
1067.86
1128.77
828.063
920.613
916.312
1050.38
936.37
959.826
1103.67
886.177
972.102
846.387
1023.75
1164.64
847.976
1141.36
925.414
810.038
1157.86
1252.14
811.145
1122.34
1230.44
832.703
856.559
890.306
1107.65
794.507
1396.25
1432.68
1106.31
1372.96
1207.05
1203.83
1270.22
922.366
736.016
999.971
1391.07
938.887
842.334
1243.02
1022.47
970.823
1140.56
930.946
894.908
1122.46
1057.45
966.207
804.273
1458.46
992.109
1049.22
1367.03
825.794
1090.72
1414.26
1302.26
778.107
1158.44
920.809
1224.75
941.641
1049.43
1035.37
1024.1
971.633
867.853
1157.65
1258.35
1088
1355.97
945.526
1208.93
1159.65
1242.83
930.296
900.889
1363.53
1136.71
778.812
1062.1
901.388
1093.75
1649.33
826.675
1022.5
1109.21
1228.09
969.126
1486.09
990.177
898.927
865.162
1133.7
864.15
798.539
868.326
1256.09
1474.09
934.011
1031.16
904.62
763.73
868.058
1254.05
741.566
943.602
1167.8
1147.84
1052.36
862.469
736.281
1284.27
1054.88
869.301
994.352
1424.52
1087.6
892.679
1531.27
1176.39
1153.6
1201.96
1010.72
1038.5
1011.62
1121.95
966.212
1217.85
1290.39
945.967
1178.74
906.256
1204.17
961.927
1270.73
1112.7
956.033
1021.62
1017.16
1037.49
1183.3
976.527
900.529
877.839
1343.34
896.236
1248.63
1085.28
1170.47
1301.43
1062.57
888.187
1127.21
1058.64
2157.04
1120.26
1070.46
1312.45
900.013
985.243
1134.83
1051.11
983.586
1050.04
1037.03
932.603
1402.62
1010.67
896.066
955.46
1113.06
1064.63
1159.42
1023.84
884.629
1289.35
1196.59
1224.5
908.725
1532.4
781.115
870.823
1327.36
1315.12
978.279
1109.96
706.508
1029.89
1215.72
809.443
1254.92
1270.95
846.979
973.947
1068.69
849.058
1113.63
963.301
927.741
1066.98
1070.83
1272.71
952.025
937.905
930.084
1315.3
952.339
1404.87
975.954
911.459
803.792
1084.54
1252.52
1110.48
1310.74
1363.21
1047.63
1121.55
909.26
1254.63
1018.77
862.194
918.727
1200.38
1359.21
919.604
1047.83
1253.68
890.465
1291.36
862.545
824.211
848.501
757.81
1045.52
1233.81
1112.37
798.058
1111.83
1247.6
1341.79
921.472
1040.27
1088.6
824.386
869.037
811.582
896.406
1320.64
984.718
782.003
738.791
901.021
1015.61
823.019
1227.88
1065.03
1143.8
1007.73
1040.63
983.187
967.11
1097.11
863.856
756.363
1090.84
983.535
891.279
1063.09
1324.4
1203.94
1391.42
791.849
1015.06
761.832
959.819
989.823
755.4
829.328
826.043
811.097
1114.58
885.675
1136.52
907.379
1035.43
1185.53
1554.93
905.921
953.361
989.47
964.379
1077.05
929.426
1100.2
751.803
1259.34
1008.96
1170.84
1114.27
1161.07
972.906
679.833
1103.06
1421.31
1294.48
809.026
981.274
791.799
851.719
1232.26
1082.95
787.491
972.92
927.309
1036.46
998.147
1354.06
1257.96
1121.23
1353.38
1305.9
757.143
960.632
1244.22
1182.41
927.468
707.531
1197.55
1410.62
1039.37
999.803
781.234
1077.79
1126.65
1102.98
943.715
1085.83
877.859
1319.45
1216.35
1010.12
1069.43
768.293
827.24
855.576
764.841
1171.26
817.3
981.585
906.481
1402.43
1294.34
838.489
1127.35
1089.44
1146.71
1012.47
982.568
1236.51
1118
852.562
907.652
1193.88
928.262
1123.28
820.107
908.641
915.898
851.578
1199.63
1321.03
1035.67
1005.35
1263.09
923.329
1249.73
863.58
834.922
1313.16
1117.93
1255.16
1443.01
997.479
872.875
1222.51
870.583
1079.83
987.895
965.266
823.047
945.35
940.132
902.827
872.873
929.463
916.448
1483.25
1233.41
916.316
925.867
1112.29
1020.08
1171.23
690.406
956.707
1053.71
1189.01
878.45
783.612
973.928
890.503
1651.17
972.949
970.241
1026.48
749.165
918.211
1180.89
1235.57
984.705
1429.94
817.21
913.137
1242.9
1249.16
1141.47
815.863
1118.16
800.138
1247.64
994.462
1089.96
1243.78
1266.74
1167.94
897.783
888.76
1141.79
1009.74
931.739
939.129
1183.49
817.731
929.143
1221.66
1188.66
971.782
1053.79
942.611
911.316
706.746
799.58
1203.95
1209.01
894.276
971.162
1073.66
1062.64
804.905
1209.49
1348.03
958.45
1022.89
931.236
1072.37
987.698
990.331
1414.26
1200.1
943.729
893.044
894.002
932.342
1086.1
864.38
878.396
1233.63
1235.53
1286.16
978.967
1033.7
1032.38
1403.84
1052.68
1372.09
1159.26
1109.44
786.919
1286.8
831.468
908.875
1323.18
1137.1
880.371
1113.88
1218.13
1359.97
1130.21
834.579
1025.12
1144.14
1148.52
1330.28
1408.67
959.043
1067.72
890.188
949.742
921.361
1003.73
678.539
1147.94
1291.57
1144.78
1168.51
995.916
971.55
913.757
1175.51
933.893
1082.52
1488.69
1067.09
1422.01
1090.5
925.708
1203.57
966.463
929.786
1208.2
1154.45
951.308
1043.06
758.217
795.634
810.468
670.677
897.178
742.013
815.851
1044.31
1048.76
1057.63
1164.48
1105.19
988.989
810.07
1004.53
926.963
1216.81
1026.14
1036.83
1016.75
1475.36
811.597
1268.83
1230.16
1020.95
1123.32
1095.1
939.1
944.116
891.13
952.719
982.599
1171.42
1102.67
968.628
1287.88
940.247
914.695
1189.97
1301.38
1006.65
1065.81
913.476
662.903
1113.57
803.713
922.543
1100
1075.9
990.256
1011.64
1285.85
811.325
984.251
1312.98
953.99
1060.06
1060.67
955.34
998.292
876.781
911.34
1107.16
874.552
1012.49
1491.22
1062.19
1242.86
945.447
843.131
1278.43
1432.46
1024.59
979.557
1164.7
1082.27
706.565
1200.88
928.668
907.431
793.156
1261.48
954.973
1010.84
1087.14
931.604
919.573
1852.03
877.479
1150.22
1007.04
1138.38
944.346
833.664
993.171
1125.99
1369.33
1558.6
857.455
1138.11
1624.79
920.413
1412.74
971.365
1118.88
1258.81
1690.57
1219.37
1147.81
1189.67
1257.48
1346.47
941.848
1329.74
984.926
990.258
766.949
888.715
1113.29
871.576
767.788
1057.98
1181.39
1048.85
1396.06
1160.22
1181.34
767.311
931.647
947.062
914.997
1145.44
964.896
1131.05
1104.54
895.003
1551.72
1080.43
830.439
1020.7
1057.59
1354.51
1552.92
1052.17
1180.84
1367.1
885.671
956.913
994.104
876.833
974.379
1076.2
991.163
1136.21
1096.16
986.258
1099.49
1093.62
1076.42
1347.05
1004.08
879.984
957.387
897.384
1405.76
1252.51
875.105
1216.09
1154.42
1007.53
1153.62
777.766
989.431
1227.11
906.77
1048.44
1013.64
821.894
1020.95
981.346
921.448
1331.84
1079.56
1108.4
902.547
1163.7
894.974
701.467
1377.77
1234.66
1027.09
1394.95
940.492
941.62
1062.45
1157.8
1068.82
990.243
1336.8
1060.4
962.899
1250.32
1034.48
872.029
1040.48
771.733
1114.55
1203.32
1005.77
919.323
1036.34
946.778
1028.83
1022.58
980.078
1082.12
985.539
985.157
1155.31
664.151
1181.12
1054.32
940.504
1056.23
1029.58
1260.05
1143.15
1141.5
976.7
903.69
996.1
1299.34
964.191
1005.1
803.711
934.017
946.952
1029.3
977.527
1062.61
1045.61
986.657
1186.89
1265.45
1058.96
864.677
972.966
1113.53
727.028
990.216
853.546
1133.77
1284.7
1015.74
964.381
977.448
920.032
1125.25
973.639
974.995
817.085
1193.34
1010.23
860.8
979.715
1037.1
1232.17
1312.25
1240.42
1087.39
900.096
958.902
1232.51
919.387
1237.86
758.283
1174.14
1110.54
800.255
1001.53
937.964
1088.92
930.832
834.204
1226.3
1114.19
1072.73
930.286
1054.3
764.287
684.011
771.23
980.604
772.308
1008.24
1171.6
1247.57
987.176
743.936
921.831
946.523
781.346
963.21
1229.7
1138.62
1005.01
1031
1184.53
1022.27
1133.6
797.982
857.005
1083.02
963.831
895.235
1002.13
1263.59
1203.51
840.27
976.876
845.595
897.819
1003.91
1191.08
1112.46
1244.62
857.806
1222.71
919.325
780.888
646.691
693.296
762.959
1048.07
1093.32
801.817
866.556
1141.03
927.432
1241.94
1007.38
815.841
950.355
981.063
1005.97
1178.67
1313.76
802.311
1126.83
807.422
946.076
1077.82
1005.31
859.546
1148.44
994.669
1084.6
1615.58
1215.55
1035.87
1192.97
882.543
1234.87
1049.31
1048.77
1133.2
879.875
1059.9
1186.23
1286.55
1227.88
1003.26
1183.47
790.414
1027.76
1160.01
1256.46
1193.28
899.439
1065.85
1054.18
1049.8
1004.27
1009.47
1070.35
925.99
1638.73
1144.82
1065.16
1484.42
1166.91
1075.17
918.419
1116.43
673.231
918.801
956.273
955.439
1264.08
892.78
1039.79
739.493
1007.15
866.116
894.589
1061.56
833.637
1158.96
1532.99
962.433
1145.59
1125.86
1013.41
907.879
1022.24
1430.16
894.616
884.948
1396.3
930.945
925.286
1198.77
1054.43
1001.31
863.798
1196.83
1158.56
1068.25
1173.64
980.378
1005.34
896.037
1135.67
1371.33
1162.93
1307.6
963.88
1241.62
1179.9
1140.7
931.954
913.711
939.537
831.729
1233.93
1036.66
1086.67
1008.96
958.822
945.497
1206.93
849.276
938.27
1088.33
1061.26
830.52
919.832
1006.96
845.597
773.435
1143.64
1073.29
921.578
1015.26
1001.86
885.298
1122.37
1233.46
862.847
1452.8
1008
1253.73
869.507
1446.06
871.615
1017.34
893.126
909.829
927.017
972.835
918.558
1072.09
1062.24
857.445
896.406
1285.57
1442.46
1369.67
1167.23
1155.99
916.138
1088.29
1052.44
844.946
977.288
980.322
1042.38
768.923
964.235
907.992
1189.54
821.651
1126.66
814.923
1075.66
943.896
1174.15
905.26
1048.8
1273.89
1216.99
650.572
1166.96
911.114
1255.77
854.243
1241.36
949.736
795.952
1132.21
791.949
953.078
837.933
902.065
1170.92
899.509
916.453
974.524
1067.53
995.188
1342.68
1081.4
1276.68
813.599
791.119
1175.38
891.653
1038.06
1310.1
1013.77
1273.67
989.322
997.55
1171.41
1417.58
883.08
1013.66
950.296
1028.79
1415.49
861.304
913.132
1205.49
1030.55
1050.32
1172.72
950.625
1087.8
977.591
1101.31
1239.96
1383.86
1201.08
1155.08
819.408
1459.1
1110.46
1147.74
1055.11
1114.12
1318.93
930.534
1084.96
894.803
685.979
837.385
717.314
1257.69
800.296
1159.71
1417.96
1248.77
910.846
942.507
912.288
1051.33
984.763
1022.8
839.459
1156.71
865.812
1286.71
1005.02
886.736
1369.34
1158.44
847.456
1316.71
883.227
888.672
760.718
777.567
882.003
825.046
913.754
868.05
1357.69
1102.16
925.241
918.912
888.772
1014.4
1055.83
949.552
1198.15
925.805
775.675
1098.1
1001.49
1144.67
1086.56
958.702
1047.71
1270.52
852.621
1054.13
862.909
1078.12
1482.85
987.62
684.909
854.244
1289.14
847.383
1003.09
1157.31
1249.65
1125.32
805.368
952.775
1076.62
1278.24
991.372
866.715
1126.71
972.463
994.932
1159.95
971.595
920.954
954.663
1035.93
898.722
1079.81
1205.64
1379.98
1051.59
896.585
1022.86
1027.75
1178.59
888.194
1435.02
917.646
885.436
889.355
812.128
1221.75
1039.23
1251.05
872.786
1105.76
838.424
1188.89
1040.67
1140.45
953.986
1231.11
1112.21
936.917
1053.65
1271.2
1135.28
756.182
1072.64
927.677
1025.22
923.124
1137.17
1114.5
1068.13
1092.4
1043.07
738.034
895.537
1076.65
754.195
1117.81
1312.25
735.668
915.864
927.83
801.895
947.309
1031.96
1267.78
1101.54
1100.49
826.321
1283.09
967.516
1052.88
920.887
1025.55
969.063
1328.86
843.748
866.14
968.105
882.499
927.513
728.154
1017.4
1205.68
1181.85
920.851
1223.6
1038.45
1161.95
1257.27
998.073
1045.94
1810.11
1169.28
1358.41
1186.33
1080.83
1222.22
1086.71
673.871
749.659
1757.95
858.627
1126.8
1041.2
1490.08
873.01
978.495
1059.9
708.783
845.743
1138.95
1007.29
864.676
1180.39
1394.19
1079.33
890.738
759.209
1253.17
809.839
1148.99
897.657
1091.04
865.52
1025.18
1139.83
1106.3
792.495
1371.91
979.742
1152.92
1453.74
826.816
990.284
1212.14
1082.51
952.225
904.711
1000.36
937.964
824.267
1123.94
1187.98
998.931
1247.02
831.145
1105.13
1220.41
953.429
905.424
888.631
1232.53
757.237
866.456
829.308
1051.64
1038.41
747.274
719.204
948.881
760.141
748.821
902.706
828.226
1048.94
952.921
1199.12
760.098
1028.83
929.765
1220.7
1006.87
1035.09
1001.88
1156.28
965.897
1125.08
1127.92
1221.17
1196.2
957.353
869.646
1198.66
1070.98
1015.75
1126.57
691.071
836.685
982.909
1100.68
870.933
912.895
1017.35
949.27
1504.59
844.575
1074.16
1034.27
1191.64
1070.72
1123.76
856.806
1163.53
990.781
1179.99
985.97
1089.23
1271.12
927.395
804.839
1271.33
791.36
898.683
906.753
964.656
991.791
882.976
1129.79
1145.59
872.477
1134.81
1131.08
1496.04
1039.66
1299.25
781.583
777.44
934.194
1211.71
911.483
1040.93
1223.13
1263.62
1097.23
987.813
1000.48
1150.4
1130.53
878.23
1219.55
740.427
1109.48
1229.66
1148.1
1390.29
899.255
694.774
1059.71
1048.26
1037.82
1133.14
1333.52
1346.76
986.918
870.877
1087.58
1027.41
991.827
867.951
1094.87
1216.7
1209.18
1222.06
907.908
1152.04
1124.33
1141.41
958.294
1201.22
988.717
920.964
763.827
1010.95
871.881
1061.34
1021.62
885.833
987.297
987.218
861.171
979.859
915.891
863.526
857.354
888.82
941.026
800.299
854.758
1083.04
685.546
954.788
1253.12
904.643
1166.05
1027.77
1221.35
1028.25
947.099
858.952
903.491
949.597
965.676
1136.47
813.764
1018.34
1105.84
1064.41
1189.06
1121.23
1081.8
1091.69
891.068
1017.22
840.028
1052.05
1145.73
1237.82
817.301
849.769
825.07
1253.45
1012.51
973.228
1067.34
1035.18
1062.11
841.844
1371.61
1077.45
1369.53
1088
1055.17
910.684
1099.16
955.089
1008.17
976.807
1457.87
1009.75
1081.84
933.206
1380.29
919.588
1040.55
979.067
1022.12
853.814
1098.76
1022.07
1367.24
1018.2
912.534
1029.41
848.489
991.158
1339
1123.61
1076.27
760.397
1019.49
1110.19
943.948
956.002
955.134
946.58
773.781
817.871
720.44
1171.51
823.453
964.419
1071.96
948.773
1063.21
941.612
1166.23
1492.74
932.145
997.129
1141.56
930.145
1093.89
805.038
798.724
759.614
880.183
919.778
1150.31
963.657
1012.06
889.09
1200.75
1002.95
1213.11
805.657
1079.58
849.605
1210.12
734.242
1189.42
872.278
818.608
1125.89
1376.83
1273.25
1069.67
1212.5
950.251
878.491
1257.43
751.017
730.543
876.036
1311.28
995.768
1058.5
793.599
1353.15
827.519
750.529
1011.6
831.417
1314.79
1041.34
1267.3
1122.74
1191.74
1366.65
913.975
884.538
840.947
802.679
910.497
1150.91
960.454
1300.93
936.727
976.324
998.413
1442.27
1127.89
893.024
1131.33
789.989
905.809
662.666
910.628
1002.76
1187.93
1084.54
893.438
1005.04
1257.04
955.711
1094.75
982.816
1257.65
1222.59
1188.79
1092.58
1196.11
1138.64
943.823
1040.94
935.608
1298.29
1085.85
1258.58
958.973
1107.32
856.913
879.791
1001.31
822.531
919.799
975.844
809.833
989.939
1157.66
895.898
844.102
753.922
1284.46
1065.66
972.229
871.045
1127.86
897.776
945.201
911.795
979.535
875.142
1024.43
1223.66
1441.88
1016.68
1153.53
1046.23
1133.12
992.058
937.696
1081.19
814.694
1222.37
1029.77
1117.5
1497.73
835.583
1099.47
967.79
997.415
1356.27
1109.79
1065.7
1083.54
1126.19
860.172
1454.94
922.236
793.9
1414.7
1408.09
1052.39
1147.91
1312.94
1295.77
1308.02
1049.93
861.232
1109.04
1084.41
1464.51
1069.85
1460.28
928.308
803.034
1000.74
1354.55
987.411
1304.71
1014.23
1109.41
1208.1
769.933
949.325
1053.21
1311.05
1110.3
1058.1
1052.11
1102.25
1132.93
973.463
928.126
1020.35
1219.18
1048.46
1310.79
971.103
846.72
793.795
915.119
1075.29
976.98
1006.75
1311.89
1138.44
1548.29
1335.34
1069.24
1094.21
1264.53
1199.05
979.879
739.948
1019.02
972.207
1181.45
928.371
841.186
1105.9
987.616
863.712
912.312
1027.31
1468.12
1348.04
984.763
1113.47
1276.12
1392.68
859.389
938.357
1123.41
753.651
1052.6
952.663
1039.4
976.404
768.671
983.751
1045.4
886.484
803.236
1017.1
1018.72
851.76
846.774
879.212
921.097
1250.83
1443.96
991.947
761.344
1120.13
1120.86
966.397
1355.13
887.719
957.498
747.523
988.861
944.197
1192.15
1159.54
822.54
1115.37
1121.17
989.148
1314.87
985.904
931.279
795.502
1342.03
855.564
857.216
996.341
1271.23
1272.22
874.438
1000.96
1270.74
1470.18
1107.03
1059.23
798.889
1173.9
901.9
845.298
1047.48
1053.18
1026.55
836.71
1335.38
980.48
804.025
1159.42
1173.8
1010.86
992.905
876.356
906.047
971.043
1218.79
1061.47
859.438
745.279
827.389
1127.1
968.931
1160.84
979.686
1004.56
1228.25
944.433
1101.76
961.944
1136.87
1251.35
969.39
1045.97
1070
1113.52
921.217
972.604
793.382
895.207
1078.28
848.521
1017.24
956.842
1490.46
885.378
902.516
731.29
991.203
1051.43
896.018
818.023
762.743
908.736
964.668
1292.96
1159.14
1466.83
1193.18
943.02
1120.77
1170.33
1456.42
799.52
937.847
1199.39
1030.59
1378.81
978.521
922.961
980.504
1151.26
1096.12
996.128
1225.92
1022.35
1125.46
920.153
895.048
966.171
1137.16
1208.87
730.408
974.261
779.189
1125.44
901.889
981.281
1056.49
1138.8
1300.56
1085.34
1122.74
1161.21
1047.95
1132.99
1269.4
1191.72
882.782
731.672
995.605
1151.4
918.508
1253.1
1143.03
878.799
1157.13
939.332
1030.35
1327.37
975.078
1150.59
1183.56
1217.8
1391.72
1236.91
1363.35
1337.27
765.914
1195.06
1125.75
740.471
1298.27
834.713
953.06
849.034
987.812
907.16
1044.64
898.407
939.066
1070.12
1036.84
1095.87
957.162
1070.45
1044.79
1014.65
1329.14
1054.29
987.23
1136.09
999.58
1138.17
1162.67
1421.33
1072.92
823.733
904.741
1222.18
858.812
864.615
1147.27
1165.9
894.321
935.334
856.69
741.472
1100.83
1155.66
1154.78
992.637
1068.72
724.549
954.909
1351.2
1068.07
1310.54
839.064
1086.5
730.967
1271.66
1109.01
922.975
963.533
1091.86
992.124
1046.08
1097.06
960.383
934.256
1356.3
890.737
1051.21
949.801
1041.01
710.248
1084.14
1116.31
1021.89
830.59
1171.81
984.276
797.299
1163.52
1122.31
989.35
1075.33
1134.5
907.132
1021.01
1089.57
903.712
1059.29
1120.01
1041.41
1163.86
1098.47
1185.03
1300.75
1134.62
1219.72
993.76
836.51
1214.87
893.693
1240.81
890.85
1209.91
1032.47
1047.1
963.098
1114.4
1035.33
1520.25
801.613
1062.96
855.005
822.419
1114.34
738.106
1087.54
1150.55
930.882
1401.08
954.008
1306.74
911.649
1434.55
822.95
994.66
1029.54
1491.32
897.27
778.755
917.851
982.242
943.151
921.776
782.633
789.238
1189.99
1015.73
817.136
1090.37
1263.31
856.5
1032.96
1048.09
1057.61
944.288
1091.07
833.997
958.106
1207.28
1089.24
914.153
1062.34
1042.37
979.355
943.747
980.617
835.786
972.064
1369.37
905.275
1504.8
1186.28
793.215
978.72
861.178
1250.16
792.188
1106.96
795.916
990.521
929.847
1062.76
726.795
1025.07
1120.08
1105.72
1229.74
886.073
1039.3
910.452
1133.25
828.574
1247.92
836.998
788.525
956.171
932.423
1203.86
1089.63
1286.34
1182.06
832.139
862.292
882.719
1062.17
1029.71
1263.11
857.34
1305.87
791.148
1079.7
918.853
674.698
1016.09
963.947
1365.93
1006.5
977.658
934.747
1000.45
763.988
1152.01
1128.57
920.59
852.354
832.683
1016.93
895.076
915.327
1016.25
1135.6
785.39
964.756
885.821
854.502
887.187
1213.72
1573.31
949.561
781.961
910.355
1105.28
1043.74
792.76
889.145
1008.67
856.794
884.693
1027.96
946.072
816.563
854.978
847.433
1414.55
1256.37
1306.61
1446.03
891.033
1169.77
802.14
1150.03
1071.01
1199.96
759.886
1177.59
1032.57
1056.57
1527.08
1197.69
1103.92
769.673
877.818
1237.58
1368.05
1080.42
906.105
1046.21
1144.26
1096.12
759.628
845.825
1157.4
1234.49
829.458
987.637
943.573
1175.71
1016.17
984.156
975.069
1145.85
1012.55
1231.02
895.349
1255.71
800.202
930.864
1338.46
948.593
843.942
948.192
1334.07
846.614
807.617
881.9
857.808
1164.55
1131.95
847.081
1097.49
1046.6
949.501
872.744
1009.47
775.552
1090.67
883.939
819.007
967.478
1054
907.112
1154.25
1303.66
898.667
1096.94
1219.67
779.055
1069.15
928.811
990.866
1116.58
1017.79
964.572
1088.05
963.708
881.545
1157.37
1035.47
868.633
833.389
1089.5
1244.29
1056.59
673.672
1121.66
1163.94
1208.97
1043.62
950.241
870.694
1186.9
1012.8
1451.65
1114.29
957.117
813.719
1184.63
849.373
979.13
1015.38
939.832
780.991
918.517
709.286
1196.76
1200.69
823.283
1020.7
952.801
895.06
1073.12
1247.31
976.671
1239.66
1008.73
749.691
1448.97
1030.24
892.651
1121.69
1003.52
1227.67
859.926
763.254
974.62
910.705
1020.02
892.317
986.087
1125.78
945.466
919.099
1189.2
981.01
851.215
1418.25
1041.94
865.745
999.132
985.314
1101.17
1220.52
973.643
849.728
1115.87
1030.97
1563.52
973.404
755.962
1136.89
1080.29
1040.58
846.547
1359.27
1089.85
859.814
970.191
1006.13
1202.18
1082.67
627.004
908.62
862.608
1750.22
1097.92
727.98
901.816
1224.79
1089.12
837.116
1025.14
953.866
1008.09
938.402
1136.63
1299.47
1020.41
838.765
1210.57
1038.07
1070.04
1138.47
1134.67
972.417
904.222
757.159
1025.34
1404.13
1095.01
1186.06
961.366
1046.52
919.344
1363.07
1041
1055.1
975.979
1210.41
786.868
882.731
926.575
977.749
865.12
1351.88
1003.28
1103.97
782.386
1154.65
1137.15
999.923
1186.11
1072.48
1163.91
1162.37
979.036
851.084
1005.17
995.434
1089.66
1004.79
1289.66
1297.58
927.887
1105.01
1041.17
964.574
758.223
963.103
1470.07
1217.04
988.375
902.193
1020.83
1074.56
1012.54
1298.44
1279.71
989.401
952.809
1211.96
1029.79
786.209
922.11
1148.4
1177.2
747.513
983.405
1049.78
920.504
1055.91
832.104
829.182
1018.4
1379.05
1006.03
1240.27
1213.58
982.362
1014.89
1152.25
1106.82
1438.82
1695.73
917.859
1000.3
1411.48
1243.08
1058.77
994.732
842.795
1307.54
1152.74
843.434
1134.4
1053.73
871.496
836.979
1120.1
1085.36
712.21
911.415
1007.22
1210.47
1086.07
1138.42
959.226
1032.46
856.823
871.163
1354.07
1019.12
1193.65
882.85
724.586
1102.11
1018.95
1224.65
999.543
1073
852.467
835.3
1102.03
976.211
1143.52
1421.55
1033.36
1068
859.222
961.765
1309.61
977.81
1230.33
747.683
657.525
1136.08
933.751
1186.55
840.774
1192.98
1117.22
938.035
1116.31
1116.21
903.087
1388.28
971.315
1234.57
1354.78
954.769
901.923
982.691
1126.87
896.904
890.332
1153.47
1042.19
1117.1
1056.53
1189.41
1001.47
960.368
1050.82
992.828
1090.94
1201.19
1479.82
1175.38
987.598
826.224
891.536
843.858
1290.97
1075.43
1157.28
1021.6
1061.54
1189.22
822.818
1206.53
973.848
1209.39
894.698
1475.48
1079.66
865.252
897.447
1458.72
1018.31
1090.18
914.725
1039.17
773.353
830.044
778.572
1113.47
1175.49
894.462
1145.5
975.251
1262.58
1411.65
931.533
865.475
953.533
1277.76
822.581
959.928
1094.68
1090.52
887.417
944.358
898.403
1230.28
966.36
958.812
1257.98
864.779
1143.3
1198.65
1128.49
1201.75
1113.92
800.001
1073.09
1013.95
1034.38
762.564
1062.91
732.296
1037.95
1137.98
760.51
981.063
941.829
1160.41
925.261
1106.62
1060.87
854.59
887.902
1130.04
1073.52
1299.95
1525.76
828.175
961.149
969.514
1007.52
1232.48
966.692
1241.22
1111.6
1012.14
1089.02
891.292
1019.74
932.233
997.779
1155.76
968.99
1218.73
1038.38
1126.01
990.552
1168.4
1093.56
1166.92
968.319
889.375
1096.37
1276.67
839.22
1136.11
812.1
635.009
1034.13
843.259
959.749
1070.28
1006.85
1160.36
1024.89
887.061
783.99
1174.06
1099.24
668.77
1163.13
1062.85
922.228
1173.28
1405.05
968.726
1192.36
1134.78
1094.67
1124.88
967.926
787.899
1013.5
1499.89
1107.26
1280.34
919.762
1010.01
984.749
831.077
1404.11
1138.31
1060.11
949.439
727.524
1312.06
1014.02
1141.94
830.923
1387.42
975.766
1139.97
1075.99
1101.67
1114.86
949.329
819.475
1398.38
801.849
801.565
936.679
1039.96
918.788
991.688
817.421
841.349
1049.54
1004.49
1236.24
1036.43
1619.18
1189.6
806.8
937.573
997.308
968.762
1377.94
743.608
1080.16
793.641
1169.71
763.408
1060.88
1347.03
888.053
1175.85
1044.75
1468.46
1038.72
980.911
1116.04
922.553
972.108
1365.88
1192.62
659.675
1243.02
796.641
778.092
884.084
1243.78
929.87
1004.69
1276.59
1089.86
826.312
829.55
1436.91
911.068
1268.57
1121.95
1029.08
1006.91
885.224
1076.17
727.011
867.785
1264.58
778.542
867.75
887.393
1147.74
854.571
786.69
814.695
738.295
1173.29
1136.64
995.36
867.619
1342.79
1265.26
1327.21
1093.15
1149.61
866.256
954.521
1013.21
892.979
935.927
944.372
1029.92
1370
1115.08
842.498
1185.13
1282.15
1055.4
1143.47
1217.43
870.88
884.183
919.935
1007.14
1124.65
897.217
1275.83
1183.35
810.931
1147.4
980.296
1207.77
1465.8
1006.38
918.446
850.42
1146.21
959.25
853.689
1125.83
888.348
946.956
1010.24
642.807
1139.84
939.328
1019.02
1193.83
1009.58
1140.06
1102.51
998.557
949.055
848.022
1253.58
900.005
1249.89
1060.41
1309.85
949.797
1110.16
1487.32
964.82
1010.16
782.81
976.289
1164.11
1103.89
805.085
1033.29
962.531
1064.68
856.806
798.153
1218.72
1022.76
803.5
929.638
940.288
1050.12
1254.84
1214.13
859.805
1113.74
1212.29
1216.88
1110.76
865.79
896.388
862.197
916.342
992.616
1166.1
882.537
1428.72
898.611
1227.25
1140.47
1635.86
708.477
1263.24
1315.93
726.176
1087.29
812.943
965.742
1172.24
1053.06
889.737
1220.43
936.387
1370.12
936.984
963.281
945.214
1143.57
871.909
915.704
947.053
840.03
1040.9
869.93
1036.75
1161.45
880.436
788.815
979.64
880.474
1079.41
987.236
1016.04
1207.22
685.732
993.249
1068.29
1193.91
1036.47
968.352
1174.72
1065.63
1085.72
1486.68
932.418
801.78
1027.72
1075.58
784.279
672.99
1212.59
981.839
1167.19
908.933
901.99
1009.64
1001.39
1042.98
1116.86
1100.81
907.607
1213.06
1051.63
1120.39
1269.99
893.431
1318.18
762.815
1054.69
948.958
1035.37
966.934
824.217
1087.98
889.19
1383.19
1159.74
943.681
1165.84
1358.04
1230.98
1045.19
1327.19
985.182
942.091
1189.64
1056.19
883.85
1384.7
917.525
750.526
1220.82
1309.13
1218.62
1040.57
946.459
1094.74
1182.53
1159.37
929.956
1271.86
1279.62
1583.63
1025.44
668.962
997.339
979.164
1195.27
1176.06
1021.96
976.281
954.352
1031.7
1225.9
1118.89
1198.27
1280.49
867.165
1051.25
1259.47
1218.08
694.27
927.688
937.188
1207.59
1102.9
975.947
928.419
765.449
1106.41
655.467
966.921
1058.48
993.795
991.01
1035.24
959.265
878.345
985.177
1126.72
981.883
1070.62
967.016
746.483
1110.59
1056.02
1188.6
931.555
908.488
929.362
1262.82
1111.04
1212.86
1053.01
1050.46
1084.66
849.799
826.242
1093.46
1097.61
1111.48
835.702
828.774
945.126
1259.49
1183.28
1018.74
1147.04
752.756
1004.44
1237.51
874.479
1041.9
1093.97
1397.12
944.494
1238.96
960.036
742.414
1140.41
924.348
1104.79
1343.95
1278.73
964.045
1254.79
1105.53
823.837
838.522
1124.85
1010.47
971.682
866.977
1134.09
929.897
779.656
1015.69
926.855
1052.51
1030.9
1195.96
1049.77
1084.71
1145.36
708.863
957.485
1098.8
1004.12
1264.06
1249.69
862.83
880.825
1250.58
1099.51
1166.05
869.629
1024.82
1124.25
912.765
1091.25
826.504
842.685
730.627
1037.31
897.054
1105.2
1078.73
909.016
1138.79
878.458
859.406
921.397
1139.76
1515.19
825.684
772.567
843.046
894.509
796.849
1046.95
1303
925.135
1448.7
1058.6
895.319
1180.28
1017.33
1152.34
1251.45
1059.6
966.023
942.252
951.366
777.426
904.514
1246.75
883.944
927.647
1112.61
838.445
1056.17
943.015
768.655
1487.11
947.929
1074.54
1213.81
720.093
908.427
1133.8
1494.38
868.449
1228.02
971.931
1189.4
968.049
1136.66
1002.52
1211.68
695.84
1336.32
949.042
1035.13
1304.16
1240.31
1050
1180.63
811.243
864.477
1180.73
1244.2
1009.22
1099.87
1193.07
1036.49
1073.23
999.525
1202.94
1150.77
927.578
880.548
1208.8
643.237
1273.2
861.828
1002.22
1136.19
688.842
848.218
992.145
1044.64
1259.41
1136.47
1163.34
1158.82
1023.43
871.984
1161.2
958.833
1020.56
1064.8
1049.16
984.729
1007.15
892.486
1216.64
1001.35
1100.65
1007.83
941.667
1044.73
746.097
1141.62
805.483
965.334
1167.22
1095.28
1280.12
1185.02
741.701
1152.56
1342.98
1022.56
1057.37
925.09
976.472
844.822
1004.24
798.625
974.59
710.216
1151.93
954.594
1071.47
1205.64
1153.19
1021.9
1005.04
805.254
1163.74
908.429
665.945
884.99
1121.48
1061.52
1116.76
977.574
1145.79
1209.45
860.77
929.845
984.947
1134.57
1087.62
947.606
1078.67
1034.06
1066.33
1111.97
1036.81
1139.62
1077.05
1049.94
1050.87
874.873
1091.01
993.751
1119.9
1131.45
1122.19
1237.76
1068.84
1149.94
1064.74
1248.98
1176.97
1297.73
1293.16
951.127
769.255
794.156
1382.42
1200.01
1185.9
1649.19
1256.17
1515.98
1234.63
824.745
910.81
873.773
890.627
1246.31
964.854
962.189
1037.56
1115.83
1311.91
1075.21
1196.41
852.237
1066.96
1057.74
1167.1
974.744
1141.21
915.39
901.31
1081.29
1025.12
1018.14
779.475
1102.89
1301.38
1025.3
1019.22
1313.4
1058.44
884.037
863.935
976.062
903.33
1438.72
1181.18
1150.71
1087.83
1312.58
716.862
1066.14
1243.68
999.544
1100.77
795.488
1089.74
910.191
910.74
1020.86
1043.27
851.595
1197.64
756.535
890.908
1019.05
982.516
1494.22
872.238
1344.67
1110.47
1107.32
1115.85
1022.04
891.808
1116.23
938.824
1485.3
990.725
1230.87
823.825
934.774
871.781
1148.3
1314.28
1044.63
885.649
855.655
1167.53
1036.06
707.67
912.56
1034.75
985.726
932.206
1113.26
909.273
1115.42
858.868
994.154
1240.02
1697.68
886.948
1008.76
905.706
1109.18
928.672
1029.31
1234.16
1090.08
855.31
793.147
992.492
962.811
885.346
991.01
1258.41
1045.11
1040.65
1182.08
949.611
1428.92
908.525
881.534
968.824
984.571
846.945
894.425
942.086
1064.89
1086.62
1009.15
1036.46
1046.55
1166.95
1183.19
845.871
981.124
1098.17
1080.96
1011.14
1133.81
695.527
1068.89
961.921
844.141
953.779
870.749
1108.45
983.047
819.335
1132.01
1102.6
978.448
1368.15
1077.98
838.56
1082.94
969.133
771.4
930.154
907.83
853.503
1067.18
1174.89
995.807
905.75
960.947
869.595
900.272
1440.35
834.957
781.803
1017.07
947.55
1083.12
913.747
895.458
1001.67
990.169
1438.08
979.779
1323.61
976.175
884.39
1034.5
1220.85
775.289
945.914
928.962
1162.74
1122.92
897.561
924.676
644.541
832.439
1012.9
997.61
1288.74
918.468
1406.69
1384.96
949.616
892.863
1099.1
918.66
1100.78
1122.8
982.261
1246.73
730.786
931.237
1485.44
1155.96
1166.63
985.978
1132.9
1229.07
794.14
1218.83
974.137
861.379
1030.23
870.191
1110.27
895.521
1218.48
1179.05
1258.47
882.411
1061.76
1132.19
1212.08
1078.86
1200.49
1029.51
925.818
1048.45
853.45
801.982
940.546
1088.92
893.766
744.086
1177.06
914.318
923.674
1016.69
863.192
992.304
1063.42
1270.89
1347.88
981.238
653.765
1102.13
894.924
1112.23
1064.52
950.602
1283.58
810.756
977.942
1124.49
1301.21
956.903
1048.45
979.09
1023.06
986.792
1326.96
691.362
1084.51
689.841
952.343
1048
961.944
1254.11
1119.25
996.959
955.007
1022.44
1467.8
1094.71
1058.4
1297.98
981.583
1204.52
953.693
1066.52
1199.87
968.893
1422.39
838.857
1275.27
1148.7
1034.39
1086.95
956.319
891.219
1402.18
1095.42
1036.18
823.569
916.716
1270.54
1066.66
1255.37
966.54
1401.17
1144.84
1288.21
993.287
1025.58
749.21
1056.87
888.572
1151.62
921.751
1026.01
993.476
1119.94
1224.11
1029.8
1047.33
991.313
1177.92
993.044
1104.49
787.334
786.411
1193.78
1198.61
1069.66
803.472
1058.53
717.616
1323.54
1401.9
1041.27
1078.3
907.186
1344.79
1016.95
933.403
841.75
1170.67
1472.18
1009.93
1013.03
876.826
1150.02
914.533
985.873
876.868
745.863
1012.12
1026.25
1023.86
909.908
1379.06
855.166
1027.99
1112.4
1497.47
1163.9
1002.03
1251.28
981.419
851.214
827.454
893.369
1281.35
1316.64
1045.25
1147.78
1005.81
1168.06
1189.85
1016.96
1599.69
1381.93
938.101
1221.87
1105.16
995.487
1036.21
967.638
792.335
1745.23
832.036
831.909
867.915
923.686
968.991
1129.21
1232.94
1265.61
933.144
904.346
1151.75
1303.76
838.211
1142
1238.03
1141.92
1203.36
973.084
1016.58
1087.83
922.316
982.699
921.374
1013.94
1265.05
1288.83
927.857
1293.57
753.042
930.946
822.731
962.952
1422.42
1478.08
1067.2
821.922
1216.03
987.669
1239.87
983.926
1213.58
1235.54
1029.34
871.126
767.526
1034.81
1119.18
815.327
1122.71
978.668
972.621
1010.32
1097.13
733.201
1071.37
1139.55
1278.35
1320
1276.82
912.263
1228
1160.21
1104.08
1115.17
744.951
963.355
910.105
1207.51
933.42
1021.64
1065.95
1232.31
920.932
1115.05
1073.28
785.046
972.945
862.606
890.474
1022.55
949.197
1265.53
1036.73
1203.57
978.451
1084.97
1156.13
870.008
981.821
926.759
781.204
962.932
1138.9
1335.79
1087.99
1019.08
1039.52
1099.43
1030.82
896.462
1311.09
1024.98
808.351
859.922
1078.75
1222.99
1230.39
864.136
924.956
1188.7
912.289
757.536
909.296
966.433
1005.04
870.271
1002.19
883.69
854.277
848.545
1079.98
1634.35
696.046
743.107
983.46
788.295
1457.58
1078.98
1049.78
944.273
872.521
709.173
909.025
937.407
982.102
709.905
731.202
816.568
1150.66
1370.27
836.273
1524.28
986.343
878.368
1414.58
820.596
1188.06
1328.78
1080.39
877.623
1284.56
963.111
1087.19
967.844
1588.43
983.648
1118.35
1371.45
851.482
1084.04
999.937
1188.12
930.091
797.362
1431.25
929.446
1032.56
943.266
1099.44
1008.27
1130.99
1136.68
822.228
1059.68
1123.5
1096.47
1078.4
934.797
1351.11
1037.02
893.451
1075.38
1071.79
1142.87
1034.01
942.574
793.125
991.97
1100.7
1115.01
987.365
1197.31
670.129
1141.55
958.518
860.506
1090.59
1040.03
932.966
977.101
1015.67
1045.17
1172.78
747.504
867.791
1092.87
1203.9
959.284
836.063
944.354
944.582
1113.68
897.932
1228.4
996.66
955.288
928.425
1049.09
1057.19
948.968
748.924
820.854
976.347
1271.89
834.778
871.23
1312.03
988.909
821.933
801.275
1134.49
1328.25
956.824
1084.19
1083.3
810.655
884.681
852.101
1040.69
1349.07
972.744
992.465
985.545
1218.8
1031.32
968.046
921.121
1105.95
882.72
952.947
1184.44
855.063
1350.54
1078.41
1083.53
787.516
1133.16
1106.6
1286.38
1025.53
1067.18
1124.86
1166.39
1117.52
945.627
877.293
1315.81
1054.01
1034.95
999.973
999.063
826.21
1077.03
995.503
1062.59
961.628
1414.89
636.587
1473.4
874.919
1512.47
970.703
957.309
736.546
1035.25
854.667
995.236
895.683
996.065
837.855
1305.43
1025.29
877.175
1281.24
844.474
1397.56
848.926
753.339
965.279
1085.02
970.75
1008.45
1619.87
988.823
932.519
920.778
809.061
1001.06
1086.91
959.658
1230.37
1029.04
853.759
1117.73
871.891
919.507
926.486
1251.76
1030.8
1337.27
1085.21
1202.55
1290.81
1301.81
905.731
1205.18
1015.25
1111.75
774.725
982.984
1172.84
982.668
1141.87
839.885
1328.41
1169.67
1020.18
1243.54
738.594
968.132
748.284
855.027
811.102
861.215
1020.38
1205.96
968.956
971.859
914.04
929.056
989.993
1010.56
1035.51
1111.5
1063.01
763.58
1249.97
1153.78
1352.75
1091.34
956.141
1374.53
1142.38
851.031
938.818
918.214
969.834
695.488
1337.6
864.124
1203.53
1205.82
1122.32
1138.63
1112.78
789.144
944.321
966.316
1013.4
1112.05
1041.41
1517.82
923.555
990.686
1035.19
1355.77
919.859
1026.03
907.596
1193.24
1047.96
1175.07
1075.25
1072.13
913.264
1090.47
908.606
1317.94
1039.93
969.905
1007.66
880.386
1094.88
805.338
836.021
1058.42
1351.73
1097.08
1349.04
826.422
1153.76
998.11
1006.37
795.252
1216.02
1150.12
1106.87
1196.58
949.125
911.71
780.116
1048.53
1064.12
928.174
925.5
1076.22
1037.37
1038.7
1017.88
1240.61
974.54
1112.05
1396.62
1214.96
973.293
1282.76
1478.15
1091.98
1153.06
1520.34
811.99
962.35
795.075
1047.82
1110.19
651.854
1069.66
846.303
1125.86
804.58
938.659
802.672
1104.41
1209.89
1229.29
1110.48
873.357
911.085
1110.46
1058.53
1021.99
765.945
1092.45
1275.24
1026.14
1060.54
822.693
922.653
1327.75
1280.72
805.656
1017.58
814.883
1073.01
998.281
789.997
1050.97
1131.76
1259.45
896.721
895.611
1120.74
1320.93
1003.48
1055.69
1097
1169.92
819.084
977.561
1215.44
763.432
792.965
1137.81
1428.6
944.99
1018.67
1217.39
1110.04
786.81
1021.81
1069.72
1007.52
1023.06
1109
958.321
1036.68
1019.14
1121.5
1036.85
756.958
1068.19
971.102
1043.84
1193.98
1097.37
1256.56
813.814
810.399
861.015
745.691
1159.93
1078.99
1965.5
983.038
1108.6
1220.23
1406.81
1395.91
894.27
1072.05
975.536
1285.67
1238.51
751.04
1356.89
1065.26
1118.65
854.058
1097.65
906.314
1427.42
917.517
932.774
1250.29
1240.95
1065.74
880.002
882.369
1126.69
1392.17
1120.45
1181.01
769.998
1228.96
1043.44
1243.7
907.422
1089.4
1019.31
819.066
771.047
905.246
909.347
1012.02
890.399
915.138
1082.16
1075.66
1103.81
1140.28
1196.45
1071.7
924.856
1028.77
1179.24
1553.95
1406.5
918.673
1086.95
1189.9
902.759
1042.41
704.971
992.108
1409.61
1059.97
1024.7
1396.7
1003.87
1297.92
776.975
1003.97
956.916
947.929
811.399
1416.82
1040.77
1006.69
926.395
1113.74
818.937
1129.37
1041.02
1362.29
972.742
731.342
1157.29
1012.87
839.09
1279.62
1142.31
1132.56
1073.2
978.426
1162.02
1004.92
980.695
1034.11
1082.02
816.438
1855.18
870.926
1086.58
878.894
1158.46
887.724
1102.84
898.544
1059.57
844.508
1035.93
1243.92
991.549
1387.12
1043.42
1068.04
1418.19
1420.47
1008.39
1055.93
775.758
1112.04
1355.57
1020.63
747.276
969.145
1041.36
869.745
872.131
785.503
924.583
1281.15
1011.25
1467.6
1172.74
822.089
1131.86
865.526
1379.74
954.389
1144.57
1295.14
847.686
813.619
1193.09
847.476
1090.45
868.941
930.295
933.503
1086.29
952.659
1129.05
1132.04
855.605
1288.17
1027.8
995.573
831.482
1015.17
1068.35
1065.11
968.037
970.681
894.595
1048.49
1083.12
1023.5
902.914
871.961
956.388
876.391
739.611
1225.25
967.013
1067.2
759.047
1131.34
1124.22
983.347
1283.93
1289.12
1119.88
1303.91
1346.3
1005.52
1039.7
960.009
1002.81
959.23
870.987
961.464
981.288
918.835
1208.85
854.327
1018.65
828.803
1074.45
972.712
1175.32
924.396
1181.62
942.839
1230.18
1173.01
1031.28
978.147
913.281
1106.36
901.77
972.595
1243.49
806.449
1370.83
904.063
1274.92
981.496
990.105
1053.66
1116.57
709.088
977.678
841.288
927.473
1015.02
833.658
1016.64
1052.49
1201.17
1582.38
1320.93
888.205
1135.1
957.574
773.752
1040.72
1092.94
961.45
849.131
831.741
1260.06
1206.74
944.205
1221.44
953.011
1122.47
1335.23
854.285
1005.51
854.04
926.416
1089.77
1070.64
1339.31
1147.52
796.301
1240.05
756.505
755.904
661.552
1153.95
1216.97
1089.86
984.001
973.636
1263.35
1137.08
745.947
806.92
774.528
652.92
1015.1
1142.03
897.803
1179.41
839.534
774.043
854.112
1047.49
1366.95
943.335
1024.17
1562.88
1015.3
1071.67
889.6
1060.41
850.672
1219.15
1293.2
1281.75
1090.04
1115.92
1130.62
1167.4
939.256
1152.36
927.421
830.442
995.936
1152.72
1245.69
1193.06
923.805
977.757
969.241
984.246
890.634
853.926
1524.28
1040.08
1115.8
1268.42
933.612
855.093
1334.72
1070.21
890.572
1127.99
1089.32
1144.58
1114.32
964.651
1296.67
1303.24
1166.44
1000.53
1034.52
929.928
1144.57
747.124
835.823
924.463
1009.17
1175.02
775.383
1077.93
1103.56
1005.62
888.032
1375.33
1075.68
817.156
712.322
815.376
1246.3
1200.72
1010.52
1445.56
1133.86
1109.66
1095.29
1107.81
920.317
1170.07
1084.52
891.63
938.778
807.407
847.189
937.605
1190.41
1219.6
959.814
1077.02
1395.74
968.226
897.668
907.407
1043.47
1232.73
1097.33
1107.08
868.858
1144.85
688.61
1022.8
1109.88
1063.59
715.886
880.516
807.542
1129.91
1347.03
1009.6
1224.7
992.338
914.444
900.813
1062.77
926.014
1621.24
1096.48
1398.97
770.622
754.15
1032.84
1079.18
943.374
793.332
927.536
1440.32
960.043
1015.67
970.753
961.786
1150.41
933.318
871.068
1141.47
949.394
960.11
866.429
995.216
897.959
1028.75
1237.44
779.771
1099.95
840.494
1113.99
1023.02
861.468
1539.29
1278.17
862.248
946.522
1023.92
887.585
920.028
948.3
1279.35
995.513
794.516
1103.02
1176.11
1114.94
1259.23
1266.17
1088.15
973.477
944.758
1376.34
1125.54
1020.27
1035.92
914.697
1183.61
1084.58
1100.17
1285.15
1411.45
1365.54
991.562
1037.31
981.527
870.74
1235.62
928.382
999.087
985.573
943.549
1020.24
636.25
1203.58
1198.57
1250.88
892.018
1086.97
1049.65
877.746
759.258
1058.44
1166.82
897.007
1063.62
1131.37
808.304
1059.97
991.151
906.257
877.759
1504.65
737.192
843.479
917.525
1113.31
1242.05
815.479
926.305
1360.69
1083.61
757.431
915.888
943.773
934.533
1267.68
1016.41
971.007
936.911
1289.51
1148.82
1041.25
929.024
954.823
1063.09
1020.83
878.144
1125.87
837.814
1044.04
1172.53
1464.93
1058.11
1074.94
1305.05
1352.47
751.513
888.247
910.63
912.422
784.697
979.844
1146.25
1280.07
1037.64
798.246
1005.91
732.034
925.673
918.124
987.565
1130.81
945.373
1094.38
873.075
935.537
944.144
990.656
1657.81
1103.04
916.168
840.926
1095.03
1012.49
839.03
1078.81
887.155
955.001
1206.19
918.405
1107.59
1170.16
984.559
1072.46
903.112
1192.1
864.327
1046.42
1044.55
831.319
943.658
1055.19
1298.47
832.821
1408.94
1088.12
778.8
1269.75
1023.3
926.226
1007.15
1007.03
1058
1045.61
927.441
1057.75
768.025
1027.44
785.368
926.373
869.704
1258.97
1208.71
1225.64
1225.29
1201.06
1031.98
1217.64
789.614
955.241
1337
929.045
996.358
618.248
1105.68
1061.47
860.635
1029.79
794.836
1296.9
1053.58
1364.94
1041.69
694.316
921.916
1076.16
1156.35
1067.64
1215.39
1145.74
670.658
997.339
1158.63
884.706
1285.26
1084.37
930.986
863.83
942.212
1233.51
877.585
830.141
1089.87
979.385
995.516
1268.2
1174.68
1212.28
870.534
924.786
1042.12
1049.1
1036.02
1085.72
1233.62
1190.38
1119.22
1069.76
915.628
1207.42
1209.91
1260.78
733.708
886.884
1485.21
1054.09
1067.13
935.541
1077.52
1004.85
1065.75
959.789
939.868
809.995
887.942
897.285
817.09
971.621
918.483
1203.78
829.901
859.179
955.862
1022.38
1251.24
791.414
1183.13
1356.53
940.22
981.185
1248.71
755.657
1155.3
1109.44
1217.48
1258.82
1121.64
966.172
826.62
1191.62
1279.51
1619.36
780.999
1133.82
875.85
1319.68
1020.2
1253.74
939.078
1308.76
803.849
1032.1
942.865
656.862
918.922
1047.04
1433.22
999.809
1061.4
849.886
1312.02
1099.41
942.281
1134.21
1112.76
1126.82
1338.55
1134.71
1069.66
998.934
889.046
1062.44
1089.86
1147.16
1196.23
1037.77
1075.72
901.567
1226.84
679.976
801.528
813.996
1153.18
1013.87
896.845
1016.13
904.036
882.813
978.852
1309.5
1011.28
1321.3
809.502
1011.56
1194.58
1067.81
736.61
1268.78
1207.08
982.32
838.961
1198.29
929.386
795.109
845.448
758.546
1002.45
901.703
1257.78
726.548
860.705
952.197
1161.43
924.877
903.16
857.43
1142.34
1150.89
760.589
1442.73
1155.23
953.006
920.143
1016.07
860.03
1166.26
1236.47
1195.64
784.979
1248.71
1086.17
956.958
864.361
1148.16
1149.17
1039.17
1131.75
1102.08
1076.83
1675.65
1362.95
1147.17
1129.61
1211.21
1433.63
1227.73
1209.58
739.127
1334.71
1064.89
902.784
912.456
1358.01
1181.81
1244.5
1147.48
1036.37
1322.08
1014.02
822.123
1174.17
893.597
1359.58
1131.59
1007.55
803.99
864.79
1195.94
1217.56
1175.86
1317.49
946.144
780.876
1048.53
1034.43
921.601
1105.99
959.264
1131.1
1029.43
972.374
1217.16
883.947
1046.82
954.301
1294.92
994.406
1140.11
1159.75
967.953
1025.11
824.565
925.632
1084.51
1145.2
1054.76
822.269
1145.39
981.013
1021.88
1306.66
1033.1
1105.6
958.393
1382.61
945.218
1196.14
930.207
1163.14
858.843
1344.12
1038.57
1105.67
961.425
1081.55
1137.13
1007.21
974.138
1165.72
1025.6
890.28
1196.69
1490.5
960.581
960.412
877.337
988.279
1011.86
1190.95
824.167
1698.73
1287.58
1056.16
781.244
1244.15
1042.04
1334.07
1127.63
896.09
891.849
1221.65
1024.62
1108.63
772.907
1229.21
1172.32
1160.44
906.257
1198.47
973.473
993.955
1111.57
955.102
1054.12
1166.12
989.307
1044.97
883.419
995.124
1002.48
1342.18
983.025
1222.97
1138.09
991.601
1207.56
1133.64
937.113
942.433
1235.88
1124.48
869.317
832.131
1009.16
1286.18
1037.58
834.131
1048.33
1265.86
1111.51
897.151
1045.96
958.199
1358.09
1010.9
764.508
944.201
990.832
712.502
1028.91
895.512
904.079
941.355
761.162
1044.92
1037.31
1146.07
1218.29
704.578
1428.81
1285.64
900.086
988.07
816.857
938.431
778.011
939.701
765.723
1041.82
1077.1
1062.61
1015.06
1308.56
1211.03
855.944
790.66
782.895
1065.46
1110.4
758.299
1131.53
897.447
1144.99
775.989
1147.51
1087.94
935.769
884.098
909.266
732.852
770.111
1428.69
890.105
935.75
858.425
960.215
1266.4
1098.06
1092.44
1014.31
980.004
1011.68
702.262
948.418
1573.77
968.682
1157.42
1007.02
1309.51
1413.46
817.551
1020.58
962.844
1042.52
1017.99
891.014
1168.83
965.517
902.986
1025.23
854.402
1000.03
1076.57
1210.06
1009.47
1203.86
1327.11
1059.25
786.915
800.359
1405.27
1181.18
1101.02
1302.96
1235.31
988.518
1012.93
848.72
1181.5
765.32
1229.97
1200.6
1132.1
1302.65
1150.14
971.094
1100.57
1086.56
1137.4
1419.88
1337.7
1788.46
905.982
1266.63
843.167
1274.81
866.066
1092.89
959.298
964.035
1062.74
967.945
1066.3
1328.88
1233.34
1034.34
1185.74
910.293
1265.31
1071.57
845.678
684.379
906.339
1093.54
1465.96
899.385
873.24
1218.47
1358.06
801.047
623.826
828.14
1194.44
1241.96
1180.6
1257.23
1265.17
1070.05
959.896
843.244
1238.38
1061.72
1064.1
1127.37
706.191
908.282
1168.2
778.283
935.65
1266.63
861.604
1182.67
931.457
1053.03
979.01
943.852
1245.9
1271.09
1580.94
1040.78
949.553
1233.38
1134.79
876.585
1256.78
759.672
1084.25
813.893
1121.52
1312.82
1217.19
1039.68
964.051
1145.46
930.091
997.177
1300.66
1084.98
977.974
1271.42
1101.29
837.629
815.732
1154.52
873.462
1155.22
1071.5
1161.6
1236.87
834.994
913.977
931.654
951.402
927.744
1161.89
930.738
816.299
974.287
1030.08
725
1212.3
1658.67
1003.93
766.077
1137.27
1079.28
944.331
978.947
983.914
809.379
986.158
718.051
852.935
913.232
816.192
1119.53
865.672
1038.11
1163.14
1113.25
1063.59
1092.33
1066.86
1438.15
1215.3
1354.64
1562.92
1045.04
1167.76
839.235
1076.56
864.449
1393.01
958.887
1337.63
971.043
1156.88
1076.51
1115.45
863.469
947.271
1218.07
853.56
1192.97
1023.85
1133.68
871.494
856.947
1116.34
1057.17
1011.42
939.873
1073.58
903.532
1247.13
1116.81
1069.98
1330.4
1213.55
1337.01
1171.65
1130.05
850.176
1061.74
918.951
1278.96
990.295
1007.36
1143.09
840.167
1043.85
1116.24
1276.53
1075.73
820.053
1025.28
1183.2
1111.41
1011.8
1046.9
1104.17
1182.9
721.58
893.013
1199.1
1186.33
1448.07
1036.15
831.151
1180.99
1244.49
1548.17
1169.59
1044.39
1432.7
1018.87
949.342
1010.22
920.737
987.436
1055.92
1043.59
805.846
1056.06
974.252
1144.64
1008.36
1154.6
1118.23
1279.86
953.468
1096.59
996.675
1167.47
1164.09
1180.69
1288.71
1212.81
1172.32
1010.05
1358.12
1175.39
1444.07
1312.37
794.551
1194.46
882.127
1188.17
1158.69
1358.13
1033.27
1242.46
854.749
1059.6
1178.98
1049.67
852.28
1455.65
923.344
816.619
1171.65
1029.68
1060.95
1209.28
936.135
854.303
938.728
992.213
833.049
1041.14
949.348
892.642
980.284
1206.01
1394.98
618.57
1304.49
1246.23
783.242
749.969
740.924
1085.38
1088.61
1020.56
913.856
907.463
972.528
1195.74
913.34
950.607
896.573
734.315
948.279
1371.03
832.09
754.247
946.256
1155.41
1394.57
916.576
1045.28
990.991
1025.73
1224.85
1121.4
882.425
1181.36
793.117
1150.85
1037.54
884.243
856.172
1208.51
1066.19
785.586
1211.08
1353.14
735.643
1105.95
1163.47
1278.71
702.016
1366.79
1045.35
971.587
1173.51
1160.75
1030.47
829.704
839.922
1095.55
1133.47
876.849
953.234
859.378
1014.94
828.43
849.751
1118.73
1472.39
844.446
1024.4
665.405
922.941
860.473
949.321
1056.9
977.406
798.208
716.705
763.112
896.585
1000.59
1109.71
1249.57
998.471
1270.47
827.106
1370.57
1116.21
1165.67
1433.14
1052.87
1267.66
919.991
992.312
908.038
792.548
1622.92
995.1
753.111
1035.89
886.255
872.494
840.459
759.453
1272.76
1295.5
889.745
1091.7
1245.99
1022.14
857.122
1085.35
926.022
1192.44
1240.93
921.065
1144.26
1126.14
1128.26
1279.09
1009.75
1216.38
1188.65
1177.54
887.088
857.906
1374.73
1204.61
1001.72
996.059
1005.15
898.266
1323.22
843.902
838.863
1117.17
1156.45
1482.8
1186.21
1198.96
1071.54
1490.61
1182.91
772.786
1017.19
878.414
1123.69
1124.6
1013.16
1132.94
1258.92
731.131
974.959
1339.92
1046.15
859.948
832.883
977.182
1086.95
1287.94
1188
1320.99
743.39
1492.45
1237.47
1282.75
1093.3
901.428
1062.1
1221.09
1296.93
1055.77
1127.14
1366.29
1098.5
993.402
926.195
873.448
1395.98
945.033
856.37
1148.8
941.68
866.047
1464.43
1649.49
1175.69
1109.84
1257.48
1503.45
671.753
1080.58
1010.43
1084.49
1329.41
1038.54
748.292
1191.45
949.07
1086.42
1190.21
1014.2
868.536
1051.99
1111.5
1002.41
834.802
1092.05
1073.6
1031.91
880.858
1017.5
955.109
802.853
1099.23
1310.96
812.09
1119.77
1218.08
1086.53
807.804
794.984
1109.3
917.833
824.41
1140.73
991.171
869.933
807.39
1226.28
1056.19
1015.97
1170.53
944.878
1505.55
1323.09
922.498
1094.84
1335.71
1833.54
877.058
1073.7
946.888
1063.45
892.065
945.936
824.062
1195.52
1097.76
940.352
1207.4
1080.22
904.364
928.345
848.595
1002.93
1233.4
1074.19
1230.4
928.468
1493.56
1403.98
961.489
1444.44
1249.61
851.497
964.972
1082.92
1124.01
1170.94
1508.14
994.549
1096.56
979.634
1106.38
793.761
955.625
1359.77
720.895
968.806
1119.4
1163.68
1025.49
970.572
802.494
977.466
1043.3
1145.52
942.043
896.621
848.755
909.872
1211.6
932.177
1189.82
1329.27
1012.21
910.126
825.181
938.711
1096.27
1210.77
738.043
910.244
1374.16
1072.32
960.936
941.115
1119.13
1130.15
1091.74
1264.52
1005.22
876.017
1031.3
701.791
1163.9
1149.6
1066.07
833.901
945.352
1286.05
949.399
919.877
972.196
914.863
956.291
974.495
772.678
1454.26
1097.15
907.914
884.781
1147.34
850.357
1179.14
1084.66
933.645
944.088
1272.96
777.333
992.233
1415.32
750.05
1002.18
1112.98
1196.66
982.041
898.107
774.422
1000.04
1042.99
818.862
801.367
1245.06
1330.94
1442.42
870.909
846.079
1167.01
982.024
1213.47
1236.26
994.999
1243.36
951.476
1199.96
1044.44
889.826
1061.45
1166.23
879.753
873.751
808.426
927.414
896.027
964.446
865.471
1276.3
798.181
1157.45
623.011
943.163
1060.27
931.141
1203.53
1136.89
1041.29
1238.94
1004.74
1402.82
1084.55
913.409
940.288
926.76
918.479
678.126
795.085
1448.4
1280.67
951.853
804.572
1249.95
1184.14
875.151
1001.89
1029
1029.71
1101.01
1201.08
1141.31
1134.66
783.415
922.192
1018.83
858.671
1158.68
1316.26
871.522
1157.92
1134.68
1168.73
827.83
1078.79
1134.43
1084.57
1112.54
874.2
1101.45
819.459
1261.01
850.276
895.632
1111.1
951.337
1184.34
956.554
843.526
948.432
1042.03
1149.37
1137.44
938.162
1152.52
947.631
1158.14
1182.5
945.521
852.079
998.406
710.627
1180.38
1016.28
866.472
1082.65
1094.89
848.415
880.902
940.425
1025.63
929.866
881.349
897.799
1215.37
1038.26
743.38
987.755
1000.04
806.432
1069.47
863.187
872.155
1291.01
1282.33
967.322
773.576
758.362
1050.35
1438.32
1060.43
1033.1
1257.29
1237.48
936.981
1052.81
1218.84
1087.2
1196.39
857.018
1383.49
971.111
1447.35
1070.36
1222.11
1282.35
940.942
940.097
731.855
1278.57
974.963
1227.93
839.083
1304.92
1026.3
930.761
841.253
1270.52
1204.58
1144.95
883.349
860.757
921.812
1155.76
1084.65
890.937
1014.07
900.665
982.467
1116.57
1098.7
1000.06
1177.95
1156.33
1276.74
833.569
938.43
969.946
931.586
1046.12
1099.81
951.261
1337.44
1165.31
955.776
855.468
1124.58
852.266
1121.98
1270.23
1197.44
855.665
1193.88
991.028
1078.94
721.676
724.304
802.292
1012.78
931.477
1319.84
1448.3
1293.94
812.794
1144.36
842.301
837.819
965.829
1042.23
1023.24
1105.05
1017.33
892.393
947.819
939.688
939.882
1246.26
950.367
1269.21
1055.77
958.569
964.626
729.909
761.354
1057.95
1107.1
1177.94
823.137
1004.38
1233.99
896.535
793.342
864.45
1189.23
896.131
1004.44
1045.16
1004.52
1020.34
1121.09
980.446
1159.08
1249.41
995.497
1332.68
1432.49
874.632
728.92
1168.27
943.155
934.379
1621.04
1621.41
1128.27
952.716
1204.1
1102.1
1352.04
1160.7
836.388
862.661
985.687
1024.73
723.266
1030.73
1045.13
845.138
863.213
816.132
1221.73
1048.96
1034.91
794.094
1023.91
995.437
871.41
966.864
1093.5
854.26
1464.68
1041.74
983.707
1135.77
986.036
1182.19
1056.59
1208.31
1596.32
1271.89
967.864
831.995
1002.07
1029.41
1173.21
1016.83
853.649
1039.09
823.363
954.346
1004.94
948.017
975.918
1085.31
1157.34
888.862
1254.88
1357.26
1246.48
962.236
876.146
1033.97
1283.51
982.139
898.275
1645.05
1097.6
936.97
1056.39
675.011
939.829
838.621
1154.88
1146.91
835.611
1008.23
950.53
1642.91
1020.86
1042.21
995.452
1014.28
1197.68
1187.11
1027.84
999.312
1401.3
877.704
905.156
856.869
1247.6
1857.96
734.634
863.423
1035.64
1065.83
821.38
844.588
961.785
1000.32
872.696
1535.68
1455.26
854.667
896.322
1017.61
1244.71
1051.21
1007.25
879.003
1198.31
1583.45
961.797
1174.68
815.638
798.783
1132.05
869.063
1094.71
1466.31
986.66
838.731
1120.76
1108.6
1124.73
1239.45
1199.34
1205.75
1024.1
822.981
785.791
1632.85
663.154
853.868
1202.47
1224.2
953.03
1126.76
900.403
788.871
1169.45
1072.65
973.218
1172.92
852.328
999.1
803.466
1189.92
940.012
1140.08
739.578
1030.09
739.772
895.797
805.165
1040.31
1227.62
1214.02
1102.66
1045.67
920.921
907.731
953.563
755.745
1197.24
824.347
1147.47
1039.67
735.793
1112.07
1170.79
887.51
968.785
1008.43
999.058
1247.6
1331.02
1018.72
899.299
1262.44
1114.29
1110.94
948.924
958.123
1076.1
1378.16
917.867
866.629
1033.83
954.247
1175.03
925.543
825.437
979.872
1162.47
846.033
1033.46
1349.06
1013.61
1155.5
736.399
1326.69
1355.49
1454.69
986.469
1317.84
1201.5
1196.97
1023.99
1181.94
975.442
1085.02
1080.2
911.677
833.46
930.56
850.869
936.448
867.148
1050.98
985.909
869.016
1116.99
963.421
1324.69
1146.27
982.341
840.713
1124.18
1505.48
874.455
798.675
868.78
1354.69
1017
1458.9
966.795
1146.07
1105.11
944.774
1560.89
837.906
1057.25
913.326
922.48
798.281
836.736
1112.97
979.24
925.512
922.993
1208.92
997.787
1333.77
901.148
1105.62
979.888
939.019
933.516
1085.04
998.968
1314.87
816.33
694.838
875.294
1088.22
1247.07
998.741
933.981
971.274
1182.33
978.977
973.46
1155.24
1243.84
700.418
1193.2
1411.59
1031.77
1193.23
913.341
998.238
937.815
1068.49
902.47
1178.83
1215.33
859.128
1483.72
1066.72
1141.26
1017.8
1757.9
1033.03
931.855
922.537
968.602
1093.22
1113.56
975.988
1030.35
968.48
755.016
1036.32
807.939
911.742
883.617
1356.81
900.151
1127.2
895.985
928.922
945.084
957.692
865.901
827.928
1001.62
1016.2
969.116
828.711
1131.8
1188.93
835.456
1146.9
1322.63
797.303
1139.87
917.022
1085.11
1111.67
890.886
1095.47
1010.22
953.561
1350.46
931.414
1119.8
843.923
1060.43
1203.94
954.574
950.715
1146.89
1173.4
966.261
927.272
829.65
923.958
879.466
807.642
861.863
1369.48
915.066
897.504
899.506
1282.43
1333.97
906.561
725.959
1004.71
986.277
1042.65
1216.67
1535.07
747.534
1107.98
934.877
1138.06
953.457
1061.2
910.683
1017.51
886.219
920.976
1096.89
963.756
766.673
886.853
1010.79
924.647
995.276
1073.78
1094.27
1256.99
936.518
1342.01
938.513
795.838
1106.05
894.566
1215.21
1023.13
1316.23
1176.17
1474.47
1194.02
940.882
993.524
866.501
1188.05
1058.04
1131.84
808.73
1189.71
983.419
971.622
691.824
958.86
997.971
975.24
939.253
928.736
1259.47
1373.51
1027.45
785.061
1173.12
1341.04
876.598
1133.55
900.986
1112.9
984.176
902.104
1101.01
1223.05
1162.37
1053.04
875.819
1281.58
1290.72
1153.62
1195.53
970.429
1318.29
911.638
1060.23
895.666
957.847
888.131
1134.71
788.007
1163.47
937.465
1251.02
1005.35
1025.24
1470.65
1161.52
1385.97
1168.03
915.545
1239.42
1197.01
962.201
964.732
903.168
1417.29
1238.49
1186.41
857.65
864.012
1118.85
881.14
963.745
1446.2
1118.51
858.17
1332.16
1057.48
1006.29
747.325
985.576
927.792
1200.7
1339.79
893.671
1096.84
974.283
1119.55
936.783
904.627
914.199
835.637
961.361
1093.23
1486.9
936.297
801.815
1081.4
1020.83
1016.35
1100.27
1055.56
1076.6
1155.41
939.485
1505.98
797.605
1220.93
1388.79
942.242
1121.36
879.686
1356.6
1011.96
881.028
973.847
907.816
752.736
1118.45
1034.34
859.412
806.151
1011.6
1061.83
775.326
1236.57
916.191
900.474
1289.66
941.308
1201.99
944.832
883.484
718.475
952.273
1315.52
916.606
928.46
950.651
942.43
1369.15
946.333
909.007
799.574
1219.74
866.529
985.354
1410.32
939.394
976.542
844.326
971.775
1052.98
1222.77
912.649
1109.84
703.804
1222.54
1173.49
1045.92
1048.47
960.608
1012.73
1103.11
1190.32
1094.74
858.293
849.093
957.361
1010.78
1125.28
768.872
1254.58
911.905
1053.87
845.932
886.648
1079.7
1003.04
921.083
1200.45
907.12
1071.52
1250.49
1121.78
1108.1
996.227
1143.35
833.087
1209.04
895.381
733.466
1065.86
1125.5
1289.53
1225.44
916.133
1028.02
1075.23
843.074
1047.4
1344.95
1177.07
906.891
702.027
941.15
1105.61
1015.93
1234.69
1205.11
924.192
1023.45
1252.17
737.177
1457.44
1111.7
1145.59
1349.33
1073.12
758.4
1034
1002.03
1102.58
1031.88
1024.77
996.685
1040.38
1056.83
1078.62
877.009
1273.32
896.207
1455.04
817.403
1364.03
890.344
1126.02
1173.03
1169.64
1013.35
1012.02
829.736
892.584
1026.63
1034.27
1053.61
1169.49
927.904
952.1
1331.72
885.329
1056.43
1061.22
803.931
939.54
893.874
1057.16
1228.93
1040.62
939.445
1339.67
1001.32
1201.24
939.259
1130.47
850.715
1194.12
1184.55
1073.49
829.716
884.501
850.476
1061.5
994.639
930.618
1112.81
1198.96
1038.68
1013.2
852.607
1009.28
1119.94
1116.67
1347.02
1192.17
951.138
1268.85
1188.73
1187.14
1229.24
762.77
1675.82
1233.5
1343.3
774.082
940.532
1476.18
1063.83
1212.69
1125.96
866.877
1182.66
1301.05
1142.31
922.281
984.945
974.666
1138.47
1063.76
922.132
744.774
1016.03
974.361
854.544
915.154
982.747
1117.58
1267.83
1148.34
960.492
1147.73
1209.73
1178.59
801.905
896.92
1078.95
1144.05
1355.04
1092.79
1152.04
1146.29
1056.22
1363.64
1078.99
910.958
996.917
1140.77
1183.55
796.271
916.379
994.493
1084.62
989.547
1446.28
968.62
1098.85
1024.24
983.555
796.115
1090.88
918.807
1138.24
1197.01
756.269
1304.83
898.494
997.326
764.75
1089.97
1032.58
1169.12
818.615
877.345
958.273
904.739
914.896
1165.17
1142.89
1009.44
828.408
1206.55
1412.89
833.374
1091.51
986.719
742.889
1013.35
1311.27
1232.59
1014.13
1166.96
1127.58
900.638
1142.34
833.51
934.933
1168.45
1281.81
1103.34
982.647
1241.77
840.076
1014.14
993.468
1255.03
793.179
1165.75
874.909
1137.63
1461.02
1035.81
993.451
896.272
1086.79
1041.78
871.933
993.474
881.434
877.36
959.666
1019.85
1164.52
794.058
934.691
1014.06
1337.96
1104.23
1041.23
922.354
859.715
1022.24
1047.32
843.142
1001.53
1317.03
1251.84
1182.28
1274.21
1335.47
1099.55
1221.37
1117.28
1214.53
1198.67
907.193
1088.17
958.88
723.883
920.141
805.437
881.568
961.451
905.761
1123.65
1288.7
819.245
1046.78
931.206
995.432
883.454
1335.99
996.442
819.267
1191.31
1148.87
917.839
1070.38
1087.47
1143.96
957.729
883.748
668.19
1384.58
860.711
785.509
828.115
1115.94
1297.1
1247.46
1212.13
1051.49
1007.58
1442.07
1246.63
1002.15
1074.18
1108.28
1303.92
1105.76
983.643
1099.45
935.779
1115.89
892.227
1005.07
963.655
1095.02
1065.38
906.945
777.046
1146.87
941.322
1105.49
992.81
1039.01
1390.54
1103.29
1217.29
1103.25
881.732
1249.89
705.394
1042.84
1117.37
1184.66
812.173
1290.64
803.308
1050.48
881.153
1039.87
994.203
795.425
1233.87
1098.42
732.005
923.301
1145.3
893.053
936.23
986.59
1224.85
895.847
1035.46
1075.14
1105.55
796.311
1134.02
858.568
1483.76
1021.33
1101.14
1205.55
796.88
884.92
1092.45
1406.47
943.217
972.893
1196.23
1069.39
1045.45
1279
770.574
664.557
1016.32
886.812
1126.55
1027.61
1039.41
979.646
1269.05
1090.98
1112.1
891.671
1106.01
799.523
990.101
1241.86
1217.16
1157.36
1130.64
901.045
827.595
839.729
890.685
1089.09
795.561
990.818
1044.26
888.27
1019.13
1118.84
915.892
1323.07
806.377
646.511
908.773
1043.81
944.209
1176.99
1250.99
1184.15
1169.24
1009.49
1209.64
1077.56
924.575
800.35
856.565
1074.97
1079.33
1016.98
1111.31
1253.41
1610.26
916.178
957.234
1093.89
1111.08
727.418
755.121
762.96
1230.57
1019.62
859.904
1214.59
1214.72
1319.5
945.326
679.455
980.549
854.969
914.803
1082.5
1291.17
1039.66
1105.02
944.928
829.051
1109.41
854.359
997.502
831.958
1052.6
1151.03
973.985
1066.52
1510.39
1157.1
836.84
938.426
1049.83
892.947
1218.01
1040.37
1266.11
1164.16
1057.92
993.006
1007.58
902.746
1210.37
955.467
1229
1001.69
871.048
766.933
902.699
1071.5
1166.94
1459.61
723.975
1034.94
976.745
870.309
940.402
1155.93
1041.1
776.065
947.477
1347.5
831.266
1138.03
1290.72
1186.79
1108.36
946.627
865.882
987.777
768.045
1309.62
809.192
1257.7
1206.43
797.302
1108.71
810.927
1098.16
1051.96
1169.38
856.923
1229.73
1046.76
1071.11
1053.66
957.749
1411.03
858.268
1874.01
1107.5
934.605
944.438
1178.25
870.972
1089.18
986.577
881.908
967.966
1288.98
952.292
1021
1240.65
932.523
1175.67
951.39
722.692
1325.83
1154.92
1274.76
1030.8
1305.7
934.874
1711.72
1084.34
1102.64
871.079
995.767
1139.46
989.734
1083.03
790.1
834.805
728.925
1082.96
1173.5
934.194
920.576
1264.95
1273.61
1193.92
850.023
1030.02
1257.23
1541.21
1292.06
884.457
1163.96
1052.14
1125.03
1423.64
1003.17
764.381
984.281
1199.94
1276.66
987.939
930.942
754.908
980.955
990.313
1207.54
1228.06
1002.89
1116.91
1464.12
929.709
1144.99
922.085
888.492
1021.71
1155.26
1352.42
