696.319
606.653
940.184
545.39
677.252
317.022
759.486
465.818
701.761
459.78
548.543
584.814
514.827
464.646
702.555
437.718
503.046
583.262
579.506
671.241
543.22
557.903
620.994
589.048
464.811
589.597
630.196
386.164
455.27
396.038
788.478
404.84
376.335
397.137
664.299
359.897
497.704
709.964
532.695
487.284
606.034
593.279
573.475
533.974
551.806
463.725
526.751
754.736
842.78
720.455
614.664
481.333
509.079
639.688
495.37
502.836
577.172
499.27
708.151
578.792
400.764
861.373
510.32
299.844
602.09
689.142
565.785
720.113
726.231
615.245
934.594
550.544
578.33
515.859
508.885
594.319
488.24
492.894
375.5
728.763
434.257
411.812
446.164
486.202
516.437
580.681
522.151
487.42
582.944
588.854
692.364
672.784
993.59
508.787
759.447
738.036
502.496
940.49
533.339
726.612
674.456
585.445
563.365
561.282
581.31
558.01
532.84
698.744
632.28
517.996
616.667
707.396
462.237
707.594
667.17
498.518
473.217
650.032
497.162
655.838
550.605
702.42
679.754
723.026
574.338
586.382
672.262
772.614
557.514
761.595
569.462
581.585
424.696
636.351
350.281
423.263
535.152
738.926
396.065
521.733
613.803
549.737
634.804
608.82
520.834
524.126
652.316
588.555
389.633
923.101
542.805
588.412
609.274
493.385
619.491
553.503
402.882
611.33
535.37
789.659
596.981
552.677
556.112
679.248
561.796
614.605
611.561
393.639
628.928
590.567
428.631
554.905
501.375
614.667
599.182
580.922
466.194
785.367
491.844
536.227
588.521
586.76
527.555
562.721
558.224
478.259
687.351
661.743
571.783
409.832
609.264
572.35
719.68
573.195
449.505
646.415
575.343
621.746
647.674
620.227
456.535
384.575
527.517
537.788
557.58
426.628
641.982
578.797
677.073
687.206
749.329
539.697
613.285
564.088
804.799
563.218
641.746
849.833
801.186
382.739
653.266
708.438
814.178
697.339
465.522
624.467
634.695
433.471
539.904
441.88
777.638
615.131
728.915
535.159
518.648
491.233
744.585
460.594
590.35
495.132
782.882
450.474
679.133
577.704
680.677
495.217
434.562
421.595
406.988
674.034
437.013
589.34
746.088
495.431
574.121
376.481
764.722
439.672
542.37
633.553
696.194
448.604
540.457
689.365
481.196
544.934
706.824
546.635
705.272
819.357
494.871
514.304
620.698
629.231
608.986
764.621
423.476
614.105
743.739
603.917
450.563
389.012
756.93
567.869
619.699
455.787
906.054
697.266
564.939
685.932
692.056
723.762
588.421
450.426
496.261
465.772
727.542
729.466
633.727
606.696
628.71
708.142
628.652
541.086
378.916
405.998
510.58
459.856
462.128
665.599
640.237
646.987
500.988
698.928
590.493
545.696
601.985
916.298
695.665
585.726
629.185
680.994
695.373
484.479
583.058
942.441
668.786
631.279
631.51
514.686
628.396
663.787
581.801
700.548
583.781
729.66
548.382
450.691
694.53
424.098
602.064
446.201
569.108
802.954
603.255
632.822
585.858
650.006
485.204
579.829
592.396
430.376
595.497
662.918
510.727
577.027
686.286
856.748
608.326
623.37
438.828
539.394
703.987
457.198
712.812
756.349
671.566
593.688
549.263
495.531
706.494
597.066
566.837
623.441
602.501
759.703
610.48
553.39
580.65
563.418
708.082
594.804
770.671
697.872
780.288
634.919
419.155
575.005
368.039
572.437
445.971
501.678
521.148
706.448
585.032
489.301
584.176
626.282
570.118
763.728
390.788
732.672
647.227
1150.51
477.72
496.657
584.946
413.647
680.567
580.773
555.201
374.855
363.762
374.856
581.785
587.094
756.191
663.291
521.09
489.745
419.818
594.406
479.369
769.503
766.53
471.722
676.085
566.12
545.914
682.682
828.402
526.119
744.998
441.748
553.142
643.31
923.177
428.391
525.354
853.47
500.284
704.537
467.533
505.199
855.337
531.207
645.007
488.917
1065.51
660.73
578.51
521.365
654.133
711.546
496
404.569
492.282
711.252
461.598
380.45
577.227
677.214
652.128
706.172
513.858
675.341
600.686
490.264
638.078
764.602
521.274
425.561
597.742
674.877
652.813
762.491
783.103
673.26
462.159
768.207
494.446
761.021
500.525
545.247
713.673
659.502
595.807
538.871
464.989
415.216
858.547
790.115
526.947
407.087
678.36
539.926
955.372
508.317
550.319
517.068
516.036
433.398
511.465
619.465
345.904
944.321
513.13
539.354
661.893
738.612
500.906
632.135
529.485
506.342
609.3
601.164
636.672
511.43
625.042
719.887
510.522
624.332
820.733
616.09
526.452
489.119
565.054
811.93
634.986
612.064
698.494
701.122
597.429
578.413
676.738
652.821
656.873
799.219
532.369
528.2
497.721
638.763
891.967
613.547
684.62
463.972
581.459
584.564
419.271
965.017
475.661
515.809
645.867
471.657
657.939
585.427
618.68
678.099
622.514
576.968
602.931
701.009
517.173
375.439
790.345
502.786
597.564
786.028
400.754
543.669
578.235
542.17
570.924
544.184
710.597
811.367
639.775
501.35
549.971
722.629
542.322
449.198
623.369
496.474
695.494
439.917
736.853
609.703
586.141
658.565
468.754
590.741
636.663
881.429
822.167
831.091
759.268
456.372
358.418
388.118
426.294
536.53
782.305
719.115
780.512
473.159
353.827
559.568
644.558
620.478
494.881
434.008
570.774
567.341
638.062
415.008
473.141
642.978
501.38
671.535
513.515
884.932
496.995
451.578
671.918
497.601
498.012
506.903
826.955
492.242
634.945
692.141
514.025
861.152
581.768
412.754
482.046
869.347
482.423
719.032
621.099
495.122
682.571
978.772
623.413
714.342
628.542
687.764
734.175
517.618
713.776
581.853
506.264
448.185
649.752
475.218
593.626
721.776
615.512
523.452
799.205
612.362
584.249
552.766
489.352
485.284
572.746
378.152
563.887
525.322
558.158
704.292
457.45
774.939
933.57
458.927
593.55
427.923
776.174
746.494
593.371
549.768
518.353
600.318
581.67
616.724
407.871
606.741
639.212
788.036
364.28
510.819
577.974
587.376
647.218
543.561
394.605
657.987
725.515
603.17
429.017
1018.44
716.935
607.788
612.533
837.947
493.399
567.759
547.614
609.37
629.875
590.857
476.289
611.205
581.448
789.024
586.349
499.717
459.434
445.563
583.275
776.417
950
929.715
498.054
665.354
715.481
652.179
542.475
488.775
587.424
393.502
559.709
581.874
849.739
422.827
571.325
472.273
520.378
468.391
454.116
982.479
636.69
598.618
666.488
486.587
1178.39
664.038
509.511
337.848
708.185
670.397
587.755
318.557
481.974
522.077
675.222
409.643
479.656
623.541
850.897
677.6
692.976
685.687
601.074
628.153
700.651
442.635
558.663
683.817
795.793
443.599
441.533
459.135
456.511
345.26
632.737
630.858
759.186
304.222
598.027
654.176
660.001
496.973
804.292
641.375
587.468
926.4
750.316
368.53
451.71
464.063
540.779
464.822
558.053
317.646
517.93
647.42
623.468
414.505
572.57
650.64
623.959
568.497
471.256
742.018
789.655
354.698
644.095
758.875
461.086
504.862
618.495
685.673
392.137
822.649
722.935
451.958
386.439
579.442
701.792
687.907
683.167
581.946
826.359
459.884
484.501
728.319
770.096
494.566
737.977
501.602
481.969
631.08
622.802
480.879
781.679
660.58
488.298
464.432
834.019
720.382
846.819
683.892
792.749
485.552
600.369
559.756
876.081
460.638
526.342
543.211
537.463
423.615
570.235
442.15
652.787
493.885
519.749
517.011
527.8
619.787
435.894
654.424
534.883
550.89
665.163
619.064
652.83
392.973
524.726
468.813
716.531
406.509
492.203
572.07
480.587
688.988
633.342
541.118
738.909
477.989
540.045
587.315
645.608
596.086
608.37
350.922
773.013
679.742
661.664
473.207
565.379
665.816
409.083
549.763
775.099
837.76
486.67
606.453
718.777
490.548
879.704
637.606
784.087
504.632
703.793
534.689
773.842
497.891
612.84
605.652
726.714
544.413
442.601
613.38
659.388
640.912
747.185
520.491
752.234
597.425
388.419
759.248
493.474
690.691
775.456
665.337
487.436
746.22
619.25
494.649
569.968
661.757
396.593
682.146
409.433
560.739
493.912
597.103
703.654
554.749
661.481
619.308
590.868
735.025
508.596
620.726
375.365
532.328
462.785
434.618
601.611
716.396
461.653
668.026
784.077
510.262
557.07
691.221
543.238
630.369
641.32
373.442
496.602
545.97
773.815
589.644
570.849
408.03
594.874
436.556
720.264
556.275
639.52
474.718
558.51
658.26
581.006
437.478
637.234
461.818
591.157
792.95
711.085
989.058
538.604
922.029
579.565
677.493
621.569
405.662
598.212
579.404
505.888
779.82
811.739
577.437
575.293
850.132
645.809
521.883
570.819
850.127
562.875
558.708
604.291
454.49
624.08
505.759
582.834
455.36
651.01
721.263
623.536
499.647
671.883
458.577
496.046
503.276
550.025
417.892
766.801
429.343
768.854
468.349
658.897
469.267
548.036
516.294
549.196
624.984
544.528
604.675
669.875
417.066
392.898
577.865
705.674
448.171
567.904
483.477
1044.76
512.432
646.875
570.271
536.623
572.732
621.437
561.689
477.342
509.891
423.533
647.271
421.517
900.002
595.794
553.597
481.981
593.607
463.545
784.866
526.097
587.5
836.879
828.085
485.972
684.089
492.717
419.777
761.274
666.598
579.311
449.797
744.429
558.297
1049.24
725.449
684.43
484.374
463.375
499.618
457.905
500.932
725.753
679.377
525.386
623.671
686.794
696.058
502.768
837.878
699.618
452.277
337.643
511.404
648.831
735.276
657.97
657.336
777.971
616.521
562.54
614.689
730.406
383.033
552.817
408.705
516.119
574.665
604.439
670.585
826.291
728.032
577.84
573.356
804.509
628.535
537.176
708.429
551.879
693.521
679.176
478.21
745.557
414.577
485.088
510.269
844.489
455.662
739.829
718.084
915.916
519.66
471.136
368.583
538.567
456.009
468.605
501.733
462.032
368.705
520.647
549.305
751.493
348.53
798.041
633.882
433.724
729.313
532.929
618.805
432.398
631.027
458.919
713.248
590.994
691.36
722.746
715.588
479.785
729.86
705.55
624.214
427.152
650.502
613.453
902.558
445.029
503.88
659.556
517.901
595.144
818.573
555.414
604.709
456.099
471.849
499.75
495.093
702.919
599.438
384.303
788.937
529.055
397.722
663.138
609.763
371.049
637.038
500.435
652.5
457.883
662.031
565.98
807.19
596.457
740.018
555.989
588.329
599.723
581.636
612.613
681.638
674.278
628.612
490.807
909.605
480.416
512.486
540.699
662.519
495.188
623.382
673.241
588.922
706.61
592.552
604.513
410.951
488.11
685.15
647.872
683.597
751.046
502.39
457.537
572.768
602.756
572.461
666.595
428.488
654.698
490.814
443.237
746.429
739.587
563.178
474.516
403.214
541.519
473.633
557.429
568.317
458.365
387.722
517.87
652.789
606.011
550.356
566.951
514.887
700.59
665.561
615.199
537.497
903.897
490.295
593.896
508.232
855.24
701.084
549.36
482.943
556.558
554.377
442.741
525.356
828.69
395.276
543.901
775.921
693.742
361.521
407.416
829.039
448.893
591.954
439.698
423.835
457.362
996.806
579.108
578.295
605.801
703.803
665.244
750.389
543.902
834.431
510.824
463.102
628.052
614.588
836.301
659.117
460.545
694.519
455.938
571.092
548.732
595.129
354.015
579.92
503.202
580.989
529.977
596.145
775.871
665.137
548.459
565.014
424.74
430.271
487.525
669.903
642.818
454.745
608.543
711.863
618.819
626.03
615.223
461.364
704.245
504.519
512.216
732.632
488.687
691.175
651.123
427.712
402.516
837.28
525.362
510.944
575.773
728.434
500.115
420.634
638.763
570.159
533.966
432.423
342.261
852.587
635.235
536.86
532.162
356.562
572.403
472.595
699.731
798.089
717.966
811.768
474.494
633.084
757.375
425.081
347.626
695.168
632.066
535.03
928.919
736.011
447.866
1060.29
293.142
394.653
504.257
571.451
422.632
510.128
512.568
944.962
675.369
478.188
696.943
503.002
586.825
525.572
629.979
523.62
859.518
856.763
602.319
707.68
780.015
686.149
716.222
572.079
544.921
535.137
635.649
834.462
426.742
613.459
533.371
537.009
379.284
421.572
498.209
495.872
435.37
440.523
662.881
418.189
732.984
475.101
417.104
512.716
505.126
591.69
655.341
765.194
477.374
429.27
551.295
466.178
657.58
648.052
625.808
505.664
493.034
483.433
488.773
484.925
467.332
564.05
551.496
493.712
611.306
546.586
540.291
746.097
556.587
646.616
513.656
621.959
479.352
747.325
623.37
574.054
605.826
838.894
751.448
654.812
620.638
633.763
557.676
597.45
553.718
755.956
469.434
386.068
598.77
585.681
591.42
626.21
535.128
837.867
861.713
576.889
566.182
617.349
562.154
649.825
667.107
704.303
413.214
525.036
601.138
809.227
629.288
353.45
848.69
453.746
590.576
579.752
551.265
632.274
406.6
425.579
554.903
588.712
600.537
632.458
624.898
583.312
617.816
523.633
527.941
674.87
482.831
608.589
490.888
643.042
594.849
641.681
609.617
627.23
495.389
582.286
506.112
650.218
721.998
673.982
655.63
761.127
609.19
640.353
437.645
657.828
809.96
697.588
749.088
526.65
567.56
507.872
763.561
577.648
577.783
654.631
352.402
500.968
752.956
693.375
694.241
587.464
671.212
485.877
572.634
536.933
720.029
640.763
484.117
628.375
705.43
481.739
724.996
765.319
384.324
409.686
642.441
323.323
430.936
534.371
691.493
453.254
467.427
659.262
549.738
499.482
460.403
414.797
603.099
955.467
626.825
579.839
581.241
595.394
654.695
642.341
794.133
636.049
680.28
608.602
859.338
852.047
437.451
734.817
732.489
719.113
619.463
856.884
449.01
823.969
418.041
573.245
499.248
630.59
462.528
463.489
537.152
602.832
764.992
714.498
460.712
785.058
702.544
486.415
561.485
614.193
1036.58
823.134
1032.49
620.589
593.945
473.806
649.246
441.922
497.484
459.117
701.549
551.871
406.546
488.457
903.434
572.349
645.51
882.536
518.655
654.398
539.482
801.275
447.587
523.766
783.873
487.127
600.385
515.589
598.879
488.783
591.474
586.927
507.719
653.254
717.565
798.605
955.927
479.646
444.171
566.988
487.763
661.347
387.216
476.193
664.197
721.866
400.092
418.129
590.063
540.047
461.479
502.59
911.055
560.056
666.179
558.764
458.588
664.942
860.546
896.798
633.995
851.822
747.428
918.766
494.222
763.415
715.679
526.894
705.59
603.676
748.798
510.906
635.989
511.474
458.781
622.315
799.883
410.031
675.281
528.549
598.333
607.428
488.831
473.823
678.191
458.442
423.942
660.73
458.775
495.072
467.989
528.505
451.314
666.761
507.486
398.268
578.789
454.843
485.217
664.588
850.167
613.947
533.211
419.563
391.806
512.772
440.599
567.163
634.771
411.207
630.762
416.472
477.73
493.295
711.826
764.682
445.07
474.949
723.873
683.241
676.708
828.581
674.696
523.373
493.786
507.264
577.348
593.419
657.546
554.951
449.892
524.009
822.963
524.891
544.176
594.438
857.351
458.174
707.739
898.743
463.293
646.185
611.539
639.441
413.66
554.779
522.041
468.108
569.281
480.155
882.462
537.493
444.298
576.347
650.713
501.765
512.877
357.589
572.203
624.395
480.276
596.364
645.754
652.257
547.418
723.439
605.211
584.383
955.572
661.072
391.585
442.061
403.733
344.892
870.597
801.466
481.392
490.05
578.877
381.522
494.223
603.057
589.941
590.346
454.76
368.78
396.245
492.969
594.837
599.776
514.447
494.314
420.234
852.654
529.428
613.943
577.708
446.434
464.465
546.367
550.145
613.599
501.422
569.024
768.741
464.34
806.901
431.369
541.498
376.016
633.582
775.786
487.229
478.087
637.618
516.65
552.226
824.512
676.18
862.211
507.76
633.817
738.616
497.368
641.197
562.592
564.451
567.342
436.061
775.346
592.627
602.637
647.403
513.14
528.449
541.415
493.325
510.462
616.38
656.996
594.937
624.236
1096.69
594.265
399.725
695.259
946.7
769.972
566.993
747.804
871.955
598.053
493.55
624.15
497.295
404.059
826.706
422.237
745.679
405.228
566.406
928.238
563.652
520.685
595.596
896.994
599.408
510.296
457.278
639.472
825.244
719.046
816.937
626.483
545.841
416.045
466.247
604.015
586.908
484.298
757.008
460.277
678.283
563.238
708.235
591.903
593.748
521.148
514.106
591.023
661.926
794.617
605.474
651.059
381.791
442.582
527.362
611.465
519.078
482.923
536.898
895.186
595.331
648.031
459.979
600.628
396.233
698.482
655.144
862.07
399.716
602.687
861.274
512.391
472.526
692.568
414.078
508.123
498.026
511.57
507.36
602.133
786.71
691.779
718.17
785.978
593.346
875.169
472.115
522.285
624.986
590.714
524.312
1005.29
722.604
570.058
663.084
464.135
431.486
609.56
513.85
494.759
464.087
384.338
691.755
516.986
589.746
545.615
654.917
606.507
674.138
634.518
669.97
399.459
437.903
552.535
498.124
499.025
461.634
452.351
519.514
684.619
678.968
609.212
519.084
556.828
601.832
638.77
975.619
571.718
511.548
536.531
465.063
338.79
690.992
664.332
717.955
665.471
495.331
823.239
631.416
457.539
567.183
524.707
599.329
516.723
351.79
1748.41
867.598
788.947
478.056
527.256
470.299
589.909
481.164
698.123
681.59
757.383
586.495
409.203
473.194
381.899
362.484
675.263
666.29
384.549
738.94
584.394
794.748
636.148
425.324
737.44
674.077
409.588
573.179
583.707
770.853
627.9
433.306
533.405
682.812
645.252
704.342
673.231
598.763
671.312
640.77
601.839
852.888
716.786
645.05
881.156
529.246
540.998
442.886
752.347
488.421
525.967
914.311
442.697
407.603
520.825
510.656
548.562
600.178
737.301
1009.9
641.663
610.524
302.879
489.311
648.441
467.225
698.131
573.462
364.496
502.666
645.2
599.07
515.681
589.594
852.242
541.557
712.682
446.049
617.906
466.177
824.484
657.072
923.246
599.254
550.649
537.601
774.469
460.841
374.069
626.643
723.659
493.826
661.962
578.38
596.478
392.184
539.691
924.725
532.254
514.117
522.267
526.362
666.219
568.679
431.327
805.427
494.445
506.48
760.724
661.169
576.958
551.778
693.385
618.535
723.496
898.002
676.023
646.666
786.015
802.268
432.317
627.701
592.935
612.631
414.411
523.826
585.333
683.43
816.894
461.427
538.247
573.743
629.934
565.098
552.452
587.931
687.149
628.79
505.34
541.009
532.951
570.571
729.517
610.291
464.31
530.92
721.032
524.028
558.952
623.004
655.421
697.878
595.315
797.187
464.606
357.525
443.518
545.294
448.16
484.387
565.265
715.732
427.737
437.911
563.361
746.918
859.913
788.392
516.653
576.576
558.63
440.543
767.662
545.766
775.675
483.879
525.864
743.87
710.924
552.308
413.795
656.093
666.456
533.205
595.934
507.693
664.817
492.706
525.855
671.282
726.772
657.146
643.975
967.84
467.782
637.586
572.929
651.854
326.837
573.003
468.54
679.183
651.029
620.604
465.97
619.463
366.34
598.315
583.103
657.279
511.199
692.855
878.889
458.233
533.41
484.217
655.314
655.508
502.87
568.406
699.071
685.815
627.736
900.566
669.999
954.348
605.205
621.284
549.591
559.312
445.198
385.764
662.932
548.765
595.887
467.379
468.956
557.197
542.075
554.418
457.421
409.638
599.45
454.31
612.682
404.357
507.32
364.599
606.035
787.995
512.207
537.584
562.837
530.001
535.375
458.416
324.507
474.628
435.599
816.543
609.414
614.075
1244.66
514.545
353.188
569.022
741.372
472.939
426.741
478.518
515.683
525.736
433.428
686.765
553.802
500.742
661.211
980.639
427.552
511.773
511.399
483.42
565.663
583.862
453.301
456.353
360.578
846.413
509.291
424.248
564.382
866.4
496.485
624.813
517.669
630.987
618.878
881.406
563.46
936.122
568.683
768.153
693.135
695.029
641.92
454.86
855.579
1113.68
583.077
461.848
606.286
532.747
560.944
727.922
501.519
751.377
441.164
517.676
444.899
596.026
518.252
518.121
601.588
523.799
566.057
509.614
500.563
670.478
517.13
600.464
446.912
755.68
744.909
692.675
607.56
628.209
677.244
447.058
842.807
446.283
511.331
460.621
738.209
684.088
541.98
567.703
667.063
926.672
684.556
573.806
598.847
543.839
606.584
527.746
655.26
541.485
404.677
745.121
526.567
522.35
537.051
492.257
456.981
732.591
553.985
633.796
573.976
720.268
487.631
833.661
1053.24
594.89
621.598
476.976
547.741
470.78
605.814
559.494
582.9
619.062
519.359
523.178
496.449
266.236
754.008
459.003
464.44
476.336
539.995
377.215
427.981
611.238
698.253
529.391
439.037
406.523
555.091
339.442
402.838
608.332
688.533
721.062
457.629
670.382
495.102
523.433
767.26
506.493
579.943
637.586
667.763
623.186
550.895
565.858
520.257
408.369
728.671
640.468
619.291
611.955
314.232
498.02
618.365
644.076
774.938
565.171
865.707
609.344
608.332
669.088
592.147
608.758
547.403
524.713
474.071
718.355
518.904
557.132
601.149
629.69
745.585
659.558
430.22
882.534
432.555
596.373
615.117
709.598
752.175
572.112
654.458
1004.77
390.896
534.206
459.627
652.562
420.008
608.128
400.61
642.116
591.771
554.077
368.572
524.378
569.438
476.541
663.829
833.191
717.422
361.818
555.557
786.606
709.502
770.371
638.627
436.472
588.859
464.739
761.801
609.431
541.106
465.373
926.847
440.276
456.474
797.452
627.658
720.569
564.197
884.634
625.718
487.811
325.876
525.619
512.308
524.13
740.617
704.321
608.456
468.522
517.851
523.326
582.972
631.486
528.306
787.86
492.258
715.726
386.654
581.582
630.574
585.472
486.105
455.585
534.665
559.968
679.958
479.059
718.033
484.316
571.324
573.177
1126.88
530.751
384.817
762.352
381.612
401.24
463.696
690.952
485.919
536.143
469.391
502.165
771.197
498.329
825.327
507.804
640.536
371.081
625.913
715.545
692.706
514.722
627.921
497.174
751.217
493.587
540.816
650.152
735.952
643.968
637.139
583.037
639.829
446.11
498.354
740.37
680.122
572.572
486.26
614.312
668.982
678.926
621.002
768.096
714.692
474.762
660.01
571.685
699.135
653.375
514.519
517.91
592.287
377.107
656.315
596.216
504.354
810.905
577.385
659.662
512.523
825.822
523.505
793.065
702.288
559.124
628.829
652.358
680.308
400.173
840.643
1077.39
685.7
887.752
471.256
593.422
553.747
614.343
530.738
744.741
581.461
438.643
849.098
895.589
474.824
643.349
478.684
647.364
489.673
585.729
549.282
891.212
743.112
620.814
655.604
605.461
506.414
762.317
548.352
486.606
892.166
833.511
544.731
596.545
382.065
489.165
415.264
592.055
525.574
557.165
464.027
849.414
544.501
699.386
692.016
441.123
581.903
758.262
418.569
758.988
656.266
614.927
524.735
586.671
643.369
422.478
1020.53
758.775
658.58
510.431
484.491
645.508
662.697
383.804
500.243
367.016
739.471
547.474
613.869
528.376
624.52
510.229
468.595
743.935
600.572
655.813
643.132
563.108
609.137
497.471
685.93
587.684
675.406
678.632
588.907
559.599
610.039
611.705
765.699
435.716
413.528
507.595
524.869
939.712
548.427
617.827
638.06
510.627
619.532
525.175
651.586
667.213
581.7
356.046
703.175
420.229
846.969
741.685
596.522
631.291
564.157
346.394
664.875
573.392
521.945
497.772
391.658
602.537
733.659
610.434
959.212
611.99
727.904
727.156
631.788
658.754
531.556
513.927
349.047
929.323
704.189
408.042
695.825
592.744
519.553
728.991
498.106
671.373
401.453
405.897
441.914
646.099
471.928
496.222
612.685
639.439
526.71
480.565
615.313
482.755
511.674
810.155
760.217
716.768
502.526
444.314
655.055
597.037
531.159
585.577
467.878
627.564
646.225
647.603
698.514
809.432
627.806
422.626
587.064
536.869
702.62
716.196
687.398
370.249
447.759
642.287
618.777
610.981
599.459
532.713
701.172
433.042
647.787
436.58
769.263
521.625
654.138
710.847
700.966
792.015
683.183
445.146
455.336
378.373
771.95
499.631
797.748
650.486
876.719
533.55
546.763
918.674
543.031
425.061
560.112
321.992
449.275
657.276
536.303
588.463
468.54
377.443
861.915
663.04
614.937
543.491
551.31
718.239
603.834
635.404
490.201
345.565
671.29
522.719
1141.03
663.067
601.828
752.477
722.142
587.125
648.375
816.748
945.035
738.198
719.628
522.632
558.606
677.152
662.955
533.946
465.58
682.179
572.248
604.845
810.204
552.85
666.619
580.945
624.092
638.955
699.754
513.653
630.305
877.286
589.037
528.264
709.509
368.151
443.102
759.73
736.812
727.934
520.644
462.555
583.184
827.984
678.632
885.792
982.78
687.242
717.699
839.633
846.664
568.799
455.482
528.856
580.813
727.546
556.729
659.576
569.565
373.952
629.396
540.404
462.881
585.589
861.19
750.969
632.123
635.944
756.556
933.749
722.616
702.633
505.974
641.299
584.268
408.686
633.367
546.43
448.275
445.166
398.12
739.044
928.943
526.299
745.445
599.077
713.638
631.933
421.249
373.383
777.178
413.216
660.105
543.092
699.553
664.572
403.903
668.565
495.087
428.592
614.92
856.283
702.092
566.046
455.489
500.38
671.166
535.373
522.737
894.156
619.109
514.379
587.698
505.095
483.057
744.026
868.503
530.019
665.212
675.207
382.505
460.607
426.066
656.088
449.061
1000.63
481.162
962.119
513.6
575.483
524.323
491.764
715.648
761.759
814.525
790.917
476.895
571.983
873.657
636.507
633.986
470.532
454.356
648.84
451.711
575.724
815.63
458.684
422.105
668.928
774.422
449.79
503.862
522.772
690.674
661.946
673.688
570.15
621.132
731.255
677.225
510.655
692.847
660.326
379.263
534.817
445.581
551.183
536.229
596.791
591.881
790.1
584.133
466.257
664.092
773
765.998
674.336
565.767
494.045
626.995
570.174
529.341
860.127
473.161
628.592
628.996
744.562
617.679
524.016
380.892
591.194
512.126
625.114
485.157
628.753
600.383
727.722
460.23
677.401
483.535
733.462
316.345
434.377
701.843
565.3
639.61
765.278
992.024
667.807
670.579
590.593
620.064
523.001
755.274
508.164
462.258
456.413
745.858
750.847
730.722
529.271
355.119
705.152
499.135
597.053
641.612
619.998
896.732
720.836
564.747
528.4
682.09
518.124
689.636
719.373
631.352
950.877
531.279
841.218
364.623
480.738
525.657
719.51
552.479
498.385
610.667
623.06
563.232
767.889
816.616
1216.95
838.444
540.433
722.358
578.731
647.851
630.355
414.889
571.309
795.822
658.246
639.574
549.396
527.175
977.978
626.337
1026.34
599.87
895.749
439.43
659.419
511.59
466.259
414.03
550.14
479.68
956.736
649.073
701.509
798.809
739.871
530.892
781.114
710.571
694.045
696.629
625.723
715.408
498.578
500.471
565.55
462.584
549.995
557.262
604.252
749.318
736.648
468.747
808.163
562.122
663.977
597.027
683.663
554.446
432.004
490.336
596.726
396.308
692.143
512.284
397.102
617.479
608.539
636.408
501.409
676.657
441.208
658.969
856.873
504.75
703.842
591.521
446.079
518.612
511.676
549.754
523.381
524.215
548.06
526.032
737.387
629.723
461.849
474.308
712.951
558.287
923.353
579.265
698.42
566.461
551.975
426.458
560.897
522.112
585.736
466.909
554.762
679.24
527.066
487.589
380.13
459.53
793.112
547.722
533.49
563.965
334.326
445.441
690.712
485.053
469.7
789.02
518.529
594.611
570.739
729.577
527.53
669.327
768.348
660.903
516.024
488.751
587.553
385.659
465.111
611.639
553.153
632.507
655.601
714.028
461.882
704.05
603.692
603.271
649.971
559.507
632.219
724.296
537.361
599.929
637.015
429.899
492.47
595.212
715.449
622.476
496.055
552.635
501.648
713.109
391.97
432.255
480.746
652.518
575.2
420.612
632.75
490.26
400.033
624.31
593.567
391.809
648.296
538.254
880.606
574.954
456.422
661.32
517.941
1235.97
405.331
520.827
697.066
563.891
519.388
907.96
559.489
429.905
572.095
438.344
798.372
703.978
654.158
502.584
521.468
414.331
653.835
557.022
556.479
487.656
652.89
427.653
931.585
638.336
693.302
445.663
396.364
655.687
544.53
470.524
568.512
478.278
407.777
409.817
661.391
553.261
671.667
418.231
516.263
474.106
358.928
549.03
491.263
713.886
702.961
546.609
530.356
821.98
460.564
449.981
664.376
403.667
521.686
619.922
673.961
955.141
639.197
469.59
468.088
563.06
729.813
457.245
597.278
338.798
423.369
628.196
727.293
739.461
538.981
727.67
461.153
447.086
673.053
647.04
443.765
540.736
632.931
441.322
529.799
564.783
584.384
600.027
509.809
457.451
709.261
428.436
484.703
405.347
515.907
507.473
592.339
633.182
458.938
629.562
556.106
534.957
668.079
693.612
1155.17
663.479
730.22
640.852
585.586
591.323
692.22
628.13
1107.71
764.084
465.837
871.465
582.776
494.502
504.271
780.377
490.725
371.705
620.947
714.76
482.023
559.868
690.88
650.76
1043.97
606.992
405.419
483.143
487.955
549.326
649.031
645.467
549.12
582.117
610.301
649.923
469.532
507.631
449.916
593.376
890.022
549.544
395.804
577.901
535.367
672.396
749.027
546.235
687.374
379.084
399.852
767.209
417.718
590.508
561.638
563.11
465.578
443.009
881.899
1003.47
497.185
563.482
531.607
864.673
581.082
444.698
632.93
456.917
491.314
671.003
754.689
406.718
591.18
524.131
759.747
515.125
536.981
670.274
711.414
571.065
797.755
758.594
514.618
675.174
739.282
1094.14
389.569
743.857
557.556
403.584
552.037
627.939
641.306
942.634
709.129
747.529
733.056
591.909
532.903
471.082
653.207
479.443
503.715
891.213
415.548
434.449
554.348
688.411
427.457
666.001
812.684
496.736
562.735
631.53
610.894
496.45
480.822
554.764
639.119
483.573
438.166
324.584
551.086
514.622
1186.83
573.674
517.683
646.053
414.616
706.123
694.829
508.097
714.657
518.671
603.095
555.253
623.444
585.429
453.618
476.733
582.589
630.303
499.331
560.116
620.68
407.222
385.453
408.912
566.09
756.987
899.232
396.975
511.681
734.284
702.356
828.557
949.994
433.187
765.31
780.749
428.516
554.483
443.87
690.006
625.98
504.213
475.404
616.342
358.576
681.345
649.778
483.348
629.084
925.586
746.643
502.915
370.522
626.445
507.561
617.299
555.631
655.079
706.901
802.165
605.678
583.2
792.137
520.697
542.488
663.638
457.475
680.782
591.445
593.696
771.619
683.896
624.547
499.679
576.268
605.698
455.35
816.519
572.02
542.821
727.753
540.038
568.798
456.803
689.24
847.04
795.027
663.921
466.275
480.047
439.027
566.588
520.689
910.886
437.399
486.171
463.876
427.681
475.583
464.53
686.231
884.019
569.52
676.423
484.505
499.159
625.376
612.125
517.412
665.368
717.028
919.835
572.365
563.463
759.974
326.27
481.028
665.847
642.731
648.285
487.302
1047.77
513.4
513.406
427.97
700.124
574.704
567.886
712.701
728.359
646.754
437.703
410.383
617.639
690.563
424.816
467.119
321.709
518.137
629.229
391.778
658.749
447.709
781.108
622.813
624.435
956.629
763.486
777.642
634.179
686.689
553.556
477.472
586.761
503.188
586.588
381.05
637.204
556.452
604.574
679.344
418.346
670.784
481.863
811.965
412.011
701.807
422.462
776.858
519.904
502.311
488.407
516.342
519.894
590.674
520.959
610.508
694.918
562.226
561.498
828.982
541.217
456.154
374.636
619.373
632.685
580.323
769.958
514.835
533.225
548.534
550.693
486.227
675.414
671.819
492.553
509.233
422.864
643.326
434.576
575.887
579.082
635.229
649.354
803.21
569.663
930.261
748.978
331.146
385.655
520.072
468.997
478.622
497.135
592.325
616.603
528.747
389.856
440.288
715.392
341.737
570.146
597.017
553.15
474.002
530.283
565.685
484.948
587.525
569.702
677.98
655.483
757.064
428.022
592.693
529.653
463.834
719.678
496.675
839.475
523.021
553.095
654.539
609.304
590.876
699.681
590.651
374.464
403.431
562.88
408.072
505.745
505.659
574.072
638.253
575.274
549.346
622.911
718.161
451.516
466.997
595.675
651.903
649.779
991.121
367.569
774.721
846.992
693.978
473.469
476.616
414.593
497.595
725.542
413.97
554.04
479.43
348.385
440.391
641.632
651.8
505.507
470.57
594.512
405.017
905.741
1067.32
547.138
618.057
794.65
566.232
429.264
474.598
553.406
472.02
509.383
610.462
592.481
766.641
757.078
615.379
449.518
436.331
550.768
930.734
579.268
758.785
704.308
701.48
585.584
766.054
726.022
749.971
588.792
446.046
474.898
401.831
670.494
561.992
595.869
699.71
972.873
622.872
423.341
725.236
588.897
610.183
542.481
702.583
810.993
551.162
515.887
670.352
456.565
567.444
403.267
562.259
559.347
629.139
606.399
492.943
582.977
557.19
752.273
530.893
971.601
634.09
661.445
872.776
545.756
810.311
559.105
614.408
773.178
455.301
472.546
923.311
622.053
546.244
693.64
491.55
418.61
686.297
610.007
639.599
657.838
597.09
807.912
924.293
407.534
317.205
510.74
691.514
559.731
539.694
550.311
550.238
515.588
528.242
467.14
593.952
600.845
1005.27
535.211
617.364
605.844
461.237
408.972
437.192
371.491
649.575
594.682
580.432
676.952
520.197
424.379
357.76
941.404
602.106
706.877
473.442
667.198
419.144
679.058
726.149
659.137
524.785
434.465
520.247
463.308
538.367
532.41
440.666
559.785
386.708
553.142
606.83
396.485
760.599
429.215
955.234
637.266
638.492
393.11
634.135
569.447
381.788
642.974
562.775
500.638
500.006
519.883
694.165
462.451
713.813
965.472
748.749
624.664
421.962
554.931
651.036
643.696
432.676
738.598
715.529
667.015
548.31
397.998
1367.51
494.296
521.989
554.124
535.752
887.729
945.079
571.528
623.148
486.128
412.772
435.757
408.64
543.97
582.072
645.587
603.469
362.333
683.004
528.283
417.632
790.964
736.877
651.268
838.486
649.75
864.18
638.502
505.66
442.563
492.173
411.608
534.805
456.94
577.837
628.498
784.784
544.157
477.01
724.495
805.963
528.755
725.873
551.081
470.005
530.287
493.586
679.699
499.412
504.196
465.745
539.599
527.125
483.997
529.941
510.972
535.642
659.031
537.763
674.775
711.795
553.25
710.246
457.299
778.557
652.906
569.313
699.488
631.874
831.048
548.129
571.941
457.693
556.336
673.469
618.915
535.268
534.652
432.131
807.221
702.941
503.315
668.997
646.39
766.107
768.361
406.687
480.878
636.275
487.029
562.004
459.505
620.24
661.167
703.644
844.169
545.189
558.841
569.489
430.991
850.468
710.817
588.815
741.9
470.371
499.509
524.723
579.267
502.876
447.385
996.763
603.871
493.379
628.418
467.44
542.112
403.241
572.978
602.115
914.014
459.519
634.743
848.712
503.388
466.28
607.181
726.154
780.394
570.399
483.454
455.512
550.892
490.473
627.704
506.094
658.824
582.037
460.395
575.407
620.037
465.322
764.784
497.292
458.564
523.526
672.353
570.801
522.004
588.463
741.409
651.788
480.453
549.757
503.15
534.41
641.18
722.102
551.853
535.8
380.96
627.52
528.49
447.379
392.686
624.699
755.72
711.853
530.743
860.642
761.407
572.07
519.162
496.661
764.643
529.918
600.279
438.517
683.012
640.205
527.526
714.405
562.489
675.526
748.698
638.429
521.272
492.261
457.313
779.682
677.68
706.033
696.347
569.955
465.026
487.102
758.148
445.678
545.263
707.003
576.755
567.637
663.791
610.384
658.532
549.618
397.375
569.643
618.551
591.155
667.817
382.808
835.965
606.117
648.799
578.441
525.917
539.905
679.996
454.147
609.074
480.769
439.744
594.521
554.283
1037.14
485.216
726.246
436.426
812.286
1429.28
499.353
809.851
646.41
445.733
660.852
780.929
640.562
694.881
461.511
603.837
612.06
468.346
542.836
580.282
646.498
556.543
604.494
512.068
846.384
620.525
853.527
440.942
535.53
430.549
462.646
728.447
457.331
633.266
581.293
581.075
631.248
899.97
675.496
519.144
500.215
462.22
499.443
326.874
597.647
781.755
697.298
504.828
773.648
625.434
798.598
570.714
831.643
661.927
804.513
457.892
851.319
608.065
521.435
731.161
547.107
472.584
640.473
372.122
535.779
646.194
780.532
500.026
572.097
393.517
549.519
687.595
575.894
611.578
673.089
546.728
462.884
439.813
466.848
708.731
858.156
1045.66
739.231
558.227
674.697
587.79
601.082
388.956
580.32
534.639
543.832
566.227
565.761
561.348
531.766
513.728
406.267
449.694
373.577
731.347
501.443
862.115
585.953
825.133
740.311
862.644
664.568
621.689
479.807
476.642
460.832
505.524
412.102
679.328
370.918
391.449
518.099
501.98
708.073
562.235
572.191
598.656
497.52
559.935
672.409
459.544
602.087
598.193
549.368
798.506
534.957
484.608
440.078
464.513
653.066
466.756
616.169
519.432
823.986
687.381
546.179
553.864
583.191
625.382
616.993
813.86
672.684
561.529
503.897
615.285
638.995
844.85
589.097
512.332
488.386
612.311
600.659
290.381
479.679
747.984
701.172
357.122
763.429
481.814
749.691
481.594
430.23
680.947
429.448
473.455
522.406
670.298
497.282
661.542
949.698
554.663
347.896
501.909
451.938
445.985
742.179
724.827
623.994
712.099
550.09
740.046
602.332
695.9
695.065
438.364
727.499
562.679
545.531
446.278
351.717
478.026
682.424
579.745
527.434
695.788
448.205
503.409
649.922
646.313
665.229
649.689
917.434
848.922
801.47
461.653
586.538
834.161
525.355
497.36
603.85
465.058
573.536
406.54
613.369
539.771
668.812
627.461
556.126
647.095
865.348
459.451
1058.56
702.948
574.456
493.863
527.313
476.851
773.774
521.18
484.597
578.557
470.559
490.329
516.799
518.012
519.766
585.494
529.992
620.822
586.628
708.995
792.959
529.92
603.063
466.788
546.342
469.723
542.634
1006.68
1106.8
692.427
439.655
400.065
658.217
619.014
650.451
576.564
446.921
574.098
822.452
934.048
493.321
636.388
496.91
560.069
658.015
547.856
459.281
593.368
660.276
697.638
613.679
795.013
962.664
562.538
535.778
485.84
573.21
584.246
363.906
637.137
488.65
934.957
421.396
695.91
496.992
711.904
769.62
480.4
562.105
688.863
701.018
577.018
544.864
518.827
796.918
513.885
694.543
546.251
701.109
919.124
403.33
549.775
593.135
388.268
419.701
937.262
529.718
886.859
913.513
691.294
604.11
630.073
596.077
432.519
499.473
425.39
572.539
551.452
805.919
586.722
336.396
489.193
558.813
793.269
582.787
868.766
653.353
622.242
391.914
651.611
558.124
532.761
690.623
745.193
627.032
620.327
393.666
524.095
590.632
629.939
700.105
597.763
646.947
466.575
561.785
632.414
608.388
651.157
511.569
674.869
381.88
424.961
651.743
691.756
639.11
614.111
474.096
442.454
440.693
593.082
503.069
669.226
474.866
737.181
481.614
818.689
713.227
563.321
446.667
583.012
421.92
404.221
614.658
566.61
518.602
723.574
587.817
589.398
682.228
487.45
654.4
542.528
628.611
527.008
1138.03
474.202
834.325
308.746
393.462
340.653
686.131
1123.03
394.041
737
1165.67
533.21
570.867
462.075
376.388
699.396
495.249
598.06
568.881
466.434
872.908
725.284
550.369
617.938
620.598
600.883
417.455
539.335
609.831
660.501
372.3
768.993
762.645
536.839
561.768
504.218
738.274
615.017
532.905
463.249
479.595
660.544
775.494
777.476
559.357
529.405
340.37
732.04
661.868
789.274
534.919
844.368
666.029
394.291
568.745
637.528
642.566
464.74
514.218
486.649
541.568
541.23
641.741
448.808
724.228
558.047
706.655
564.762
595.664
697.892
672.322
529.858
653.372
1026.4
749.979
549.727
651.427
656.944
641.906
684.621
605.865
593.564
614.476
506.995
801.999
438.588
642.559
435.323
579.537
623.455
703.348
595.976
588.154
725.512
1084.4
524.68
705.457
804.276
695.604
479.858
738.455
601.298
685.506
452.452
1094.23
629.448
565.426
549.531
531.451
679.85
636.681
584.722
534.644
678.01
967.541
542.609
765.648
743.962
654.286
541.273
340.322
600.329
552.602
710.56
714.808
523.537
511.407
491.326
482.825
604.854
706.55
459
653.373
453.273
546.924
444.796
640.842
461.127
740.876
446.672
609.734
522.602
742.754
623.069
506.601
470.443
421.398
519.035
719.772
472.824
613.124
548.423
713.881
407.923
754.839
561.545
461.355
684.671
606.87
1035.81
518.211
566.121
600.071
954.888
535.969
438.25
792.776
363.783
941.389
641.21
482.795
563.427
909.439
419.259
513.655
680.297
433.478
874.984
708.144
519.784
384.833
518.247
478.821
529.73
665.794
999.913
505.667
423.2
633.156
802.177
549.665
412.986
706.805
661.599
876.349
716.267
576.963
378.952
579.885
402.323
371.828
507.274
503.658
443.07
802.4
670.863
732.553
648.404
536.452
611.413
697.305
654.033
279.115
355.858
773.235
658.251
362.488
490.511
697.826
530.124
562.937
646.774
803.725
674.06
464.103
639.169
805.948
425.745
692.113
578.369
292.016
488.624
624.81
545.722
584.406
750.918
777.104
529.557
630.475
569.14
774.533
573.924
784.415
491.513
638.077
712.114
448.193
486.26
706.254
446.848
717.838
545.008
843.065
598.85
763.518
601.377
548.52
684.995
623.83
540.635
380.376
606.94
469.265
545.475
908.379
597.679
586.114
637.656
627.656
636.021
477.67
774.311
817.919
503.046
484.856
621.446
464.721
652.3
548.695
479.483
438.765
423.919
429.852
545.017
526.948
600.987
499.921
658.83
692.076
706.954
664.76
792.114
468.096
754.484
839.004
678.16
390.145
853.253
437.089
478.916
590.701
482.808
711.246
563.728
897.742
583.01
440.917
555.857
650.261
695.208
547.587
539.274
607.407
619.169
467.827
625.74
519.193
736.056
498.813
452.475
679.082
468.774
618.691
766.521
722.655
570.034
471.655
711.422
659.05
424.204
601.953
597.15
673.931
565.548
543.459
628.486
430.453
334.445
451.979
475.071
581.893
525.893
615.971
685.592
819.942
653.549
558.388
538.319
362.303
377.849
511.129
511.773
540.642
614.23
908.822
426.148
740.605
351.021
413.306
428.295
526.683
741.794
779.094
440.766
445.183
534.517
515.11
536.146
649.114
430.91
450.5
510.605
505.619
649.882
415.221
584.753
353.785
597.196
728.252
615.625
439.533
606.013
499.066
1076.19
453.997
357.373
767.865
467.54
919.004
470.789
600.52
649.963
830.967
532.692
509.972
682.264
642.386
492.62
418.073
548.973
627.468
522.529
755.955
615.267
609.149
700.06
326.27
588.021
797.72
489.537
647.926
552.503
541.469
713.365
783.289
554.093
491.063
622.106
818.578
439.07
496.621
453.92
683.622
546.515
473.617
619.984
343.201
481.849
460.794
578.758
461.722
544.338
567.441
991.788
719.181
700.949
557.198
500.838
706.153
501.659
805.615
552.431
394.248
531.257
546.554
936.485
762.3
620.244
546.474
811.125
538.694
494.104
498.143
653.71
641.986
752.438
724.773
568.939
396.059
541.003
595.434
604.219
526.393
650.749
518.941
769.759
514.098
657.411
669.151
536.956
533.999
651.87
763.868
727.038
592.945
490.238
618.843
463.729
541.493
431.002
530.631
654.484
660.809
557.091
483.874
545.542
726.599
673.937
802.153
441.728
451.054
486.409
629.187
668.554
863.043
531.15
517.202
483.189
454.554
1124.82
477.04
491.606
649.995
707.614
364.243
838.819
478.177
496.663
689.434
527.323
645.462
455.276
511.508
677.455
1015.28
1000.76
607.625
592.197
671.017
555.049
392.383
667.146
680.72
579.941
720.562
723.304
738.404
639.041
480.429
621.111
508.784
796.29
512.701
293.892
687.83
694.879
576.883
635.416
636.468
721.997
674.081
517.851
492.398
366.543
942.872
526.645
735.101
820.445
525.71
715.397
812.21
477.361
375.43
486.312
698.871
651.802
615.418
642.985
557.362
624.129
525.726
442.682
700.754
619.432
461.443
785.707
436.921
587.643
700.331
588.32
1376.31
513.183
605.14
517.704
558.875
694.082
439.777
634.857
509.133
561.068
543.868
781.618
433.558
458.247
762.151
679.398
496.178
418.579
622.737
580.158
829.79
824.7
549.154
463.091
446.051
560.215
381.153
677.026
460.52
680.17
578.256
515.54
507.902
655.176
420.694
413.52
779.945
845.356
605.689
542.643
696.423
617.314
561.015
504.049
366.49
688.56
504.746
507.069
583.765
533.16
366.016
676.907
349.908
544.874
639.683
501.18
513.379
291.669
470.948
488.855
463.584
698.582
547.306
490.527
770.779
703.181
543.513
419.364
691.862
551.068
657.579
569.616
557.201
1140.48
535.964
680.446
411.922
592.889
851.325
640.847
649.427
784.154
698.031
577.873
513.044
638.506
568.538
743.565
661.044
635.273
611.983
497.049
531.293
348.738
971.351
481.539
529.121
437.384
668.388
662.508
768.395
535.22
457.25
855.434
643.883
722.671
463.676
464.536
502.718
644.801
1038.57
667.618
632.27
570.15
449.685
448.689
404.351
823.877
441.167
561.468
576.41
496.951
753.826
940.235
588.312
410.557
483.939
601.881
661.449
569.335
567.416
445.205
628.04
650.555
601.518
526.561
568.476
907.594
514.648
466.098
937.381
335.837
532.941
829.003
678.719
554.116
666.901
651.106
785.121
599.259
442.26
394.722
562.317
669.843
444.488
627.387
544.129
472.842
575.079
415.828
825.592
482.613
792.774
436.543
507.464
431.175
407.289
669.599
503.584
549.691
674.06
452.973
418.576
530.318
763.473
679.431
732.392
508.874
692.339
588.876
603.288
470.186
556.645
664.841
491.902
518.95
351.309
538.712
600.17
632.814
595.919
511.21
874.294
485.689
399.414
658.626
414.741
470.633
767.895
779.118
586.347
944.594
416.491
489.2
367.46
637.308
734.99
594.446
731.01
528.046
750.185
601.415
835.162
649.785
537.989
584.758
516.608
600.845
519.571
652.419
599.809
685.475
511.281
686.419
472.597
679.284
753.724
760.521
430.031
449.584
524.782
690.995
565.602
833.585
648.171
498.878
590.371
597.006
694.244
457.246
544.681
418.433
686.61
638.467
772.296
544.064
632.784
841.635
813.428
589.973
563.038
625.763
557.451
911.614
574.676
643.383
663.673
517.764
444.682
567.206
591.683
471.589
502.449
585.357
363.14
508.636
749.735
725.043
491.34
561.22
577.595
574.534
877.933
571.086
649.162
644.074
583.417
670.257
526.313
672.83
670.223
496.847
478.819
466.215
504.355
564.941
911.329
433.633
476.725
815.125
485.246
706.376
539.043
665.322
523.805
517.641
793.688
638.051
617.571
365.797
692.483
549.791
738.056
516.414
669.01
664.446
832.687
444.987
432.306
434.79
775.295
512.092
517.179
510.428
786.689
625.069
879.741
464.766
481.179
468.239
582.83
773.83
736.246
927.139
804.41
602.581
772.791
844.867
729.337
427.89
701.466
727.783
423.051
753.035
315.766
689.162
538.543
1067.18
574.289
579.147
531.037
747.503
575.137
414.559
591.587
498.757
903.972
495.692
611.525
908.835
720.518
649.909
587.159
622.624
433.57
493.934
582.206
611.37
634.449
853.484
487.8
531.186
577.921
715.364
487.888
491.514
440.586
871.283
505.605
461.87
727.811
858.925
499.613
515.849
360.133
764.753
662.612
584.019
633.175
520.683
657.007
627.436
467.611
523.134
576.304
474.641
767.815
711.894
520.996
651.339
619.566
492.959
668.963
548.296
646.976
692.53
516.396
906.141
492.794
753.942
557.457
507.233
696.971
531.735
669.403
620.272
629.034
772.337
775.405
451.185
399.439
562.288
494.176
662.871
656.983
356.615
697.688
812.18
497.624
546.461
510.057
698.567
814.073
676.511
692.834
624.761
515.854
541.45
591.23
564.659
486.584
592.171
585.144
495.617
437.163
656.195
521.447
590.015
504.672
633.354
359.403
734.104
530.857
632.499
422.136
624.645
578.991
825.709
581.015
587.357
679.048
590.693
413.477
558.631
701.149
742.749
735.127
625.142
524.218
603.151
608.323
506.895
493.593
615.986
485.703
478.492
521.532
534.318
535.339
467.251
597.002
371.13
676.426
468.066
697.929
635.874
693.959
592.153
810.603
662.706
483.08
1043.49
639.873
770.326
618.115
460.475
897.371
526.915
556.846
430.346
361.136
639.971
613.361
765.862
688.313
364.054
586.292
473.7
641.856
754.24
563.755
957.517
593.603
510.144
704.465
564.08
763.161
670.992
439.629
339.238
642.41
719.886
563.975
787.638
623.345
699.98
454.777
502.068
556.825
651.276
727.248
706.989
479.694
571.907
433.453
693.164
956.039
595.259
498.72
413.48
450.384
834.721
563.045
601.896
464.322
453.393
686.97
546.249
539.553
610.097
531.252
693.77
945.321
724.841
416.095
717.206
909.528
561.497
820.427
494.3
545.256
381.717
795.819
430.857
357.587
503.245
589.265
450.515
551.822
622.351
508.868
535.758
567.718
429.757
793.566
845.026
908.343
484.072
709.956
574.209
603.487
581.838
575.238
592.442
672.312
642.844
614.336
642.54
551.758
351.468
549.879
681.407
894.096
406.548
627.391
689.648
581.418
535.211
495.247
684.252
546.873
560.252
457.636
486.506
739.043
690.792
418.652
673.117
570.528
652.106
636.865
730.827
739.456
707.82
416.085
610.587
607.866
504.156
674.093
629.804
795.153
490.045
543.881
560.817
664.501
518.276
478.015
982.3
415.372
477.716
465.261
589.442
797.488
450.391
833.437
529.272
402.782
812.866
390.806
608.216
636.082
464.491
371.131
352.581
479.301
399.28
730.688
550.89
562.643
592.171
701.425
733.134
406.997
557.005
809.154
705.995
456.871
545.289
559.479
552.124
677.612
378.661
534.976
488.679
467.299
491.168
485.415
593.725
660.644
644.343
683.327
357.363
606.663
600.301
762.466
379.557
533.532
773.877
878.778
493.047
531.981
532.082
722.179
687.74
612.74
524.762
688.898
647.554
905.079
420.846
759.946
702.195
754.836
561.629
632.757
517.248
527.059
692.939
478.242
589.624
501.487
598.76
709.338
446.724
607.902
398.74
626.781
497.288
569.563
512.142
528.023
595.658
511.288
585.901
544.923
485.711
559.663
479.563
538.289
705.469
625.977
709.15
519.96
678.151
704.691
758.567
321.694
662.644
603.642
514.015
562.641
689.212
532.443
566.721
751.292
705.316
514.935
756.73
447.821
558.498
584.332
622.882
1063.92
487.906
546.982
446.062
747.103
553.214
449.483
463.983
405.966
535.935
629.358
429.523
518.315
731.826
479.673
558.318
699.521
630.124
767.777
738.065
525.777
486.012
537.049
458.067
623.794
534.351
724.558
579.101
775.707
649.03
572.469
360.612
545.772
510.278
726.641
871.711
534.168
726.035
683.66
483.265
599.185
600.648
498.509
458.437
588.545
519.574
588.048
625.46
544.946
470.009
639.98
737.202
558.435
490.403
819.927
660.977
473.21
454.17
702.421
921.018
525.652
651.589
706.098
421.115
619.999
719.941
553.43
561.588
596.736
443.666
356.57
740.274
681.356
511.902
518.934
526.985
427.261
570.124
366.29
487.5
607.372
415.132
844.671
736.952
427.686
575.21
604.108
938.697
429.333
500.03
640.578
565.293
435.096
557.878
1067.54
659.989
477.84
675.15
714.679
465.601
684.548
832.86
521.895
653.348
612.59
743.095
456.134
508.487
430.439
419.423
436.15
553.984
784.746
511.219
723.282
512.975
617.018
479.147
774.873
548.089
598.883
652.887
596.432
488.592
590.525
485.943
650.812
715.252
552.157
725.544
401.686
421.717
595.498
493.825
614.532
352.017
598.585
458.804
641.184
747.583
473.968
492.941
917.257
574.968
436.2
645.782
540.633
583.827
488.705
584.05
733.848
699.952
563.295
452.744
601.433
772.925
665.411
618.305
585.924
804.532
546.068
803.692
634.088
556.142
547.711
620.344
773.026
522.826
516.344
477.22
567.725
695.405
456.674
850.094
725.881
673.656
871.742
567.444
440.691
617.434
644.826
386.592
451.024
457.62
544.668
648.95
507.102
645.02
661.975
563.535
669.877
693.744
457.266
398.088
479.431
676.728
603.976
586.307
406.009
329.065
531.976
692.351
598.079
570.149
793.863
675.739
485.735
553.378
665.724
437.996
649.321
483.156
512.657
425.431
444.069
392.35
519.894
528.3
572.095
509.266
562.564
639.167
802.976
595.797
522.728
612.211
580.299
510.677
548.394
1047.21
720.299
471.06
523.329
558.636
732.194
514.205
865.835
523.055
805.759
342.952
570.824
742.998
399.798
472.292
561.718
521.956
381.038
706.145
737.736
558.099
616.605
639.621
651.998
542.754
728.935
620.42
581.606
577.937
408.171
603.093
683.092
602.287
599.099
462.595
755.129
584.168
631.55
641.165
633.893
981.213
461.704
538.258
610.104
502.025
534.138
545.681
467.713
740.808
522.459
468.674
473.947
820.739
428.869
714.076
342.212
554.93
562.22
550.372
512.627
466.579
413.563
661.065
679.227
764.377
548.42
695.968
413.416
505.2
410.382
463.32
645.701
465.896
565.211
358.66
647.213
589.282
766.184
445.087
759.582
761.853
425.776
885.216
397.706
457.324
676.207
523.115
628.289
518.811
633.231
732.714
694.985
734.265
680.345
469.741
485.95
561.967
353.34
683.617
622.999
638.913
875.533
525.35
468.776
555.244
476.202
531.084
555.282
618.496
447.982
388.101
837.987
643.525
563.871
758.009
567.618
903.612
525.78
548.238
519.536
739.964
482.442
834.529
646.26
484.372
562.386
758.611
611.882
550.967
614.622
633.31
740.897
616.067
516.827
595.434
710.324
446.267
631.245
507.404
616.047
398.188
682.512
463.379
451.533
553.159
528.74
587.88
566.083
512.073
487.032
437.12
530.323
474.606
612.184
709.885
631.848
616.445
731.349
525.502
555.593
445.339
409.781
379.531
337.273
792.359
592.71
582.765
378.038
478.299
603.895
536.551
378.355
716.745
690.96
483.9
695.417
613.359
561.408
518.05
651.265
525.572
609.343
616.83
649.044
652.905
533.572
520.044
748.796
666.126
540.498
654.837
660.835
472.258
356.966
690.836
607.274
544.62
769.577
810.485
363.78
485.744
507.841
671.567
401.986
647.943
433.106
675.594
611.086
663.837
491.18
629.229
820.532
514.246
470.893
518.99
659.072
595.617
536.71
357.573
627.037
429.483
641.419
970.455
702.229
688.573
704.854
436.84
493.953
597.851
596.605
674.488
613.492
478.693
582.845
625.84
608.225
559.177
787.414
686.821
420.182
677.784
543.064
605.133
374.785
565.006
502.045
969.885
674.075
654.145
466.17
624.606
524.422
762.719
533.772
702.584
529.961
680.493
570.049
403.221
456.698
801.618
531.364
729.714
549.966
723.387
605.302
564.162
335.73
578.409
910.58
528.73
463.615
572.033
578.731
563.818
402.905
701.275
547.984
764.436
485.126
512.98
762.075
738.384
737.099
400.784
787.87
500.465
533.33
414.993
639.916
521.196
603.036
564.539
606.742
421.074
747.736
643.241
475.128
667.833
574.297
574.018
620.292
717.313
638.972
708.655
708.641
688.045
723.13
482.284
558.37
516.332
433.887
483.498
543.682
511.785
667.411
844.652
679.973
740.826
690.489
671.737
544.781
671.551
655.921
752.497
493.774
566.663
490.885
768.096
466.11
687.716
525.802
638.823
598.583
542.972
649.113
479.893
466.513
594.379
716.359
511.331
784.465
618.066
883.64
376.425
627.931
445.038
463.303
501.05
638.381
759.568
674.487
612.67
355.513
555.238
769.849
611.022
724.378
444.766
538.955
390.076
626.954
655.81
383.897
732.154
506.891
588.612
728.992
526.503
641.296
722.55
421.141
533.315
433.363
1178.31
729.399
461.043
730.089
795.632
491.047
553.44
859.923
484.658
594.359
512.569
539.297
542.455
678.568
1011.72
887.353
629.977
454.067
439.373
781.416
539.961
727.559
577.561
723.321
477.241
578.061
498.452
535.167
473.333
502.788
673.163
1049.38
668.686
590.304
628.338
476.769
641.237
636.608
1209.16
749.485
614.743
706.632
532.804
773.079
484.869
486.407
522.655
490.67
544.103
616.081
413.273
778.183
578.034
597.805
714.869
602.485
372.468
734.955
564.368
573.941
536.526
525.205
765.45
392.644
483.429
440.032
516.619
565.781
689.926
485.561
695.578
607.168
703.344
693.704
802.379
836.185
534.145
670.427
742.813
675.959
792.354
769.739
647.408
504.312
481.734
678.032
364.333
823.773
706.009
439.702
697.641
830.406
446.76
560.458
574.674
526.987
655.585
668.823
796.972
696.469
618.125
557.915
480.072
437.282
651.654
615.178
759.636
730.134
616.537
768.881
1122.34
577.042
440.853
586.073
664.128
594.974
690.127
452.066
500.412
574.19
620.084
561.064
683.582
516.563
746.583
411.181
751.334
596.079
827.707
628.485
555.91
547.651
463.763
535.389
418.604
624.689
625.231
500.956
601.71
588.472
487.201
760.172
663.188
576.596
573.779
571.773
374.719
352.442
494.281
578.961
799.882
495.952
596.428
586.269
732.942
381.277
490.732
739.433
646.192
435.6
884.275
540.837
484.263
594.978
598.769
497.678
710.669
484.847
629.076
517.623
600.566
565.938
544.411
446.047
613.933
530.477
558.414
338.606
471.894
521.311
575.413
435.302
566.572
629.704
603.21
435.586
633.703
532.608
376.018
569.071
535.032
557.015
927.835
889.485
445.473
665.925
503.914
486.949
571.434
774.263
589.26
563.964
536.294
564.384
513.196
448.877
1012.11
520.708
599.316
710.132
430.451
573.494
633.022
798.09
603.177
587.898
1113.99
630.164
718.232
881.482
487.436
627.17
630.646
517.332
582.987
658.292
452.409
741.131
496.384
557.483
524.582
890.702
715.278
550.853
456.706
533.223
521.514
588.043
477.521
452.927
799.906
582.919
465.177
646.632
776.839
555.968
576.627
667.425
670.246
886.506
766.976
465.994
624.603
653.964
624.976
606.056
531.05
490.203
491.631
409.158
629.038
515.928
487.517
613.349
754.302
673.481
549.357
867.638
531.535
1075.88
783.657
514.112
611.216
728.6
380.037
797.981
641.135
635.78
538.747
496.879
563.922
686.889
336.154
673.732
397.691
797.26
569.972
477.579
474.437
697.494
608.781
570.254
448.483
577.756
763.956
596.75
436.802
322.421
529.843
573.677
444.014
431.736
453.328
522.447
568.337
473.332
481.178
451.023
589.697
582.777
636.715
791.924
528.266
445.53
510.471
628.197
547.177
650.413
555.912
763.169
529.541
536.908
478.715
662.106
688.084
606.486
483.239
603.852
501.583
615.057
517.639
635.98
431.766
827.649
435.035
751.1
480.057
552.429
522.408
626.891
577.253
463.921
492.821
686.912
412.291
566.452
596.96
512.208
342.55
797.996
632.332
376.73
451.495
589.532
523.119
305.608
736.411
468.174
718.028
503.302
633.135
531.871
731.639
442.419
713.202
510.279
604.739
645.216
395.98
653.782
448.776
654.126
439.497
480.564
599.672
464.446
475.667
534.558
698.96
636.178
737.984
572.812
444.906
617.947
554.58
931.027
553.601
460.388
628.325
607.098
468.477
562.689
434.962
383.112
529.771
376.401
559.734
435.457
682.578
748.196
498.62
701.765
494.676
669.168
496.82
697.107
756.576
622.897
610.606
734.425
601.483
578.583
405.453
682
747.01
809.891
656.673
649.257
521.366
630.129
507.205
534.085
374.749
603.735
1181.69
803.367
740.22
537.194
900.509
678.617
634.888
523.162
568.211
575.433
715.01
644.229
1143.93
705.535
827.821
584.908
421.748
500
484.497
563.375
471.645
443.571
521.128
384.545
683.539
537.824
682.533
614.567
484.595
595.985
1118.94
455.768
462.212
728.266
547.617
343.917
435.445
742.185
1088.72
687.156
515.427
630.16
597.187
684.94
533.832
514.87
509.087
772.837
411.521
676.304
587.597
518.014
784.04
450.585
608.973
757.162
459.681
716.138
596.704
545.621
618.79
740.531
807.655
431.462
487.79
734.183
796.531
647.299
644.746
463.232
773.713
790.113
575.314
415.669
755.56
768.186
515.489
649.715
1233.98
542.268
677.511
625.076
606.303
561.392
699.44
604.058
640.176
623.811
819.27
735.077
641.217
590.519
668.821
515.225
590.285
574.339
664.43
698.586
561.652
490.174
505.07
755.304
444.206
308.916
853.184
425.13
567.373
510.367
738.604
424.04
500.76
542.209
589.285
649.101
606.404
779.823
463.131
538.802
600.462
527.661
894.674
654.156
590.341
658.575
343.499
668.807
749.675
921.118
598.486
669.173
373.771
460.459
485.334
570.994
476.194
581.016
681.83
610.549
556.006
616.306
591.77
575.261
490.983
573.564
764.594
538.118
736.148
346.442
665.228
543.308
651.884
715.553
406.139
719.081
360.613
627.222
591.656
487.632
467.526
654.28
375.741
291.997
514.577
560.039
647.826
501.302
718.823
734.872
651.268
653.507
568.21
944.605
607.623
492.655
549.077
829.621
704.152
518.337
762.191
442.515
611.764
658.145
523.589
427.531
621.992
428.269
290.942
651.835
659.972
791.036
960.656
521.049
681.662
732.646
403.985
448.819
536.888
709.571
816.075
821.297
466.768
493.697
543.28
868.466
627.72
667.557
680.979
696.094
806.865
859.355
526.469
1096.97
527.818
556.09
562.111
592.702
585.638
826.533
1193.79
795.544
741.668
485.598
573.182
540.765
465.158
588.283
653.476
519.367
827.634
588.652
494.256
469.423
712.074
880.752
575.505
582.565
618.067
519.937
409.209
533.139
732.775
614.084
812.412
478.935
774.992
928.554
516.671
543.664
518.908
594.95
657.402
818.462
704.801
516.307
501.314
883.259
390.234
456.388
702.487
631.139
744.929
578.899
469.158
517.067
629.491
325.331
608.535
964.29
547.41
581.722
325.409
393.972
433.549
493.575
581.487
612.288
591.302
585.246
516.795
497.966
599.653
445.499
780.942
624.302
521.796
578.653
630.317
715.928
650.878
761.424
709.211
615.779
589.222
619.806
531.455
726.884
707.244
752.39
627.805
643.114
439.079
829.381
717.205
606.362
479.936
524.668
456.098
818.974
522.076
800.605
643.018
568.724
586.27
485.61
777.144
684.087
679.279
494.663
551.657
405.788
622.832
644.104
569.064
601.345
676.158
487.583
524.666
484.341
533.955
540.312
542.145
651.177
430.835
728.096
769.648
859.252
462.981
793.352
760.832
526.717
565.43
724.522
927.557
935.29
483.232
551.465
436.228
935.05
629.447
582.022
677.005
894.031
731.137
680.057
480.943
698.816
973.728
657.074
558.13
673.006
471.139
489.611
601.473
884.188
594.352
727.145
631.351
702.914
490.714
378.106
491.203
532.19
475.111
662.331
757.246
458.808
514.836
538.056
463.35
531.72
613.827
404.551
678.241
805.2
837.865
648.399
370.452
615.095
446.355
527.568
814.854
431.922
529.341
457.097
379.109
981.147
750.485
584.584
721.629
556.352
963.285
761.553
434.229
556.216
848.707
687.288
561.378
465.945
557.505
721.136
519.497
853.199
502.4
580.165
361.531
572.834
722.217
672.968
701.536
417.113
372.137
704.813
573.812
569.375
685.654
638.628
669.841
558.56
639.125
538.317
707.938
414.265
616.098
708.015
718.545
685.182
699.502
641.827
435.145
506.711
574.028
473.741
564.495
809.793
428.268
577.544
501.825
564.13
512.256
735.45
709.809
538.637
651.037
613.543
638.695
591.95
463.582
519.429
605.097
491.539
681.447
584.648
541.473
880.269
1145.59
444.696
784.662
458.14
495.675
568.574
557.931
523.101
509.907
662.74
507.238
446.657
617.873
668.989
638.057
522.8
405.047
458.111
718.937
536.363
822.129
501.135
451.69
369.327
512.004
707.99
481.664
698.696
554.968
622.049
462.928
594.725
442.217
813.349
439.358
472.655
448.329
799.745
625.192
492.151
671.763
555.019
394.313
576.654
528.094
792.511
487.322
971.208
1146.09
581.973
841.055
554.751
702.316
511.146
789.622
655.546
392.517
668.941
470.744
681.719
653.415
541.136
533.401
554.201
576.805
830.338
550.727
689.404
609.967
542.47
606.887
528.777
895.157
727.847
670.192
530.892
738.785
426.565
588.125
392.895
538.674
530.804
615.391
408.714
351.535
658.52
443.822
457.544
792.647
674.792
623.583
364.894
941.833
478.247
920.455
715.184
473.513
532.887
742.447
377.557
477.97
453.426
521.499
449.92
381.249
739.045
417.677
604.547
694.406
501.442
487.133
520.384
467.577
596.356
389.974
894.168
460.449
704.029
661.326
600.565
567.358
534.469
690.859
435.097
433.078
502.485
425.23
655.598
588.651
632.633
585.522
500.546
443.289
716.967
438.102
652.451
935.4
694.782
360.028
631.942
624.26
677.871
534.809
994.019
628.853
755.851
551.334
422.564
483.894
914.099
657.503
560.556
612.228
485.347
502.791
405.455
577.111
462.919
584.338
483.095
636.781
924.915
679.575
620.81
697.546
827.096
790.229
431.254
681.681
749.415
678.913
465.834
594.892
719.496
635.014
978.781
586.362
416.015
501.656
580.352
399.133
507.659
677.246
747.502
650.797
574.384
822.027
542.564
607.697
528.635
533.738
518.928
522.773
688.744
561.375
418.942
465.293
412.411
455.947
793.246
379.089
651.578
561.892
510.684
601.409
528.042
432.325
695.8
639.55
567.653
875.186
631.892
666.567
537.034
517.269
893.935
543.753
398.336
576.548
301.014
455.042
510.937
685.897
461.259
597.077
632.451
796.053
427.085
539.539
701.64
502.077
472.2
709.601
500.009
622.229
462.435
483.577
590.904
725.85
1088.83
727.572
771.634
854.169
458.898
736.585
469.941
482.35
545.444
671.089
700.933
605.72
432.362
686.741
586.388
601.588
458.276
454.682
533.308
537.259
583.841
426.67
356.292
807.355
418.762
579.134
472.036
498.038
900.904
540.537
463.964
793.869
645.113
635.698
615.984
437.896
546.891
1180.72
666.497
800.397
525.306
513.621
387.207
527.82
821.299
532.584
647.065
495.181
510.754
654.764
801.664
524.853
771.696
489.107
1031.47
693.089
498.979
541.668
680.409
574.09
863.64
433.632
424.953
712.477
651.808
538.163
494.071
509.341
553.073
657.686
618.494
823.642
725.622
607.474
510.788
747.375
508.349
596.395
495.965
813.845
727.452
642.327
491.266
911.142
493.292
463.439
511.49
598.692
504.566
463.747
652.963
633.016
802.662
546.681
554.098
407.704
557.367
821.584
523.396
418.807
857.056
527.621
453.272
455.451
400.489
466.796
619.349
442.043
417.236
641.709
467.207
456.239
494.405
519.996
539.716
425.789
335.281
459.688
1073.02
554.373
595.949
488.939
822.581
593.912
432.302
789.089
547.478
611.65
939.967
583.007
733.817
484.446
601.811
521.711
343.339
646.012
677.388
373.976
763.03
766.902
518.738
462.758
505.228
636.734
450.089
729.327
365.719
853.945
551.318
553.177
739.969
585.252
532.522
602.574
558.16
483.223
429.556
885.797
572.052
596.009
627.392
864.552
746.146
543.601
882.317
874.313
748.795
604.633
699.354
499.591
330.303
504.314
501.704
533.218
514.046
493.809
431.23
688.66
500.969
591.349
625.3
521.709
578.262
536.685
506.237
678.196
618.23
450.86
608.343
536.209
736.723
390.756
648.343
797.758
471.767
435.584
546.732
727.656
381.972
379.929
417.754
844.365
784.733
633.156
617.183
800.116
559.561
523.261
508.466
553.979
559.488
599.771
746.024
714.062
611.459
694.09
513.135
508.971
519.583
666.04
637.559
412.763
640.768
801.118
675.261
617.109
510.749
989.137
603.316
573.708
736.368
539.173
606.969
813.373
486.827
774.842
887.682
534.725
728.188
614.219
703.049
401.968
463.26
485.015
558.989
521.841
481.269
677.11
760.534
595.55
716.084
587.459
842.1
555.856
558.774
463.055
688.399
638.825
489.114
572.999
603.731
459.527
514.078
701.022
563.16
434.47
766.428
683.619
539.158
792.433
558.026
1084.75
494.63
633.499
464.018
775.768
671.327
702.374
814.856
581.295
874.827
525.313
502.455
655.275
499.844
953.073
459.269
629.285
516.442
660.963
606.769
645.464
703.849
635.32
651.862
614.048
777.472
409.834
1099.58
681.619
553.208
840.351
484.431
442.116
523.522
354.059
445.138
472.798
577.197
683.344
895.064
484.715
806.646
824.783
667.314
701.064
779.005
485.799
398.881
597.423
692.453
880.357
567.895
473.339
459.006
580.986
720.631
573.475
486.377
751.691
656.804
665.803
572.936
600.663
403.73
662.33
665.587
685.561
801.652
616.054
692.466
650.67
543.545
719.803
735.352
513.876
530.42
624.582
579.36
748.808
432.131
638.571
711.938
669.366
1222.79
516.016
649.453
919.993
557.457
615.663
624.329
512.899
828.17
538.146
671.793
568.137
925.327
449.714
716.168
507.031
401.303
745.97
561.951
559.697
454.095
440.169
525.006
588.997
439.268
546.267
388.983
471.23
839.17
571.204
674.275
469.308
725.083
507.84
460.53
375.982
410.05
505.238
315.046
966.799
645.588
702.607
584.417
780.632
788.836
757.1
550.596
877.526
526.032
601.507
451.759
695.35
772.57
461.966
654.255
477.629
633.559
588.322
674.844
490.691
836.159
538.807
582.513
576.115
760.789
478.796
491.443
633.069
535.366
527.706
691.97
698.288
531.477
777.916
669.226
604.959
515.36
573.567
687.202
524.908
450.245
554.786
650.571
781.752
509.619
509.33
794.914
589.513
465.777
458.063
735.536
732.055
541.767
547.265
874.597
424.012
750.548
624.03
602.682
682.997
560.824
710.983
932.823
913.248
541.542
485.174
645.853
554.463
686.16
613.974
508.564
549.122
647.258
432.192
529.341
867.994
635.07
379.241
621.527
660.118
606.414
754.908
856.788
353.617
680.762
762.995
525.727
730.029
596.498
577.1
787.554
420.705
513.706
587.046
552.025
608.43
653.398
413.695
769.244
602.545
571.291
659.164
380.979
701.888
898.344
495.731
615.921
325.145
632.898
465.077
598.979
593.207
594.214
457.282
570.543
589.748
587.803
387.212
406.5
960.957
334.153
587.283
442.103
685.24
499.24
667.102
660.023
714.702
533.232
547.357
510.696
866.078
590.383
683.853
594.045
506.27
534.214
600.177
724.462
516.876
508.408
713.119
773.817
696.373
529.147
566.657
488.252
440.618
903.147
668.978
667.59
456.96
857.456
551.365
466.056
811.871
549.169
592.267
762.182
805.598
546.765
610.796
610.284
697.882
731.636
664.55
475.856
472.976
606.983
519.664
1398.74
413.463
478.084
512.263
579.996
627.435
661.386
491.118
585.857
554.221
696.246
549.162
651.523
817.438
664.918
566.508
514.103
569.881
530.279
671.975
667.977
514.817
389.795
591.903
652.62
408.007
1004.23
663.379
580.922
423.389
396.212
662.529
551.346
760.887
615.669
655.617
572.602
605.826
501.415
675.786
727.56
547.214
618.714
924.558
558.999
638.794
926.636
450.588
528.062
456.456
587.399
642.054
357.005
700.234
596.044
920.799
583.989
468.77
591.415
690.681
566.361
868.994
510.157
741.714
517.606
426.19
794.001
581.706
542.158
860.089
451.218
415.337
560.39
532.147
569.734
649.205
690.32
484.524
484.19
449.808
929.854
535.214
547.326
492.169
646.623
536.123
454.906
366.354
804.583
499.712
570.028
521.707
598.675
458.7
416.273
462.222
515.757
614.818
661.166
707.618
570.127
603.201
845.763
580.249
665.733
761.537
574.967
516.282
550.166
547.277
503.249
416.661
424.805
678.217
551.062
495.229
600.463
518.34
360.074
480.659
868.021
746.364
937.487
625.883
512.493
574.656
483.957
393.597
372.873
980.979
528.657
541.837
576.462
713.916
562.797
619.885
991.846
590.797
684.399
565.575
722.902
659.217
583.802
543.526
1192.53
595.943
654.685
680.47
737.781
665.539
664.592
666.378
500.375
599.208
542.447
518.178
507.104
530.834
390.902
578.931
471.318
521.785
694.819
681.62
634.636
935.272
394.41
627
425.752
616.902
680.812
455.798
751.971
558.04
724.049
429.531
493.267
581.063
420.347
1056.23
630.021
666.43
579.416
784.696
608.591
661.214
946.673
542.627
775.48
501.621
736.746
384.738
410.527
725.238
675.11
435.667
794.776
605.258
877.697
464.723
456.8
627.956
459.128
567.72
756.134
677.357
481.773
869.978
383.167
723.567
752.769
645.062
546.733
540.223
445.731
372.138
705.922
521.535
626.27
683.046
877.726
882.305
568.29
598.177
684.324
593.125
600.626
622.324
756.834
489.703
373.049
494.33
610.903
569.994
419.957
503.44
323.047
688.299
592.731
501.922
465.223
495.901
591.94
640.851
515.549
861.651
735.637
704.269
517.591
436.36
569.486
688.139
765.55
672.051
627.667
747.334
729.602
557.363
497.435
476.333
526.814
651.907
496.78
786.638
614.346
553.243
634.829
577.134
459.877
579.086
432.84
648.994
543.26
392.149
681.849
862.916
431.017
660.976
647.262
362.876
587.536
424.695
907.258
585.97
462.428
465.706
531.953
641.052
754.633
423.795
393.522
600.96
680.219
515.502
448.326
514.392
368.536
705.244
576.004
533.295
447.949
628.817
528.611
527.906
699.993
481.041
572.636
503.32
622.187
627.044
465.974
441.221
1048.94
735.411
661.261
600.569
357.106
613.811
541.736
514.819
607.979
683.347
437.58
745.849
570.595
460.937
543.817
399.394
711.831
759.761
513.562
654.193
660.377
515.424
592.339
561.603
456.796
780.318
383.578
619.243
610.846
568.683
734.33
659.766
535.015
605.619
753.688
603.802
458.857
560.589
816.097
615.31
601.394
416.745
472.845
519.305
760.487
536.215
663.213
719.809
659.676
469.198
925.205
759.455
518.66
337.852
610.207
504.348
473.773
554.61
683.447
648.095
576.921
540.53
531.873
530.814
548.575
694.772
407.126
454.728
604.287
421.235
600.736
582.985
668.666
782.615
554.413
614.144
446.461
541.759
699.641
772.726
492.154
684.88
549.726
676.714
411.612
517.871
625.637
705.096
497.39
521.467
383.089
732.743
763.878
596.402
809.691
510.123
604.978
591.88
386.997
481.162
667.84
509.766
602.823
424.268
488.298
764.648
484.584
646.076
607.102
488.225
484.379
628.877
364.824
715.37
804.348
389.689
1005
394.979
855.076
473.938
578.964
419.417
727.971
481.5
698.941
683.869
890.729
692.118
508.346
633.55
588.154
502.756
606.447
638.371
657.252
819.015
531.141
565.588
668.576
733.235
388.248
550.744
483.528
755.891
596.77
659.301
620.921
612.567
559.251
580.126
452.131
542.319
625.176
573.43
590.361
687.605
910.673
707.913
509.425
1034.62
570.185
509.775
793.757
625.852
492.398
559.65
502.144
541.302
403.007
526.63
859.489
501.132
613.431
582.678
718.247
565.074
712.106
682.765
555.897
547.621
475.585
778.267
453.947
418.904
594.338
545.189
583.022
524.955
761.961
401.945
649.275
567.598
601.085
665.475
508.761
430.737
597.456
857.593
747.629
989.158
536.707
642.705
522.459
865.307
648.569
442.225
743.766
857.697
633.452
517.403
544.135
534.12
385.061
444.225
383.889
675.437
674.366
646.87
581.273
748.295
570.709
520.799
475.114
723.356
526.867
480.364
700.412
624.392
801.301
725.132
476.803
522.663
362.368
615.35
782.416
457.255
545.362
627.213
536.403
938.385
638.909
566.473
457.223
534.753
666.229
550.341
623.231
776.757
621.166
475.999
306.119
679.177
1004.71
641.381
248.31
702.756
502.286
785.14
499.396
462.366
759.835
800.967
650.947
619.714
801.934
609.365
743.764
694.782
612.575
544.77
506.4
627.339
483.121
508.227
621.882
548.942
557.683
932.498
525.489
789.821
498.124
616.292
678.558
756.346
437.051
775.632
515.57
674.262
695.236
502.373
561.631
524.629
589.143
548.487
813.663
571.495
485.905
505.413
742.585
506.207
470.338
647.522
457.593
532.324
577.915
689.031
439.232
671.476
709.572
641.71
781.819
645.458
505.592
543.012
585.502
419.433
561.345
584.548
647.659
641.371
549.236
648.162
726.556
497.976
473.712
503.977
495.219
666.644
558.501
788.304
849.96
595.116
537.838
719.822
405.367
613.26
698.895
532.058
639.3
469.554
413.915
484.812
546.416
648.226
827.944
396.069
713.463
732.792
517.035
746.57
588.487
481.311
588.068
571.792
625.322
672.139
399.57
717.656
697.329
515.842
446.804
485.936
647.302
770.862
437.139
627.74
579.192
567.897
501.315
845.757
476.827
612.117
781.906
590.386
607.739
522.024
517.265
517.218
634.625
640.081
490.592
693.692
534.902
705.923
626.094
519.474
593.839
811.316
775.282
614.562
699.298
561.602
442.564
861.765
423.728
738.028
769.896
472.859
445.062
648.001
526.773
920.664
950.128
479.977
680.264
696.264
687.259
514.941
526.775
508.568
503.562
537.943
501.437
475.708
1164.74
438.639
630.102
662.028
530.149
731.366
429.303
667.356
427.868
554.453
687.695
619.763
718.122
535.263
592.209
381.631
614.811
737.88
690.067
504.346
496.056
675.85
574.92
512.808
464.497
763.859
433.603
534.855
825.64
420.781
573.69
723.31
746.586
523.584
638.673
518.739
500.769
631.674
882.9
664.301
583.645
689.87
611.296
593.601
498.697
871.463
488.05
697.029
481.28
490.361
502.092
689.182
575.209
588.902
544.542
636.171
564.349
882.947
643.506
581.875
461.371
490.884
619.123
465.35
691.26
464.222
567.432
637.873
613.654
558.111
709.017
628.807
430.78
684.529
461.708
481.362
420.304
591.429
605.789
580.195
653.008
540.874
552.496
842.697
713.275
609.917
861.963
566.688
789.213
474.996
653.313
829.603
744.12
580.199
552.827
842.076
905.499
499.538
551.34
513.902
741.457
481.906
468.921
568.937
717.671
651.799
640.618
537.288
534.08
688.301
718.718
658.382
677.31
851.179
419.953
502.931
592.101
395.586
1043.34
706.14
788.213
1045.86
639.827
678.478
454.49
615.737
428.133
682.894
596.043
592.414
700.12
687.825
690.86
628.437
633.005
494.703
518.548
726.952
596.975
519.974
1053.99
556.637
397.792
797.043
514.313
782.902
588.594
601.733
528.624
559.157
691.244
377.977
572.976
640.42
475.837
772.938
464.604
578.069
683.352
607.935
366.13
609.777
377.564
514.207
457.836
953.668
384.461
575.966
496.219
491.187
503.81
508.33
780.228
644.774
389.345
686.427
606.32
530.999
434.197
627.855
571.332
563.641
983.24
812.558
428.52
529.549
643.712
566.345
457.933
897.867
657
555.21
676.29
399.687
619.675
584.075
628.804
433.178
520.42
606.428
947.322
696.55
484.827
616.91
796.991
1001.35
606.832
423.12
831.679
517.361
711.575
502.667
579.248
828.883
585.136
716.067
429.31
526.916
463.967
648.706
723.646
552.685
830.089
465.758
724.944
629.205
647.738
463.778
474.851
441.87
583.221
496.437
645.641
574.162
522.518
468.145
624.791
505.994
546.419
419.684
429.719
653.092
610.611
518.426
553.484
625.077
426.004
496.098
592.866
589.4
560.47
360.803
620.184
505.003
718.833
536.364
488.505
497.596
815.764
514.553
606.93
562.042
508.021
490.065
630.042
679.481
624.455
774.609
762.868
514.036
569.887
575.865
623.801
530.374
558.057
710.26
711.392
598.275
457.179
617.259
1025.37
540.636
757.912
468.92
437.144
1082.21
704.565
633.097
690.941
534.912
376.308
545.115
605.043
717.332
581.477
592.097
490.197
709.217
522.501
586.092
539.04
512.719
593.174
508.621
702.736
583.036
450.161
394.022
532.26
500.865
577.808
496.585
825.87
664.081
589.776
520.018
720.544
457.029
517.475
473.216
486.179
579.395
517.966
615.842
704.422
798.775
828.519
534.29
471.284
742.913
666.189
531.831
508.828
625.742
437.347
829.831
591.882
580.242
835.41
741.969
680.883
632.627
529.297
521.783
519.118
478.318
522.195
560.599
311.185
571.474
849.052
505.408
417.81
503.679
568.93
731.085
603.788
541.489
317.234
760.686
508.722
703.426
408.191
532.566
1158.86
493.509
584.154
553.449
605.435
631.698
672.693
652.393
631.324
529.721
430.717
506.119
484.905
594.898
548.125
419.606
745.196
531.999
879.934
610.583
432.637
460.579
701.816
484.784
803.147
421.177
722.566
655.687
742.765
871.294
792.726
540.274
473.157
692.884
580.927
765.589
474.937
540.88
623.762
777.759
772.177
512.813
622.916
576.614
543.635
664.314
410.387
669.877
577.162
509.521
568.891
798.186
478.68
427.042
601.652
606.076
776.422
447.687
510.446
735.471
508.185
479.758
479.75
890.489
473.253
510.733
599.436
637.654
587.053
470.931
805.502
480.504
556.444
708.756
518.39
629.822
842.803
714.278
523.69
1110.38
462.738
506.456
628.909
467.68
619.147
720.514
626.202
839.105
485.124
415.656
846.513
698.093
492.832
495.159
410.976
628.928
898.235
584.49
374.818
552.325
578.803
561.42
1115.15
849.247
443.158
530.732
482.226
544.906
499.846
580.93
723.623
515.087
571.645
698.997
679.47
760.604
469.25
611.301
473.571
659.927
563.054
625.322
477.485
731.264
384.043
688.437
732.652
573.418
644.762
583.284
558.354
425.217
506.409
486.697
603.659
614.258
557.144
503.805
619.048
546.43
591.739
577.372
429.35
503.347
716.215
545.567
594.482
764.687
643.794
514.188
510.668
474.814
434.585
702.034
399.427
502.485
510.156
437.377
588.142
793.113
640.288
540.263
584.905
664.41
505.993
606.883
675.827
712.68
568.675
493.431
570.13
640.635
616.072
575.608
597.822
537.426
581.264
573.194
744.061
556.618
686.729
560.823
634.979
1102.05
532.447
571.631
812.828
415.285
478.142
479.581
665.557
710.26
674.14
573.577
444.485
793.868
487.455
570.76
557.332
470.591
728.751
452.233
470.795
460.369
641.92
409.625
807.459
930.553
677.24
455.218
501.641
593.252
531.194
652.317
634.66
978.277
663.545
474.254
888.432
510.34
575.947
542.552
781.023
612.464
542.16
664.97
487.183
625.855
418.518
833.271
401.361
607.598
460.448
430.461
659.522
600.261
461.833
582.874
441.724
512.649
636.114
479.354
448.531
535.115
540.385
597.49
601.197
630.956
648.651
710.403
386.996
717.517
551.259
779.513
878.293
482.226
506.292
737.499
284.493
610.874
536.947
506.596
603.392
607.809
522.926
785.09
609.574
537.88
595.624
570.589
370.89
631.803
622.569
527.449
515.011
1001.14
587.58
728.645
450.138
670.03
654.641
532.128
810.524
585.191
413.549
593.377
474.694
513.986
533.146
528.196
563.605
887.786
393.42
765.521
441.198
527.661
566.798
780.729
696.439
537.98
746.692
763.61
412.788
554.106
440.23
539.044
745.034
734.193
604.827
521.136
628.238
542.838
622.119
394.134
630.256
441.987
851.431
412.971
448.717
467.398
639.874
448.736
733.893
526.456
499.242
466.303
490.021
452.168
424.992
456.173
535.648
604.343
483.567
590.076
343.836
720.273
418.771
535.326
655.254
481.193
460.242
651.902
661.108
585.705
670.323
687.681
696.769
602.5
580.939
438.664
839.891
636.674
454.496
561.192
736.051
563.008
737.401
595.896
634.472
794.218
447.943
612.661
457.281
683.596
489.466
475.67
559.039
616.556
580.29
478.02
594.536
387.962
567.995
512.687
627.152
562.505
512.668
422.604
608.933
499.602
766.074
619.951
615.731
676.98
403.883
850.302
508
743.939
537.251
561.587
339.445
610.438
510.363
442.878
377.743
664.777
374.818
731.078
642.529
560.931
549.838
352.567
556.152
803.337
562.329
622.104
417.503
522.54
628.504
773.699
646.036
656.954
584.911
492.213
374.174
514.946
556.571
397.483
1034.21
725.472
643.286
565.464
714.518
516.156
491.71
617.228
694
800.036
465.786
708.74
523.066
678.475
470.799
577.907
573.421
657.522
926.243
490.494
600.76
597.286
608.445
510.822
520.309
452.54
539.451
494.681
605.521
333.555
462.923
471.715
834.503
629.531
641.179
669.516
737.815
496.281
640.938
494.459
796.461
715.199
557.419
678.899
695.441
503.306
613.017
391.615
686.583
660.36
441.158
605.643
453.01
472.823
478.299
495.225
432.139
609.407
621.96
894.28
711.53
580.583
635.536
334.468
550.159
665.161
404.859
654.199
572.104
680.1
571.902
464.664
515.007
860.99
491.033
460.084
586.177
469.178
786.562
449.94
683.612
503.973
661.013
542.984
397.175
604.592
996.918
546.993
832.182
791.578
652.94
727.749
623.629
594.043
737.854
968.468
604.503
544.559
474.91
471.283
444.75
956.266
598.424
711.805
829.394
784.992
547.115
729.981
553.935
385.431
508.561
848.43
586.465
509.668
432.62
428.095
855.593
630.319
471.568
556.59
587.246
687.344
575.447
668.53
788.703
606.977
813.826
486.383
497.963
631.743
756.864
458.87
664.073
607.845
398.129
672.296
367.517
485.027
579.986
525.859
302.753
633.023
767.727
361.964
996.924
607.029
571.483
903.601
631.667
684.172
547.791
505.352
583.315
533.97
493.298
319.472
521.367
378.038
450.537
548.139
470.414
739.287
577.156
593.002
628.684
587.591
730.49
466.829
543.484
586.36
817.66
626.419
395.952
495.628
609.055
538.706
466.237
765.847
751.311
537.132
494.122
387.161
483.01
907.938
943.361
474.125
638.66
528.912
599.895
783.75
573.207
571.481
440.436
713.54
565.456
467.258
490.525
383.275
545.049
650.557
681.099
489.886
468.623
575.773
587.87
802.9
555.321
586.013
496.7
614.179
567.709
678.22
694.616
498.731
796.756
612.375
548.148
718.277
891.65
942.599
534.232
680.706
569.357
622.112
575.176
578.714
755.989
573.258
608.38
434.839
566.051
452.305
402.953
630.828
454.648
938.021
527.244
998.314
581.606
446.133
680.406
848.566
536.107
612.55
716.86
638.008
467.758
639.804
494.112
988.988
597.82
648.413
546.933
478.009
473.588
608.575
631.035
497.317
657.139
612.55
526.576
586.235
450.07
514.381
711.541
669.038
610.713
578.622
695.453
510.584
536.276
579.152
705.192
405.496
446.121
440.394
511.15
772.431
777.14
437.61
547.347
513.874
719.414
568.477
467.479
645.966
456.396
700.379
527.63
661.373
676.067
460.509
729.401
467.185
449.387
448.244
718.237
604.359
454.058
568.028
546.246
487.051
741.585
643.833
572.441
637.463
652.003
687.843
584.939
554.888
528.156
591.311
531.738
717.717
680.494
708.175
750.856
538.837
493.331
666.352
504.185
567.137
626.194
552.386
673.747
423.099
408.616
584.44
548.296
394.061
490.632
802.1
724.212
699.76
684.749
437.957
472.182
383.801
589.938
1011.62
649.048
503.658
368.631
684.678
629.104
632.924
597.556
692.744
449.932
556.746
628.389
612.834
436.741
720.356
621.838
672.48
490.33
511.328
585.31
870.145
652.761
429.74
801.836
843.076
507.566
584.986
425.885
482.603
452.895
461.689
831.828
534.12
868.465
512.026
478.267
509.486
649.15
626.227
625.99
509.887
408.402
653.923
512.206
454.854
601.648
507.474
522.415
797.409
784.792
612.057
820.703
602.542
1049.04
721.254
688.855
506.368
