Fsi	Fsd	Fsi_l	Fsd_l	tl	th
0.000396118	0	0	0	51	0
0.000396118	0	0	0	51	0
0	-0.000396118	0	0	51	0
-5.4637e-05	0	0	0	17	0
0	0.00142811	0	0	21.8571	0
0	0.000396118	0	0	0	0
0.00118835	0	0	0	51	0
0	-0.000229682	0	0	25.5	0
0.000396118	0	0	0	51	0
0.00198059	0	0	0	42.5	0
0	0	0	0	51	0
0	0	0	0	51	0
0	0	0	0	51	0
0	0	0	0	51	0
0	0	0	0	51	0
0	0	0	0	51	0
0	0	0	0	51	0
0	0	0	0	51	0
0	0	0	0	51	0
0.000396118	0	0	0	51	0
0	0	0	0	51	0
0.000396118	0	0	0	51	0
0.00118835	0	0	0	51	0
0.00118835	0	0	0	51	0
0.000396118	0	0	0	51	0
0.00118835	0	0	0	51	0
0.000396118	0	0	0	51	0
0.00118835	0	0	0	51	0
0.00118835	0	0	0	51	0
0.000396118	0	0	0	51	0
0.000396118	0	0	0	51	0
0	0.00104399	0	0	0	0
0.00198059	0	0	0	42.5	0
0	0	0	0	51	0
0	0	0	0	51	0
0	0.000161795	0	0	12.75	0
0.000396118	0	0	0	51	0
0.00118835	0	0	0	51	0
0.00158447	0	0	0	51	0
1.65049e-05	0	0	0	34	0
0	0.00141816	0	0	34	0
0	8.76903e-05	0	0	0	0
0	0.00112194	0	0	0	0
0	0.001275	0	0	0	0
6.03225e-06	0	0	0	51	0
0.00316894	0	0	0	28.3333	0
0.00237671	0	0	0	36.4286	0
0	0	0	0	51	0
0	0	0	0	51	0
0	0	0	0	51	0
0.00911071	0	0	0	10.625	0
0	0.0268087	0	0	0	0
0.00198059	0	0	0	42.5	0
0	0	0	0	51	0
0	0	0	0	51	0
0.000396118	0	0	0	51	0
0.000396118	0	0	0	51	0
0	3.21177e-05	0	0	0	0
0.00118835	0	0	0	51	0
0.00316894	0	0	0	28.3333	0
6.03225e-06	0	0	0	51	0
0.000396118	0	0	0	51	0
0	0	0	0	51	0
0	0	0	0	51	0
0.000792236	0	0	0	51	0
0.000396118	0	0	0	51	0
0.000396118	0	0	0	51	0
0.000396118	0	0	0	51	0
0	0	0	0	51	0
0.000396118	0	0	0	51	0
0	0	0	0	51	0
0	0	0	0	51	0
0	0	0	0	51	0
0.000396118	0	0	0	51	0
0.000396118	0	0	0	51	0
0	0	0	0	51	0
0	0	0	0	51	0
0	0	0	0	51	0
0	0	0	0	51	0
0	0	0	0	51	0
0	0	0	0	51	0
0	0	0	0	51	0
0	0.00447441	0	0	0	0
0.00237671	0	0	0	36.4286	0
0	0	0	0	51	0
0	0	0	0	51	0
0.000396118	0	0	0	51	0
0.000396118	0	0	0	51	0
0	0	0	0	51	0
0	0	0	0	51	0
0.000396118	0	0	0	51	0
0	0	0	0	51	0
0	0	0	0	51	0
0	0	0	0	51	0
0	0.0250792	0	0	0	0
0.00158447	0	0	0	51	0
0	0	0	0	0	0
0	0	0	0	51	0
0	0	0	0	51	0
0.00158447	0	0	0	51	0
0	0	0	0	51	0
0	0	0	0	51	0
0.00118835	0	0	0	51	0
0.00118835	0	0	0	51	0
0	0	0	0	51	0
0	0.0277183	0	0	2.125	0
0	0	0	0	51	0
0.000396118	0	0	0	51	0
0.000396118	0	0	0	51	0
0.000792236	0	0	0	51	0
0.000396118	0	0	0	51	0
0.000396118	0	0	0	51	0
0.000396118	0	0	0	51	0
0	0	0	0	51	0
0	0	0	0	51	0
0	0	0	0	51	0
0	0	0	0	51	0
0.000396118	0	0	0	51	0
0	0	0	0	51	0
0	0	0	0	51	0
0.000396118	0	0	0	51	0
0	0	0	0	51	0
0	0	0	0	51	0
0.000396118	0	0	0	51	0
0.000792236	0	0	0	51	0
0	0	0	0	51	0
0	0	0	0	51	0
0.000396118	0	0	0	51	0
0.00118835	0	0	0	51	0
0	0	0	0	51	0
0	0	0	0	51	0
0.000792236	0	0	0	51	0
0	0	0	0	51	0
0	0.0121288	0	0	4.5	0
0.00277283	0	0	0	31.875	0
0	0	0	0	51	0
0	0	0	0	51	0
0	0	0	0	51	0
0	0	0	0	51	0
0	0	0	0	51	0
0	0	0	0	51	0
0.000396118	0	0	0	51	0
0.00573732	0	0	0	0	0
0	0	0	0	51	0
0.000396118	0	0	0	51	0
0	0	0	0	51	0
0	0	0	0	51	0
0.000396118	0	0	0	51	0
0	0	0	0	51	0
0	0	0	0	51	0
0	0	0	0	51	0
0	0	0	0	51	0
0	0	0	0	51	0
0	0	0	0	51	0
0	0.0323784	0	0	0	0
0	0	0	0	51	0
0	0	0	0	51	0
0	0	0	0	51	0
0	0	0	0	51	0
0	0	0	0	51	0
0.000396118	0	0	0	51	0
0	0	0	0	51	0
0	0	0	0	51	0
0.000396118	0	0	0	51	0
0.000396118	0	0	0	51	0
-0.000274609	0	0	0	0	0
0	0	0	0	51	0
0	0	0	0	51	0
0	0	0	0	51	0
0	0.0346379	0	0	0.573034	0
0	0	0	0	51	0
0	0.0359914	0	0	2.21739	0
0.00118835	0	0	0	51	0
0	0	0	0	51	0
0.000396118	0	0	0	51	0
0	0	0	0	51	0
0	0	0	0	51	0
0	0	0	0	51	0
0	0	0	0	51	0
0.000396118	0	0	0	51	0
0	0	0	0	51	0
0	0.00218551	0	0	25.5	0
0	0	0	0	51	0
0	0	0	0	51	0
0.000396118	0	0	0	51	0
0	0	0	0	51	0
0	0	0	0	51	0
0	0	0	0	51	0
0	0	0	0	51	0
0	0	0	0	51	0
0	0	0	0	51	0
0	0	0	0	51	0
0	0	0	0	51	0
0	0	0	0	51	0
0.000396118	0	0	0	51	0
0.000396118	0	0	0	51	0
0	0	0	0	51	0
0	0	0	0	51	0
0.000396118	0	0	0	51	0
0	0	0	0	51	0
0	0	0	0	51	0
0	0	0	0	51	0
0	0	0	0	51	0
0.000396118	0	0	0	51	0
0.00158447	0	0	0	51	0
0.00158447	0	0	0	51	0
0	-0.000229682	0	0	25.5	0
0.000396118	0	0	0	51	0
0	0	0	0	51	0
0	0.00767343	0	0	2.04	0
0	0	0	0	51	0
0	0.0105313	0	0	1.59375	0
0	0	0	0	51	0
0.000328488	0	0	0	51	0
0	0	0	0	51	0
0	0	0	0	51	0
0	0	0	0	51	0
0.000396118	0	0	0	51	0
0	0	0	0	51	0
0.000396118	0	0	0	51	0
0	0	0	0	51	0
0.000396118	0	0	0	51	0
0.000396118	0	0	0	51	0
0.000396118	0	0	0	51	0
0	0.00486354	0	0	9.5625	0
0.00179956	0	0	0	29.1429	0
0.00237671	0	0	0	36.4286	0
0.000396118	0	0	0	51	0
0.00237671	0	0	0	36.4286	0
0	0	0	0	51	0
0.000396118	0	0	0	51	0
0	0	0	0	51	0
0	0	0	0	51	0
0	0	0	0	51	0
0	-0.000396118	0	0	0	0
0	0	0	0	51	0
0	0	0	0	51	0
0.000396118	0	0	0	51	0
0	0	0	0	51	0
0	0	0	0	51	0
0	0	0	0	51	0
0	0	0	0	51	0
0.000396118	0	0	0	51	0
0	0	0	0	51	0
0	0	0	0	51	0
0.00123496	0	0	0	0	0
0	0	0	0	51	0
0.000396118	0	0	0	51	0
0.000396118	0	0	0	51	0
0	0	0	0	51	0
0	0	0	0	51	0
0	0	0	0	51	0
0	0	0	0	51	0
0	0	0	0	51	0
0	0	0	0	51	0
0	0	0	0	51	0
0	0	0	0	51	0
0	0	0	0	51	0
0	0.00685837	0	0	7.28571	0
0.000396118	0	0	0	51	0
0	0	0	0	51	0
0	0	0	0	51	0
0.000396118	0	0	0	51	0
0	0	0	0	51	0
0.000396118	0	0	0	51	0
0	0	0	0	51	0
0	0	0	0	51	0
0	0.00486354	0	0	9.5625	0
0.000396118	0	0	0	51	0
0	0	0	0	51	0
0	0	0	0	51	0
0	0	0	0	51	0
0	0	0	0	51	0
0	0	0	0	51	0
0	0	0	0	51	0
0.00158447	0	0	0	51	0
0	0	0	0	51	0
0.00118835	0	0	0	51	0
0.00118835	0	0	0	51	0
0	0.00178936	0	0	19.125	0
0	0	0	0	51	0
0	0	0	0	51	0
0	0	0	0	51	0
0	0	0	0	51	0
0	0	0	0	51	0
0	0	0	0	51	0
0	0	0	0	51	0
0	0	0	0	51	0
0.000396118	0	0	0	51	0
0	0	0	0	51	0
0	0	0	0	51	0
0	0	0	0	51	0
0	0	0	0	51	0
0.00118835	0	0	0	51	0
0.00118835	0	0	0	51	0
0.000792236	0	0	0	51	0
0.000792236	0	0	0	51	0
0.000792236	0	0	0	51	0
0.000792236	0	0	0	51	0
0.000792236	0	0	0	51	0
0.000396118	0	0	0	51	0
0	0	0	0	51	0
0	-0.000167588	0	0	0	0
0	0	0	0	51	0
0.000396118	0	0	0	51	0
0	0	0	0	51	0
0.000396118	0	0	0	51	0
0	0	0	0	51	0
0	0	0	0	51	0
0.00118835	0	0	0	51	0
0.00118835	0	0	0	51	0
0.00198059	0	0	0	42.5	0
0.00118835	0	0	0	51	0
0.000396118	0	0	0	51	0
0	0.00207962	0	0	0	0
0.00118835	0	0	0	51	0
0.000328488	0	0	0	51	0
0	0	0	0	51	0
0	0.00384682	0	0	0	0
0.00277283	0	0	0	31.875	0
0.000396118	0	0	0	51	0
0.000396118	0	0	0	51	0
0.00198059	0	0	0	42.5	0
0.00158447	0	0	0	51	0
0.00277283	0	0	0	31.875	0
0.00277283	0	0	0	31.875	0
0	-0.000396118	0	0	51	0
0.000792236	0	0	0	51	0
-0.000262294	0	0	0	51	0
0.00277283	0	0	0	31.875	0
0.00198059	0	0	0	42.5	0
6.03225e-06	0	0	0	51	0
0.00118835	0	0	0	51	0
0	0	0	0	51	0
0.000396118	0	0	0	51	0
0	0	0	0	51	0
0	0.00253587	0	0	0	0
0.000396118	0	0	0	51	0
0	0	0	0	51	0
0.000396118	0	0	0	51	0
0.00198059	0	0	0	42.5	0
0.00237671	0	0	0	36.4286	0
6.03225e-06	0	0	0	51	0
-0.000262294	0	0	0	51	0
0.00198059	0	0	0	42.5	0
0	-0.000396118	0	0	51	0
0.00158447	0	0	0	51	0
0.00198059	0	0	0	42.5	0
0.00277283	0	0	0	31.875	0
0.000328488	0	0	0	51	0
0.00118835	0	0	0	51	0
0.00118835	0	0	0	51	0
0.00118835	0	0	0	51	0
0.00237671	0	0	0	36.4286	0
0.00277283	0	0	0	31.875	0
0.00158447	0	0	0	51	0
0.00158447	0	0	0	51	0
0.00118835	0	0	0	51	0
0.000792236	0	0	0	51	0
0.00158447	0	0	0	51	0
0	0	0	0	51	0
0.000396118	0	0	0	51	0
0.00198059	0	0	0	42.5	0
0.00158447	0	0	0	51	0
0.00158447	0	0	0	51	0
0.00198059	0	0	0	42.5	0
0.00316894	0	0	0	28.3333	0
0.00237671	0	0	0	36.4286	0
0	0.0343753	0	0	2.31818	0
0	0	0	0	51	0
0	0	0	0	51	0
0.000792236	0	0	0	51	0
0	0	0	0	51	0
8.76903e-05	0	0	0	0	0
0	0	0	0	51	0
0	0	0	0	51	0
0	0	0	0	51	0
0	0	0	0	51	0
0.000396118	0	0	0	51	0
0	0	0	0	51	0
0.000396118	0	0	0	51	0
0	0	0	0	51	0
0	0	0	0	51	0
0	0	0	0	51	0
0	0	0	0	51	0
0	0	0	0	51	0
0.000396118	0	0	0	51	0
0	-0.000370661	0	0	0	0
0	0	0	0	51	0
0.000396118	0	0	0	51	0
0	0	0	0	51	0
0	0.0125759	0	0	6	0
0	0	0	0	51	0
0	0	0	0	51	0
0.000396118	0	0	0	51	0
0	0.0117211	0	0	4.63636	0
0.000396118	0	0	0	51	0
0	0	0	0	51	0
0	0	0	0	51	0
0	0	0	0	51	0
0	0	0	0	51	0
0.00118835	0	0	0	51	0
0	0	0	0	51	0
0.000396118	0	0	0	51	0
0.00158447	0	0	0	51	0
0.00118835	0	0	0	51	0
0.00158447	0	0	0	51	0
0	0	0	0	51	0
0	0	0	0	51	0
0.000396118	0	0	0	51	0
0	0	0	0	51	0
0.000396118	0	0	0	51	0
0	0	0	0	51	0
0	0	0	0	51	0
0	0	0	0	51	0
0	0	0	0	51	0
0	0	0	0	51	0
0	0	0	0	51	0
0	0	0	0	51	0
0.000396118	0	0	0	51	0
0	0.00407818	0	0	0	0
0	0.0101598	0	0	7.28571	0
0	0.00694034	0	0	0	0
0	0.00734056	0	0	0	0
0	0.00734056	0	0	0	0
0	0.00774296	0	0	0	0
0	0.00498931	0	0	0	0
0	0.000161795	0	0	12.75	0
0.00118835	0	0	0	51	0
0	0	0	0	51	0
0.00198059	0	0	0	42.5	0
0.00118835	0	0	0	51	0
0.000792236	0	0	0	51	0
0	0	0	0	51	0
0.000396118	0	0	0	51	0
0.000792236	0	0	0	51	0
0.000792236	0	0	0	51	0
0.000396118	0	0	0	51	0
0.00277283	0	0	0	31.875	0
