500.212
644.311
545.939
645.653
700.11
650.911
598.797
456.264
562.479
410.216
632.572
518.859
577.511
568.632
522.805
545.205
636.704
569.895
648.86
640.268
617.905
678.106
586.021
553.192
478.435
588.266
687.866
645.644
615.441
572.108
594.054
530.598
586.606
522.228
558.458
547.27
532.998
633.526
595.834
553.293
559.18
521.574
745.141
537.133
522.448
556.318
540.318
460.287
646.559
575.109
603.387
541.008
605.159
639.509
625.788
658.471
601.599
619.762
498.693
547.156
564.008
676.789
717.244
507.044
479.507
629.2
483.035
701.894
477.163
621.024
645.764
636.129
601.586
604.745
650
600.206
523.067
588.359
751.457
481.009
505.401
505.005
552.776
561.14
495.207
589.181
511.14
568.609
609.925
558.747
683.301
557.675
600.845
645.162
633.646
674.65
577.178
630.398
531.55
573.128
653.767
538.336
554.877
598.275
750.428
535.184
506.007
720.445
645.891
604.025
547.886
559.832
689.152
589.408
557.55
537.6
648.575
586.632
575.318
695.339
638.688
630.17
590.343
545.65
589.608
486.716
545.464
570.943
534.901
626.309
497.784
641.574
570.754
536.184
579.622
696.25
600.895
647.358
490.784
650.547
597.298
632.351
595.54
460.861
627.141
548.554
572.451
655.025
716.441
528.89
591.38
664.205
493.528
514.778
493.184
504.935
706.977
648.534
598.92
449.87
711.445
696.053
566.779
685.329
520.128
543.002
676.544
582.151
586.888
649.614
654.071
554.146
649.137
559.109
715.656
549.845
631.823
623.128
700.091
571.695
481.964
540.583
464.194
545.497
681.756
545.287
622.297
584.733
607.11
662.47
576.485
595.409
525.271
550.522
602.688
475.93
682.331
628.093
563.042
489.909
603.707
609.607
557.241
578.748
562.173
491.23
702.485
537.345
597.308
523.648
609.797
597.487
642.826
544.35
626.95
580.567
577.562
485.102
548.292
557.431
673.397
569.733
525.522
675.471
609.044
593.565
633.435
535.127
619.594
526.631
569.442
654.693
448.425
607.649
542.864
803.409
530.34
582.52
619.081
671.514
469.471
785.036
539.816
581.663
557.962
627.729
633.723
571.345
607.593
802.2
598.513
504.859
719.773
645.916
652.031
579.36
645.399
586.519
499.56
649.958
606.585
664.252
573.566
662.65
672.578
547.781
684.602
631.907
578.249
579.621
667.109
569.667
591.688
579.315
496.721
573.285
646.435
627.13
535.041
522.368
643.53
487.918
515.333
572.045
568.971
646.847
613.581
617.175
537.514
571.172
626.471
573.025
562.644
611.87
579.963
556.71
511.418
580.153
546.038
632.812
548.673
710.281
734.877
635.193
582.969
724.947
607.92
527.823
618.841
616.376
543.107
650.942
652.568
494.502
837.931
556.082
532.761
579.784
637.394
541.298
639.514
677.235
555.812
665.234
655.923
620.998
539.732
662.164
569.599
547.597
578.348
631.545
590.623
731.976
730.111
675.042
738.132
496.183
650.265
523.857
572.431
595.098
662.006
645.418
583.881
590.425
564.428
630.862
625.809
582.551
651.267
569.831
682.675
589.88
610.478
551.897
682.481
689.874
632.926
509.26
614.315
446.723
596.442
568.3
535.673
668.292
547.317
536.504
606.302
551.235
658.464
673.198
674.519
652.621
519.594
665.556
626.863
635.703
583.37
589.543
602.454
653.347
613.5
728.531
662.446
657.558
540.717
538.201
560.54
627.879
582.451
682.849
673.575
729.547
547.146
508.189
709.522
502.386
744.945
629.666
476.655
584.784
706.447
528.371
522.343
535.74
623.743
581.735
697.165
642.616
601.204
515.154
612.275
603.597
552.77
567.597
564.684
713.651
598.305
532.029
703.276
582.625
582.747
615.459
723.672
572.526
647.761
524.246
710.22
573.671
736.515
474.68
687.112
572.407
766.213
695.609
722.359
560.91
569.256
709.931
642.716
578.557
528.797
561.517
482.103
641.717
496.434
627.157
594.386
583.914
646.117
649.918
491.334
568.622
518.765
620.392
556.601
615.926
594.6
593.814
670.713
588.478
738.389
556.648
595.662
668.381
555.514
616.16
536.281
605.037
658.831
682.646
609.344
463.725
533.655
485.857
549.993
629.651
543.95
560.467
625.35
660.037
609.815
692.938
498.029
563.011
569.91
589.403
624.802
657.844
585.108
730.845
588.317
554.607
573.958
625.304
552.437
541.225
599.644
564.786
520.671
482.007
564.494
612.651
665.855
568.206
516.198
535.489
701.193
630.853
533.167
591.719
590.261
560.24
520.8
617.877
628.673
615.457
690.318
641.785
565.29
527.224
667.664
554.511
699.048
589.087
551.773
620.965
552.512
634.172
617.596
653.386
571.601
496.668
733.197
573.152
573.601
585.332
491.429
567.237
581.159
572.334
615.664
569.997
636.042
740.155
624.762
542.738
648.702
631.376
674.135
613.845
622.36
644.871
577.801
574.651
573.956
537.645
709.119
479.404
661.516
601.311
753.544
628.227
618.05
580.723
569.286
487.107
639.846
594.142
729.137
578.547
568.431
540.599
542.948
557.91
582.889
568.756
686.343
539.241
716.857
621.972
581.428
628.182
613.274
662.751
535.585
661.87
667.553
562.439
595.48
538.635
479.484
777.178
583.669
676.133
564.248
582.946
646.843
691.233
516.128
636.802
593.618
589.754
500.044
544.044
528.486
520.937
749.162
558.124
644.037
659.556
649.102
589.956
593.756
507.682
579.52
663.658
633.281
607.533
669.244
665.159
641.807
605.038
682.925
569.889
598.093
712.105
586.977
594.76
649.051
656.745
524.639
566.881
565.871
576.028
624.859
670.315
734.24
569.68
689.36
623.228
587.548
621.454
559.121
490.116
539.327
536.485
565.047
595.784
705.878
584.112
604.501
717.311
478.094
617.383
607.469
508.233
669.878
518.086
580.61
486.919
479.211
627.248
655.749
574.093
625.621
587.479
695.156
659.969
562.648
699.999
531.289
575.617
661.713
599.286
590.194
538.188
631.247
512.444
740.19
493.684
577.523
574.562
747.195
621.178
597.366
572.422
613.814
535.275
571.166
524.473
595.881
609.513
639.618
520.774
443.138
530.209
566.518
631.005
599.179
615.195
607.964
604.582
584.04
707.02
638.397
610.04
547.036
581.477
614.572
642.827
540.265
538.341
530.685
573.107
693.701
470.642
728.033
616.731
541.084
649.327
548.161
688.827
593.614
609.885
577.835
504.674
634.328
629.58
692.858
535.266
609.923
550.425
646.095
575.144
614.761
476.867
501.342
583.299
657.776
509.779
539.355
623.016
763.188
669.59
639.717
620.426
480.377
511
546.214
533.326
611.652
714.601
631.839
631.256
563.429
744.727
624.367
770.063
672.083
666.451
531.587
616.532
494.402
621.74
620.567
627.172
679.547
551.666
549.31
671.408
536.527
617.466
585.824
602.692
641.552
596.61
753.539
755.217
616.336
607.665
437.78
662.064
583.08
493.887
585.658
560.44
597.564
680.323
539.736
588.572
599.785
545.767
578.811
721.945
607.817
572.877
592.014
526.233
538.795
659.678
657.36
587.325
626.638
631.488
598.443
747.834
673.199
565.925
550.795
611.798
640.048
583.022
705.088
550.944
626.907
635.084
568.663
585.442
668.645
593.133
611.754
532.335
672.512
628.646
520.002
631.268
455.734
631.766
495.715
433.014
656.635
658.762
478.169
548.276
659.423
533.95
603.662
577.42
486.39
715.939
498.423
721.177
624.417
715.733
624.069
619.089
562.382
617.829
568.668
550.975
545.55
546.657
501.786
540.366
539.978
537.688
567.269
817.326
577.341
605.625
496.853
559.594
628.967
587.133
625.307
715.521
499.345
560.069
490.679
618.34
605.554
750.442
880.359
613.562
548.77
518.546
592.46
628.814
572.612
486.554
671.467
526.256
549.45
555.291
595.332
520.184
578.688
669.863
677.509
723.99
527.607
631.055
570.506
600.578
531.944
634.771
497.816
580.443
572.063
603.264
531.077
584.034
753.351
536.999
600.6
698.148
552.841
707.611
538.753
749.023
562.406
698.756
534.617
639.798
651.497
651.562
568.98
518.026
551.875
660.36
608.95
584.02
537.536
545.85
634.636
596.105
596.087
694.46
509.675
568.405
679.378
653.802
543.547
626.647
553.049
659.241
544.058
575.052
628.187
619.688
619.374
670.969
729.888
592.524
546.323
492.244
540.713
610.663
530.414
497.21
599.374
723.92
655.191
761.141
588.252
684.42
509.977
470.332
661.783
497.22
670.686
469.253
576.107
500.238
740.42
552.48
615.279
647.569
534.235
552.501
600.42
568.981
598.422
641.719
516.05
562.798
583.489
749.476
604.352
498.523
581.568
624.285
635.128
427.807
746.657
683.447
659.27
561.174
729.98
547.409
644.677
474.334
608.184
658.473
653.874
664.765
555.414
506.881
637.831
662.917
639.044
597.705
714.65
590.457
749.49
589.051
651.548
632.046
604.347
508.793
649.754
498.1
761.226
612.253
529.594
630.317
718.165
599.012
622.72
495.811
621.656
550.32
620.535
607.304
540.365
596.568
661.487
608.13
636.552
637.334
527.605
566.083
696.199
561.091
658.28
509.337
593.546
597.817
649.969
719.359
629.456
553.002
555.089
550.731
701.93
557.117
502.829
572.89
590.331
624.42
585.137
588.689
560.738
523.342
515.441
665.057
576.932
602.786
696.592
591.748
543.526
562.052
649.415
501.028
670.817
545.947
758.396
662.175
675.458
498.28
531.303
534.587
707.389
590.627
561.23
652.157
693.924
669.908
636.517
596.708
643.448
625.798
550.536
613.455
580.35
649.266
558.357
776.369
553.839
600.17
618.977
576.187
538.615
812.057
666.486
671.95
666.865
625.117
550.61
572.975
644.845
622.136
685.799
555.497
623.507
577.343
578.535
629.316
572.34
586.025
570.057
532.786
528.524
477.731
651.443
639.447
590.408
715.82
701.708
565.556
661.694
579.74
703.214
491.907
626.152
655.577
544.457
595.317
617.189
604.15
627.983
526.333
600.995
578.984
626.591
643.607
633.675
571.61
563.437
511.459
617.402
730.137
513.631
506.426
559.812
483.042
607.175
480.203
676.888
583.829
530.458
611.006
677.146
570.992
614.892
530.582
588.639
554.071
579.928
593.284
565.798
555.894
642.952
583.695
519.346
622.733
659.639
590.63
614.864
632.736
731.786
606.545
647.742
688.603
588.816
517.912
609.976
560.953
593.297
733.348
623.849
738.246
539.055
594.364
535.961
552.919
563.354
653.228
565.313
581.194
544.189
552.469
770.564
609.307
578.905
544.116
521.404
581.023
497.861
590.462
577.607
631.909
615.299
618.319
608.947
537.155
579.145
552.754
612.752
589.91
620.622
675.739
650.812
594.727
538.811
601.754
401.626
521.982
641.631
622.883
590.738
602.18
864.86
503.853
516.727
621.619
608.669
651.543
649.168
552.59
741.35
595.273
637.619
609.498
841.338
724.69
539.115
636.322
598.352
571.838
545.232
626.023
551.34
582.653
695.069
614.905
681.245
524.297
638.856
587.294
666.549
667.933
570.487
601.03
563.31
747.187
497.051
545.139
605.003
510.314
654.265
641.07
602.737
613.622
616.089
680.892
572.411
589.381
628.887
612.012
576.181
628.187
649.779
629.369
580.605
553.344
565.028
576.545
668.375
646.741
713.393
479.232
664.39
576.047
505.009
566.487
678.672
707.492
653.288
584.402
559.605
539.93
600.089
699.293
526.914
590.075
650.144
524.845
743.524
620.025
616.093
523.016
582.42
424.046
574.154
575.326
461.245
540.748
584.295
653.46
616.857
621.628
572.352
697.309
602.317
726.477
567.041
600.607
581.7
679.143
603.791
598.004
517.312
525.184
633.331
568.85
719.434
613.676
554.639
628.756
687.229
552.561
618.712
589.631
553.578
558.028
617.654
642.728
682.614
705.326
578.296
617.617
635.229
520.174
666.72
645.77
481.662
519.647
528.72
600.41
645.332
509.831
651.082
553.367
725.021
730.943
570.174
670.21
674.914
597.618
645.821
666.628
563.656
685.285
636.846
511.964
600.18
571.93
560.673
582.386
686.114
674.732
649.834
624.484
682.216
638.709
629.663
648.884
671.881
580.169
662.632
596.907
654.524
608.06
633.403
633.034
605.98
667.373
559.736
514.166
535.113
601.975
585.818
635.626
590.207
676.793
593.29
571.516
647.579
550.505
631.524
579.067
570.227
528.494
653.681
641.332
598.264
677.253
668.265
496.738
580.934
548.167
522.111
524.109
551.737
626.912
582.82
632.233
618.839
741.535
554.44
638.61
537.111
578.827
595.733
598.445
605.23
588.935
638.442
550.494
539.501
689.459
581.087
594.716
575.215
621.756
510.236
508.959
515.913
553.439
561.864
645.345
505.556
567.629
660.198
539.772
792.649
681.099
571.568
638.364
637.451
699.705
599.716
694.269
617.101
563.9
594.461
655.388
672.343
607.456
594.476
605.575
608.551
642.687
541.123
592.438
640.744
637.822
633.165
515.877
624.613
535.173
505.845
529.072
589.563
485.003
562.009
574.427
662.173
680.749
718.243
702.536
623.785
656.922
611.103
576.098
694.314
668.601
494.633
651.93
611.203
675.551
586.584
543.295
606.727
547.327
704.749
600.539
531.814
463.355
697.029
709.465
536.182
623.754
513.923
596.106
634.443
551.412
622.396
473.959
653.318
580.183
763.574
523.199
554.556
610.762
545.792
551.834
635.778
615.273
616.759
622.276
589.404
676.58
677.003
625.029
620.009
637.908
712.123
557.693
643.478
673.817
753.938
629.098
540.302
504.296
693.877
643.46
669.723
554.533
673.31
685.467
592.051
555.839
718.727
605.397
651.917
702.734
509
594.635
627.554
734.511
689.984
651.419
659.563
568.345
718.398
766.26
644.455
678.213
524.629
563.206
455.941
633.935
611.316
627.067
560.921
493.739
623.9
627.94
539.456
618.641
697.957
628.403
559.139
465.142
496.172
591.77
558.954
582.863
507.954
606.231
560.69
653.516
606.423
626.821
628.357
700.095
658.79
514.154
588.365
555.105
603.136
746.976
588.543
558.859
631.856
526.44
573.145
583.352
529.171
647.726
613.642
650.249
572.398
650.303
628.308
543.814
574.864
562.043
540.908
700.612
695.126
625.473
678.797
728.768
623.671
580.622
548.554
708.654
573.58
579.813
541.012
645.548
636.906
591.842
600.037
629.113
611.09
628.513
568.608
650.276
510.761
568.438
642.073
719.249
659.484
513.318
628.829
526.006
541.49
582.465
608.6
632.904
624.57
579.074
547.8
636.954
603.593
715.227
571.038
569.459
578.309
613.461
586.68
485.554
553.952
604.961
542.93
618.419
733.728
752.231
581.029
517.559
619.306
531.32
625.001
620.108
549.399
667.273
567.531
652.254
578.464
577.277
550.811
546.694
680.276
611.831
577.913
531.444
587.697
611.608
526.379
707.065
651.32
611.865
710.122
800.199
634.546
647.096
582.142
584.426
503.999
589.388
651.332
597.171
545.51
598.747
525.979
596.532
688.338
635.772
649.004
618.331
624.35
519.456
504.8
696.786
682.769
608.427
640.599
597.859
654.459
532.743
570.639
521.922
792.213
746.239
630.116
631.997
489.762
648.705
559.392
604.902
777.443
664.659
602.222
592.863
619.36
736.557
648.162
709.409
563.414
567.779
445.534
557.698
556.23
551.335
472.659
557.295
631.275
655.311
649.555
659.067
544.308
611.203
586.857
647.913
544.761
620.072
646.118
608.601
646.775
762.055
524.464
466.54
620.574
593.137
566.969
690.06
669.243
507.718
575.154
678.352
594.305
537.886
493.692
581.944
632.333
664.968
657.23
465.048
645.487
568.153
721.993
579.722
605.191
588.179
835.341
664.09
600.27
514.383
598.578
643.572
636.886
520.022
643.388
639.006
627.862
560.201
582.812
508.936
604.851
592.178
693.298
450.427
627.38
552.083
626.449
567.833
569.302
711.078
710.168
519.304
556.986
539.462
595.869
675.756
540.899
631.952
627.609
589.826
620.603
590.298
540.87
662.995
571.301
600.119
646.664
578.997
509.813
674.934
603.03
611.029
750.773
580.372
566.27
670.163
556.111
498.806
644.795
597.722
575.261
585.7
678.663
593.656
541.774
577.971
564.78
578.221
637.098
543.129
715.163
594.622
602.138
536.151
700.017
637.707
747.934
550.354
707.002
564.922
476.934
632.437
536.601
654.035
531.317
661.719
485.613
696.854
586.693
493.666
632.608
619.254
589.552
809.135
564.571
553.131
623.435
657.395
671.272
633.67
657.382
519.209
571.476
632.717
530.861
498.217
667.929
702.606
621.725
624.757
633.47
503.21
652.043
581.271
695.923
667.675
643.99
598.336
688.345
615.327
574.817
698.634
705.056
495.226
572.993
649.215
632.891
548.885
538.85
619.633
513.841
713.543
640.324
508.588
641.421
549.798
608.267
538.692
711.245
633.187
580.593
732.323
541.334
693.302
518.365
588.638
576.177
513.928
630.294
559.857
610.357
661.193
612.271
574.119
558.171
666.574
552.86
484.859
727.011
613.124
707.804
587.798
556.514
596.919
677.097
682.292
514.714
635.552
595.66
698.498
597.783
567.659
488.1
565.664
522.515
520.456
592.442
623.538
555.725
587.769
633.302
683.11
684.72
579.015
822.124
530.767
778.751
648.358
607.331
526.657
553.475
621.85
687.322
663.788
619.125
699.029
592.037
612.284
616.076
595.694
630.483
518.006
628.052
500.49
631.725
605.778
653.175
544.431
555.367
564.839
624.699
547.731
522.246
639.385
596.984
598.751
522.127
537.27
624.776
597.56
608.574
609.669
577.525
649.393
671.274
616.279
594.188
581.861
578.785
787.3
596.401
608.185
580.664
519.247
577.233
522.26
605.89
570.014
596.415
503.932
669.249
598.186
606.27
740.884
564.644
501.476
532.24
535.062
559.67
629.717
552.697
541.436
572.85
607.422
630.784
641.658
665.87
692.795
706.647
593.693
528.872
539.025
548.147
812.363
664.07
612.782
560.824
569.262
583.83
528.919
646.01
545.71
631.052
716.871
536.188
572.822
650.616
511.378
572.321
620.543
640.145
623.359
527.27
740.831
607.549
527.555
682.629
536.126
642.793
620.302
713.344
636.079
678.189
435.903
595.965
592.879
525.477
710.145
565.502
513.528
738.156
528.499
678.152
582.916
509.658
592.059
654.508
565.424
636.272
616.187
530.006
501.759
517.992
587.918
609.548
586.309
684.484
588.752
501.734
534.412
490.435
572.067
584.45
509.417
518.828
699.363
554.449
524.343
579.448
625.787
567.504
635.267
707.711
660.427
656.017
643.854
546.56
596.854
537.912
601.6
653.252
742.715
523.577
641.071
673.041
568.13
528.883
647.78
599.547
608.355
657.533
584.358
636.215
619.086
528.528
517.948
428.513
542.302
653.202
526.376
661.562
530.546
722.969
615.14
663.47
706.646
591.629
515.839
560.443
661.879
598.84
678.068
587.438
664.573
489.062
650.897
554.132
646.597
595.511
505.425
535.781
632.953
680.155
646.983
588.409
527.15
662.066
568.393
574.884
598.768
644.08
674.746
574.548
551.278
566.381
533.187
595.314
739.446
659.653
639.073
651.22
597.841
599.836
531.852
658.674
592.414
539.878
492.616
505.286
570.84
580.692
619.958
588.213
629.306
576.735
588.824
503.579
555.218
626.534
572.596
533.956
620.273
575.791
637.688
542.377
582.335
558.008
518.646
575.141
632.875
514.275
543.046
491.365
592.27
604.023
513.376
640.135
612.813
612.082
585.387
564.546
596.649
685.376
611.801
653.188
633.506
612.524
731.528
616.483
484.212
627.344
585.656
672.267
548.785
625.189
551.24
522.628
672.805
642.682
758.33
690.629
492.932
446.684
634.095
556.378
679.198
533.461
622.741
654.266
684.879
617.946
468.56
719.696
561.567
585.645
559.644
576.02
632.733
540.93
662.272
548.385
546.277
553.279
600.727
577.93
602.01
632.261
643.967
628.486
582.177
570.157
673.575
568.944
490.382
637.046
578.273
625.847
556.196
698.93
720.124
690.208
547.406
595.662
752.565
543.091
635.592
592.298
644.169
571.499
555.094
548.308
551.913
563.926
727.808
748.66
516.725
689.802
620.29
640.195
569.607
645.697
467.473
621.452
517.21
625.207
742.315
521.748
697.782
676.838
655.937
654.658
598.857
643.585
584.727
554.083
581.009
641.414
600.068
723.869
544.234
600.429
533.747
619.919
768.628
537.11
730.574
543.572
701.145
609.947
538.344
581.87
511.496
666
610.802
597.167
552.03
619.951
529.604
601.31
565.346
573.033
737.568
653.795
641.297
557.835
753.014
671.61
643.533
577.444
584.512
588.788
678.646
625.78
527.138
675.405
661.696
580.453
677.248
614.228
610.868
668.938
815.613
580.324
659.491
654.2
651.056
628.166
568.466
621.491
663.219
615.058
525.347
581.615
536.601
562.234
605.767
490.658
535.188
600.447
617.623
567.631
547.454
593.709
530.493
516.419
612.699
537.261
536.097
658.872
517.417
696.158
615.556
519.181
473.65
542.815
624.198
540.179
593.026
668.604
703.62
618.689
556.117
511.454
507.062
605.813
641.881
483.806
580.53
581.455
740.131
495.088
548.094
562.273
537.132
524.399
603.867
624.449
540.955
671.748
620.208
501.694
596.892
641.123
540.565
596.336
559.071
543.355
664.743
663.465
633.479
742.205
837.748
694.145
666.118
439.811
574.965
714.585
572.712
641.024
620.136
581.523
679.1
533.219
660.542
618.801
718.761
642.11
638.876
590.044
708.383
517.03
678.797
541.345
596.974
639.722
454.851
604.665
686.454
587.912
695.209
609.68
524.166
609.934
522.784
700.689
682.301
672.145
480.617
558.053
564.631
617.264
602.646
534.405
557.025
582.795
658.576
473.697
619.711
529.933
535.992
641.314
589.563
532.843
601.548
644.173
558.793
600.055
606.034
567.835
584.657
594.264
652.974
673.031
651.941
648.474
625.345
719.444
632.476
559.732
773.003
501.201
604.177
542.733
564.2
615.497
519.39
507.557
653.34
535.22
552.27
641.966
749.517
626.677
580.579
515.532
693.314
519.805
630.156
598.46
573.587
653.891
561.514
666.259
626.376
586.345
572.129
677.015
782.889
471.663
478.281
585.024
611.564
544.694
573.486
596.949
613.538
611.341
458.622
429.427
581.227
624.299
662.202
514.5
664.472
605.817
611.285
506.563
568.836
535.429
640.204
628.122
712.09
656.251
647.445
620.419
612.23
588.973
513.915
587.416
688.376
546.971
638.193
504.823
513.628
621.108
706.9
577.357
529.744
513.203
580.259
659.79
546.952
713.685
528.564
571.141
629.909
528.862
647.708
672.766
619.483
621.862
612.138
540.173
507.202
581.374
556.356
641.22
568.559
577.276
503.203
667.051
469.066
550.823
625.023
509.428
524.643
514.747
639.956
508.06
572.072
602.032
559.933
686.497
573.775
514.107
811.871
657.333
536.773
507.487
611.974
500.205
632.46
537.468
529.214
561.159
489.084
534.423
594.783
546.342
511.494
594.257
605.16
582.399
547.593
770.393
656.403
639.688
593.63
735.909
583.161
576.65
752.3
646.771
561.536
560.159
663.743
660.445
513.49
573.928
647.191
632.526
603.5
577.476
508.184
506.808
510.64
586.933
574.008
506.202
561.061
588.358
724.326
484.582
663.041
464.594
662.426
618.599
575.359
597.293
572.173
453.093
569.889
563.412
544.178
581.333
562.09
571.735
530.371
577.321
611.837
646.811
586.046
560.387
548.779
554.388
671.477
672.701
519.745
597.701
630.432
535.606
496.015
523.667
551.768
570.054
782.855
600.128
567.143
712.177
884.422
515.441
586.752
634.509
661.351
676.23
558.423
619.306
595.342
604.872
611.612
667.976
452.099
538.583
613.55
648.268
705.848
649.733
503.448
515.51
640.739
544.448
568.57
656.543
525.56
487.48
631.288
658.001
612.104
587.421
582.73
474.568
655.993
531.931
503.88
490.13
680.276
705.809
753.927
628.514
745.837
568.815
544.26
722.43
613.875
647.6
572.111
555.237
570.899
579.686
567.706
648.026
560.03
586.112
571.923
587.35
671.18
577.495
613.167
558.996
525.238
624.35
560.369
641.939
551.153
570.168
505.968
486.813
565.042
593.72
445.39
626.835
513.18
594.423
621.179
615.537
510.135
548.417
623.652
740.162
563.19
579.597
645.35
610.404
519.4
577.474
493.659
582.512
653.296
521.034
729.652
663.345
590.296
506.17
738.321
701.303
552.958
701.929
579.065
562.05
556.965
620.877
715.863
564.256
606.802
724.257
657.07
610.571
665.529
577.253
501.368
629.303
659.942
617.009
478.838
481.266
709.134
526.034
612.496
711.131
690.323
787.908
472.452
568.005
552.822
603.47
603.24
716.882
707.25
610.981
546.496
578.96
572.432
677.685
507.421
658.875
608.373
663.633
587.531
590.684
515.575
599.399
624.283
546.296
673.397
683.54
710.8
623.104
647.474
605.999
600.428
578.484
588.12
562.502
595.732
680.372
542.802
576.417
570.501
525.053
510.225
523.304
671.877
616.184
620.062
593.58
530.196
690.032
569.687
637.667
522.577
579.988
586.102
589.335
604.163
620.038
624.803
557.73
630.473
655.653
601.82
745.198
734.665
680.227
594.353
613.438
552.923
502.924
704.031
573.155
585.067
763.643
597.793
625.959
648.042
645.635
640.263
533.033
712.272
545.496
626.211
494.186
540.14
512.122
595.902
583.518
610.172
631.871
563.737
663.57
511.555
575.134
673.399
556.199
678.002
541.852
685.013
647.846
608.714
605.243
579.48
601.777
620.1
682.864
707.11
596.003
569.576
500.276
553.562
600.234
550.361
690.469
618.354
549.158
571.814
563.146
452.906
682.499
588.769
551.326
527.768
536.72
539.106
551.553
651.849
659.903
663.677
638.941
683.491
690.952
606.124
582.523
740.654
604.051
637.386
552.433
645.22
587.029
512.539
623.655
578.868
802.37
739.653
594.73
545.137
679.505
579.732
717.926
796.687
649.584
551.287
764.81
440.458
656.554
536.202
544.924
762.847
602.849
625.879
627.268
550.497
605.948
785.974
695.472
608.384
561.825
573.45
512.188
611.386
674.95
607.558
550.08
598.929
570.106
573.803
669.968
742.386
495.331
529.823
619.982
588.992
574.041
613.006
580.012
634.399
537.655
545.487
762.133
640.761
585.951
624.609
696.342
649.505
563.498
624.136
657.377
534.343
488.017
496.099
706.206
663.016
499.696
586.112
615.523
620.861
602.657
700.377
584.188
607.692
516.397
577.928
647.788
526.858
619.868
677.217
510.663
531.879
617.734
627.646
617.957
549.188
577.245
651.028
586.793
539.76
594.468
587.199
627.264
659.617
540.988
564.753
570.18
618.159
416.013
702.6
640.401
631.805
681.586
588.466
516.749
607.572
619.112
675.379
568.468
763.267
636.124
631.954
578.421
573.701
523.139
607.353
641.294
622.65
702.397
661.38
626.025
654.326
487.305
595.735
529.96
574.888
560.027
780.894
540.333
683.458
465.648
619.51
692.556
681.288
612.105
591.866
624.04
577.091
661.028
650.553
741.882
610.708
569.221
584.684
614.104
479.008
522.293
584.866
541.956
545.867
554.875
657.932
633.617
611.201
516.11
584.033
594.212
588.039
721.189
559.697
546.212
507.927
579.66
597.495
566.552
645.606
540.573
509.524
583.487
579.924
637.361
583.677
547.252
555.812
648.805
652.004
758.501
528.564
608.023
663.933
609.572
500.49
602.767
528.996
722.034
613.409
469.941
728.667
527.736
580.806
587.557
599.05
632.486
517.642
633.331
718.088
636.401
586.789
710.461
534.132
663.39
643.532
593.311
716.712
641.727
612.744
594.422
602.396
472.536
692.244
605.189
592.613
579.892
566.857
706.072
535.619
576.849
525.575
628.76
461.844
523.419
923.82
519.667
670.54
678.154
720.719
587.772
630.539
669.447
634.826
641.102
616.88
560.87
667.158
623.095
554.446
582.465
645.659
556.024
744.688
631.881
647.056
644.828
599.38
613.557
562.864
548.724
695.117
659.162
572.057
568.278
575.067
667.08
510.165
657.264
655.507
558.235
724.003
632.639
707.855
769.152
617.219
536.393
570.274
574.184
714.355
569.095
609.804
693.434
613.832
603.506
557.52
581.534
527.488
555.076
563.08
644.659
637.959
521.842
592.886
633.86
483.603
465.285
614.22
785.211
630.686
560.466
678.308
571.19
622.331
615.417
452.157
566.506
629.443
740.388
616.209
582.442
540.508
533.434
558.826
550.953
503.303
524.754
613.025
558.439
623.622
669.675
644.309
567.64
705.267
621.679
652.819
535.031
512.745
556.059
566.541
621.969
604.598
698.179
566.064
552.817
586.608
609.12
652.263
601.371
522.002
624.217
508.409
600.11
594.628
525.538
551.439
516.871
636.224
655.837
476.663
552.677
586.24
585.634
538.27
568.638
780.165
674.715
589.182
591.378
666.062
518.048
630.993
534.806
781.828
658.714
588.025
628.047
613.51
648.914
635.374
612.241
643.209
536.431
646.199
602.057
632.599
587.292
642.815
618.193
596.745
607.455
642.45
613.826
660.599
690.68
523.268
538.119
551.48
703.669
504.254
627.915
691.876
518.964
534.391
557.174
755.377
546.435
609.662
589.396
574.05
526.434
517.3
573.734
518.597
574.759
625.039
605.747
616.044
673.843
681.374
511.724
504.502
484.609
648.335
598.35
628.391
609.645
561.962
616.603
601.655
603.514
518.619
575.393
626.778
591.222
684.818
544.359
523.532
679.3
602.452
698.303
530.441
526.154
641.969
543.369
604.847
591.296
698.578
501.101
548.497
569.993
690.69
536.63
498.084
640.859
563.221
556.654
649.567
609.924
545.998
611.351
524.188
536.441
565.421
629.695
583.73
652.699
592.046
667.992
658.373
582.497
518.746
681.491
668.892
553.509
454.936
525.29
594.845
574.015
471.901
618.959
580.682
488.429
597.143
594.576
554.344
660.398
599.043
724.189
691.752
567.43
619.618
567.802
699.756
547.721
614.678
597.344
534.987
566.374
556.702
709.13
606.61
723.855
611.542
561.499
613.567
509.357
609.654
549.021
501.252
591.818
563.623
482.319
607.796
623.723
518.579
640.332
560.943
580.753
532.057
521.721
555.153
608.618
650.351
556.027
540.883
614.865
591.087
494.671
498.047
555.436
637.949
519.766
551.517
608.071
546.343
567.4
578.512
634.839
582.856
490.834
497.391
522.57
718.198
574.383
638.884
731.446
595.827
578.943
677.466
610.722
619.612
546.8
451.169
708.006
482.895
573.028
621.875
755.455
628.086
608.477
605.834
540.207
733.264
698.187
622.95
523.836
507.555
578.842
765.308
545.473
547.543
651.329
581.874
614.525
548.706
532.081
688.057
595.292
614.647
565.948
573.79
738.285
480.488
647.964
484.024
609.543
570.349
584.638
591.269
638.408
580.795
723.302
574.441
748.572
523.495
756.357
712.123
648.616
550.166
573.557
521.339
534.909
639.271
555.48
614.889
659.394
536.089
714.289
627.333
599.903
609.174
663.637
597.462
601.671
775.48
522.941
616.363
497.801
614.115
631.853
646.598
588.429
502.033
603.886
562.641
508.761
562.751
656.342
620.699
663.627
678.98
638.817
668.948
629.452
561.901
828.042
603.246
616.43
608.181
644.063
701.274
582.488
591.323
580.139
640.307
569.831
616.96
545.771
575.113
537.949
584.322
514.113
547.636
496.73
602.122
529.653
583.053
574.926
594.142
521
549.057
706.586
606.611
588.777
550.533
530.074
635.679
650.213
608.422
505.473
514.01
500.309
543.908
635.169
596.292
571.552
656.882
602.295
570.276
508.199
625.477
643.717
601.542
593.094
632.197
483.119
570.184
578.799
583.374
575.243
636.021
620.383
563.816
533.359
504.925
588.048
492.088
640.898
640.217
554.189
587.11
510.149
562.961
610.236
644.518
506.634
546.325
585.174
644.027
657.413
617.516
698.635
580.965
754.504
514.79
590.786
607.143
535.918
462.571
554.979
846.68
573.615
636.033
573.074
683.082
589.681
524.704
588.332
488.509
732.269
625.098
664.054
633.99
715.564
675.915
609.806
666.446
619.929
535.728
665.848
608.075
621.345
611.563
637.078
641.14
669.815
623.526
674.791
596.455
559.73
529.189
506.841
576.188
608.198
556.068
537.032
605.637
594.124
597.851
588.986
558.278
598.115
680.77
636.175
592.2
605.065
498.717
672.748
480.86
666.38
492.502
595.4
532.688
612.249
569.133
598.614
543.594
556.998
609.449
512.587
585.174
664.7
631.314
587.077
542.684
508.92
568.623
637.762
581.117
734.924
687.36
546.888
745.746
601.135
483.094
621.979
549.584
636.967
700.692
597.902
514.763
600.623
681.539
468.154
649.973
585.657
536.91
618.411
580.702
641.335
714.523
568.837
589.283
575.094
647.744
641.344
536.964
670.552
512.357
680.03
688.981
576.27
649.164
658.95
626.703
522.551
656.592
492.442
531.791
613.3
611.38
548.737
587.842
570.934
658.689
546.737
675.669
547.836
679.579
472.688
577.366
422.647
707.854
564.75
546.665
547.795
540.741
655.392
549.628
530.404
564.465
730.697
547.441
582.172
544.024
615.199
718.252
584.431
568.785
441.954
563.412
602.907
544.941
572.572
605.816
648.92
592.905
563.32
517.635
627.336
561.217
559.131
592.502
607.981
649.568
556.501
714.851
553.194
531.869
472.505
503.807
575.964
581.305
638.502
605.898
583.392
486.217
766.668
640.391
684.684
525.146
595.955
564.301
536.223
690.167
560.234
622.063
576.208
567.176
521.618
648.137
574.166
567.235
592.645
608.206
621.319
598.741
574.004
588.66
661.484
507.431
738.277
589.094
732.226
699.535
648.672
648.573
619.969
716.741
565.813
627.718
517.018
541.308
496.835
631.999
717.733
537.195
587.903
682.291
489.755
686.971
587.243
718.422
564.051
532.388
574.615
589.485
474.404
790.408
612.585
611.225
663.434
738.605
564.469
514.315
722.067
573.725
512.582
701.061
438.201
601.071
554.292
682.393
491.36
754.388
520.351
536.845
536.498
584.63
575.757
601.23
660.172
583.745
533.208
496.093
650.166
636.538
599.637
619.418
537.962
644.313
636.497
511.209
702.285
633.303
613.43
585.014
689.109
537.13
781.713
508.425
663.638
547.173
547.415
576.485
544.692
625.911
636.616
484.964
509.577
604.277
631.078
587.48
605.136
504.434
558.617
614.221
621.263
862.065
556.287
467.138
598.423
635.738
567.361
566.698
438.103
493.573
535.002
506.988
490.218
572.803
588.137
701.893
717.382
632.316
549.324
620.553
629.627
686.618
567.887
591.855
551.345
628.921
497.26
655.678
636.804
627.56
579.665
650.35
643.049
569.305
555.873
612.242
509.404
687.812
686.675
504.246
635.777
571.099
665.341
583.154
606.987
631.672
636.705
572.029
592.456
693.538
563.449
645.991
489.247
599.181
544.454
552.096
537.913
642.938
609.315
647.931
582.972
672.312
568.006
525.371
621.503
604.96
611.574
563.737
719.159
592.781
620.488
664.76
585.04
628.386
568.901
662.475
762.025
785.214
657.148
682.685
574.866
548.865
633.922
522.498
565.286
671.032
584.516
645.566
605.571
665.622
528.263
590.753
576.603
588.398
621.609
631.341
617.502
626.682
696.781
675.137
606.364
530.112
580.825
591.038
632.957
608.872
616.348
568.544
568.749
565.034
674.259
838.204
584.427
575.622
577.001
591.823
490.091
636.509
634.488
640.707
443.021
581.101
724.323
549.14
639.856
541.425
552.076
615.267
691.051
628.292
540.866
524.074
562.373
622.452
581.266
623.243
519.041
566.82
698.719
628.35
638.483
586.616
525.482
431.455
631.52
482.837
603.8
555.254
557.236
602.239
560.11
580.278
534.237
591.54
525.549
624.057
703.455
531.936
526.895
607.057
500.997
548.618
580.962
591.637
600.265
501.364
649.827
587.952
506.91
657.733
611.836
759.14
701.505
550.648
567.495
571.411
625.111
495.948
741.926
568.748
556.957
711.152
634.767
657.311
695.89
601.077
616.444
538.029
532.7
541.018
659.895
563.775
651.905
626.217
555.531
652.37
547.878
581.389
691.25
595.502
635.411
594.481
607.868
664.085
492.762
659.822
636.386
597.707
598.579
529.418
530.978
755.76
621.613
632.636
753.335
595.504
752.147
553.875
534.756
741.433
510.762
686.074
559.484
602.191
658.321
594.891
596.871
637.754
621.408
511.684
615.238
747.726
469.949
586.408
600.313
639.868
700.213
646.886
477.248
696.914
545.646
574.033
577.563
702.557
646.562
589.329
601.627
565.863
572.572
680.322
634.829
799.058
605.76
504.539
691.782
588.382
567.844
565.89
642.722
609.828
546.6
582.046
623.234
564.718
550.8
629.809
617.041
498.119
559.374
784.516
629.906
567.935
525.868
641.631
553.072
614.375
594.275
747.14
538.797
621.231
589.269
517.519
703.02
664.347
564.89
646.381
591.989
581.547
564.413
636.809
640.218
588.125
597.92
596.915
539.592
563.615
612.752
665.266
593.945
646.696
599.68
638.564
469.97
637.517
499.071
609.422
649.113
616.736
579.46
537.864
561.082
614.212
586.393
525.01
683.578
515.252
605.546
467.105
549.556
643.624
675.332
523.11
611.671
606.218
667.72
590.092
614.71
561.147
605.98
629.817
492.782
523.417
719.687
535.892
677.486
504.302
534.668
638.636
580.798
656.07
507.849
659.874
654.272
543.436
525.27
580.736
585.867
701.011
587.758
550.651
642.048
631.083
538.904
639.122
569.39
665.423
648.54
575
551.489
581.061
545.724
633.998
640.868
552.485
550.062
598.302
480.952
585.413
508.431
591.538
612.49
595.688
545.849
614.646
615.582
498.086
518.737
585.141
594.141
643.814
487.428
650.177
631.399
449.664
540.611
643.588
604.426
592.579
527.707
663.874
651.294
584.477
567.501
642.851
609.672
632.048
519.135
631.369
662.084
521.297
568.288
692.2
480.95
603.813
570.848
609.603
618.579
733.187
550.356
533.039
633.428
590.209
587.249
591.324
749.579
637.855
648.713
702.286
577.249
552.519
566.444
607.738
665.468
616.882
606.629
703.507
644.083
595.288
472.636
645.067
724.835
676.612
598.593
623.563
594.861
679.122
542.159
523.11
590.451
664.674
640.512
590.846
537.852
597.442
587.789
593.083
584.827
627.337
576.131
534.96
568.273
621.892
624.774
658.485
522.632
638.27
527.751
484.969
621.402
586.063
657.655
573.437
545.678
756.049
606.017
754.131
541.76
588.49
573.636
516.44
551.468
560.873
663.993
654.168
644.727
617.276
641.204
561.638
568.133
529.676
623.517
637.678
617.828
700.136
702.088
567.178
650.761
602.656
678.545
591.344
641.692
640.016
641.904
627.743
565.006
540.5
541.801
641.323
746.452
476.383
664.016
674.263
699.794
634.596
607.754
676.971
629.078
487.746
639.134
646.215
542.609
516.619
694.388
702.659
561.971
633.147
592.716
562.648
725.895
801.521
548.433
632.731
712.054
715.768
639.553
527.995
614.639
516.185
629.603
596.856
735.303
522.853
713.377
605.999
504.767
516.563
524.442
669.351
613.928
693.319
571.795
594.82
631.55
520.964
938.94
558.609
597.911
593.473
790.854
569.315
735.381
629.668
590.665
588.82
613.839
565.792
599.795
554.046
480.489
645.199
579.543
518.005
497.696
576.236
520.918
662.252
724.441
553.729
709.491
543.975
533.339
530.208
534.73
488.141
515.817
547.002
520.822
489.408
689.61
625.711
547.996
590.977
570.525
580.943
574.26
508.318
586.8
556.926
579.097
500.114
595.282
488.552
582.639
626.272
592.872
543.149
603.031
679.221
555.42
469.128
623.572
567.337
689.792
596.497
569.822
516.867
511.821
590.171
678.722
502.892
646.822
575.223
615.194
528.733
534.409
492.553
480.555
677.544
625.579
623.582
721.5
454.856
582.818
650.739
713.898
532.916
626.321
619.687
575.887
640.778
668.233
532.217
686.556
651.332
656.312
666.668
530.629
584.133
620.269
672.738
515.674
579.274
565.842
622.142
520.005
677.396
512.247
602.608
573.654
566.58
715.336
575.534
629.041
642.903
694.469
578.408
599.495
669.531
683.277
593.295
726.832
570.36
606.804
538.229
594.956
623.114
483.329
606.158
665.556
456.96
534.854
500.83
626.627
550.144
534.496
597.003
500.693
580.922
472.161
641.936
576.177
627.727
593.226
621.565
621.525
575.562
621.521
607.151
563.504
613.614
656.524
654.193
666.674
449.37
660.556
552.313
536.176
510.677
744.361
549.377
556.485
640.261
611.678
612.461
621.335
609.033
659.716
553.787
541.186
591.367
557.133
573.425
664.152
665.358
584.243
574.052
609.033
604.667
673.441
622.313
546.444
565.887
652.101
599.287
500.323
590.408
598.706
656.357
653.423
606.221
678.194
569.408
708.546
683.111
745.424
464.406
687.798
596.117
544.103
581.55
486.601
577.466
643.296
582.125
736.279
610.738
669.212
544.916
512.175
690.399
532.831
611.634
515.383
547.555
622.638
655.746
503.387
497.809
452.065
721.377
549.784
573.109
631.637
664.192
686.852
574.779
606.138
662.232
621.904
666.29
781.312
592.178
630.616
512.572
556.66
593.738
613.45
581.075
827.957
618.549
640.382
622.359
515.552
654.301
480.068
549.129
612.164
649.561
556.195
567.377
715.843
478.52
670.34
605.904
543.438
501.827
548.544
637.446
774.741
573.948
566.417
604.316
525.885
511.975
592.229
607.143
593.651
635.201
630.411
567.808
611.438
673.581
572.55
557.514
538.045
572.129
600.538
602.674
663.906
582.807
531.378
696.738
577.596
476.786
631.583
631.88
537.752
601.517
689.563
707.875
614.71
621.347
605.789
608.378
663.559
496.283
580.512
514.044
594.508
601.502
562.157
659.283
563.104
605.103
576.133
567.124
496.231
580.914
599.083
562.155
607.584
617.812
723.404
574.013
685.548
596.739
645.167
675.561
579.188
567.92
577.794
624.277
602.935
609.533
593.711
541.491
545.829
544.974
624.987
595.467
555.458
531.263
610.871
653.003
731.931
607.642
664.147
621.772
493.98
565.847
760.347
556.017
581.868
663.642
554.621
575.189
655.507
618.269
588.243
546.259
576.317
583.921
838.343
548.536
589.431
522.19
639.608
591.235
466.318
607.493
540.722
622.897
525.032
621.217
567.429
656.519
533.505
537.251
638.81
571.775
581.086
549.898
620.001
626.245
517.016
587.386
633.259
489.821
573.751
485.87
596.818
607.495
580.217
528.82
627.386
558.649
489.986
566.222
563.471
664.658
618.519
579.323
491.152
527.554
677.172
698.476
570.125
669.361
584.303
491.826
588.068
594.946
592.094
557.927
644.977
639.172
711.298
552.483
591.866
757.697
483.341
673.103
685.316
597.67
728.462
610.649
475.104
504.615
580.936
554.457
672.739
495.53
512.812
614.942
507.074
506.556
496.627
546.298
525.296
608.509
537.179
612.807
554.562
686.463
588.143
597.97
565.814
677.607
720.072
590.475
710.06
584.788
599.337
709.751
720.533
618.809
574.22
620.357
634.528
576.952
599.923
635.704
692.093
531.916
631.436
598.349
540.449
648.312
691.235
542.644
619.889
738.797
727.382
598.554
620.794
596.125
724.214
766.445
656.05
627.085
591.735
537.031
782.494
560.845
614.714
693.527
621.043
548.384
606.204
547.365
474.725
544.806
601.874
537.886
629.14
562.097
613.266
601.276
694.277
700.551
525.383
710.108
611.898
588.071
577.538
606.326
499.359
548.892
684.238
744.138
610.636
546.579
668.972
624.176
575.694
597.237
758.595
534.227
600.276
573.533
592.848
632.409
512.851
621.538
533.086
682.774
646.709
672.575
600.589
601.932
665.818
527.929
497.076
559.252
613.57
589.008
721.878
554.626
456.644
659.603
652.494
741.86
621.509
648.787
627.494
565.383
610.663
510.686
632.292
547.072
531.472
548.057
535.455
648.08
553.057
572.592
601.778
624.453
633.819
624.143
641.068
749.319
570.95
723.636
677.16
716.56
489.184
624.518
527.958
580.048
667.299
665.487
530.62
573.969
572.31
622.734
741.353
627.145
625.571
663.921
569.458
590.229
652.258
591.869
568.599
593.992
503.036
531.017
604.836
701.23
779.461
557.345
797.249
575.404
557.039
637.331
610.153
563.045
594.654
661.972
628.748
467.198
628.331
626.133
636.491
842.304
473.867
666.549
617.194
628.673
553.089
573.128
547.93
612.876
676.31
675.19
482.162
582.149
592.324
583.202
678.017
695.569
600.535
595.811
703.888
708.015
500.318
609.463
612.086
624.804
685.102
558.259
618.264
588.921
862.765
610.096
653.605
541.433
619.223
599.287
578.518
608.148
603.011
543.866
513.019
646.628
603.576
565.859
571.546
488.173
847.275
560.375
585.947
523.283
618.942
712.036
682.359
664.945
726.178
539.967
714.761
713.14
537.519
482.982
571.981
591.455
557.32
726.89
581.511
667.265
648.939
648.504
641.02
694.596
534.982
597.553
688.384
596.429
637.936
579.739
680.963
584.631
595.952
702.781
703.258
647.592
532.334
572.485
739.683
575.852
665.142
521.243
553.028
606.344
637.788
577.44
624.878
539.465
566.491
530.221
540.71
618.208
643.551
540.183
689.667
572.215
523.651
520.555
547.701
536.475
626.268
609.057
706.904
617.662
576.782
643.095
659.305
662.056
678.982
484.249
595.376
588.516
542.251
579.015
757.735
496.089
554.208
689.795
441.635
682.763
645.456
632.458
592.332
719.416
609.423
586.757
584.752
539.757
716.131
554.567
665.979
602.449
614.817
551.367
588.446
624.034
538.172
737.416
575.353
674.478
497.007
579.082
774.29
603.655
630.603
563.571
655.873
596.516
570.463
685.082
580.216
606.983
567.018
564.086
604.26
536.92
606.34
641.655
589.37
578.193
676.825
709.31
588.291
703.816
567.723
563.697
655.292
499.848
667.099
576.49
640.924
530.069
610.247
572.222
722.958
652.455
514.322
628.028
605.595
605.548
759.363
580.564
590.11
613.537
603.938
545.502
596.494
572.401
630.184
683.36
645.677
613.887
429.754
645.697
540.749
753.983
668.366
556.88
496.142
640.059
615.864
588.659
568.328
567.735
722.128
690.184
631.49
529.008
590.325
602.034
595.183
687.142
644.742
638.157
677.921
460.352
652.154
521.623
651.855
488.189
563.066
576.726
595.548
638.516
608.909
639.402
667.305
591.817
602.941
738.131
629.945
541.643
671.006
528.874
594.975
562.396
634.986
485.267
619.019
586.513
553.872
547.398
567.962
652.611
558.719
553.638
624.213
591.331
523.852
564.993
634.864
677.033
535.746
585.664
586.317
684.291
660.586
498.076
563.318
658.318
660.233
536.829
594.556
560.442
809.747
551.622
578.439
637.416
653.665
548.875
614.481
606.823
625.213
579.811
598.605
692.665
612.429
671.972
503.152
702.871
617.713
579.851
606.248
644.096
495.023
491.597
539.037
565.386
666.606
499.075
608.315
707.303
620.542
576.803
524.414
512.588
531.39
571.222
573.378
574.397
630.792
635.825
536.968
501.179
527.386
567.773
555.262
612.604
764.246
687.703
696.216
618.604
583.206
491.509
601.06
576.797
588.195
551.549
536.034
635.932
535.48
580.896
752.456
547.156
683.738
705.224
626.507
612.593
646.459
703.39
622.066
533.11
534.622
509.992
578.742
493.953
637.318
552.208
550.099
634.245
747.825
509.792
552.641
560.043
683.878
513.217
615.242
556.501
625.012
664.923
610.432
547.984
720.213
568.963
551.047
545.145
583.805
666.71
473.51
558.108
627.998
647.759
634.074
652.328
539.916
623.089
554.251
676.371
571.828
595.463
626.748
567.933
561.135
569.753
632.248
664.066
568.672
640.901
645.766
474.465
646.389
683.699
729.054
535.883
649.962
556.664
651.941
497.41
549.125
696.208
537.214
628.809
572.082
663.258
665.186
690.081
717.947
646.02
573.408
524.626
603.285
660.837
468.202
584.891
540.275
658.615
618.118
570.103
561.563
502.803
696.584
564.386
619.156
689.881
617.184
592.551
644.367
574.249
607.382
682.774
610.043
497.253
640.867
636.508
604.261
606.246
599.072
516.172
580.809
577.377
621.26
645.533
542.499
709.347
562.511
568.967
693.271
612.718
681.318
640.54
568.949
693.924
595.498
591.379
562.282
564.874
573.477
554.548
536.698
660.502
611.153
519.872
491.258
451.133
583.995
558.198
720.874
549.408
620.3
624.664
626.983
567.805
716.32
501.936
589.13
688.821
835.638
622.337
664.208
597.087
643.088
674.237
460.029
735.46
585.172
629.833
579.016
594.004
485.815
619.101
623.318
594.756
485.921
644.569
687.553
518.9
620.48
614.469
661.366
510.459
641.391
692.426
601.417
558.764
636.392
461.031
609.943
485.402
547.057
631.34
621.275
627.695
532.282
666.815
726.645
482.879
618.742
642.41
613.92
644.46
486.416
567.243
757.847
722.669
599.343
612.085
556.092
634.784
591.105
564.436
529.583
622.681
500.91
641.211
686.816
654.988
694.72
521.389
570.883
785.182
622.268
508.519
589.451
582.452
581.874
616.47
700.021
670.288
570.637
557.717
502.308
641.734
571.222
594.443
639.018
525.452
704.341
776.748
550.339
716.003
578.726
665.848
628.375
512.474
492.805
569.386
626.78
553.968
557.554
661.473
570.147
695.114
732.564
704.366
560.747
642.217
654.341
610.078
583.669
721.014
494.015
477.097
740.677
603.42
602.902
518.225
635.46
666.593
558.532
562.623
664.894
648.891
595.577
516.134
553.706
658.513
690.35
601.224
544.254
581.799
547.651
530.334
561.803
603.629
608.069
625.945
667.631
689.589
793.49
609.648
547.347
708.708
460.253
722.493
497.112
564.317
466.788
620.456
593.714
609.596
657.694
595.28
552.769
648.221
593.543
461.138
614.358
473.611
580.116
543.404
585.879
589.94
561.555
695.955
649.272
664.362
667.523
630.914
500.751
660.309
681.121
648.251
682.994
626.491
573.895
554.034
764.932
610.688
578.763
584.712
634.154
629.873
578.447
525.604
787.724
631.432
573.495
599.475
584.336
626.447
543.337
567.322
548.741
562.89
604.854
506.574
546.032
598.013
509.607
553.66
571.005
675.379
673.469
602.476
608.415
505.207
532.828
600.694
750.843
507.618
615.747
644.417
661.295
526.341
530.491
576.871
569.731
559.998
611.026
582.87
558.076
594.999
488.262
528.891
580.193
582.618
534.024
572.57
493.521
560.804
628.052
605.617
677.674
723.254
680.497
698.879
615.001
660.242
526.731
529.321
622.764
517.423
581.477
514.505
489.645
439.855
617.901
524.253
603.493
624.186
639.67
609.706
717.722
588.882
663.486
583.216
609.977
663.937
588.689
535.024
504.917
692.234
665.938
605.728
543.924
622.884
601.727
819.104
600.612
523.875
650.883
532.178
627.51
540.007
577.63
740.309
560.821
604.582
542.796
565.14
521.599
660.349
625.347
666.418
625.697
565.422
549.163
495.17
557.536
763.531
582.653
563.82
583.987
664.786
713.459
604.432
574.337
651.435
717.28
557.775
586.435
612.225
654.543
652.55
511.996
626.551
741.787
693.529
517.313
491.288
561.473
613.764
548.772
645.73
520.919
707.931
594.694
675.316
625.636
495.292
623.404
613.905
697.866
608.977
607.433
503.601
598.002
493.559
639.61
568.895
668.135
654.091
726.624
607.709
598.599
652.275
547.756
648.619
517.52
569.698
714.056
622.012
639.72
594.801
543.116
521.642
566.976
711.507
508.079
533.317
612.918
562.303
616.699
693.561
556.908
601.93
581.782
759.187
678.455
686.203
625.199
541.387
587.602
723.756
528.386
713.437
534.368
714.191
614.611
663.553
628.12
482.073
609.682
691.474
567.005
621.162
643.533
590.708
439.433
538.933
616.292
638.066
644.354
582.826
557.406
637.303
520.911
535.982
677.502
599.331
661.603
606.666
728.679
586.458
838.433
593.41
641.332
756.687
611.602
646.563
566.06
599.229
617.725
621.871
688.048
548.391
532.395
591.341
505.513
637.436
543.381
690.717
493.222
591.936
602.909
665.979
593.934
514.969
543.921
666.182
561.283
638.036
493.982
545.475
705.925
646.667
503.132
557.715
526.014
558.381
712.837
573.295
712.143
692.44
661.462
583.237
613.42
650.962
549.296
584.5
662.395
583.009
727.959
570.71
658.696
567.625
729.347
536.501
719.274
571.802
558.536
628.784
567.367
718.16
592.303
610.32
663.239
587.78
688.716
501.056
698.147
560.487
760.059
526.206
558.575
685.894
633.685
502.029
648.089
702.116
690.795
631.704
552.809
636.956
668.761
518.318
565.04
548.164
599.827
584.637
682.125
553.175
677.546
616.161
613.42
599.038
566.657
531.016
561.729
525.369
538.045
658.588
636.23
567.509
624.858
641.198
464.004
664.414
611.174
537.968
700.481
639.362
511.234
679.467
569.009
507.324
601.11
560.304
628.124
596.96
574.313
634.306
581.233
590.927
538.021
653.468
560.678
599.196
603.565
496.776
600.329
604.067
518.642
534.917
521.141
638.192
587.274
582.555
531.643
676.767
636.215
675.704
594.117
632.64
670.969
644.336
676.985
573.368
617.818
620.232
573.339
594.874
517.399
650.419
700.072
509.631
494.218
619.727
680.174
701.598
614.279
621.327
585.1
526.912
560.298
684.83
510.656
619.538
644.301
647.019
634.503
572.759
817.747
677.462
552.118
580.36
551.632
584.815
544.068
563.058
616.989
598.393
670.267
631.848
698.417
529.834
529.509
548.228
665.984
655.809
637.977
565.703
515.577
497.448
592.702
625.408
539.266
577.478
708.242
694.289
631.512
695.501
499.469
575.244
659.325
498.797
551.631
621.78
617.845
603.693
663.254
657.806
682.439
587.579
488.043
529.755
559.251
592.878
682.537
594.356
591.581
498.11
572.775
693.924
708.109
560.842
549.807
607.577
626.881
572.695
553.015
548.869
650.475
566.362
625.379
615.124
665.522
541.527
591.325
672.431
632.655
620.296
504.318
439.68
573.379
648.157
597.908
439.646
612.875
627.567
565.688
522.673
681.417
550.85
535.012
653.52
704.276
628.031
708.83
652.983
534.283
585.287
553.964
591.579
633.844
604.113
588.685
561.074
605.255
659.318
586.458
668.097
630.805
578.383
509.933
447.729
794.813
504.576
614.745
571.858
664.196
613.545
575.628
609.309
574.309
650.909
547.692
543.937
634.1
652.883
632.939
622.913
664.376
655.28
660.871
565.95
558.143
580.038
575.222
554.542
584.909
492.734
597.454
555.553
575.92
487.472
628.752
600.168
531.197
555.387
664.254
553.128
594.742
654.425
647.23
580.204
555.128
594.792
545.477
561.129
581.02
545.293
573.384
572.791
570.533
643.733
518.691
679.587
586.928
602.05
570.77
642.731
451.685
480.101
519.685
596.717
639.305
613.677
514.579
656.422
640.942
568.215
577.298
609.195
551.794
608.284
544.595
512.378
619.159
809.708
689.066
456.758
692.783
558.748
674.676
575.825
549.875
591.764
523.843
589.351
678.905
641.701
696.652
614.79
594.192
645.958
478.791
496.582
592.584
541.812
463.781
677.989
536.47
675.462
489.621
464.487
543.693
620.968
686.927
546.483
682.155
635.477
526.574
582.545
553.895
607.269
628.022
588.168
597.278
535.683
510.148
626.709
477.93
565.282
709.68
544.225
526.511
682.304
544.779
613.166
692.751
535.12
481.043
610.105
553.844
595.169
616.638
598.972
628.957
650.492
651.454
536.584
559.401
751.141
686.745
608.249
578.331
648.13
607.887
602.862
768.676
688.753
721.498
639.778
576.777
740.538
564.601
658.353
587.392
689.854
618.047
560.15
555.332
601.308
679.975
637.452
588.36
514.275
557.145
598.39
677.26
605.162
650.584
620.603
581.94
565.89
683.566
614.115
565.939
639.905
605.95
553.319
577.479
555.865
621.601
567.954
531.444
678.588
599.853
535.73
535.018
607.172
698.672
691.576
647.884
551.952
594.787
611.645
699.72
547.655
571.978
607.819
752.438
589.21
627.881
661.737
530.622
551.353
650.012
613.148
578.603
573.343
563.757
664.316
555.133
581.404
640.687
597.914
529.239
499.039
681.187
583.688
567.281
615.757
580.733
620.437
663.139
548.322
664.775
516.26
635.468
627.719
579.459
470.948
596.368
519.693
536.751
644.568
712.433
544.148
592.68
551.288
717.231
646.751
560.79
642.872
783.219
620.575
526.253
598.796
641.147
571.323
576.041
693.215
622.809
688.883
668.986
643.458
764.285
544.56
599.127
532.242
603.323
570.039
578.337
697.804
591.613
684.644
613.861
768.271
588.481
651.762
506.538
516.541
590.775
574.27
761.602
593.19
599.986
596.635
573.47
538.066
535.665
616.989
629.247
610.941
506.905
528.486
596.442
552.225
592.321
462.045
609.416
563.637
702.709
645
547.437
611.303
613.535
468.047
649.727
698.327
544.499
609.666
544.485
633.595
546.841
618.714
685.624
553.441
539.179
662.366
568.828
470.721
597.757
661.562
564.124
587.256
530.452
650.847
703.723
569.38
589.464
618.779
610.172
544.076
568.389
635.857
645.694
542.402
640.426
644.657
563.676
585.327
581.179
534.625
574.498
570.2
600.696
643.453
567.932
621.808
496.526
531.05
662.764
644.171
591.26
626.111
564.054
643.191
607.13
630.788
704.078
580.822
591.536
692.385
585.013
563.862
657.208
555.718
523.828
555.982
513.249
511.011
548.139
513.186
682.182
663.879
551.261
600.344
513.903
653.171
640.655
593.057
665.054
570.476
751.219
529.367
671.844
615.538
657.397
637.252
614.529
535.113
665.924
693.521
569.934
500.808
498.471
724.11
686.401
587.477
583.772
650.231
523.667
617.947
524.253
533.144
641.787
548.232
552.879
688.027
632.171
614.206
618.618
545.119
591.642
535.283
492.903
657.802
732.496
537.024
726.804
520.266
666.142
663.552
578.728
536.786
608.661
552.262
717.4
702.434
603.508
519.181
665.582
550.76
516.983
496.775
676.954
666.626
635.603
587.665
522.908
568.716
677.442
564.612
695.35
672.493
546.116
567.166
679.441
585.6
593.568
657.698
650.63
774.293
631.217
629.647
647.296
685.18
503.893
594.528
827.964
530.564
611.111
754.733
652.212
624.497
651.202
585.344
689.596
573.378
722.905
712.228
503.046
620.615
630.937
583.489
451.061
546.846
603.706
461.574
752.25
679.295
598.506
603.691
658.914
563.208
584.006
660.07
628.099
509.836
680.735
728.913
461.898
602.345
674.882
524.576
661.3
629.738
595.308
515.152
536.326
547.164
521.759
578.713
660.094
519.831
638.749
613.992
603.77
625.985
506.56
573.31
722.486
544.337
531.463
660.765
601.469
663.673
534.268
519.548
672.527
585.321
579.726
605.038
532.277
517.6
676.317
545.242
700.624
609.22
651.215
598.153
651.282
535.592
492.74
591.695
570.049
567.146
633.659
538.507
575.195
514.05
546.721
556.115
572.906
634.869
536.739
613.329
644.548
557.267
559.456
545.161
618.194
597.206
609.811
641.303
630.788
688.932
512.077
536.13
604.227
548.479
539.301
531.513
548.089
559.966
588.798
719.17
611.505
528.518
453.644
501.951
532.665
586.542
594.46
591.688
616.201
634.173
658.049
545.509
552.613
587.126
511.209
641.512
579.214
600.365
579.308
613.5
618.94
720.935
532.128
712.993
700.655
517.168
705.505
558.525
587.596
633.343
656.199
817.645
607.723
629.416
550.731
514.235
563.679
668.465
660.045
524.146
587.864
608.253
592.791
602.169
579.749
664.316
576.335
640.349
571.656
574.427
623.086
540.873
741.731
592.561
488.619
531.228
656.334
653.894
628.715
487.738
523.835
586.807
514.031
609.739
531.215
613.045
586.016
648.573
633.029
572.226
671.004
675.564
642.409
598.638
578.592
611.899
568.049
443.769
524.692
629.276
678.152
668.766
561.905
711.244
545.286
579.629
609.322
600.624
641.272
610.808
583.045
597.951
584.096
694.817
617.296
666.871
595.085
691.049
569.292
608.425
548.067
613.935
709.113
554.568
743.271
619.4
538.979
540.943
511.439
611.962
740.841
648.918
611.61
584.259
691.051
601.889
505.152
591.06
673.204
529.134
509.829
548.51
594.54
542.245
619.971
564.06
661.631
605.678
644.817
688.753
608.647
586.525
508.524
527.796
573.837
622.002
495.979
526.395
615.449
645.364
605.746
734.35
578.398
537.497
615.999
601.829
636.542
690.939
572.917
524.895
603.813
534.546
468.948
625.23
634.253
623.767
596.193
547.253
639.638
685.169
583.317
656.573
678.276
545.039
715.646
497.205
567.169
625.159
541.738
534.661
588.742
690.288
524.547
574.232
530.771
651.844
714.783
606.317
573.901
633.624
548.751
654.105
685.506
676.186
608.806
565.878
687.989
581.498
679.974
518.642
550.216
577.581
583.491
547.041
627.39
708.951
649.878
510.682
559.791
713.389
458.298
588.805
583.219
467.914
605.965
573.247
657.877
539.157
569.936
564.647
672.167
579.213
508.191
671.244
530.686
555.319
451.263
491.506
573.126
673.84
617.525
538.726
649.11
604.365
501.115
506.644
617.245
662.159
688.935
641.34
588.874
577.854
611.876
672.139
597.587
518.895
598.708
726.829
526.517
562.611
637.47
659.89
527.434
728.819
527.671
606.014
747.823
665.807
515.473
592.379
594.241
590.547
611.177
736.764
723.601
589.212
660.861
624.748
520.526
579.782
576.839
630.614
509.628
628.81
552.274
570.279
544.534
464.864
590.949
621.445
586.531
543.552
563.281
547.157
479.109
560.966
678.675
553.112
693.537
598.696
683.276
669.7
633.974
589.205
612.515
633.582
609.841
554.269
569.776
501.222
721.067
578.63
519.114
553.275
557.929
659.063
632.469
609.954
533.952
636.192
523.959
637.092
649.104
528.139
671.475
564.829
661.674
625.746
574.309
545.232
627.951
510.784
680.943
499.962
564.467
630.782
538.925
602.162
530.38
660.607
632.191
562.486
612.867
557.297
716.523
705.945
584.744
684.502
746.142
722.134
605.704
678.406
596.381
665.868
591.241
634.704
642.26
571.527
579.488
551.803
584.135
607.082
495.141
557.922
594.254
701.35
653.403
673.879
592.131
687.502
535.583
573.249
602.354
524.147
569.82
640.644
577.811
741.266
610.605
488.545
616.506
635.103
588.475
668.298
624.755
544.235
633.901
627.834
531.825
616.324
617.63
590.189
623.289
564.142
519.974
639.602
621.385
692.019
522.863
647.957
632.311
617.334
516.396
664.928
700.18
609.712
524.877
687.35
584.666
672.595
636.882
682.588
591.184
520.543
526.021
540.449
625.198
703.595
515.846
648.728
471.293
627.703
582.356
530.978
674.899
585.533
552.86
653.289
648.997
663.977
548.61
645.324
569.562
636.342
600.295
490.217
568.074
640.421
571.407
689.492
571.319
575.975
553.119
562.465
670.825
578.809
586.397
662.035
512.533
674.959
554.561
670.458
599.624
586.591
678.603
673.392
657.761
583.304
545.935
553.99
634.859
688.929
567.317
646.149
656.236
578.556
608.13
701.196
657.73
734.446
656.784
544.196
692.848
589.378
624.008
578.899
538.307
695.053
599.583
555.385
629.473
584.803
754.905
610.595
556.448
644.48
724.964
599.346
544.492
582.277
490.921
729.768
653.277
611.356
636.791
499.387
542.291
732.443
730.654
592.387
591.697
632.879
652.103
590.392
568.564
652.715
561.28
496.111
605.561
576.594
623.224
553.35
600.577
552.262
701.415
645.83
578.72
504.912
544.574
503.388
579.162
580.215
692.253
701.921
621.107
584.111
522.523
638.036
716.7
513.073
684.794
541.761
668.748
521.956
750.098
514.442
648.482
625.963
698.207
548.996
628.812
720.763
542.003
532.393
447.819
559.776
600.908
604.967
501.823
549.078
693.005
579.085
507.189
762.046
663.455
592.395
627.917
499.326
535.682
775.496
664.032
614.888
591.528
668.169
619.686
796.615
734.441
713.557
540.189
674.513
545.997
593.691
570.306
656.245
594.775
662.747
584.995
433.486
557.79
544.236
558.386
598.534
587.931
509.746
653.115
576.346
484.85
561.869
652.306
555.734
609.145
636.019
580.025
626.647
511.251
759.873
549.206
567.487
552.315
624.306
491.628
672.196
654.271
641.007
666.367
669.575
547.15
620.778
523.076
558.688
598.068
443.131
600.034
582.669
597.021
557.366
505.344
678.275
614.654
576.125
578.525
609.509
565.142
627.178
610.357
640.382
607.863
611.892
603.95
513.289
446.496
595.77
621.269
695.192
653.7
696.449
611.834
517.69
589.166
699.728
619.579
659.041
616.113
557.314
758.031
623.68
660.152
684.396
522.813
668.439
621.42
547.214
631.298
564.574
564.595
667.222
532.113
606.101
515.458
595.518
620.81
689.385
608.505
694.25
638.764
634.06
589.601
583.234
612.918
541.694
670.196
528.585
587.875
578.024
676.438
486.592
579.981
611.046
596.057
732.479
677.822
536.322
541.4
724.613
499.601
663.992
566.96
594.948
612.492
607.057
573.607
528.761
557.698
603.328
656.121
649.107
581.791
561.711
710.462
606.668
647.069
664.711
632.239
571.361
634.474
640.223
544.173
620.826
476.036
578.714
653.088
578.931
638.688
542.257
609.898
556.163
604.656
635.704
600.003
573.738
558.156
693.509
702.399
500.683
633.777
631.496
670.54
727.356
598.473
591.859
564.458
516.603
569.018
623.476
609.063
684.784
672.155
626.752
534.824
545.578
616.516
738.591
635.859
507.127
642.267
591.014
618.337
506.236
566.105
564.885
516.578
668.999
717.835
518.441
604.331
547.867
580.182
547.884
648.878
504.225
572.749
572.861
613.762
617.411
716.2
526.318
484.779
596.196
727.919
643.86
649.785
629.563
577.418
575.019
685.939
538.509
664.987
684.645
495.28
620.048
538.017
556.966
664.635
596.541
602.836
432.617
566.13
641.6
694.081
617.673
662.546
625.753
530.389
619.46
597.134
705.446
557.467
570.674
616.64
579.364
528.635
689.533
646.077
597.439
547.331
599.227
722.113
598.172
727.702
703.646
580.453
596.707
534.873
669.977
516.018
593.905
603.772
542.642
614.478
680.9
532.322
628.278
576.463
616.946
577.086
675.53
647.588
597.039
686.571
538.096
543.75
574.587
658.984
563.184
510.462
566.096
539.892
557.357
536.893
661.864
498.325
639.497
824.416
687.478
550.624
603.198
594.855
535.85
603.555
655.541
512.641
643.544
654.837
502.848
605.039
544.308
678.791
580.389
547.871
515.536
486.223
590.195
677.549
526.93
509.755
576.21
625.43
529.311
515.33
534.616
684.408
632.435
718.454
642.253
633.211
562.2
584.252
630.229
646.361
569.489
690.199
665.673
514.006
483.368
557.508
552.821
629.592
583.701
637.477
651.448
589.996
650.86
666.01
685.507
492.317
491.599
650.008
568.403
449.747
588.485
613.281
570.215
769.313
747.824
583.621
618.308
606.019
620.575
596.162
571.766
617.651
602.871
596.646
523.473
610.412
619.39
619.328
661.712
651.439
612.758
554.39
565.449
599.508
607.486
497.215
537.391
639.595
522.876
653.177
597.951
502.049
592.77
608.454
681.406
692.306
539.452
617.401
508.91
578.029
595.905
523.54
601.502
600.116
517.575
579.988
568.11
571.231
683.994
706.832
585.003
537.445
644.342
579.632
519.971
652
492.267
485.041
562.395
603.66
603.192
466.502
625.039
573.385
682.087
673.328
574.725
672.066
517.748
588.9
734.293
581.943
604.541
617.085
589.017
633.951
727.304
637.073
669.068
576.088
605.503
563.403
568.992
653.8
558.899
543.656
508.186
632.468
552.131
701.275
595.42
641.446
701.598
640.53
562.944
554.97
554.3
607.007
539.573
585.186
576.466
541.486
702.097
531.681
579.647
548.54
581.031
658.809
614.208
507.502
596.68
667.33
512.971
590.01
465.41
532.723
598.651
625.076
541.786
509.686
533.903
550.682
542.653
493.961
580.067
544.264
632.612
656.754
592.738
594.51
509.879
671.056
673.609
588.675
646.519
549.395
621.183
579.3
638.255
618.115
694.864
704.337
631.394
593.43
474.173
700.41
640.654
713.356
590.227
651.131
600.15
541.754
522.943
618.141
621.948
625.785
738.378
633.164
542.401
613.052
566.061
626.827
620.567
549.104
558.84
609.396
571.023
516.235
551.176
719.543
542.223
681.261
609.022
507.323
550.766
522.363
444.397
612.732
588.415
715.276
558.31
480.222
705.914
641.35
514.095
671.7
618.388
591.822
520.332
579.491
609.277
493.518
609.687
568.593
571.006
569.123
661.684
719.487
623.801
521.743
589.693
581.991
816.503
593.053
572.73
623.176
498.543
600.16
567.395
504.484
560.06
792.175
527.719
604.396
487.031
628.436
574.723
653.851
576.308
504.657
624.982
609.301
504.772
636.577
634.597
682.857
581.672
621.741
550.783
670.749
533.338
493.93
583.577
558.314
593.318
685.657
569.404
628.746
654.381
613.337
538.37
617.784
638.938
743.634
498.181
719.006
676.833
635.672
584.631
591.889
548.533
677.573
674.525
609.667
577.498
510.8
641.149
588.016
656.499
634.013
559.038
708.908
708.13
553.955
694.209
687.981
608.811
591.059
639.041
516.327
637.851
632.377
524.66
670.856
767.029
544.443
582.73
639.353
555.117
568.396
614.636
527.935
737.374
628.528
671.676
592.164
647.737
584.661
534.111
648.866
546.271
525.23
612.64
628.406
639.928
630.909
514.63
570.598
519.753
706.326
489.871
603.574
701.463
581.67
588.747
542.59
592.854
652.845
515.068
630.18
573.148
634.667
667.943
581.44
711.535
531.943
555.669
656.098
638.64
540.029
650.612
612.789
511.702
556.859
656.349
580.546
501.689
597.242
574.658
581.292
505.476
674.855
569.653
607.864
549.85
509.281
565.088
504.81
578.897
595.815
707.276
640.433
613.176
535.795
631.003
612.81
588.166
615.848
564.277
743.082
546.439
749.035
572.94
495.751
513.482
586.464
520.189
722.019
688.018
535.27
522.388
643.057
591.642
707.241
629.271
616.952
515.319
554.021
495.759
532.785
573.628
586.378
664.995
544.967
551.6
632.314
617.594
611.113
526.052
614.951
775.753
655.406
689.989
553.298
540.922
485.088
701.092
560.793
504.054
614.499
557.775
464.491
625.153
601.464
568.461
502.445
706.532
607.944
652.247
705.027
614.116
716.062
565.064
679.172
575.35
680.022
654.71
547.863
695.105
600.163
690.511
522.266
650.887
578.237
516.679
614.402
455.624
590.942
540.012
665.934
605.813
592.714
694.01
518.468
692.643
560.663
613.116
632.376
528.105
548.249
565.549
514.207
714.405
598.359
554.702
522.154
620.47
547.475
556.702
753.578
607.069
528.137
566.938
594.197
592.08
634.891
508.315
531.446
555.666
629.566
655.446
589.045
561.664
533.661
611.466
582.062
707.652
580.267
583.48
576.731
631.407
680.638
466.079
506.514
668.556
594.91
550.35
499.825
533.273
729.683
569.827
700.169
465.995
607.81
539.093
577.322
526.152
522.409
568.107
605.952
512.267
510.336
578.221
554.222
504.862
589.232
555.45
499.369
632.405
619.556
576.064
605.556
512.624
621.122
673.845
678.998
521.328
495.377
539.685
680.371
689.357
579.693
643.069
507.311
565.034
671.755
691.304
686.024
613.898
615.922
565.148
605.358
510.748
848.774
535.943
577.093
733.43
629.287
434.936
583.358
618.33
569.297
604.42
585.472
887.566
727.17
533.775
542.712
531.507
464.324
586.73
696.901
584.279
560.514
637.494
487.105
592.19
662.466
683.07
573.405
611.571
490.292
578.919
558.546
682.621
604.305
652.589
569.29
550.148
557.165
602.566
654.026
586.999
783.159
599.433
579.619
637.426
575.383
591.832
514.137
638.266
564.167
673.803
620.536
631.715
604.693
595.588
587.12
575.005
587.139
605.416
532.599
569.603
637.968
591.353
569.554
704.223
512.296
585.309
586.11
568.724
603.346
665.421
537.871
629.882
686.556
584.596
645.387
488.357
686.449
626.997
594.292
604.321
611.278
516.824
556.215
597.998
670.385
573.82
534.761
639.464
522.312
636.724
649.654
637.685
583.017
672.971
676.596
538.696
586.295
547.242
599.52
703.476
543.637
472.307
520.001
505.093
692.206
577.123
586.466
540.978
602.063
520.465
555.811
690.478
658.658
656.379
636.533
629.492
618.373
549.87
755.122
609.549
625.97
588.132
559.691
568.335
704.007
602.11
638.613
554.689
594.142
575.484
669.829
602.004
603.704
614.962
715.057
604.186
673.037
631.841
629.269
516.141
562.082
620.774
596.925
551.375
711.292
522.028
680.692
673.517
570.319
634.136
760.737
503.891
591.737
601.161
639.332
589.651
621.593
634.431
628.974
664.51
675.271
630.627
564.886
607.741
617.238
687.402
672.494
647.228
488.457
614.105
522.191
591.956
654.769
601.654
628.119
537.273
596.914
664.684
658.49
577.158
537.684
617.59
597.258
587.358
677.195
528.992
645.868
611.832
640.466
662.396
501.24
576.834
494.334
606.607
518.646
626.587
616.692
551.325
667.253
716.049
655.316
518.392
593.306
561.679
526.177
615.06
617.877
528.592
707.026
595.812
624.42
615.637
546.476
699.887
623.963
530.2
710.656
564.478
584.736
563.537
485.133
635.632
647.804
666.976
502.09
564.304
563.889
720.681
726.288
607.661
585.323
644.285
554.645
574.421
502.507
644.029
642.082
660.405
567.901
533.34
525.713
527.798
632.261
585.349
555.044
662.898
597.335
661.786
533.131
557.908
633.588
561.72
556.519
687.424
603.492
602.267
509.872
497.986
634.98
612.966
630.184
681.985
583.937
538.518
670.325
586.605
579.499
631.214
675.562
573.009
499.527
597.688
793.751
657.807
774.57
590.179
590.405
545.178
501.033
558.368
551.959
665.447
526.637
617.815
632.567
650.083
591.531
585.968
478.808
659.828
604.966
612.2
566.353
555.611
563.745
539.643
526.356
603.797
573.507
706.534
695.58
637.319
657.152
565.827
581.166
542.954
587.831
638.234
781.555
569.566
600.415
665.037
662.772
553.242
571.03
616.349
742.039
646.612
603.23
537.405
515.037
692.718
637.696
595.406
610.165
641.681
588.293
715.889
547.274
584.52
705.406
544.766
595.962
583.755
673.464
573.074
520.661
637.727
680.83
599.047
624.759
696.62
672.013
502.694
609.449
608.592
637.771
617.752
642.446
575.614
599.795
746.456
571.342
608.094
652.556
588.561
571.952
600.965
558.539
674.448
534.807
595.334
614.031
567.084
707.332
756.355
673.283
601.621
507.586
513.585
510.385
496.591
745.287
611.777
620.896
473.052
766.711
599.853
557.862
583.549
623.652
679.502
611.51
708.272
558.501
555.783
563.248
699.527
654.657
605.422
594.433
643.026
580.688
717.436
590.772
499.558
599.146
521.019
642.114
627.252
616.587
608.034
580.843
553.246
569.588
543.92
416.048
584.473
604.263
552.763
551.384
546.898
546.736
512.8
599.65
490.218
591.481
554.481
631.782
496.813
591.767
671.731
590.98
601.868
574.161
550.26
495.854
695.35
511.547
478.575
573.833
528.414
640.497
583.326
690.879
575.074
825.351
586.959
627.041
602.522
613.426
618.527
540.9
497.36
523.548
583.812
561.009
516.466
628.286
514.167
566.382
611.705
624.661
593.574
514.92
646.198
645.132
686.217
584.753
528.183
559.928
717.354
704.041
574.489
630.536
693.385
752.746
654.457
603.702
592.769
595.222
615.731
545.74
653.514
580.332
753.032
603.345
548.835
532.723
710.638
521.089
640.22
732.652
517.661
622.152
606.287
509.274
526.205
614.718
650.621
653.011
557.246
605.491
528.926
547.035
629.412
556.945
581.796
631.186
572.906
680.343
543.946
625.735
581.418
546.766
662.99
751.688
634.031
582.066
418.561
504.04
691.507
522.737
732.225
655.222
619.27
692.988
458.298
548.813
560.594
626.889
597.696
531.145
597.559
633.058
568.016
568.181
661.98
563.745
683.122
607.835
624.122
769.377
484.044
732.432
653.126
638.291
610.287
672.996
469.5
610.342
663.694
581.517
546.17
666.521
481.849
626.597
550.631
518.681
506.622
656.319
555.113
549.471
597.886
690.837
539.246
590.845
673.236
621.375
576.095
644.578
552.826
637.353
696.72
547.291
511.019
609.61
599.392
521.63
706.415
575.111
641.19
683.36
761.003
594.564
581.636
537.51
575.881
600.424
540.197
764.268
587.467
622.461
530.612
675.042
575.811
645.581
656.115
754.474
660.136
601.052
544.118
591.992
625.746
593.424
586.641
527.088
649.817
497.816
609.635
590.102
618.637
603.236
605.919
578.325
541.617
691.177
594.758
703.619
522.851
664.045
575.271
730.653
599.752
508.856
580.516
584.291
601.93
569.168
614.811
508.321
675.786
575.042
641.871
674.213
616.527
619.702
619.604
579.732
597.88
654.905
517.847
624.62
500.225
626.724
637.836
548.395
602.444
570.764
479.06
549.471
546.412
522.326
589.642
520.164
602.156
438.816
603.543
680.437
636.268
658.028
592.94
649.648
577.925
532.67
654.151
542.051
685.861
746.22
547.406
749.914
611.172
627.871
515.854
539.329
462.349
548.45
525.721
560.707
603.505
618.693
760.871
590.659
610.581
594.802
636.743
675.301
643.189
515.421
480.295
651.263
546.166
530.895
638.298
745.59
688.827
693.595
600.489
700.386
641.824
616.796
586.958
617.512
541.885
519.216
570.15
611.643
651.491
595.18
622.166
707.82
671.757
595.994
536.711
551.398
601.162
514.373
864.859
577.633
639.945
618.02
527.638
604.91
599.728
577.303
648.266
532.84
603.336
594.296
632.587
627.456
668.975
657.758
658.664
541.462
673.096
572.281
610.184
666.364
547.412
612.219
656.837
742.777
737.955
593.552
601.607
544.54
533.896
606.32
501.687
608.798
637.925
574.186
554.896
660.798
606.545
517.652
612.526
551.548
551.34
616.26
656.571
543.384
504.32
632.631
505.399
600.429
560.664
565.47
510.792
578.118
646.345
664.736
504.688
570.252
524.517
619.275
504.088
659.418
555.546
641.26
633.103
613.369
548.476
545.156
616.88
586.411
637.573
658.257
667.81
529.231
575.132
559.957
485.615
599.478
519.523
520.667
643.541
601.863
659.712
647.865
716.132
630.992
610.068
578.306
510.996
606.732
652.424
552.138
739.692
580.431
645.086
756.776
564.88
551.234
613.091
519.101
723.426
585.781
589.59
570.386
659.102
669.116
530.635
611.815
591.411
695.297
627.528
561.757
657.61
538.533
598.197
690.776
454.495
589.189
467.298
620.285
616.256
554.57
659.96
636.094
610.166
548.953
544.989
589.335
591.872
681.591
514.572
676.462
616.961
575.829
603.118
589.316
571.068
814.029
464.957
613.263
567.221
616.813
567.26
604.344
676.204
501.242
699.744
559.124
602.116
671.458
578.689
602.675
609.771
593.923
560.374
561.579
587.255
753.799
472.752
568.005
473.786
482.149
710.184
577.225
632.527
563.737
530.985
543.926
490.596
670.345
586.733
638.195
591.978
691.637
625.867
647.968
608.636
580.708
474.317
650.419
528.782
633.093
559.531
680.454
563.271
579.063
644.792
630.465
553.624
628.805
538.719
645.996
600.191
616.949
521.694
585.648
836.498
566.516
605.406
684.565
595.188
641.676
541.131
708.792
628.582
653.194
686.327
605.369
568.894
559.408
576.306
574.514
563.596
675.823
702.427
588.533
742.947
552.239
585.181
603.174
663.136
555.421
561.823
526.406
669.572
655.261
506.729
644.62
603.164
510.585
773.775
664.993
590.417
616.458
557.717
588.923
687.233
497.362
606.772
536.054
603.273
553.965
622.109
628.553
631.505
560.612
581.371
658.078
622.359
516.226
523.512
575.944
637.977
592.891
590.288
588.79
540.767
495.396
721.342
569.676
629.767
554.381
556.847
546.441
626.704
632.85
727.635
560.111
518.134
549.576
612.82
706.072
536.106
592.678
602.81
550.534
611.945
624.137
652.703
637.844
644.216
725.716
645.566
751.191
608.396
684.747
664.122
621.784
639.935
593.43
540.545
526.808
595.355
608.54
651.401
560.292
613.527
524.259
653.296
688.125
553.602
737.572
792.508
466.94
585.763
628.835
604.326
619.415
640.735
576.522
503.421
538.955
580.074
564.46
567.419
507.437
665.223
492.232
507.444
529.514
734.926
648.607
770.501
592.674
644.104
657.279
572.503
561.42
602.917
628.181
658.867
708.125
542.424
598.694
641.88
726.865
627.798
594.658
602.712
641.764
546.498
680.797
550.182
621.248
608.881
501.87
579.27
626.118
541.212
604.906
613.373
624.409
514.059
524.109
539.587
665.945
692.7
634.778
660.176
556.094
549.615
616.76
650.475
671.987
548.586
613.038
610.051
652.079
589.664
676.743
651.789
560.043
576.005
558.427
462.224
683.076
604.782
576.175
651.305
568.484
644.378
536.223
550.094
646.666
629.515
649.056
751.681
674.307
640.542
576.111
610.128
562.78
678.932
623.921
636.844
640.706
620.328
630.94
619.42
493.455
546.504
516.026
547.57
657.901
576.365
677.273
532.01
571.951
717.474
647.504
614.971
554.932
665.737
577.47
640.995
554.231
609.159
537.97
485.579
746.219
582.098
619.783
619.757
674.552
659.482
625.125
631.046
638.461
607.188
556.05
572.355
633.797
523.279
483.034
713.104
684.19
543.491
633.824
578.777
617.755
547.101
506.561
603.729
509.529
747.39
717.216
519.833
580.03
585.786
611.212
610.263
536.695
683.617
524.835
565.86
547.971
615.477
731.453
593.792
640.166
464.529
553.182
556.387
675.592
561.569
597.155
495.325
612.727
604.386
642.832
586.949
692.038
732.251
647.344
590.356
591.272
560.047
604.479
592.124
504.846
546.138
647.304
531.504
654.976
528.897
558.303
499.867
489.843
620.341
589.648
658.571
618.139
580.792
676.102
618.99
689.238
543.223
643.13
576.693
580.073
567.401
617.903
650.962
554.377
644.669
481.583
669.24
554.838
749.703
505.582
621.379
509.857
656.744
740.073
587.242
689.572
556.128
690.8
638.669
523.068
614.272
614.574
609.875
605.265
548.158
546.947
634.111
564.29
629.647
613.732
569.331
523.788
668.281
492.154
666.46
543.081
583.275
542.163
670.968
592.78
558.253
602.028
557.972
529.745
616.489
616.297
646.905
488.934
639.99
700.418
505.369
680.621
492.111
525.66
588.605
547.941
556.933
792.329
564.556
575.439
605.185
630.452
605
691.493
501.233
625.026
602.673
686.731
630.009
612.357
808.724
589.278
633.861
618.058
550.226
556.23
554.137
550.548
651.6
602.776
578.2
545.868
567.843
469.022
676.103
608.426
562.219
605.989
628.433
533.493
626.047
655.08
728.736
740.476
529.529
625.648
530.441
691.474
528.693
540.681
598.325
498.227
736.258
661.78
597.318
563.743
570.738
674.33
516.495
722.5
598.378
527.152
534.411
885.948
647.875
591.112
552.471
701.582
568.752
580.705
556.364
697.538
663.035
630.837
659.018
560.325
690.687
678.889
596.557
655.035
575.56
704.593
571.655
532.993
576.58
553.89
632.149
554.783
653.269
737.147
665.774
590.09
642.717
648.889
595.933
580.775
586.709
522.317
625.893
540.165
500.985
602.034
590.502
560.823
691.206
604.639
611.418
670.954
570.783
601.507
657.376
625.14
525.702
669.548
713.143
686.301
736.568
594.988
686.639
598.329
641.353
666.043
600.811
684.272
599.743
468.228
514.035
568.201
692.876
609.358
585.136
560.945
670.365
541.703
540.458
678.869
531.946
634.265
571.471
680.28
639.461
593.526
498.499
627.696
583.11
543.136
533.568
597.08
577.103
689.514
609.407
540.076
582.989
572.313
560.383
601.842
644.322
622.154
690.811
575.168
615.384
625.477
612.42
567.63
586.104
584.11
575.164
538.822
542.935
632.916
624.598
626.172
689.132
570.541
546.143
654.635
693.928
529.04
596.072
593.008
623.174
597.955
618.286
543.167
594.745
535.762
587.202
621.794
619.806
685.093
572.437
689.293
690.924
662.491
616.329
585.737
561.548
690.799
675.892
628.365
644.804
562.129
648.952
675.085
610.162
569.665
525.348
635.517
615.725
609.861
592.886
546.485
611.904
703.168
588.008
575.331
522.876
613.181
510.057
584.984
504.763
628.591
679.534
593.621
611.423
729.653
638.714
600.373
603.27
604.096
602.187
620.174
630.01
633.172
670.011
595.637
633.339
561.191
730.917
607.005
520.914
591.583
619.69
599.455
526.065
562.475
604.011
589.221
553.793
665.321
546.847
584.816
578.665
498.927
568.684
536.696
653.126
640.553
589.531
622.042
592.432
654.939
680.491
659.003
648.92
642.972
521.345
752.635
580.849
546.468
584.693
645.963
650.886
635.455
520.959
579.42
518.619
711.42
536.849
763.24
465.264
476.728
580.728
565.041
617.213
566.22
672.415
560.65
674.726
554.079
691.185
569.589
619.226
484.143
699.982
608.244
676.679
645.035
594.328
541.79
592.263
543.65
539.352
497.412
645.262
643.805
559.948
560.357
721.889
621.881
583.687
640.846
609.226
622.272
558.072
585.971
593.8
502.819
738.365
612.27
547.099
586.327
566.687
494.867
592.241
614.423
529.622
813.629
536.651
506.285
618.679
588.152
719.397
594.566
578.664
565.425
665.659
606.165
535.782
545.857
557.417
727.013
614.939
646.014
573.045
552.789
662.049
589.04
545.602
496.121
595.348
443.178
648.007
552.597
818.56
580.158
584.837
599.2
608.269
628.191
605.145
536.153
626.26
680.234
593.292
611.681
649.131
649.259
590.529
634.778
635.395
683.577
615.938
557.958
572.27
524.68
597.491
664.508
682.186
749.953
621.539
641.554
586.736
579.863
549.439
541.24
505.929
694.745
563.331
720.658
605.844
632.629
567.606
594.894
715.869
560.972
648.243
626.094
526.193
621.292
634.926
630.341
545.442
518.763
547.38
590.785
624.194
460.749
670.977
537.589
499.739
639.427
683.951
558.61
555.445
629.434
573.848
545.151
627.443
576.901
512.44
596.822
507.983
564.925
579.399
683.265
609.833
425.073
595.662
587.203
563.39
601.921
552.422
521.722
591.746
615.746
633.506
569.378
538.438
574.814
647.483
585.185
596.727
670.331
565.023
596.483
546.803
566.099
698.761
636.58
574.04
633.4
612.121
575.176
539.888
628.932
521.068
590.787
612.475
619.527
586.602
745.261
661.636
515.504
610.301
553.077
607.762
664.817
639.59
506.943
596.814
593.081
608.858
620.252
516.705
531.296
532.765
571.816
722.933
754.228
508.663
597.561
667.42
641.155
605.825
611.675
602.769
612.637
598.61
606.657
502.389
536.176
549.476
592.207
587.84
573.684
527.775
793.816
475.556
540.686
545.622
619.152
617.46
645.572
594.218
535.637
572.516
623.433
596.809
468.094
470.754
645.588
674.587
570.425
587.517
636.751
663.656
516.283
591.423
652.872
633.23
588.045
597.308
592.115
569.852
602.27
553.212
407.777
589.36
612.967
440.402
677.748
606.636
705.654
600.742
581.144
548.58
594.1
511.05
670.335
710.245
549.105
556.281
581.704
630.615
462.028
661.456
519.022
612.461
661.205
569.475
558.928
673.248
591.542
592.216
750.745
568.298
602.664
549.669
698.004
551.637
596.181
625.998
523.363
602.864
510.497
717.277
607.334
597.731
627.507
676.732
609.041
573.014
658.572
589.012
575.033
592.027
622.731
595.104
675.635
509.429
650.118
666.275
525.826
503.866
558.21
718.634
599.945
572.114
661.531
676.995
615.48
652.054
605.484
603.13
576.891
598.583
490.45
750.363
507.848
572.624
610.71
626
595.871
570.786
565.528
615.493
716.945
668.391
600.696
674.842
556.869
565.62
552.512
579.15
683.877
734.585
495.833
713.983
