522.01
560.7
530.424
513.176
645.081
546.281
590.099
568.022
480.832
551.477
513.346
551.177
586.924
552.467
545.424
504.764
507.006
565.606
511.805
528.276
534.449
528.048
547.175
598.467
550.592
607.448
491.895
467.888
528.962
552.387
538.471
565.596
552.302
566.176
535.826
503.946
504.347
516.111
461.148
483.349
520.693
542.358
563.19
520.497
597.66
572.659
542.187
473.793
481.115
544.976
554.102
559.428
488.918
538.866
575.063
520.262
558.43
513.994
545.686
554.587
614.733
546.958
529.323
589.096
489.011
515.976
531.2
491.541
546.156
544.608
492.293
542.939
583.612
472.473
547.686
523.329
546.714
539.466
550.189
545.421
589.406
503.845
523.666
526.941
544.995
591.518
548.474
586.207
608.819
549.452
556.67
516.718
463.86
500.296
589.254
518.429
496.451
575.679
574.644
541.588
554.558
504.457
580.884
572.233
523.765
529.906
511.123
548.447
582.379
506.29
478.675
556.017
521.799
479.744
526.386
487.657
552.401
559.206
541.964
583.907
523.505
502.748
554.496
582.198
625.1
563.935
521.094
529.627
535.416
571.772
511.014
570.794
533.304
493.45
537.037
523.362
549.366
486.013
572.433
518.354
506.168
564.855
497.515
540.46
499.086
590.568
642.664
540.87
552.606
563.279
617.312
546.092
575.618
544.664
543.283
481.781
622.303
551.455
577.658
469.091
566.344
517.673
525.372
468.793
528.421
545.313
534.6
575.481
526.925
509.629
496.923
523.281
593.759
533.445
578.319
563.431
542.826
510.07
504.325
555.134
581.824
463.193
549.841
587.166
534.371
528.262
535.61
512.688
489.289
646.179
519.703
643.41
593.225
516.214
603.563
509.794
563.75
562.829
540.104
530.468
620.176
579.471
522.16
439.769
476.145
447.513
559.762
532.305
505.437
543.271
509.37
582.207
544.281
519.014
602.191
535.233
553.854
519.523
543.759
556.773
527.362
479.432
567.112
460.789
543.239
568.742
509.02
547.496
514.655
512.681
575.774
564.275
533.867
538.701
528.907
558.686
584.293
563.261
551.685
541.324
521.736
562.984
540.422
515.407
498.365
598.555
531.663
561.697
535.188
605.494
587.994
640.973
497.319
462.296
587.659
483.752
540.991
584.181
496.796
493.34
511.65
557.736
570.196
565.525
562.012
510.761
523.974
558.66
612.981
563.223
486.619
511.579
488.18
507.962
592.827
531.334
478.32
546.031
512.408
547.183
480.139
561.205
499.481
546.249
544.144
473.941
604.843
504.064
577.049
499.01
526.044
555.524
587.74
538.933
518.315
578.227
506.915
533.329
537.374
505.415
585.523
559.42
556.245
532.291
500.652
481.62
495.515
616.7
580.808
557.39
483.639
609.282
626.776
560.38
564.227
556.867
622.395
621.403
586.485
538.315
549.595
603.353
623.779
498.459
560.433
590.417
526.997
561.538
497.033
507.907
571.271
555.998
513.779
517.484
477.159
514.77
576.118
519.163
487.042
540.951
553.363
552.151
547.376
576.51
505.226
484.655
551.585
513.452
480.361
541.9
468.306
560.17
554.68
551.427
465.978
535.7
534.012
474.539
527.866
515.459
549.057
549.773
529.749
549.701
475.916
546.411
530.637
481.215
483.716
557.52
502.178
614.707
562.538
472.514
551.865
581.7
530.353
508.434
503.756
561.381
582.116
566.819
582.322
555.528
624.068
538.861
619.296
531.625
489.01
573.403
534.865
498.914
532.922
431.128
579
593.411
490.147
553
568.245
534.124
528.18
561.282
549.64
589.45
531.432
537.793
517.171
529.904
560.351
592.164
603.882
525.167
638.338
550.873
495.328
491.3
546.808
565.415
543.804
594.406
500.366
503.018
555.435
517.573
561.022
544.248
542.081
533.6
508.13
501.751
519.677
522.651
551.869
624.908
509.223
567.454
492.608
612.215
586.349
514.91
506.709
502.3
565.811
546.106
489.297
528.95
467.136
487.109
597.82
580.392
564.301
511.831
507.063
527.039
511.758
528.604
564.243
570.156
606.204
578.738
480.768
540.994
486.245
518.052
520.484
525.518
576.321
644.83
517.792
507.144
483.522
517.881
499.588
499.185
552.457
592.557
593.155
518.216
513.894
559.031
481.005
558.085
480.75
518.331
464.55
546.234
631.776
516.978
510.932
545.819
486.411
494.374
508.608
614.638
555.669
449.571
516.85
512.727
526.414
540.137
562.558
566.569
560.847
535.599
538.531
519.767
497.321
504.84
558.183
529.328
537.832
574.875
513.012
545.559
533.006
634.089
502.565
533.883
537.239
557.839
492.923
523.222
518.7
472.112
612.448
541.621
581.22
487.565
528.377
542.686
511.193
493.878
523.397
504.779
510.081
555.93
518.001
530.567
505.557
570.915
536.853
513.488
572.959
545.149
506.426
506.398
565.5
547.376
534.053
519.155
549.038
639.19
616.639
539.242
597.416
524.72
497.68
539.739
502.649
532.663
545.249
585.774
529.927
577.148
518.861
581.031
656.962
485.987
473.527
558.756
489.713
486.735
557.542
633.361
552.278
615.184
486.938
634.747
501.32
513.219
511.81
515.085
560.59
547.143
517.314
507.049
571.88
526.955
622.474
481.898
526.364
566.529
461.909
564.709
566.927
488.955
502.847
546.007
493.64
564.21
500.347
498.247
541.228
635.989
649.091
543.678
508.088
503.182
504.7
525.938
484.902
481.814
530.89
512.21
602.08
512.524
545.327
544.089
538.141
536.818
528.672
596.259
526.042
490.22
500.396
516.407
580.171
577.708
541.174
468.34
543.136
506.411
499.315
541.361
553.406
558.663
530.132
506.726
537.511
491.815
567.228
503.628
480.242
452.729
553.681
507.193
575.27
582.985
576.187
487.765
526.041
520.114
495.376
514.803
498.283
573.113
581.591
561.977
545.594
492.195
532.279
585.433
572.856
566.501
547.639
566.184
514.713
545.718
551.952
516.605
575.754
547.458
518.439
517.958
589.242
558.473
564.116
536.834
545.984
568.502
606.27
585.419
507.32
576.282
511.212
568.74
533.334
514.341
496.55
607.928
509.206
534.996
576.541
530.65
555.112
543.714
530.351
573.991
547.358
625.155
550.36
516.322
526.185
525.605
623.004
481.902
564.228
513.031
507.544
552.893
554.649
507.753
493.287
556.442
521.493
550.771
529.504
579.865
580.688
514.989
549.522
543.236
632.132
584.743
466.502
516.307
573.593
576.358
608.896
559.924
533.399
584.439
494.279
516.156
514.165
569.166
502.6
567.595
563.099
604.952
456.005
542.407
491.315
494.753
597.334
528.676
564.632
534.078
497.169
474.36
663.217
535.564
557.034
532.67
567.491
559.092
566.775
520.6
524.775
533.587
537.622
562.32
634.777
510.002
579.07
541.762
566.087
549.06
502.181
502.023
554.428
528.796
465.657
513.7
500.239
470.978
525.28
495.039
569.848
569
497.332
572.085
508.687
566.515
555.217
529.445
549.968
561.012
466.136
518.132
581.416
576.729
554.76
571.456
540.899
534.424
605.857
535.8
493.658
559.454
543.778
507.535
505.118
560.161
545.891
511.156
522.085
564.926
558.357
544.282
473.489
539.787
540.198
598.093
482.794
549.508
534.501
555.952
549.456
520.238
532.317
524.789
544.108
537.267
588.69
526.242
521.299
490.562
571.797
541.859
537.829
554.233
504.853
552.855
582.652
576.616
500.891
609.385
568.758
535.183
539.446
625.607
511.857
541.966
523.164
525.612
499.657
562.304
543.549
521.053
510.612
534.808
526.263
625.402
509.909
509.911
580.024
535.15
537.943
547.639
548.717
548.6
544.631
505.105
603.57
535.334
611.935
528.448
534.974
477.46
524.907
553.651
562.839
567.775
588.429
498.953
570.286
495.399
548.648
566.193
527.46
500.771
536.06
567.94
519.529
517.227
519.634
501.132
512.643
533.483
555.871
510.851
533.148
482.156
580.247
522.545
529.995
568.795
576.187
506.762
500.177
584.277
518.13
632.115
554.299
508.212
531.977
512.003
509.982
490.879
571.007
537.372
581.46
544.525
471.013
495.642
554.501
520.923
550.583
535.541
504.59
535.285
548.98
537.933
515.549
538.064
560.392
532.381
579.01
519.495
550.371
574.793
586.685
479.874
570.945
555.607
536.061
524.977
534.375
528.557
529.869
548.905
529.614
517.919
516.174
601.803
527.959
560.018
508.245
541.589
588.872
545.48
563.64
536.618
499.346
474.017
460.43
524.366
598.394
578.331
524.721
498.976
487.436
581.928
514.547
519.969
550.871
503.064
571.612
536.504
540.547
594.318
578.33
720.537
625.57
556.778
537.31
595.108
533.334
496.667
516.207
478.377
477.767
491.08
484.051
569.121
536.952
590.09
525.248
557.925
516.197
539.412
595.178
541.12
490.189
441.805
545.326
609.357
551.093
567.744
504.595
482.05
530.628
509.11
556.865
513.351
497.68
550.588
572.465
502.778
559.12
489.905
478.238
516.058
513.126
482.82
500.782
494.051
561.974
592.239
491.058
510.843
536.127
583.442
554.752
493.013
500.703
540.383
479.205
581.097
578.783
457.447
528.695
517.45
583.566
508.859
640.573
543.648
518.409
568.231
524.594
483.553
519.159
550.07
551.87
472.522
575.167
551.924
536.959
520.985
473.334
533.825
543.657
470.546
557.616
485.877
519.895
543.495
580.2
547.99
552.33
563.303
551.462
457.63
564.548
541.296
553.772
606.761
580.534
577.478
507.046
476.593
502.077
652.452
488.929
613.15
553.621
493.879
587.701
615.495
598.848
531.303
530.916
544.246
535.674
537.013
534.195
585.5
584.362
509.504
555.447
594.062
481.765
495.576
501.065
545.492
543.517
587.475
505.962
618.073
576.856
544.951
571.823
611.871
524.103
543.867
538.285
610.477
509.954
634.759
593.04
535.879
515.487
619.328
561.137
460.214
529.001
493.156
538.318
530.854
520.762
543.799
501.6
550.266
496.751
488.623
540.325
474.113
545.98
490.841
485.476
549.834
587.64
533.845
514.308
507.015
511.91
602.453
586.06
484.064
570.223
624.77
555.391
519.267
569.494
569.515
580.113
514.708
541.013
569.642
559.044
492.23
496.331
570.991
524.28
547.192
510.676
497.13
544.728
581.069
564.955
548.3
587.063
570.26
568.16
552.691
569.371
496.667
554.01
554.997
616.217
564.818
562.935
558.632
502.957
541.809
596.032
503.719
502.309
534.151
525.786
507.645
478.494
537.657
492.038
486.179
544.243
540.165
525.256
521.794
534.663
499.665
561.035
539.831
563.914
524.394
487.724
545.625
537.111
529.516
511.879
590.496
554.043
549.418
503.403
534.881
454.605
608.427
557.171
500.147
520.569
538.87
474.384
531.803
569.314
590.374
466.965
472.96
532.08
528.068
532.092
556.825
478.78
480.403
548.882
552.733
507.646
555.984
458.521
506.116
496.649
583.857
581.504
578.424
468.74
527.332
570.755
565.681
500.382
514.75
500.05
458.103
567.537
496.652
592.105
531.229
622.403
548.411
532.877
589.687
525.947
543.635
478.674
479.271
541.536
562.614
509.336
503.099
501.685
498.698
605.725
566.881
498.058
518.471
570.329
560.763
519.466
620.887
570.696
526.084
552.133
582.265
544.711
580.344
592.644
479.502
563.847
526.506
582.269
566.892
493.399
512.93
554.017
585.857
616.964
524.528
517.528
564.13
543.253
482.39
536.536
571.47
498.932
536.601
537.065
541.537
526.174
556.506
503.69
592.489
488.501
560.695
622.99
514.044
540.95
478.857
504.539
532.553
483.322
542.779
596.213
479.118
470.325
512.534
498.475
614.836
567.835
479.717
612.673
476.38
549.281
598.459
491.425
511.143
491.43
486.141
432.614
564.889
656.815
565.131
562.131
517.962
517.333
434.777
568.862
481.278
496.323
570.291
528.199
619.757
633.855
496.277
538.616
511.887
506.755
543.782
543.6
543.519
541.395
546.732
465.625
480.659
541.205
524.056
486.445
523.814
534.178
593.368
577.178
497.037
483.96
600.945
509.157
481.091
567.463
482.201
503.157
507.536
510.852
530.561
596.8
593.923
579.827
637.623
514.213
599.099
548.646
533.316
534.198
568.03
502.401
559.033
514.97
544.093
552.014
444.523
533.571
550.653
497.451
497.457
572.472
496.796
479.813
493.214
523.002
567.743
422.76
588.81
522.927
603.211
524.491
570.498
520.148
523.634
584.016
599.395
505.788
526.795
563.567
552.007
529.773
571.761
583.51
515.716
531.392
493.655
585.92
468.098
552.141
483.087
585.667
493.611
588.027
489.868
494.977
498.937
569.224
578.119
518.754
519.873
552.3
509.949
566.443
488.681
519.454
481.137
537.61
527.071
520.723
541.571
505.995
535.97
495.502
537.936
566.405
521.263
503.052
511.902
505.45
538.307
538.739
563.683
499.199
517.161
514.203
524.929
624.934
555.148
625.79
536.82
413.442
563.715
496.325
491.017
523.799
519.83
528.286
579.05
572.681
500.857
563.509
549.201
495.692
471.179
582.76
505.569
535.955
524.668
477.478
498.924
471.885
545.794
519.157
510.946
541.336
481.765
644.844
493.435
565.034
567.661
496.189
509.85
546.86
519.291
522.584
532.934
534.668
499.421
483.355
469.847
593.935
614.745
573.108
572.827
604.292
583.705
568.304
522.646
531.023
591.643
490.868
502.782
508.087
532.14
498.096
564.297
471.797
544.047
530.691
499.498
506.259
468.173
514.801
621.895
546.501
535.56
533.325
521.006
532.336
482.751
554.482
531.649
524.124
548.971
577.22
490.635
537.122
540.775
509.79
582.446
566.702
491.306
536.459
470.138
541.574
531.855
561.193
556.001
598.245
499.305
516.655
574.408
599.48
591.48
527.75
514.936
578.7
451.277
510.481
554.736
458.383
592.877
553.503
551.6
543.454
634.244
529.429
554.984
481.16
566.431
551.471
533.434
502.148
524.989
520.317
596.425
506.782
636.133
600.96
575.038
461.277
537.816
448.449
503.24
523.833
514.551
517.634
573.145
587.211
489.337
516.732
566.772
569.82
514.021
546.282
573.84
587.561
559.518
555.229
556.802
589.112
515.688
500.381
543.092
529.137
502.308
456.697
507.733
513.427
609.784
550.068
590.495
546.381
574.617
512.002
518.233
580.175
511.592
545.802
501.482
535.405
522.822
574.466
551.471
519.604
478.916
545.823
537.631
553.563
481.904
503.377
535.76
534.645
556.157
540.431
523.009
551.864
489.936
531.812
550.028
564.117
514.246
542.949
454.09
514.212
540.506
538.59
468.922
557.773
535.069
508.87
545.454
578.135
518.428
532.439
571.385
530.483
561.058
557.777
591.196
560.532
454.509
498.848
465.672
509.14
499.274
555.652
531.041
435.211
580.428
560.952
550.393
514.82
542.855
514.394
503.144
587.21
549.469
521.436
560.143
545.72
544.353
500.821
540.389
538.98
516.77
567.835
532.478
544.504
527.964
571.712
540.281
480.429
562.608
532.129
510.442
523.546
519.858
552.778
469.799
613.073
530.694
474.842
564.729
576.817
526.027
542.282
542.658
519.689
579.723
518.846
589.477
489.729
541.799
531.582
512.929
542.46
566.912
569.137
587.363
497.466
516.015
487.448
592.007
458.419
534.615
490.403
589.735
533.503
550.794
568.159
574.677
575.758
565.396
521.122
607.363
584.389
614.093
567.868
516.847
622.366
618.101
464.572
538.91
571.634
534.242
520.971
510.659
586.944
541.81
476.797
530.61
510.677
604.709
626.912
566.65
558.924
534.753
474.252
522.448
536.424
535.001
508.658
542.981
497.439
587.359
509.75
601.505
566.638
561.951
489.408
538.252
585.546
550.68
505.798
508.362
524.946
482.981
488.872
523.431
525.953
537.018
480.988
483.019
445.117
496.011
555.882
535.074
591.037
587.823
614.495
540.45
528.296
493.01
517.562
518.09
586.101
483.413
496.146
512.797
545.207
561.875
549.422
557.556
491.887
534.835
577.305
577.673
535.793
507.805
557.032
516.545
593.644
565.88
533.476
533.922
549.816
455.428
478.144
547.134
588.023
509.545
530.247
553.924
518.44
633.018
512.915
533.778
609.531
503.155
551.229
517.74
523.633
573.285
485.652
536.414
598.772
468.805
498.898
528.863
495.451
522.307
528.281
542.349
649.878
575.53
573.985
489.121
572.033
596.219
534.566
528.702
527.573
467.721
528.827
572.271
617.749
505.667
491.597
524.4
552.839
589.801
511.257
470.054
536.235
502.208
466.24
655.986
526.302
594.163
538.492
589.716
530.816
524.521
521.968
529.429
543.466
543.879
580.444
531.612
474.882
575.862
556.477
497.265
532.487
587.843
606.749
553.584
502.612
548.014
559.11
554.698
551.833
486.725
514.517
514.57
541.827
582.476
555.764
527.426
514.208
576.413
515.678
485.791
553.6
589.635
556.126
520.129
499.673
489.526
645.666
572.094
514.799
569.645
583.322
615.84
540.99
549.157
541.487
536.759
528.26
537.68
608.275
588.112
526.372
497.96
529.462
561.768
618.102
581.013
513.821
515.238
538.88
527.296
546.887
503.75
411.221
597.221
643.381
576.701
523.234
563.325
505.038
547.541
452.139
547.437
546.872
605.58
515.098
575.494
547.21
563.512
531.657
460.362
515.269
483.146
526.026
495.36
564.118
581.36
540.411
522.327
526.27
503.418
546.916
510.091
533.832
575.482
495.995
533.611
546.014
495.129
591.78
548.988
535.315
530.391
508.557
542.891
534.117
619.763
527.631
564.067
508.038
562.042
578.847
551.353
515.896
531.32
530.101
549.429
597.192
613.771
485.322
591.762
458.687
540.798
478.019
573.684
495.455
550.477
480.12
548.46
464.431
520.445
503.246
485.118
559.924
516.221
487.392
507.012
517.018
517.376
542.856
508.888
597.872
505.103
503.836
464.555
553.702
559.021
487.386
461.861
502.852
469.032
542.188
558.563
551.216
469.468
601.967
544.678
538.164
494.657
606.11
571.785
574.429
552.338
587.72
551.093
519.438
495.032
571.495
490.963
573.714
606.236
566.579
595.503
565.466
540.366
451.48
575.811
478.21
528.479
543.617
503.773
587.854
602.702
551.365
562.368
531.824
502.515
525.117
539.806
573.647
564.691
534.818
496.49
524.186
515.073
548.64
550.836
534.309
552.55
483.016
543.631
528.956
463.052
542.229
635.977
475.36
501.754
473.699
545.256
557.326
567.623
519.149
572.501
581.076
549.92
551.771
611.637
538.441
545.173
603.019
472.8
518.46
540.353
512.552
497.951
496.424
540.26
517.22
464.264
509.512
553.365
483.829
511.331
597.373
553.726
543.112
535.162
466.174
533.954
565.431
510.372
550.429
526.822
602.312
490.733
546.396
572.442
576.47
526.429
559.133
494.186
548.852
536.162
549.974
544.172
555.298
600.191
566.191
555.516
540.147
540.852
513.271
527.475
574.838
514.186
534.513
496.242
548.125
473.43
477.017
649.665
534.002
575.754
493.371
555.448
537.095
608.983
585.802
539.317
526.426
602.125
536.467
534.463
563.349
549.031
513.712
520.029
539.424
572.11
488.337
598.111
521.186
559.362
593.229
603.248
582.221
530.698
546.924
551.027
552.664
502.064
572.412
492.787
542.568
474.049
497.097
516.528
503.976
542.787
524.086
463.122
486.111
551.014
453.228
518.384
528.787
540.759
566.842
516.639
589.425
523.228
556.83
558.667
533.418
486.18
537.609
467.341
556.39
539.54
475.825
561.241
616.94
551.84
631.696
561.84
504.68
572.942
512.977
510.528
563.977
497.532
541.945
518.917
497.532
549.818
518.99
549.399
591.591
559.65
538.181
528.628
529.776
535.868
529.8
528.059
552.238
545.582
499.476
543.584
466.618
513.568
515.237
512.334
529.104
593.562
467.143
572.13
510.054
521.601
541.708
577.033
503.704
541.997
536.638
516.153
463.049
559.129
605.653
560.809
574.679
592.871
568.729
505.796
604.885
521.83
583.681
625.9
482.922
581.633
519.24
687.686
484.998
657.426
595.917
524.847
535.775
572.942
655.949
490.929
562.407
554.083
585.181
531.203
508.215
507.799
534.135
527.683
529.534
517.539
625.81
570.262
518.699
616.596
551.482
532.538
570.821
548.766
610.515
629.594
494.769
499.945
500.56
544.072
451.797
519.898
554.918
541.248
530.373
552.925
492.716
556.253
507.751
512.408
649.334
524.801
490.869
621.183
531.891
552.364
549.248
518.793
499.784
556.53
509.534
546.47
523.918
491.566
509.092
570.436
528.68
601.734
501.611
528.655
519.649
554.3
562.244
530.091
477.898
499.302
472.728
561.509
605.133
526.899
553.66
561.227
527.227
506.197
544.071
558.073
575.104
532.602
600.579
590.828
529.653
482.019
439.231
579.036
547.316
562.909
496.216
554.212
546.48
499.819
515.186
514.529
564.885
484.684
614.276
580.323
587.839
562.354
473.419
477.422
557.648
547.178
479.613
542.367
522.141
469.135
570.599
504.072
476.66
564.259
558.207
571.239
474.133
554.065
537.366
560.634
595.199
518.639
542.746
532.813
538.243
626.813
540.711
546.324
529.27
499.45
573.399
510.306
581.919
496.99
469.448
504.293
513.719
521.463
567.555
605.16
563.648
523.834
562.686
521.336
594.063
559.202
472.046
580.659
588.599
543.701
622.746
529.491
605.631
568.548
560.707
493.551
511.229
554.804
529.738
530.075
497.697
535.252
550.479
614.534
538.697
460.821
505.984
499.148
525.113
583.439
514.904
495.347
529.075
536.455
572.47
596.086
585.538
526.461
581.847
457.254
576.25
622.775
554.714
543.008
543.841
519.931
577.9
499.531
498.108
581.617
529.765
507.4
544.033
601.206
587.894
628.165
519.097
474.806
524.747
530.615
527.595
552.409
550.2
554.285
562.948
517.531
498.968
555.864
478.863
601.389
534.994
514.717
590.063
508.449
458.598
457.876
571.715
558.977
509.469
526.254
582.549
633.182
640.657
521.683
528.58
564.302
632.972
552.99
559.913
587.998
517.405
562.743
553.08
529.17
525.528
495.074
525.211
553.989
604.494
551.339
459.45
543.752
525.337
540.991
526.019
527.695
493.958
605.823
474.541
506.897
567.656
569.238
573.285
554.005
585.494
528.397
527.712
595.938
513.836
539.788
585.566
523.096
604.846
591.054
534.369
525.817
555.33
497.538
510.723
577.715
498.502
480.262
548.413
553.622
537.249
520.971
598.293
618.775
542.179
491.453
556.194
456.854
547.095
516.705
615.496
485.485
506.722
525.711
509.162
515.607
525.442
533.333
500.501
578.328
572.442
518.419
584.032
520.811
607.416
532.991
538.968
507.23
519.325
527.998
516.744
640.008
541.462
561.167
588.344
589.135
551.911
509.838
526.861
539.739
496.446
501.71
536.734
573.694
606.222
494.93
573.504
550.426
546.272
600.97
555.923
499.884
607.373
499.686
522.536
571.482
522.315
541.542
503.9
547.073
554.435
569.443
496.208
558.454
523.276
546.605
569.77
542.496
622.455
537.136
447.293
530.058
591.023
489.694
510.805
557.967
492.593
507.815
609.405
442.382
517.468
542.341
539.708
606.458
529.596
600.863
500.387
566.867
503.095
541.023
569.884
543.886
475.766
617.756
612.444
479.214
568.738
532.649
523.711
557.106
538.426
610.973
488.615
487.671
550.965
598.062
505.614
549.86
507.321
491.746
457.067
532.815
481.398
531.842
543.7
545.167
517.349
578.424
550.09
468.092
530.876
518.704
576.743
545.831
522.443
566.839
589.816
524.422
571.843
587.097
589.748
571.28
533.355
526.135
547.771
599.007
491.62
578.464
573.679
528.256
562.094
535.443
515.672
563.979
552.264
506.175
510.122
509.578
515.648
516.571
496.383
508.818
525.607
539.462
593.18
594.989
519.164
530.195
530.904
546.446
505.914
546.922
560.982
542.154
539.377
459.058
545.413
532.762
547.394
581.684
569.72
542.945
601.113
522.586
558.934
610.211
540.482
547.666
577.517
526.086
504.053
610.737
503.56
568.731
573.207
571.148
538.394
518.707
522.329
534.962
515.39
510.873
521.744
538.875
489.379
452.589
572.518
524.774
614.283
553.22
536.095
534.453
548.652
584.267
511.245
531.157
555.407
513.238
567.693
563.479
549.719
636.191
600.474
541.882
489.311
606.697
510.519
477.16
596.774
532.657
528.71
528.661
551.977
562.699
527.787
476.693
555.047
505.857
563.625
468.386
532.298
532.014
572.474
461.496
502.644
616.745
580.873
536.688
502.659
518.621
552.604
566.328
522.174
502.375
556.85
513.223
523.93
543.193
515.01
542.599
552.164
505.154
546.948
495.654
511.051
498.764
477.849
553.974
599.409
513.52
499.957
641.63
491.794
489.978
593.037
555.22
543.651
571.62
545.665
494.4
610.454
588.414
503.841
516.222
550.701
580.832
574.935
579.571
450.779
546.008
529.422
539.509
517.146
557.599
547.816
553.053
562.882
480.163
502.297
487.21
535.762
572.309
570.137
534.218
591.102
489.931
524.923
511.228
567.015
507.753
509.793
582.523
580.231
512.644
568.305
537.335
505.786
582.781
534.286
483.471
626.23
661.97
563.812
499.49
589.435
493.75
517.352
507.033
566.806
478.165
600.447
553.361
579.49
522.215
535.064
559.663
606.072
558.977
532.05
549.639
499.895
550.425
583.037
493.851
544.617
484.941
575.274
478.253
483.702
471.504
550.044
557.203
568.243
569.645
546.809
496.905
482.259
600.078
522.212
565.05
585.605
490.106
578.403
472.666
526.769
519.562
532.674
519.408
500.43
606.44
591.772
604.983
509.635
519.901
563.821
520.589
556.052
515.878
524.807
555.874
467.468
485.007
559.626
555.287
522.043
466.39
529.138
467.025
544.597
614.059
516.753
514.509
506.617
504.006
463.792
532.395
540.994
527.478
629.359
612.203
537.275
497.871
532.812
562.076
536.285
539.631
584.437
554.883
575.82
544.205
444.352
537.493
491.677
505.526
466.768
487.159
508.636
519.566
523.232
541.74
598.715
590.74
503.346
609.102
511.393
594.626
537.489
571.636
593.463
549.896
483.639
534.364
513.627
467.353
498.417
529.62
496.428
492.751
516.545
548.694
557.707
555.411
465.583
515.019
449.555
532.005
529.663
524.346
488.551
503.881
571.583
554.19
515.904
595.552
599.585
569.556
566.586
523.729
569.104
535.903
515.268
557.69
589.826
556.366
516.41
594.049
520.194
565.913
551.225
485.373
495.422
483.52
499.027
699.242
621.213
504.944
583.531
482.148
474.881
527.595
583.067
564.366
499.348
439.817
548.175
526.402
545.967
496.91
594.37
533.075
567.774
543.14
568.77
506.1
537.598
576.053
524.35
496.248
561.32
591.628
474.376
468.206
463.183
478.329
533.679
581.057
503.312
666.474
549.296
482.252
531.043
483.67
482.311
602.863
516.849
588.029
534.525
498.329
557.911
535.993
513.166
583.332
472.913
571.81
566.343
541.878
478.181
595.053
641.89
531.209
546.361
594.397
525.489
486.604
504.154
474.662
505.412
484.732
560.087
482.678
496.893
526.403
636.302
531.525
519.625
599.606
476.212
512.264
594.178
519.428
554.081
622.2
506.49
540.818
578.206
527.335
521.261
524.676
514.918
528.575
580.804
534.252
540.164
481.957
533.534
520.582
557.277
560.694
563.827
539.876
517.625
589.041
522.738
603.106
512.6
467.803
508.07
540.309
526.234
531.413
499.194
539.148
632.372
536.279
518.014
553.107
621.561
513.727
467.455
478.464
533.297
563.417
532.967
511.474
546.773
555.98
493.666
501.816
488.33
563.578
565.442
515.292
499.731
639.01
543.234
555.15
542.321
587.502
559.9
534.534
514.711
472.646
514.273
497.021
530.361
576.007
571.054
555.832
528.281
568.926
471.568
554.479
572.76
468.413
595.747
530.553
446.512
541.561
558.924
555.952
443.842
524.276
521.552
521.939
517.816
588.038
500.023
587.811
504.349
561.863
532.514
520.763
562.484
551.642
516.139
555.355
541.567
518.033
510.036
499.581
567.937
626.54
493.589
511.351
525.692
585.583
513.961
547.995
514.807
561.246
501.826
505.188
507.42
503.747
522.224
462.913
576.699
622.34
518.02
558.493
525.187
417.19
555.306
562.196
516.301
498.934
511.672
471.379
500.148
553.153
489.745
541.764
503.811
438.128
563.218
517.176
576.802
467.77
478.892
636.643
555.878
463.23
463.424
492.122
484.985
529.929
517.831
558.149
523.729
485.976
498.624
520.527
573.547
514.679
530.579
487.176
527.947
512.094
546.097
552.107
589.352
474.796
521.301
509.792
537.06
533.949
470.29
592.899
556.298
568.857
537.529
526.531
558.074
477.641
514.985
511.853
565.669
568.757
522.818
513.963
508.599
483.417
518.705
559.105
574.44
491.127
440.625
517.755
525.219
586.71
496.431
568.271
516.693
514.37
560.407
579.468
581.962
495.196
514.737
538.675
517.759
504.384
528.643
554.408
545.644
493.771
521.622
546.289
547.407
556.939
582.75
535.2
593.739
560.123
533.07
576.697
488.747
531.533
554.904
559.077
532.11
500.938
540.945
597.338
498.076
633.517
477.268
578.511
567.756
557.405
541.981
565.436
568.151
588.267
560.975
555.4
538.873
585.214
524.072
593.457
571.163
574.614
546.759
547.408
511.301
583.063
606.812
538.427
568.193
534.701
508.029
584.298
559.462
536.175
509.715
512.822
522.726
490.187
614.141
545.298
578.333
502.265
552.646
581.844
537.444
529.98
498.343
559.752
540.857
489.445
533
522.814
589.287
559.919
571.428
512.744
495.841
519.909
539.314
553.153
577.415
501.377
550.015
532.867
540.086
486.054
520.707
552.72
484.589
530.495
539.593
507.32
530.284
532.516
598.313
566.81
501.744
543.897
635.857
605.018
541.128
514.214
505.261
547.01
493.371
521.942
504.004
487.619
537.084
580.588
547.737
552.853
535.287
530.89
514.361
486.904
575.636
536.741
580.269
506.326
536.398
471.507
566.773
565.554
549.308
583.846
523.748
578.204
563.451
443.02
540.229
526.402
472.418
522.292
527.26
506.505
475.136
534.843
537.26
515.012
484.13
576.887
608.26
617.184
568.976
528.066
491.888
645.957
515.349
554.526
536.842
574.283
595.287
603.387
503.444
510.234
510.085
516.689
536.459
563.795
485.377
548.216
519.813
550.778
579.277
555.505
521.813
533.885
545.086
552.038
491.186
557.574
523.885
597.975
501.865
525.709
443.778
527.755
553.578
504.843
562.462
616.899
549.656
578.368
459.646
515.914
667.863
660.254
574.828
577.331
513.341
527.814
510.328
529.114
510.77
543.129
583.428
521.537
575.31
531.969
534.384
493.191
575.98
500.205
577.424
537.548
504.686
534.301
535.086
534.424
564.091
526.301
508.117
510.79
497.873
547.819
583.959
551.578
582.544
503.365
564.268
490.117
511.472
515.618
550.204
537.768
570.672
508.731
481.083
573.834
507.096
507.672
558.726
537.232
507.795
530.941
492.309
582.402
551.26
589.051
584.535
494.44
504.554
517.537
532.377
508.06
489.639
563.657
555.249
535.214
567.442
480.041
537.459
539.241
491.208
529.574
588.834
570.793
511.618
507.161
489.679
579.883
607.197
472.426
510.922
486.489
523.788
534.068
541.262
513.728
560.316
603.815
526.137
502.862
556.224
529.329
554.337
588.265
531.438
513.172
561.106
500.902
582.648
544.433
552.386
572.121
456.103
535.792
556.481
516.851
552.485
515.453
504.193
518.09
541.24
444.652
465.385
549.948
513.85
578.757
504.128
521.06
597.67
502.213
537.348
606.447
532.19
550.936
628.135
548.344
532.641
594.645
575.668
517.441
532.862
614.687
590.746
567.818
526.454
509.034
486.792
552.445
527.271
558.768
498.786
472.438
535.701
512.599
481.131
495.579
536.062
530.948
528.031
556.192
551.27
545.89
610.396
541.277
589.046
506.022
550.974
545.35
495.444
532.832
500.8
486.33
586.456
513.13
547.134
543.024
629.274
599.536
568.052
566.405
530.628
564.758
565.065
537.751
504.421
605.857
563.537
530.336
510.447
565.526
508.923
562.668
526.504
554.573
514.447
478.529
558.916
595.172
584.192
504.654
518.094
462.404
562.501
533.547
502.276
572.06
523.83
550.065
549.333
610.364
489.55
483.863
526.249
529.166
534.626
518.002
535.177
489.617
542.781
522.492
591.261
553.229
573.531
492.946
515.409
654.336
563.99
504.21
556.052
480.143
565.183
611.264
553.16
605.137
469.122
537.384
537.015
531.636
551.242
493.051
522.061
473.345
510.263
487.74
534.28
528.071
568.282
494.768
535.743
524.915
624.785
546.496
488.22
539.919
538.195
553.655
576.799
523.65
572.435
605.49
464.594
611.047
589.173
500.473
551.952
562.489
527.099
636.539
514.473
490.386
542.427
497.425
608.777
529.697
591.293
519.03
472.908
541.492
553.513
612.426
495.283
540.135
551.354
560.485
571.953
500.263
594.115
522.552
582.311
516.319
542.443
545.297
534.673
531.414
519.244
555.539
566.059
524.719
519.595
599.351
531.261
512.678
507.983
515.084
541.995
543.573
508.479
521.07
533.497
593.081
531.573
552.788
540.232
560.381
511.763
617.9
583.107
545.284
486.68
496.402
547.944
486.776
507.034
502.505
596.159
531.898
520.534
544.928
524.073
522.685
451.314
572.064
555.573
531.825
618.726
597.654
573.869
508.47
583.093
495.24
623.61
515.499
496.86
556.104
592.28
496.407
547.422
499.256
588.661
493.487
525.75
598.775
519.79
512.717
519.041
549.006
457.114
529.523
563.337
455.882
615.973
494.682
507.125
544.739
559.509
543.845
568.695
552.995
541.92
496.185
537.073
531.54
536.616
520.843
521.972
537.352
524.837
567.532
591.408
677.485
544.428
546.546
522.116
510.708
472.62
554.06
534.429
570.685
495.935
501.58
548.121
492.537
596.336
498.43
558.085
593.067
533.003
521.27
534.147
486.185
549.227
581.381
561.556
643.861
527.719
495.466
570.931
494.515
504.478
481.062
634.219
466.962
521.834
590.328
528.188
594.545
536.659
636.902
568.249
467.521
472.829
547.509
501.425
484.651
622.257
503.601
528.341
559.697
614.315
500.763
563.482
644.105
533.233
524.908
458.593
568.559
582.507
595.841
555.182
537.042
549.972
504.093
587.644
420.269
541.807
619.86
553.53
541.045
503.195
634.93
519.139
510.004
539.854
599.111
499.461
515.946
522.414
514.687
531.146
541.506
495.638
555.097
432.921
537.525
538.01
568.47
545.143
508.016
463.764
607.05
523.867
531.415
551.504
593.088
481.916
521.487
577.694
543.702
536.75
501.389
573.493
578.056
502.968
507.468
571.574
539.091
509.76
522.506
495.216
520.835
529.325
509.826
559.143
459.135
517.52
572.969
540.994
587.877
583.119
595.601
554.677
558.945
544.739
606.286
553.352
488.734
499.277
507.037
577.28
495.543
572.355
520.011
642.774
555.128
499.311
572.158
544.259
484.558
678.209
563.21
512.77
549.698
510.87
542.565
552.999
580.642
477.604
564.942
482.739
566.033
575.813
536.243
456.246
514.755
511.692
511.128
558.809
489.013
526.638
593.073
581.51
534.902
604.032
474.836
505.207
533.633
501.222
488.96
489.35
561.601
491.905
511.432
519.822
577.231
475.734
534.74
473.536
493.331
526.775
536.979
537.46
576.899
507.258
493.795
539.41
626.156
506.378
595.458
567.417
536.764
500.693
545.343
577.392
488.212
475.56
576.59
533.758
499.307
540.408
536.618
566.411
524.126
503.275
571.744
514.616
514.433
581.716
531.566
516.779
485.949
537.869
656.113
539.376
550.911
575.405
571.309
510.343
542.074
549.728
505.109
644.506
489.652
581.108
576.127
585.803
556.997
503.063
575.732
451.522
545.729
543.759
518.051
503.622
634.357
566.625
500.607
498.308
607.527
563.939
539.876
565.708
546.499
568.393
544.196
568.418
541.405
509.747
513.896
575.534
552.068
550.339
608.977
600.837
545.185
508.787
559.174
584.935
452.577
518.057
617.307
545.899
526.08
491.718
482.656
596.366
610.535
493.71
522.222
547.453
551.971
471.888
535.875
518.179
503.989
542.529
544.196
538.386
558.261
600.414
530.674
541.01
527.627
551.369
504.331
612.171
565.897
544.465
539.953
564.431
508.225
579.521
514
582.557
500.012
490.56
513.22
590.832
563.957
599.342
551.84
499.812
534.787
634.899
549.075
489.545
634.749
546.935
502.931
457.685
567.479
630.874
563.222
575.941
550.362
557.443
494.339
563.213
534.921
475.013
525.586
602.691
522.268
509.727
540.737
471.235
493.718
528.044
562.916
515.556
523.405
492.748
587.957
488.386
569.657
561.131
495.551
609.151
652.251
598.842
491.212
548.829
569.454
513.143
502.48
522.85
599.324
555.796
513.59
544.118
581.094
532.23
534.434
608.856
531.424
597.305
520.176
545.191
621.119
555.749
570.391
580.286
508.914
504.299
577.855
557.944
492.666
544.302
521.406
520.606
601.829
535.558
512.83
554.343
483.269
537.893
540.892
545.783
585.63
572.717
513.541
512.662
583.557
534.833
602.248
475.501
556.407
539.283
532.045
568.419
555.398
463.437
545.17
587.646
575.014
505.354
551.546
509.51
509.976
526.725
562.514
522.073
571.427
607.071
512.907
556.793
525.17
582.164
552.358
493.033
534.601
551.854
546.026
515.979
528.559
566.263
525.675
564.854
534.336
567.441
663.827
527.621
502.421
484.814
474.087
492.023
428.857
504.646
549.995
512.497
535.436
556.324
505.399
509.342
560.756
532.262
525.691
469.524
522.656
631.769
597.839
511.752
543.603
497.501
524.341
609.181
589.452
505.013
536.795
544.137
515.783
498.888
502.276
550.137
519.877
571.133
528.507
485.241
582.661
506.875
512.095
562.942
580.3
544.995
554.357
568.304
556.071
454.798
544.127
513.333
523.107
501.154
508.972
548.9
543.008
492.2
565.681
595.861
566.72
591.583
507.595
491.893
470.012
567.242
644.654
577.38
589.915
551.735
600.264
545.52
494.005
538.555
491.473
532.787
598.226
530.883
571.357
465.966
491.462
596.857
565.663
564.871
547.51
537.761
483.033
499.576
547.073
467.887
532.738
536.469
528.039
506.332
508.128
491.822
607.833
566.192
526.597
581.844
520.795
545.601
566.161
603.91
519.168
501.714
472.181
480.544
554.778
601.453
488.312
608.126
534.637
546.666
514.112
526.448
530.076
587.237
540.46
495.853
512.272
485.238
505.491
586.338
574.993
608.571
498.526
546.261
490.68
527.104
496.384
557.807
472.406
472.785
520.386
585.686
523.44
546.517
495.058
537.385
602.727
567.42
540.025
573.841
549.593
565.958
522.627
588.972
557.126
521.184
507.911
561.283
620.233
479.754
488.205
559.676
575.254
595.842
550.164
567.342
522.926
548.149
559.545
540.155
582.556
526.056
549.731
509.682
489.657
567.543
519.523
545.206
529.343
519.742
574.719
544.306
617.408
508.5
566.376
503.172
533.976
498.554
514.961
605.287
572.656
489.213
616.749
582.197
513.174
554.564
497.232
608.983
486.229
533.678
582.432
478.978
553.852
521.243
515.241
542.591
564.195
540.167
467.901
511.484
494.879
533.719
532.412
513.284
510.194
554.274
547.515
524.208
538.073
534.373
513.657
616.694
550.049
553.396
616.978
510.753
520.504
513.983
478.736
561.618
497.225
473.496
463.067
562.529
545.42
568.58
491.993
571.8
547.033
534.968
548.904
494.553
474.013
554.599
526.114
512.251
492.347
519.519
590.792
528.75
597.491
529.901
611.165
475.072
493.497
530.648
551.28
608.151
496.408
551.021
500.948
504.925
554.895
544.118
552.718
582.901
507.121
515.094
445.049
580.268
566.489
593.835
470.394
459.557
602.09
533.644
492.341
491.793
594.537
501.45
531.6
516.348
528.138
493.057
549.526
614.461
550.842
552.262
474.921
603.245
566.436
534.629
471.566
493.308
575.737
517.098
556.282
558.592
541.448
555.855
582.137
519.053
519.155
569.529
541.654
505.831
547.13
531.743
520.868
489.488
591.132
515.875
600.579
561.78
554.77
529.253
595.724
549.973
565.419
533.296
671.399
549.21
606.841
628.048
461.351
533.022
557.081
527.592
459.021
520.011
535.683
499.903
533.275
542.507
580.296
555.673
590.683
606.755
493.648
561.072
515.387
519.031
541.093
525.499
445.126
509.142
595.769
523.772
604.747
549.002
502.295
540.175
551.103
534.052
475.539
521.248
508.001
601.072
568.327
536.824
519.032
534.523
561.756
536.564
557.736
623.745
516.47
563.33
483.428
520.661
557.571
539.045
503.174
541.841
604.439
582.938
582.411
570.239
678.94
516.041
562.753
488.734
579.798
540.298
516.56
556.994
509.556
499.016
545.08
435.721
658.627
531.488
548.995
557.058
530.819
587.011
489.084
530.587
590.328
556.057
532.061
581.712
564.356
551.745
500.29
543.452
544.889
631.919
554.934
510.572
525.539
611.384
554.701
567.655
509.984
500.673
539.951
552.083
518.371
527.514
524.755
513.861
618.997
494.501
587.708
536.218
484.669
486.745
578.345
527.536
548.045
507.881
568.515
497.458
541.044
486.938
525.423
536.403
486.643
566.526
601.744
574.252
659.301
534.445
548.332
700.161
570.574
574.329
527.221
504.514
588.595
565.382
493.617
560.787
475.086
570.588
539.196
572.624
498.094
550.497
528.706
530.134
568
523.74
605.726
487.094
520.013
577.696
585.041
566.644
582.601
522.776
492.307
529.658
556.33
514.91
590.076
509.901
570.392
618.162
558.598
560.824
505.275
496.554
486.399
601.357
577.052
508.783
544.597
485.932
623.689
539.866
576.565
497.505
518.415
622.975
552.836
616.517
528.405
538.099
505.597
554.09
564.587
538.587
505.173
537.902
599.372
487.181
589.529
499.479
504.774
619.317
508.523
555.864
541.178
500.313
559.937
505.346
483.252
550.681
551.946
582.253
653.861
552.477
515.625
551.348
521.589
564.966
523.383
538.175
535.913
499.75
514.075
543.185
599.829
605.197
484.336
507.89
476.268
491.642
533.512
546.23
584.654
533.673
505.299
560.451
508.436
506.882
561.466
537.365
537.856
557.913
558.34
550.657
526.623
535.083
514.78
479.486
522.814
513.192
522.975
583.771
521.256
638.807
543.876
614.219
524.777
553.971
579.821
604.77
603.347
613.026
504.345
580.475
560.097
485.919
576.54
555.383
555.443
555.465
548.949
633.857
541.27
521.959
530.626
542.504
506.789
515.672
534.899
579.25
558.215
535.765
577.41
516.578
519.317
493.432
591.601
590.595
607.221
545.846
543.936
485.79
560.136
564.556
573.348
503.703
549.43
583.015
492.054
495.951
494.592
499.832
541.194
598.998
549.34
626.926
544.713
451.107
572.549
512.386
527.144
550.452
530.987
563.632
561.431
534.322
491.236
533.809
529.268
534.85
531.836
559.224
547.827
511.137
565.173
539.082
550.601
490.887
510.586
485.682
488.572
608.054
559.383
566.505
577.218
528.678
577.618
488.879
601.741
555.522
532.257
564.726
496.8
495.712
496.601
521.569
537.973
531.835
600.013
551.435
455.601
485.556
554.287
568.761
575.4
557.617
447.394
513.612
579.747
570.232
517.896
545.37
522.083
556.633
510.874
466.972
572.799
613.657
530.597
563.249
503.814
588.211
504.092
524.655
595.019
532.866
586.123
557.119
520.593
512.217
507.061
549.362
627.498
466.007
534.945
663.803
583.479
620.827
477.109
519.089
515.506
574.641
518.555
570.551
533.891
554.79
533.395
533.692
522.59
529.426
634.756
551.686
554.206
603.979
604.612
524.082
535.087
608.897
602.409
555.979
498.729
600.769
545.905
531.538
568.634
581.374
486.436
553.268
606.768
491.394
498.399
477.665
594.685
474.536
554.816
543.038
518.15
571.544
569.052
568.306
586.278
500.785
569.695
606.497
559.446
552.676
528.851
575.617
479.999
484.276
480.047
560.622
550.095
523.939
498.238
603.772
483.189
546.839
585.363
555.011
526.532
589.785
550.939
588.976
534.035
575.295
473.16
579.363
541.131
520.222
500.723
565.934
471.949
528.124
558.929
558.701
656.092
553.505
603.019
549.199
534.169
569.795
507.67
469.259
530.416
515.423
509.804
536.679
485.845
509.016
544.645
547.467
504.31
480.408
656.013
529.206
487.944
531.954
587.262
514.997
550.65
603.917
542.091
531.122
558.062
582.58
481.078
570.993
578.818
538.979
526.31
544.195
588.2
435.071
567.321
537.906
524.676
470.443
546.148
541.439
512.477
500.935
528.656
568.414
504.62
603.63
554.418
581.46
513.423
567.695
540.011
539.783
481.335
554.026
607.547
573.732
542.662
557.039
589.192
529.156
521.023
557.147
505.709
512.805
519.853
546.839
545.125
576.912
554.068
535.249
639.38
506.823
587.525
493.667
624.383
505.23
558.976
502.165
561.241
615.448
522.356
457.88
552.52
506.232
537.862
456.337
530.224
605.8
532.176
532.585
543.766
493.145
440.591
514.829
507.433
491.692
552.591
527.834
571.113
547.887
494.931
526.571
500.042
509.98
551.288
569.401
538.825
530.652
544.758
579.471
521.826
540.7
549.272
546.573
516.607
623.707
522.612
634.807
515.344
574.619
442.457
568.224
554.071
513.527
482.247
608.693
539.731
490.791
572.38
503.83
489.078
631.35
515.819
512.065
554.763
511.932
576.97
572.906
551.478
563.074
550.681
472.505
536.869
552.308
506.734
573.824
554.148
612.534
492.067
587.576
522.504
594.429
509.803
487.28
512.029
526.785
468.701
483.205
578.499
551.731
530.505
486.34
524.508
538.904
529.079
562.816
537.979
574.288
558.214
510.132
522.654
589.319
556.579
583.402
509.415
537.125
506.317
541.971
563.555
526.287
627.567
627.664
558.187
515.051
560.051
564.218
601.295
497.913
652.006
566.823
497.659
498.881
550.517
507.167
494.973
505.306
512.317
621.474
569.372
524.266
608.257
561.564
515.713
495.213
552.077
579.849
580.605
610.019
473.62
555.367
547.306
523.353
613.091
550.371
510.203
512.271
555.166
455.759
494.284
509.689
564.331
523.523
529.56
555.823
552.717
519.903
526.865
547.861
470.559
543.327
602.199
619.291
529.072
554.651
509.184
582.701
570.26
506.955
601.062
531.757
515.322
532.293
505.223
538.43
444.823
477.216
551.643
552.573
548.17
553.264
594.616
584.325
546.994
611.94
581.844
553.315
482.583
476.216
497.077
555.316
509.795
498.445
619.153
558.247
492.457
480.95
554.327
510.909
509.923
480.315
499.293
537.679
565.028
574.312
536.765
512.663
467.274
488.278
569.216
498.111
543.102
553.482
529.271
514.815
483.817
597.806
504.503
533.947
480.597
525.17
503.849
542.196
553.37
577.92
484.465
566.055
548.191
567.203
550.733
592.333
515.78
516.393
613.979
589.707
478.674
550.432
549.42
490.73
596.753
575.874
638.947
473.658
488.703
490.046
546.406
507.384
578.227
612.033
552.552
516.538
553.185
509.016
554.623
633.362
537.084
568.977
560.85
634.017
474.269
561.044
531.468
518.508
627.245
545.524
548.117
594.373
465.427
605.053
581.456
499.689
530.675
504.665
536.951
515.854
560.176
547.427
624.296
519.96
547.276
542.925
536.763
548.693
502.654
473.407
567.102
477.757
517.951
526.015
517.947
582.629
559.766
494.118
502.248
559.589
541.306
675.552
539.663
506.408
542.912
511.99
492.647
491.912
577.814
509.222
537.361
549.321
460.994
564.307
571.838
488.341
615.886
510.61
567.374
540.101
503.219
518.712
474.564
460.524
512.821
547.316
571.85
528.934
539.172
524.307
562.769
508.537
573.276
552.763
596.613
462.282
572.993
487.079
576.355
534.982
500.896
527.151
518.335
501.907
514.362
537.222
516.401
604.351
510.648
609.708
569.546
512.482
513.32
488.492
540.444
558.858
551.039
636.899
578.08
547.224
479.75
624.171
490.814
486.757
623.524
534.106
632.309
513.582
575.709
600.893
528.821
579.802
564.861
524.385
615.385
513.902
568.047
571.316
542.251
549.809
580.022
531.558
461.955
543.007
596.899
543.117
497.028
499.006
482.216
572.113
525.615
583.988
512.869
543.636
494.766
523.891
503.214
509.367
472.83
497.333
605.937
495.377
504.053
494.722
520.318
565.837
555.27
612.388
547.037
590.382
529.112
544.355
533.458
571.659
471.246
538.991
569.324
512.767
584.647
573.384
551.489
473.873
552.905
533.72
566.662
533.527
500.339
569.27
509.244
491.71
580.427
504.8
647.398
567.745
504.857
553.014
574.28
530.377
562.897
504.733
591.795
503.799
612.48
582.565
562.221
554.273
478.793
514.114
560.412
495.922
545.205
546.26
563.691
541.608
556.066
592.279
610.068
548.622
485.409
549.86
593.799
531.112
506.116
535.874
619.751
590.05
530.836
546.47
508.989
504.679
501.028
521.637
526.814
585.681
545.756
677.199
528.039
504.58
521.391
506.248
527.314
541.025
556.824
548.339
526.578
510.744
518.88
548.589
606.581
652.953
580.897
539.19
510.854
568.508
608.121
558.676
538.863
644.468
499.709
559.5
552.595
608.196
488.372
524.073
571.142
526.955
568.895
549.697
562.598
560.772
514.644
570.25
578.236
564.68
481.885
588.197
460.221
507.506
509.644
532.874
590.608
509.331
490.925
516.824
514.055
509.437
555.951
618.771
478.849
559.001
557.671
516.601
565.063
543.979
534.896
551.176
550.971
501.859
592.617
499.801
483.389
546.104
508.492
585.146
505.079
508.022
474.577
508.553
541.598
537.736
478.555
557.689
514.138
581.784
579.807
544.963
577.266
507.487
492.237
627.572
541.604
499.223
514.853
529.164
545.162
564.504
554.214
500.206
530.056
495.289
589.645
560.505
559.094
561.394
527.117
592.596
582.706
559.429
595.741
544.299
584.139
535.153
504.481
536.36
467.015
479.703
527.258
529.918
533.656
492.14
531.467
565.946
583.055
510.774
634.723
578.898
527.661
545.436
549.446
540.392
569.107
505.765
563.118
591.999
583.38
524.813
573.31
494.452
546.3
577.255
566.881
534.933
509.518
590.823
526.076
561.408
532.803
534.497
544.294
460.978
628.579
479.674
562.547
477.545
564.361
644.053
495.049
590.3
531.306
502.692
541.71
567.756
510.97
567.44
630.995
651.799
504.789
568.013
498.027
534.731
501.769
521.988
583.339
572.568
503.172
568.059
458.294
539.99
558.17
521.269
578.278
600.629
463.346
576.204
460.577
497.265
535.284
594.671
504.332
557.77
535.505
587.585
588.226
533.278
507.058
524.591
544.101
577.831
522.709
509.001
604.762
512.797
578.684
539.782
547.814
554.415
550.36
522.572
528.804
520.884
529.586
564.778
526.948
520.344
561.062
531.326
543.486
514.951
576.483
546.52
523.235
473.849
605.524
600.127
570.571
573.823
499.06
496.625
608.595
550.095
538.8
559.55
479.954
534.468
558.375
550.265
537.308
522.76
544.95
550.128
491.011
550.689
534.289
511.206
527.286
557.148
503.574
536.02
481.569
561.887
520.001
617.732
538.194
507.979
501.158
575.702
545.388
537.466
500.453
522.365
535.399
510.989
508.337
586.437
540.229
546.997
524.956
546.335
515.917
547.521
464.477
474.353
534.554
513.975
569.374
490.175
568.236
522.144
584.023
550.834
533.373
569.85
524.591
513.893
523.772
580.615
499.813
558.373
498.259
522.278
510.512
556.28
516.9
560.141
520.885
508.118
613.306
539.426
538.455
522.779
537.386
529.959
557.816
491.606
563.113
521.146
563.561
499.199
508.99
521.206
554.787
473.774
518.941
637.44
564.852
617.62
554.827
447.461
537.76
463.587
505.029
510.089
538.619
512.706
562.49
526.602
505.937
588
499.451
542.367
580.193
548.223
534.8
499.327
497.873
593.838
597.786
511.671
589.88
522.648
558.586
536.852
557.123
527.36
488.66
585.789
580.76
488.093
526.527
548.763
523.073
548.233
488.435
490.67
501.543
525.653
544.959
553.554
592.862
581.383
490.201
560.149
583.362
566.05
528.423
557.517
514.515
518.807
503.6
608.214
558.835
478.882
456.835
539.015
468.154
568.757
504.179
556.499
528.916
478.312
557.167
427.662
571.517
554.792
524.934
534.616
513.81
504.587
562.27
462.827
577.101
539.765
511.409
542.028
521.549
565.729
526.671
536.87
599.698
508.778
501.138
525.844
561.419
528.427
507.489
448.588
567.85
573.268
578.383
555.338
618.318
490.135
520.931
618.867
547.412
561.395
510.293
532.853
583.934
606.911
582.394
595.193
514.05
553.069
516.579
529.522
520.167
550.237
519.989
512.23
512.974
562.737
663.174
526.483
565.271
567.207
505.3
491.58
486.894
555.35
495.67
507.006
517.851
492.56
546.833
550.182
551.923
529.74
488.475
561.277
600.684
553.88
577.337
483.349
523.623
547.116
512.3
607.732
589.284
538.761
566.056
659.223
539.454
542.805
555.05
543.992
578.898
584.387
548.454
480.558
520.365
530.504
551.297
547.381
553.708
566.985
503.331
609.718
509.928
480.895
574.556
507.102
542.307
565.737
523.722
549.57
571.72
493.983
513.935
543.198
504.121
564.889
558.338
492.243
505.05
582.239
574.053
597.351
502.784
604.262
568.746
600.903
473.399
513.983
561.109
585.192
544.117
506.712
526.459
625.45
538.77
449.92
590.007
516.122
431.566
526.53
549.506
537.898
536.956
452.509
501.22
537.475
481.478
512.584
481.123
530.281
541.697
574.856
605.483
511.661
500.648
556.189
567.022
576.075
481.02
536.923
495.275
569.513
583.938
600.253
514.308
522.429
550.175
547.847
531.841
505.933
525.615
484.531
541.946
578.169
568.488
576.799
563.108
546.043
520.829
554.87
549.277
489.06
522.526
558.762
563.044
552.8
466.187
572.047
546.573
553.274
559.95
559.329
571.302
475.808
501.238
496.584
477.681
520.028
562.065
530.954
574.193
520.572
548.974
532.423
545.956
578.188
478.13
519.558
557.79
549.92
507.292
495.287
548.471
609.649
583.704
558.601
514.802
566.165
518.462
509.643
483.005
558.711
545.093
520.919
562.869
472.938
510.332
579.162
523.081
529.406
516.851
594.733
548.616
511.373
549.894
546.606
500.584
605.322
527.306
521.254
526.107
545.365
595.547
570.306
479.495
591.738
484.336
519.637
580.854
545.143
514.505
544.608
523.223
576.633
483.221
538.667
520.194
532.349
451.068
570.844
542.387
624.052
566.599
539.796
527.553
564.16
541.954
556.322
480.738
594.835
535.244
546.792
608.232
555.704
536.147
538.018
612.355
498.501
519.727
572.859
511.975
551.221
539.878
557.528
504.678
593.58
442.769
542.802
551.16
557.33
499.812
517.328
588.918
538.213
518.807
534.921
533.081
543.392
530.186
529.207
535.504
550.488
499.175
645.41
468.542
499.958
526.594
552.704
613.861
481.338
501.72
543.648
541.715
451.792
519.987
512.609
545.715
590.338
631.69
576.714
532.88
511.573
517.466
524.134
516.428
516.708
543.152
471.357
557.063
483.299
576.062
574.628
510.52
513.7
547.358
553.225
568.821
518.817
555.628
516.539
524.909
556.747
521.204
509.072
524.149
616.448
582.582
529.434
586.925
530.343
561.848
542.684
598.679
476.921
540.864
570.93
580.618
593.193
504.505
531.581
534.745
562.305
528.001
544.453
545.449
594.286
586.103
564.154
592.038
525.728
460.349
576.014
620.395
575.935
601.89
570.874
583.065
554.764
537.554
489.08
526.457
495.99
607.006
548.566
479.076
580.247
480.507
535.736
528.137
548.086
524.807
594.234
536.707
541.124
576.629
497.021
487.741
523.287
525.588
492.301
540.403
532.07
581.989
620.838
607.709
470.143
581.154
548.746
501.794
472.817
581.4
569.839
552.345
574.792
610.364
556.004
546.292
552.134
525.722
538.509
489.017
564.038
515.426
487.196
534.913
522.178
518.121
514.834
616.026
563.264
600.758
508.792
453.596
570.184
508.836
437.846
572.976
567.648
604.544
489.068
577.102
634.223
641.997
518.286
517.051
645.728
496.078
572.732
616.049
496.414
568.13
514.519
580.788
555.674
506.012
547.622
508.453
477.737
542.707
532.524
540.841
524.365
607.286
576.457
522.332
549.618
637.619
542.867
529.816
606.5
585.575
477.56
551.016
538.146
504.528
500.218
559.189
507.495
644.892
596.234
478.834
607.048
544.681
479.083
547.494
548.181
552.224
529.394
480.426
565.596
549.804
668.852
565.39
541.327
485.67
494.932
533.611
605.804
541.102
471.925
552.989
590.451
487.414
563.6
564.255
485.677
541.677
546.52
573.898
560.602
553.909
531.143
524.031
503.17
568.844
491.89
486.94
549.895
535.61
504.39
531.61
529.782
518.005
569.3
581.781
554.747
475.583
567.899
598.314
562.226
591.938
504.95
529.546
519.578
520.295
507.656
624.13
556.664
510.354
554.203
535.979
537.848
475.588
502.877
563.989
525.528
505.049
548.333
546.702
536.719
490.124
514.29
544.819
509.766
529.409
544.842
539.814
521.502
545.424
589.363
538.858
513.578
603.772
506.678
547.487
486.219
472.469
581.367
550.821
509.846
515.973
560.097
591.872
501.34
492.888
532.491
540.224
572.221
576.605
569.693
503.036
517.687
555.89
588.624
489.271
599.883
531.24
565.3
562.137
514.772
526.105
484.871
523.678
512.548
538.376
463.917
472.118
596.038
565.623
583.431
493.234
597.894
545.582
531.361
496.407
547.664
557.743
503.439
471.479
505.012
502.401
521.113
530.658
536.007
509.591
479.375
560.982
460.386
518.444
497.075
449.578
525.74
585.332
542.093
491.016
534.098
583.077
519.76
461.089
551.539
508.39
545.664
518.206
506.236
522.957
506.225
432.026
536.506
571.775
549.901
539.571
535.78
558.458
525.35
552.313
570.997
521.471
613.689
479.785
464.314
476.791
556.9
480.512
484.491
497.019
565.87
469.427
556.384
487.155
521.283
535.649
536.817
580.05
580.388
554.094
503.19
495.01
575.499
552.851
483.885
551.16
550.14
512.988
507.715
567.645
575.163
548.716
520.144
489.288
467.181
561.587
525.275
553.888
483.992
496.263
602.591
596.315
568.016
582.857
585.481
610.179
553.875
483.951
497.397
566.687
552.518
554.264
511.371
592.455
528.477
548.217
536.247
554.679
580.163
476.256
534.497
568.674
644.365
587.677
571.132
570.859
472.003
495.08
563.393
494.747
537.969
594.911
503.744
547.164
520.006
534.285
528.324
539.499
508.826
514.493
539.805
515.1
473.135
447.493
521.634
502.925
535.532
548.368
577.042
547.616
619.395
530.126
612.814
524.039
548.793
517.974
489.36
589.008
526.02
505.103
487.888
481.61
491.146
586.221
563.301
508.481
484.231
561.892
547.633
592.258
560.61
548.672
550.712
579.929
579.215
514.777
542.943
597.118
553.157
569.719
582.952
520.906
525.095
565.679
514.433
554.845
497.374
507.847
599.644
611.683
540.295
566.889
568.506
630.919
498.217
584.579
492.948
534.256
523.322
508.918
555.07
494.845
510.872
614.73
595.084
464.953
540.747
536.993
501.855
540.333
606.981
536.388
501.324
517.757
578.746
585.159
503.256
550.839
531.357
543.743
627.392
563.485
571.364
491.629
533.773
577.132
567.554
577.088
508.073
490.458
509.633
497.734
537.367
562.771
507.149
506.892
545.88
562.573
522.948
539.063
478.581
503.533
538.285
530.095
523.122
556.152
578.922
550.351
573.295
494.633
541.562
455.033
543.559
526.443
584.673
555.146
524.089
458.052
539.021
512.723
558.381
546.43
578.288
535.179
533.039
598.93
574.275
499.264
483.613
549.757
542.347
529.791
499.28
460.133
511.984
549.07
535.679
534.192
510.22
525.45
571.322
552.478
492.57
497.378
525.818
581.893
612.326
541.505
502.176
611.462
637.145
530.845
664.473
567.009
506.745
610.408
562.426
490.82
618.735
525.522
509.126
466.166
523.975
533.052
482.769
562.414
540.066
613.247
498.888
612.014
495.633
512.948
488.56
608.77
589.412
562.226
581.543
540.567
527.087
559.332
567.396
518.316
581.138
536.238
550.127
531.887
499.91
540.153
450.947
563.862
535.769
499.053
577.703
570.461
577.545
489.403
489.261
550.442
587.033
526.114
501.293
514.039
482.563
487.539
536.945
533.463
559.299
501.782
540.437
529.371
500.566
555.383
564.641
637.624
565.595
579.343
641.529
468.698
481.618
553.045
502.57
611.564
461.267
533.656
549.414
625.68
546.897
483.11
644.215
454.053
519.476
560.923
498.569
518.019
562.211
607.232
556.75
539.916
583.38
512.817
508.159
569.128
561.601
485.167
470.947
572.454
482.426
513.863
549.11
609.998
600.914
543.616
559.093
543.635
586.345
509.291
623.691
494.052
562.269
572.221
511.161
555.213
565.965
528.103
589.451
548.363
525.335
523.792
582.643
507.166
582.977
551.357
566.901
553.952
528.735
558.336
531.802
540.017
568.595
545.36
505.766
577.428
578.562
545.513
556.185
623.97
526.024
580.763
525.942
547.199
506.909
455.198
525.469
506.956
538.357
528.779
500.766
477.055
580.65
551.681
589.307
608.476
514.102
528.691
498.4
539.498
515.361
575.909
585.778
543.599
479.108
458.973
503.731
485.787
522.312
527.206
538.586
575.155
488.67
604.664
603.455
495.205
516.415
535.451
532.008
503.493
488.353
550.717
598.535
544.061
533.083
546.08
603.649
597.337
548.936
598.839
507.631
482.303
440.957
558.193
482.693
557.021
519.887
546.166
581.074
553.896
521.675
621.043
570.081
515.286
569.124
507.832
592.221
500.514
521.987
564.025
557.751
528.57
513.048
545.265
556.282
515.906
527.369
584.349
574.684
603.045
540.662
587.413
541.728
565.086
593.074
615.294
528.433
500.04
546.505
513.883
457.166
578.233
607.523
520.014
529.126
437.193
550.127
580.036
528.576
545.442
469.648
554.066
508.862
520.657
545.478
541.214
482.524
513.95
515.557
475.824
510.391
559.011
549.032
555.872
579.962
566.358
505.682
575.731
582.78
552.765
561.484
578.782
516.144
584.907
492.278
484.378
518.867
495.872
558.88
596.484
492.175
531.237
466.219
534.051
515.597
478.662
556.443
585.853
511.484
530.157
577.062
524.508
513.736
519
518.455
514.095
521.251
523.13
564.207
537.011
535.552
474.36
624.305
529.256
536.82
574.926
586.832
564.786
540.565
551.056
492.992
495.797
524.245
528.455
484.595
591.35
519.344
525.724
558.66
619.525
514.397
470.376
488.238
534.311
537.956
522.773
477.79
559.405
529.417
594.338
514.242
482.801
541.347
508.308
537.989
537.888
555.194
530.484
489.518
534.998
547.91
536.367
538.097
523.262
587.827
497.842
508.207
529.98
531.652
548.551
541.328
503.259
532.186
522.822
519.827
524.701
497.568
581.547
497.172
527.77
537.211
590.723
464.122
532.989
563.439
493.91
523.282
644.449
519.081
597.359
448.693
544.531
551.374
539.128
569.66
483.96
447.731
539.152
513.628
496.654
476.794
500.214
509.347
536.358
521.518
534.927
568.18
539.74
539.045
516.385
507.057
599.042
507.044
558.773
524.58
457.705
518.511
544.447
499.808
609.143
549.432
593.386
505.931
582.069
528.953
531.241
549.007
545.293
530.349
552.769
458.155
473.299
462.592
496.232
618.943
511.294
510.023
527.421
539.764
569.936
650.127
541.506
626.971
561.934
479.687
573.354
510.554
555.614
582.234
543.485
476.308
577.598
610.146
622.643
498.337
527.542
471.271
491.699
563.159
529.515
506.408
538.742
583.346
468.923
554.447
560.971
545.188
583.596
539.99
561.236
561.779
545.02
602.075
493.152
551.466
504.152
555.589
569.776
557.866
570.414
522.629
499.753
557.967
574.144
530.699
518.879
554.179
543.29
558.244
582.508
648.644
511.824
516.766
470.304
553.391
519.504
564.745
500.345
532.555
536.57
549.47
496.477
468.179
529.683
572.485
524.818
555.796
476.564
545.887
544.481
541.525
503.505
503.642
524.93
528.084
506.378
509.312
511.018
502.8
515.944
548.896
523.157
568.917
565.198
622.081
550.663
629.955
552.798
549.239
480.758
515.767
549.773
510.759
585.333
464.199
540.612
495.251
625.91
540.595
480.185
515.367
604.017
532.448
552.717
512.003
555.597
528.325
522.659
532.785
521.98
543.459
590.656
514.074
528.808
516.527
476.33
497.305
507.145
541.914
577.731
569.955
598.723
534.922
572.996
544.139
581.769
567.545
546.666
550.91
541.04
558.476
531.302
592.101
527.603
529.325
534.386
494.568
541.544
527.887
593.166
535.957
535.115
603.452
470.432
569.643
620.989
574.93
498.27
551.64
526.936
512.551
571.128
550.38
590.61
544.283
582.86
544.55
481.404
536.805
480.795
564.507
574.692
604.53
506.755
506.002
535.579
556.113
504.36
480.411
582.291
497.457
525.988
519.465
511.591
481.54
557.035
493.6
592.732
561.839
617.159
570.732
522.415
529.105
518.397
591.557
583.851
496.003
556.946
523.465
514.181
479.239
499.03
521.13
512.273
571.175
510.666
573.738
535.514
543.894
570.387
520.578
557.48
555.389
580.755
640.434
543.775
559.573
523.83
524.593
497.871
541.06
511.329
527.138
558.899
500.2
589.459
576.626
626.82
575.951
647.898
564.243
546.634
497.324
455.859
517.302
457.565
538.097
507.29
544.056
534.233
579.368
534.448
563.294
488.304
536.296
576.464
577.462
588.856
507.267
549.925
523.576
529.678
520.715
491.937
518.439
543.595
525.442
590.788
460.676
503.969
551.689
509.661
472.193
517.057
543.775
598.916
557.95
500.354
650.25
541.47
546.591
525.285
569.884
604.329
551.067
565.503
540.998
536.999
537.963
497.201
525.813
476.964
544.006
530.345
519.361
547.387
549.403
456.643
545.299
512.12
509.457
509.055
566.705
509.358
476.774
582.789
523.312
521.29
569.616
545.261
525.428
452.27
465.1
520.673
529.728
511.2
514.137
512.101
513.559
530.525
607.964
542.169
625.417
536.529
517.326
563.847
506.682
494.591
523.788
528.458
516.331
456.523
552.567
515.83
531.173
503.291
571.669
538.891
581.73
588.179
538.034
530.174
500.571
530.204
547.828
484.317
597.568
523.254
589.963
516.317
531.325
484.194
509.972
522.158
593.462
491.065
539.445
498.586
582.864
604.55
577.587
498.844
529.59
517.146
602.374
524.627
470.642
516.464
501.767
548.953
574.516
533.442
549.109
610.2
503.282
545.02
580.172
507.831
552.559
615.142
588.301
525.156
522.277
543.643
589.696
545.675
530.666
539.522
565.874
516.217
525.241
506.796
557.524
535.491
517.22
569.385
603.568
503.994
589.665
501.378
632.346
572.062
565.749
552.87
581.657
436.202
553.222
509.4
531.335
553.356
545.156
529.001
491.346
575.899
555.209
562.743
562.402
518.755
589.189
493.159
521.93
525.412
565.835
537.987
528.795
612.212
543.964
548.568
545.511
532.103
645.416
525.319
565.492
566.985
478.558
583.423
522.789
606.547
487.549
503.839
524.554
479.231
478.497
516.187
507.855
476.29
613.871
516.447
533.461
535.927
530.001
576.64
536.754
607.286
509.781
560.743
616.81
553.752
565.56
499.974
559.168
472.263
493.213
517.115
493.565
559.855
487.97
509
600.319
562.374
437.756
642.485
494.625
602.789
587.32
486.344
599.277
534.842
517.899
482.285
576.927
484.165
490.564
677.781
541.202
567.918
525.495
491.367
557.732
602.995
580.915
568.628
545.988
574.483
498.738
601.504
534.907
542.918
566.183
562.865
512.348
547.27
574.61
478.856
575.066
566.385
516.189
579.826
537.495
531.337
525.047
545.674
515.4
515.024
534.603
557.799
577.163
484.144
493.199
533.545
600.691
508.161
556.313
590.272
541.918
621.586
571.359
554.813
631.598
550.471
528.808
610.716
595.355
542.983
588.866
508.086
500.846
576.708
475.061
539.278
509.888
561.909
511.447
595.557
572.245
448.729
573.312
547.937
518.205
563.075
534.749
582.258
538.579
530.158
506.589
545.955
602.276
561.545
500.77
504.032
592.105
594.085
594.85
493.952
462.09
492.383
487.324
507.962
456.933
543.303
540.591
516.677
546.461
551.729
596.575
553.079
504.565
532.656
584.386
505.522
549.287
481.054
639.917
590.191
508.608
544.708
543.173
533.175
559.257
541.244
643.706
589.504
525.535
460.373
531.828
583.745
575.842
495.377
502.886
535.825
512.335
513.528
656.646
476.574
499.115
537.703
569.615
583.734
584.245
576.509
562.766
549.322
548.402
569.042
554.6
605.898
550.076
589.484
515.897
607.042
513.13
539.921
545.853
508.437
463.113
563.192
517.54
612.502
577.286
553.638
555.731
628.853
478.641
565.752
617.727
576.774
617.751
617.653
486.879
557.592
560.627
531.133
584.908
574.311
555.317
564.808
506.416
548.081
600.77
593.642
544.213
578.852
513.251
533.708
526.234
484.399
540.959
538.087
541.002
552.583
533.526
529.93
491.385
558.692
551.548
542.36
554.986
496.436
532.722
496.312
516.498
573.036
564.347
541.913
622.804
544.237
538.576
527.419
494.006
439.103
513.345
483.969
527.68
504.153
537.344
556.203
475.622
492.524
529.024
528.986
526.69
605.338
557.283
532.35
550.327
612.852
523.466
544.468
571.945
486.366
515.623
564.954
530.287
462.19
583.198
565.898
470.504
517.355
503.032
529.864
503.735
582.171
631.309
540.555
613.311
612.116
598.366
628.174
590.76
518.057
644.018
564.113
498.88
545.352
525.642
557.684
526.344
534.444
536.824
584.481
537.134
515.328
536.934
534.48
529.742
589.08
627.716
549.754
515.327
561.543
503.34
462.768
514.336
557.742
523.688
532.162
500.404
556.081
532.825
517.083
524.112
513.839
570.751
518.19
468.046
561.227
480.057
532.909
560.956
484.84
413.534
555.391
591.454
530.452
568.047
520.384
519.698
471.391
510.224
486.286
479.183
422.643
521.47
559.566
519.908
544.868
523.496
616.568
552.197
499.736
540.417
502.037
536.038
643.455
501.381
547.694
645.071
521.213
565.119
523.175
539.841
531.563
629.871
549.225
552.148
610.598
564.726
565.556
474.273
507.908
602.11
503.989
548.199
582.632
559.818
513.011
533.539
588.135
572.203
594.264
538.56
541.106
569.268
582.257
487.901
531.709
620.46
586.702
523.011
514.479
541.313
552.572
516.369
481.072
473.111
530.191
566.369
490.245
519.366
520.79
460.168
560.501
542.419
529.44
556.677
488.414
604.657
502.346
564.713
549.38
576.187
540.965
595.368
564.598
539.124
470.066
596.367
584.945
537.452
529.897
501.841
461.105
574.588
524.347
611.266
555.216
536.374
577.601
496.006
484.259
521.348
493.651
604.594
548.383
564.231
552.187
577.913
573.241
503.556
547.959
511.876
528.972
520.622
528.003
515.854
518.524
498.427
578.533
460.949
516.493
582.514
549.7
569.814
548.266
562.243
567.047
541.308
556.635
510.092
471.866
542.721
570.242
508.926
543.272
553.743
572.514
492.995
549.57
524.969
570.816
487.011
556.679
526.808
537.37
502.259
499.351
565.178
568.059
487.28
511.651
523.74
557.604
527.261
547.801
590.827
489.838
485.327
582.976
557.297
534.685
540.492
571.422
476.289
547.698
587.554
542.037
573.115
553.386
547.263
624.216
523.245
570.415
507.804
512.027
537.562
457.874
495.221
583.406
554.905
548.227
498.528
536.457
520.014
515.401
503.447
575.928
547.44
560.378
541.307
496.691
556.616
525.779
466.888
474.568
568.275
583.094
475.399
542.687
523.992
539.114
519.61
528.068
468.282
526.155
605.851
508.451
575.307
630.533
559.809
496.012
562.443
524.835
481.138
542.992
490.861
567.191
555.422
539.45
523.47
542.414
549.487
545.979
497.207
685.821
521.832
505.725
553.872
574.846
453.677
539.277
530.75
496.944
563.828
534.104
553.744
501.983
590.274
548.127
635.462
514.228
564.298
559.593
583.387
507.496
525.277
560.646
463.308
551.993
498.241
554.04
574.096
547.488
499.687
640.245
589.325
461.884
497.273
541.872
500.655
458.829
539.429
511.005
618.361
576.573
561.167
595.001
568.921
560.15
499.619
536.259
549.92
543.868
570.083
563.55
559.719
528.005
559.294
542.201
531.675
581.4
485.978
561.504
563.618
583.055
530.895
530.976
574.834
546.364
534.826
531.08
507.346
561.688
518.393
544.145
479.452
506.451
478.505
540.214
575.753
572.68
556.29
490.219
525.26
477.448
529.276
505.711
498.244
540.081
517.501
536.785
550.389
516.81
550.396
477.991
521.277
539.664
513.092
525.794
567.819
569.315
501.755
515.602
522.263
495.985
540.111
521.548
576.085
595.713
568.329
494.788
591.799
513.892
493.079
461.681
619.1
457.835
493.618
590.794
489.359
543.058
552.214
571.535
618.813
472.879
541.012
515.185
571.91
520.433
528.27
546.829
469.532
515.912
604.831
517.364
554.223
518.651
502.973
528.409
570.651
493.633
596.187
522.59
556.338
496.716
535.082
454.845
584.325
512.66
555.705
561.633
511.082
537.889
496.027
480.754
451.674
560.442
547.804
537.571
559.143
517.444
550.959
478.996
507.292
570.17
556.455
413.957
528.429
539.155
546.829
524.666
523.803
601.867
504.55
446.802
509.018
470.845
554.439
519.183
502.365
609.684
533.558
485.847
588.782
494.458
484.897
607.468
607.55
536.44
520.548
585.209
538.979
476.706
549.833
484.231
458.388
578.718
594.027
664.122
535.479
517.032
496.026
545.431
501.87
509.251
601.505
505.632
622.677
535.943
542.164
524.105
484.37
536.133
523.598
542.387
462.611
587.342
549.149
540.995
523.944
536.281
589.934
567.931
540.054
582.522
525.303
537.588
529.855
513.413
547.934
562.714
488.645
482.737
488.166
570.615
501.354
464.751
504.926
486.703
523.357
495.41
564.642
529.069
611.962
539.736
527.419
572.227
602.273
632.558
504.175
519.684
558.927
514.142
510.509
494.949
581.163
516.41
511.75
494.412
604.08
534.255
532.992
517.729
507.384
529.406
597.833
506.047
492.976
530.421
507.674
580.487
523.192
518.921
592.53
583.055
509.021
535.225
521.365
601.471
552.956
557.389
646.479
598.57
614.187
536.966
469.94
531.934
569.209
535.719
546.554
504.527
593.885
584.106
468.728
519.618
477.071
536.471
504.403
488.879
495.571
533.866
548.676
546.843
510.495
516.803
553.804
531.759
501.585
498.194
500.874
510.491
533.892
557.909
539.639
575.16
488.952
496.026
522.051
606.717
512.84
581.889
488.329
555.699
500.127
564.289
534.078
494.802
514.735
568.844
533.407
550.637
500.717
582.664
520.264
480.404
561.539
543.134
572.479
520.945
523.025
507.666
469.123
515.904
585.369
556.018
515.301
519.118
563.683
557.008
507.466
546.134
529.487
554.08
565.777
519.815
544.543
583.883
550.524
504.97
569.151
564.522
564.154
585.291
541.114
582.625
576.955
559.567
531.911
586.838
583.342
432.75
499.632
541.826
473.851
601.839
516.294
555.437
565.854
619.444
524.665
598.664
463.766
502.542
489.318
581.248
534.105
565.936
518.426
516.854
488.418
657.299
486.265
578.654
532.474
566.498
542.41
534.92
471.948
515.025
630.457
546.441
501.171
596.295
584.762
547.357
486.66
542.521
614.461
503.739
535.115
547.421
542.842
567.657
513.928
475.8
535.699
567.351
477.314
516.55
540.788
548.507
540.971
538.859
566.875
521.111
556.359
551.415
549.379
535.068
521.24
535.417
515.507
524.591
493.391
551.363
576.406
522.612
501.234
580.637
529.338
523.542
524.323
645.469
545.338
523.467
519.8
601.836
553.307
505.542
532.042
559.23
576.749
543.184
531.86
546.552
512.852
536.925
511.798
491.712
537.201
529.001
474.364
504.673
562.558
554.107
494.097
530.819
643.522
622.086
541.56
649.677
468.091
508.898
475.248
512.546
516.544
519.06
511.624
570.773
537.811
629.719
563.723
517.634
555.477
540.465
562.821
503.527
536.77
559.775
547.764
629.331
541.48
547.503
492.559
478.172
612.252
559.989
568.603
621.823
561.778
479.319
526.292
507.971
545.989
489.963
592.037
545.672
587.36
584.707
524.438
575.468
509.933
533.819
559.511
602.875
563.925
512.575
487.681
515.563
569.152
568.645
528.345
631.079
552.945
567.425
457.616
487.766
547.917
521.177
519.752
506.851
500.783
529.537
564.286
523.199
476.039
587.947
549.132
528.278
530.485
493.602
581.43
562.077
542.51
585.438
478.033
597.131
556.882
567.915
580.274
546.575
484.378
517.924
553.075
457.312
514.102
521.009
537.919
541.038
520.979
559.409
477.561
590.618
565.979
524.833
497.625
510.419
546.92
514.128
521.236
564.332
558.057
447.194
578.792
565.243
527.566
525.614
521.442
587.547
544.118
515.765
438.96
501.089
458.966
506.733
489.559
528.272
478.275
547.932
536.527
535.756
555.137
585.787
440.547
466.467
550.715
504.389
641.149
487.643
592.336
511.004
532.307
537.369
498.266
535.333
556.869
522.63
569.591
534.767
481.828
565.133
524.154
566.668
572.458
530.373
588.633
521.747
514.566
542.706
589.302
606.247
625.285
598.226
546.202
575.533
555.494
571.046
518.936
508.688
536.603
564.877
484.394
538.858
546.012
611.722
467.209
504.562
444.136
494.487
658.18
467.42
489.794
477.318
546.919
537.929
547.616
509.323
531.652
487.065
491.342
449.88
534.525
517.609
515.266
574.091
527.569
622.883
527.593
548.464
600.089
640.409
465.67
553.92
593.426
551.47
592.223
523.385
496.891
506.931
567.12
525.93
550.962
560.542
513.224
516.242
543.245
530.162
544.968
460.111
514.079
513.326
488.832
519.139
583.756
493.651
518.501
534.234
548.416
457.939
530.95
537.197
567.57
561.857
501.815
509.231
541.596
603.539
528.741
517.13
539.197
484.19
520.467
494.727
545.369
565.303
564.133
634.445
530.156
482.464
546.004
559.303
488.144
542.842
584.265
515.026
525.603
541.127
500.446
551.28
563.383
543.702
570.044
544.333
499.264
547.815
498.224
587.814
529.938
519.832
551.507
506.203
494.902
511.284
644.256
533.051
538.969
478.54
570.893
553.579
503.065
476.064
553.175
504.848
510.985
586.321
503.055
563.722
500.621
585.245
577.844
562.397
559.445
484.067
537.843
488.719
553.003
536.298
523.69
557.166
585.394
543.1
503.991
531.199
514.366
547.91
536.708
570.095
530.513
521.269
586.307
587.825
548.058
563.695
607.101
503.774
523.158
614.77
517.413
518.454
591.921
546.87
487.348
484.439
563.298
524.84
521.327
506.645
482.888
456.136
530.205
639.627
540.013
525.559
516.458
472.586
493.831
495.52
533.345
510.7
534.098
523.701
624.233
534.5
518.358
567.551
527.768
579.231
492.122
508.227
503.173
469.1
568.395
617.923
481.342
591.678
480.743
511.628
520.97
467.369
605.096
546.462
529.781
526.44
469.814
554.591
500.566
550.479
504.594
553.169
543.444
500.294
536.468
562.618
556.839
575.542
519.296
549.283
549.121
563.673
527.633
540.231
565.041
529.016
490.649
565.005
606.235
488.627
589.108
526.895
560.013
512.585
535.02
455.692
535.008
557.31
527.725
587.454
470.378
549.189
504.076
563.26
497.48
630.334
597.06
537.938
520.294
480.823
567.19
500.877
481.404
556.629
562.699
526.071
604.488
532.467
592.1
554.718
531.048
615.522
497.901
593.005
619.407
487.78
539.366
594.746
499.384
532.949
576.333
429.084
538.402
632.794
535.323
521.858
532.741
512.455
493.165
530.033
513.008
514.734
578.146
546.028
518.67
534.57
526.039
474.052
550.751
450.731
580.788
514.193
440.878
533.351
523.837
560.814
581.304
556.559
552.425
611.586
482.29
534.37
513.896
517.899
542.502
561.839
554.258
520.66
587.562
540.268
448.24
549.507
603.434
567.256
591.1
548.635
504.789
561.943
529.33
581.795
488.071
540.013
456.216
611.106
541.142
501.312
532.72
526.303
511.648
542.531
494.447
519.285
536.615
513.195
595.921
509.551
520.132
554.298
539.083
525.985
572.77
593.73
465.794
535.587
494.314
582.883
519.253
544.754
518.743
527.592
527.347
468.682
494.825
503.795
517.581
543.877
585.081
477.447
566.099
462.976
534.766
604.898
584.538
475.12
485.717
516.968
490.115
530.158
485.539
496.846
567.963
516.842
574.272
585.777
531.448
503.684
556.885
449.644
533.247
576.843
538.926
523.864
576.034
541.824
604.816
468.068
505.958
559.682
535.463
554.904
531.768
502.6
521.228
519.955
499.363
508.144
518.852
532.24
502.613
530.846
559.689
609.14
541.809
547.073
590.683
477.85
496.668
547.457
600.761
486.046
499.881
571.913
488.955
566.951
537.272
547.656
495.297
570.829
509.007
555.903
527.039
511.598
514.166
532.06
557.162
551.695
570.137
544.692
517.2
592.082
548.596
539.745
533.156
506.003
547.791
551.714
521.702
533.841
512.86
499.948
589.505
513.673
476.966
491.654
589.011
511.769
501.146
484.199
463.262
595.166
497.544
565.154
542.31
597.337
611.129
503.904
574.778
542.899
562.684
473.76
548.284
533.643
487.349
561.809
586.44
522.906
515.22
540.333
485.779
565.645
550.213
612.352
502.189
533.611
505.018
481.972
508.017
589.944
559.5
545.144
555.077
627.788
473.211
516.942
523.523
542.032
498.877
537.245
592.863
586.569
476.166
550.238
556.254
561.417
586.462
579.144
501.596
506.813
450.501
548.763
504.066
609.979
574.031
522.224
609.594
544.197
510.092
617.498
507.486
543.608
533.441
498.393
628.84
563.215
541.797
555.27
499.32
530.889
539.49
498.311
560.906
474.219
534.068
531.52
504.889
621.471
599.489
525.797
630.488
515.22
531.557
542.149
555.144
570.703
561.354
563.55
520.373
524.984
517.894
579.982
481.378
536.275
594.68
489.25
589.037
574.111
573.183
583.165
529.514
595.324
564.687
617.542
531.598
545.782
435.08
452.835
599.383
527.814
509.162
572.294
540.679
559.84
615.582
508.429
622.712
545.933
447.403
505.224
534.041
485.184
465.16
502.876
500.393
526.704
475.463
510.441
561.14
530.338
507.395
567.441
606.585
493.524
557.716
512.167
553.822
558.321
531.957
465.55
554.726
511.305
559.72
487.81
501.345
495.586
661.877
550.176
485.467
498.984
583.837
529.565
556.805
583.678
515.787
534.482
496.297
548.365
515.015
521.118
451.954
551.231
566.197
553.496
473.725
503.675
534.88
563.19
604.29
486.968
529.647
536.929
499.882
486.081
510.989
554.442
498.755
504.498
650.427
546.076
547.233
483.526
546.853
549.608
546.445
551.3
567.117
528.157
484.601
523.442
530.206
518.097
566.098
554.209
599.333
518.1
550.685
535.889
510.014
528.344
503.57
513.32
514.924
489.307
532.354
551.145
566.662
492.419
478.512
536.617
531.248
548.088
491.726
509.628
567.739
477.02
490.768
496.761
577.634
609.02
535.989
498.612
521.084
513.528
593.641
598.664
597.549
522.142
495.647
472.934
553.574
561.549
554.104
494.328
484.79
600.691
557.729
515.668
520.949
546.733
547.446
597.689
450.147
566.024
508.817
553.77
519.878
492.881
525.292
511.664
513.256
617.775
538.719
550.722
564.298
477.642
511.605
551.934
548.575
518.615
514.529
546.001
618.195
525.013
524.242
568.116
528.505
617.78
493.326
636.995
529.027
516.993
417.313
519.668
524.579
527.772
512.621
513.245
594.57
605.653
545.257
502.467
536.693
472.363
487.543
573.202
543.207
529.006
492.176
638.327
507.298
530.857
508.701
506.961
510.297
501.643
539.268
578.062
622.055
547.552
500.183
541.559
586.641
591.069
520.129
602.356
519.708
560.855
521.095
536.467
477.56
459.894
534.815
623.573
604.936
485.638
559.408
504.938
501.804
540.95
592.441
522.206
581.009
552.798
545.367
515.181
569.937
516.888
500.689
524.853
529.951
555.167
560.497
512.529
515.899
461.781
590.87
500.263
545.869
488.729
597.966
612.407
531.037
563.609
554.029
483.02
553.703
509.234
511.33
488.931
526.785
537.669
543.815
530.782
529.059
508.772
474.445
494.77
515.289
531.937
557.391
502.501
610.407
526.825
533.009
521.797
563.862
535.658
544.862
536.389
530.617
618.759
507.39
458.748
475.369
543.613
552.602
506.731
534.397
541.634
555.435
505.728
540.151
506.436
557.759
598.186
579.23
557.385
579.94
489.218
536.329
645.397
573.172
523.62
586.665
571.371
533.24
484.165
548.514
485.16
591.449
607.221
487.787
545.976
536.795
491.943
544.059
469.359
587.608
501.6
540.791
541.465
557.792
525.296
604.376
517.326
557.57
566.89
543.887
522.22
539.752
556.742
497.519
579.055
517.172
598.979
503.145
624.78
556.623
485.758
554.696
513.874
492.131
630.89
527.179
604.279
558.036
526.483
635.915
559.265
557.822
515.458
516.431
566.64
562.364
565.519
587.503
583.225
609.31
499.724
512.827
561.204
629.654
471.564
546.628
601.622
587.323
573.291
574.372
495.483
519.443
568.683
576.382
539.073
624.025
564.085
486.891
509.005
469.551
535.092
557.776
634.193
570.585
582.817
520.735
494.658
518.538
519.09
533.346
559.282
500.5
588.757
468.659
575.13
596.519
591.369
500.579
682.019
560.844
573.623
650.289
524.689
498.434
496.667
521.867
523.587
539.238
537.246
604.012
514.147
474.742
497.728
552.989
577.336
596.435
580.043
638.611
535.816
544.45
536.457
515.456
595.54
476.93
508.573
485.26
490.314
530.096
556.291
538.597
519.954
485.496
641.538
542.013
521.37
522.483
536.318
441.803
537.208
600.454
548.345
569.622
505.209
582.666
507.159
543.911
520.578
617.113
532.89
563.536
490.938
510.658
511.471
561.554
526.923
518.115
588.791
527.669
477.096
585.266
528.855
623.061
539.977
552.74
527.436
657.616
550.182
521.1
526.921
486.923
482.416
563.059
554.569
487.125
567.09
518.245
506.092
513.769
600.098
525.584
528.001
516.623
535.186
492.768
554.242
534.428
605.434
526.279
486.054
514.077
540.523
611.204
620.129
581.135
563.267
533.76
490.947
497.875
527.635
526.973
506.307
544.275
592.7
585.14
514.549
510.282
607.03
567.813
585.975
525.113
520.922
486.689
547.887
533.587
531.767
534.735
547.3
514.191
549.633
532.938
525.204
560.521
538.824
567.836
435.147
476.46
520.99
609.668
495.326
502.76
491.142
440.52
551.059
507.393
531.462
484.321
585.422
526.475
522.531
495.249
479.06
581.675
566.136
497.551
497.72
562.722
477.669
592.776
488.603
569.019
588.478
514.182
521.937
589.769
596.731
498.318
565.121
568.033
486.391
553.761
484.455
492.119
574.802
509.31
547.573
546.85
610.638
544.173
578.114
550.218
533.711
536.902
592.824
526.149
482.893
465.046
514.746
494.115
554.5
482.128
549.273
583.036
505.853
600.082
490.595
579.774
536.442
582.064
560.104
515.152
582.015
620.221
500.743
581.67
517.143
548.022
498.832
569.486
580.471
523.641
545.159
562.064
508.414
566.174
515.272
536.522
511.753
504.692
517.51
502.979
565.949
575.655
524.321
644.07
507.934
545.549
534.331
543.394
506.859
511.268
588.667
530.819
652.362
560.651
563.706
551.878
514.2
564.439
575.354
649.843
476.065
675.051
535.475
520.784
651.68
488.042
535.942
569.411
543.249
546.835
540.823
555.032
498.443
565.294
530.21
556.547
625.281
565.776
547.555
555.443
604.247
469.295
533.271
630.209
497.946
598.368
522.63
542.921
507.589
555.699
488.16
492.171
567.15
554.869
535.763
567.276
569.828
610.316
541.229
639.083
585.906
521.206
473.897
544.275
517.849
