4504.72
3880.12
2298.27
4205.86
3839.04
2787.74
3096.34
4142.39
2457.71
3898.6
3734.78
3799.74
3281.96
2620.51
2773.57
2528.83
3574.72
4202.51
2790.6
4206.32
4563.45
2691.34
2489.11
2476.26
2792.94
3329.12
3842.06
3209.71
2716.31
3431.31
2834.06
2721.73
2649.31
2646.43
3243.32
2813.81
2678.92
2364.81
2662.24
4103.95
3457.13
2152.18
2957.04
2766.19
3138.95
4413.96
4477.78
3012.01
2649.45
2929.87
2851.53
2795.92
2633.87
3209.05
2765.22
3804.87
4066.89
4746.58
3113.42
2453.94
3020.55
3045.78
3149.58
2755.15
3513.18
3897.98
3515.73
2904.59
3662.07
4059.72
3535.3
2711.56
3302.09
2743.01
2361.91
2938.85
3638.69
5110.35
3269.22
3030.72
3198.99
2672.37
3370.43
2876.22
2904
2967.6
2944.53
2470.93
2475.08
3378.82
3855.11
3577.42
2843.73
3342.6
3099.7
2834.9
2804.35
2846.66
3040.81
4759.98
2647.62
3016.75
2830.32
3649.93
4845.77
2312.04
2550.08
2996.99
2573.16
4223.25
4194.04
3524.99
2874.43
2497.18
3002.26
3428.25
3016.03
2827.97
3356.5
3635.74
2579.87
2814.32
2771.67
4022.4
4421.77
2581.46
3433.45
2803.68
3855.67
2797.23
3082.63
2730.22
4159.47
3090.78
2520.78
2635.16
3779.14
3928.58
5374.48
2496.46
3931.67
3778.85
4023.63
2501.63
3181.05
4243.73
3263.25
2637.8
3036.94
2725.25
2434.6
2789.79
5049.84
3151.94
3344.69
2850.1
2324.62
2940.21
3461.61
3234.52
4183.04
4074.51
2023.92
3114.39
4017.39
3108.73
4041.45
3332.36
3028.12
2466.4
3183.28
3197.01
3828.97
3083.08
2455.08
3117.97
2780.33
2268.88
3120.23
3260.89
2427.22
3955.81
4802.33
2477.86
3969.98
2886.05
2835.06
3034.21
3491.29
2787.23
3502.95
3566.3
2925.9
2026.11
3341.92
3584.12
2650.79
2982.74
4743.79
3208.16
2384.52
2655.88
2662.95
3165.66
3278.92
2819.4
3399.95
4496.95
2780.27
3091.77
3454.76
4839.81
3486.88
3481.21
3688.85
3271.26
2872.23
3820.22
2466.88
2909.67
3878.09
2683.21
2111.29
3472.99
4667.52
4034.65
2974.34
3292.28
3649.15
4008.66
3130.88
3694.8
2769.88
3097.29
2711.24
2941.84
2263.15
2813.06
3223.16
3351.52
3252.26
3654.84
2355.39
3579.75
4593.16
3997.63
2163.16
3290.13
2756.88
2850.54
3088.12
3102.33
3778.76
3178.11
3328.25
2820.01
2716.01
2718.22
3444.68
2665.58
2985.66
2948.13
3319.05
2993.29
3004.18
2572.11
2721.15
3843.98
3940.57
3086.99
2582.22
3376.79
3051.57
3614.89
2448.76
3262.24
2377.91
3233.48
4206.54
2256.75
2693.51
2945.53
3122.39
3217.44
3056.64
3834.55
4216.45
2388.77
3122.53
2424.89
2654.67
3321.93
3920.94
3396.38
3381
3669.37
2096.18
2911.56
3094.12
2700.32
2793.73
3023.15
3416.23
3128.05
5219.69
5014.7
3155.55
4186.9
5534.84
2942.07
3400.93
3632.03
3248.63
3803.68
4067.8
3335.84
2929.72
2641.18
4521.41
2306.39
3330.07
2712.68
3240.7
3268.75
3642.52
5277.62
2833.32
3123.36
2735.5
2798.54
3620.81
2953.39
3600.29
3598.94
2945
2516.27
2682.36
2930.51
3436.24
2247.42
3363.04
3305.07
3150.59
3771.12
2875.4
2932.56
3710.9
3877.83
4179.25
2638.73
4242.64
3943.33
2798.4
4137.26
2747.56
3066
4087.86
4409.11
3860.04
3441.18
3180.04
3386.46
2237.46
4254
2552.09
3875.71
3337.88
2767.13
3273.64
3129.68
2274.52
2804.37
3753.25
2499.28
3068.08
2810.6
4077.41
3091.73
3017.48
3084.57
2520.72
3008.39
2617.19
3852.99
3392.6
2236.46
3597.29
3311.31
3585.25
2414.02
3632.85
3276.93
2939.63
2602.21
4097.92
3361.58
5421.41
3897.08
3246.87
3034.7
3037.56
3400.34
3505.8
3298.61
3274.2
2859.09
3689.9
1908.12
3272.91
3064.51
2896.45
2439.52
3216.16
3013.17
2388.46
3040.52
3300.17
5182.97
4538.41
2786.34
2719.05
2872.09
2680.56
3698.54
2699.31
4502.47
4643.23
2913.08
3682.81
2553.38
3378.17
2658.1
3147.83
2207.08
3021.49
2384.95
2693.98
2837.44
2624.12
2505.47
2210.67
3143.38
3389.67
2800.96
2748.16
3610.85
3308.17
3288.18
3832.93
3972.17
2785.96
2522.5
2637.07
3184.83
3280.66
3857.82
3195.23
2829.81
2186.76
2349.62
3685.16
2756.02
3419.95
3126.05
3004.27
2668.84
2970.69
4140.78
2747.87
2580.91
3138.57
3237.75
3663.72
3758.57
2466.1
3231.72
3534
3995.07
3448
2674.34
4275.08
2677.54
3910.49
3112.52
2337.37
3779.88
2554.99
4313.24
3727.68
3571.57
3754.75
2988.84
2869.85
3031.09
3338.95
2893.13
4422.51
5397.63
2995.81
2681.72
3085.11
3111.27
2320.51
3136.19
3047.14
2257.4
4505
2928.86
3465.13
2733.45
3297.71
2774.44
3834.21
2758.22
3632.8
2987.15
2429.03
3725.5
2749.21
4595.58
3427.06
3268.11
4742.96
2711.7
3671.19
2082.23
2894.59
3428.23
3483.46
3126.38
4168.38
3331.64
2992.2
2433.74
2615.6
2128.18
3809.05
2859.34
3447.38
3221.78
3702.3
3010.38
3140.06
4046.49
3969.41
3307.79
3614.27
2698.23
2778.86
3172.04
3981.23
3764.5
2540.69
3333.44
2632.87
3004.7
5562.84
3459.95
3100.54
2502.97
2860.03
3053.17
3438.91
2906.29
2809.62
3121.6
3526.06
3298.85
2081.02
2571.46
3250.09
2695.4
2527.46
3005.65
3726.57
2760.86
2757.43
2978.1
3387.55
3178.58
3865.74
2740.15
2529.64
2905.2
3634.47
3609.81
2949.53
3335.62
4290.21
2990.87
3019.06
3766.68
3671.93
3824.36
3591.42
3745.23
3102.9
2493.27
3372.27
3622.51
4735.67
3369.96
3939.76
4510.94
2842.9
2638.56
3085.26
2030.54
4186.58
3882.81
3329.24
3133.14
2960.68
3719.67
2000.81
2717.37
2999.72
3158.19
3995.53
2609.4
3027.28
3448.38
2818.39
2650.57
3532.27
2069.59
3295.78
2744.52
2529.91
4977.91
3581.11
3258.29
2994.17
3967.53
3210.7
3667.36
3765.46
2973.61
3215.37
3061.72
2629
2780.37
2419.36
2827.85
4199.27
2671.63
3654.88
2368.03
4278.17
3042.96
2857.75
3442.96
2880.54
3476.75
2840.89
2537.8
3662.88
3846.69
3616.83
3531.88
3864.84
2152.59
2775.53
3802.8
2717.89
2608.94
3954.42
4402.14
2878.28
2984.14
2929.82
2867.72
3635.22
3711.53
2604.52
3534.97
2370.44
3169.82
3346.6
2555.79
3783.3
3388.33
2389.88
4131.73
2422.55
2700.61
2815
3210.23
3370.1
2418.29
2399.52
2320.5
3208.59
3655.67
4110.88
3362.19
3735.24
2712.83
2936.21
3221.75
3979.81
3773.94
2904.93
2907.64
3816.67
2075.89
2612.25
4000.29
3064.07
3496.54
3792.24
2319.95
3263.49
3851.76
2818.2
3923.05
3237.01
2705
3152.34
2374.57
3157.3
2777.64
3725.08
2995.55
4302.58
2904.81
3095.92
3265.94
4687.8
2596.7
2920.87
3443.48
2732.71
3101.83
2730.39
2406.18
2492.85
2459.46
2751.43
2678.59
2413.76
2843.92
3043.49
2657.39
2263.48
3326.18
2826.77
3884.09
3174.22
2898.97
2255.81
3177.69
1859.22
2808.45
3274.74
3919.35
2938.39
3009.46
2674.28
2948.49
3004.06
3134.87
2998.13
4952.61
3082.59
3403.58
2992.44
2792.19
2577.95
2652.85
2659.12
3451.94
3358.57
3430.24
3142.75
3293.64
4143.54
3559.79
3445.2
2907.14
3527.92
3015.79
2954.28
3620.92
3246.14
4093.37
3482.63
3771.61
2793.46
3111.36
3820.61
3888.17
3108.94
4545.95
3117.73
2466.77
3434.39
3561.67
2711.27
2961.4
2944.43
2971.61
4616.23
3824.44
2667.78
3701.38
2703.98
3757.3
3707.17
2852.73
4033.1
3085.54
3635.04
2869.07
3254.93
2926.4
2642.68
2835.07
2661.99
2812.41
4226.24
3239.74
2926.66
2896.71
2805.62
4468.55
2828.93
3715.23
2631.37
3813.71
3233.33
4691.24
3345.36
2985.8
3741.85
3859.74
3462.85
3738.5
3218.47
2470.34
3524.63
2942.08
2886.99
3880.86
1916.37
2513.32
2954.14
4589.17
4809.98
3984.58
2761.24
4925.69
2535.73
4050.12
3128.68
2720.51
4386.62
3377.24
2592.68
2561.12
3161.51
2678.51
2944.17
2601.18
2636.52
3248.98
3235.63
2405.81
3282.4
3550.44
2824.57
3187.3
2663.94
3473.57
3097.34
2788.14
2769.39
2140.84
5174.58
3604.98
2739.2
2911.54
3496.92
2842.59
2683.34
3416.24
3322.63
3204.47
2905.58
4846.13
3672.17
3095.56
3200.61
2972.92
2779.32
2713.56
2962.9
3519.2
2856.58
2888.78
3221.94
3174.49
4395.2
3410.38
4374.52
3484.68
2813.01
2549.36
3058.09
3458.62
2365.81
2900.85
3053.45
2430.51
2483.29
3109.18
2997.91
3243.58
2452.76
2781.47
3555.49
3230.63
3062.91
3390.41
2621.22
3377.29
3831.73
3947.67
2457.67
3131.03
6064.87
2607.06
2483.88
2849.46
4370.28
2849.49
3195.03
3649.16
2726.97
3861.29
3344.18
2071.37
3565.39
2625.04
3424.78
3211.74
3362.76
2836.6
4031.99
3282.85
3402.25
3535.91
2922.63
3100.81
4774.61
2730.78
3374.42
2916.36
2520.29
3970.6
3219.1
3021.9
4322.55
3296.9
2510.94
3449.18
2651.18
2952.36
2384.61
2731.07
2827.9
2938.98
3527.7
3591.02
3311.44
2819.26
4786.54
3313.33
4186.24
2993.46
3460.04
2462.19
6404.92
3372.09
2692.74
3084.19
3058.48
2954.49
3191.8
4165.49
2797.83
2605.31
2018.04
3641.94
4071.65
2341.38
2939.02
2834.34
3043.76
3413.63
3318.35
3172.12
2639.82
2607.1
3580.88
2885.46
3119.75
2314.47
2333.57
2882.88
3273.96
2978.13
2925.5
3317.22
2071.15
4214.02
3471.63
3043.28
5504.4
3382.87
2965.55
3338.8
2438.75
2852.68
3220.98
4637.03
2718.8
3168.35
2653.96
2762.15
4749.37
4042.62
2797.08
3114.73
2941.16
3322.79
3605.4
3643.42
2771.96
2827.28
2620.71
2911.55
2527
3168.17
3006.44
2237.07
3277.79
3794.88
3416.19
4154.65
2335.91
2270.53
3490.9
2991.4
2992.04
2905.63
5433.01
3589.16
3266.72
3142.97
3515.05
3911.49
2982.77
3390.45
3010.53
2383.77
2730.49
3181.78
3270.44
2595.88
2479.04
3260.54
5692.87
2495.41
3903.43
4428.16
2656.65
3195.13
2621.36
2817.9
2211.95
3032.91
2571.03
3633.96
3026.52
5068.65
6378.96
3583.49
3855.22
3092.09
3174.26
2274.56
2976.17
3032.53
2606.38
3081.03
3203.81
2734.81
3186.13
2443.86
2451.9
4163.9
2554.42
3096.93
3146.76
3267.08
2861.87
4852.71
3042.88
3326.08
3679.79
2298.94
3428
2389.3
4049.81
3541.9
2892.61
4233.62
3374.47
3029.08
2790.02
3884.52
2368.45
5200
3354.43
3477.96
2895.28
2973.06
2672.69
2972.48
4216.58
3235.74
4046.92
4865.72
3742.22
2498.36
2509.91
2771.1
3083.82
2701.53
4277.49
3071.16
4865.65
3823.95
2682.81
3504.85
2302.64
3168.24
3211.52
2709.42
4082.82
3872.36
3370.47
3145.95
3368.91
3563.55
2530.86
3088.71
3443.5
2734.22
3180.32
2943.44
2729.77
2887.52
3344.17
3102.92
2985.01
3160.12
3647.22
3115.84
3171.16
2525.07
3831.05
2518.35
2615.69
3057.58
3765.51
2213.57
2882.44
3547.07
3019.76
3185.68
3293.1
2941.15
3469.49
3806.13
2868.56
2607.31
3205.86
3212.8
3179.26
3157.67
3136.53
3562.88
3795.36
3101.69
3697.56
2905.47
2876.24
3435.87
2458.05
2161.93
2610.73
2334.42
2642.05
2893.2
2474.16
3231.73
3039.66
2689.76
2606.19
3315.75
4505.89
3861.81
2791.32
1936.25
2598.83
2797.61
2900.96
2374.92
2395.34
2920.65
2750.58
3845.93
2718.06
3044.23
4309.43
4175.19
2318.4
2925.32
3754.3
2551.25
2979.13
4490.47
2527.13
3041.22
3145.32
2546.12
2027.63
3800.51
3745.67
3773.11
2518.42
3214.96
2633.78
3087.6
3125.58
2554.11
3927.31
2956.55
2645.96
2230.29
2287.15
3502.38
2298.42
4200.74
2952.16
3300.56
4317.82
3051.86
3079.38
3883.45
3742.74
3086.22
3461.89
3135.36
2765.43
2833.66
3089.91
3064.59
3333.93
2843.67
2479.76
4021.19
2705.25
2817.44
3636.1
2940.63
5221.31
3425.88
2645.57
2958.73
2991.41
3004.28
3246.78
2347.02
3863.31
2763.7
2631.65
3149.36
4946.47
3006.78
3783.64
3196.21
2159.85
2986.07
3277.77
3779.36
3051.43
2073.41
2366.24
3724.56
4116.83
2973.69
2487.73
2959.66
3002.98
3068.89
2962.61
2629.41
3009.99
2088.02
2727.38
3544.5
4898.27
3297.91
2866.26
2589.71
3350.98
2399.53
2625.97
3544.43
3180.16
3519.93
1916.65
2490.5
2625.37
3330.36
3465.7
2737.63
4165.11
2423.39
3569.8
3572.94
3247.72
2701.26
5815.69
3273.27
3492.92
2480.08
3344.44
2991.64
3646.33
3410.14
2671.94
2538.26
3008.48
2666.58
2723.07
2929.3
3922.88
2543.27
3020.28
2451.2
4029.44
2840.93
4732.51
2244.54
3216.79
2602.6
3526.37
3493.61
2609.51
3141.5
2591.4
3072.71
3475.97
2378.88
2983.81
4125.97
3329.16
2700.9
3060.92
2988.68
4060.44
2620.97
2836.3
2696.65
3170.54
2845.98
2914.24
2513.5
3177.78
3588.44
3099.75
2989
4505.85
2410.8
3686.45
2138.4
3364.69
3510.49
2813.6
2756.9
3343.98
2522.29
2609.76
2946.54
2866.82
3488.56
3024.23
3974.03
3354.07
3104.42
2982
3892.66
2988.42
3508.88
2780.64
3478.9
3446.53
3370.21
2735.29
3575.21
3507.89
3087.76
4242.71
3637.41
2549.86
2510.56
3324.77
4083.83
2966.69
3548.38
3066.89
2551.77
2959.46
2961.79
2991.5
3015.07
2603.78
3103.76
3080.91
3851.49
4276.43
2953.42
2524.17
3133.22
3291.86
3688.92
3782.64
2731.38
3901.44
2986.91
2858.66
2748.9
3664.21
4051.37
2988.1
2694.05
3802.89
4640.39
2951.08
3168.99
2546.49
2146.78
2811.52
3123.86
2250.6
3390.19
3537.74
2343.61
3138.15
2816.27
3343.91
2605.57
3599.7
2158.06
2732.76
3308.21
2749.02
2307.79
3403.81
3717.34
2461.47
3670.54
2137.12
3217.55
2819.81
3940.24
3379.6
3520.69
2681.99
3060.13
2885.87
2547.63
3535.45
4635.78
3094.9
3443.48
2987.35
3856.34
2256.8
3792.69
2678.73
2830.41
3080.26
2791.28
2882.53
3268.03
3005.03
3297.21
3841.52
3019.55
3210.72
3914.32
2993.89
2519.72
3273.09
2575.85
2781.44
3045.36
2784.54
2608.8
2774.73
4214.92
3895.88
3461.69
2834.16
2462.13
3954.84
4048.72
4522.65
2352.07
3093.19
2477.7
2819.35
2913.25
2030.36
3591.57
2590.64
2724.82
3598.4
4266.26
3469.25
3858.75
2429.71
3240.14
2158.13
3644.5
3036.37
3644.64
2723.02
2274.18
3216.51
3812.59
3371.26
2878.99
2606.53
3001.09
4041.18
3646.89
2322.37
2776.93
3571.72
2756.01
3197.9
2808.47
5064.71
3127.1
3302.63
5660.81
4254.97
2696.07
4464.59
2658.8
3172.8
4420.79
2902.72
2443.1
2267.36
2789.02
3332.66
3172.75
3017.88
2300.8
2862.36
2802.71
4718.94
2770.02
3044.82
3106.56
3731.44
2530.63
3011.29
3522.4
2910.41
2863.25
3373.27
2017.53
3432.13
2915.99
3797.07
2176.34
2038.51
3664.08
3860.78
2970.06
2851.07
2407.17
2640.12
2602.18
2878.96
3288.52
3160.68
3145.39
3632.34
3153.63
2605.33
2644.87
3148.61
2540.48
2982.09
3594.81
3851.93
4689.87
2438.74
4139.19
2740.36
4402.38
3560.38
3355.05
2916.23
2435.04
3824.42
4334.25
3015.29
3528.52
3402.05
2289.88
3217.05
4020.3
4383.69
2762.38
3045.06
2905.94
2465.83
3471.08
3421.9
3548.25
2596.38
3289.05
2996.32
5635.06
3370.64
2461.33
4021.26
2344.28
4066.78
4170.04
3198.96
2978.3
3574.32
3300.95
2448.58
2740
2560.84
4409.93
2605.96
2944.78
3297.59
4034.89
3357.91
3766.95
3276.49
3082.29
2790.88
2488.87
2727.54
4620.76
3531.29
3581.38
2855.82
2681.07
2357.5
2700.35
1716.29
2842.91
4205.62
3356
2730.69
2909.06
4260.3
3131.14
3830.79
2870.57
2606.02
3012.87
3406.1
3483.68
3323.04
2897.27
2129.32
4323.03
3877.54
2861.46
2030.83
3729.11
3343.39
2636.21
5206.59
3854.09
4329.28
2770.17
3945.44
2380.24
3322.32
4414.69
2804.57
3962.68
3764.57
2960.32
2935.9
2297.5
3574.84
4298.27
2185.46
2926.22
3190.48
6113.8
3041.98
3569.82
3279.47
3382.2
2850.42
2763.66
2205.38
3950.18
2471.78
3841.4
4530.61
3571.81
2770.34
3502.02
3444.17
2293.63
3721.54
3758.34
5662.82
3355.72
3030.71
2983.99
2970.42
3139.84
3240.36
4219.7
3055.88
3083.55
3039.33
3542.32
3046.37
2950.67
2802.45
2371.43
4229.85
2855.76
3807.78
3546.42
3516.01
2897.27
2477.17
4278.06
2821.69
4023.3
2226.01
2753.59
3085.53
3352.09
2604.43
3425.64
2524.62
4255.39
3119.47
3473.52
3314.92
3422.75
3741.8
2772.84
2150.61
3741.21
4626.97
2408.04
2263.67
3205.88
2617.72
2696.63
3749.28
3607.46
4137.19
3295.06
3422.06
3138.77
2873.06
3260.23
3022.06
3548.24
4459.88
3439
3152.15
3516.39
2750.46
2536.25
2948.69
2761.32
2451.68
3159.81
2738.08
2899.58
3289.26
4903.47
2783.52
2706.87
2936
2420.63
3891
2982.58
2809.36
4491.88
2590.75
2557.39
2142.62
3289.81
2853.62
3621.75
3587.67
2414.12
3171.65
3586.07
4236.74
2961.15
3237.07
2486.7
4132.2
2823
3688.26
2890.64
3258.62
2628.26
3628.99
3327.59
2898.43
3215.27
2836.48
2719.89
3134.4
2964.7
2946.53
3290.13
3830.06
3563.4
2452.05
2898.28
2974.34
3056.97
3165.63
3661.34
4231.3
2521.66
3113.87
2512.84
3419.37
2204.12
2724.24
2866.76
3921.63
2490.43
2984.4
2429.67
3284.52
2424.18
2576.57
5718.62
2840.42
2902.97
3881.34
3271.46
2646.96
2486.44
3511.13
2520.48
3161.46
2397.09
4214.78
4005.09
3302.69
2918.16
3371.2
4175.36
2736.29
5303.8
4659.19
4727.05
3328.04
3104.16
3070.73
3586.25
2516.57
3595.07
2412.64
2510.87
3194.34
3106.7
2676.31
4017.82
3146.68
2051.15
2709.62
2680.59
2961.5
3395.4
3256.62
3653.63
3618.17
3480
2773.58
3122.66
2414.91
3885.91
2447.68
2456.5
4205.69
2992.81
2958.61
2987.62
3712.69
2888.21
2608.04
3691.95
2923.8
2678.5
3496.37
4256.85
2708.68
3484.06
3154.18
2771.32
2558.68
3933.29
3460.57
2973.2
3155.47
2855.73
2698.28
2649.32
2184.75
3634.29
4693.12
3603.44
3238.18
3102.37
2532.63
3156.76
2589.68
2792.28
6207.52
2511.46
3426.22
2462.07
2991.85
3559.76
2701.15
5122.35
2577.46
3408.28
3941.45
2266.44
3854.91
2572.66
3619.64
3046.38
2934.13
2304.22
3440.48
3062.38
3397.57
3117.47
3889.85
2732.11
2627.69
3045.38
2655.99
3085.01
2722.78
3322.57
3529.24
3969.64
3792.9
2370.76
3724.52
2540.99
4085.8
2603.83
3156.41
2824.59
2223.17
3070.59
3719.89
2958.51
2966
2858.46
2512.6
3351.84
3567.5
3002.66
2762.79
3060.13
3109.43
2474.4
2606.54
2962.93
3156.69
2716.28
3562.22
3608.13
4383.2
3213.74
2552.45
2439.04
3187.62
2996.77
3261.01
2826.07
2988.6
3336.68
2654.53
2714.91
2936.97
3464.91
2419.67
2112.27
2450.46
3883.59
2332.91
3067.25
3922.06
3203.14
3051.41
2919.21
3029.49
2800.95
4563.14
2295.81
2618.03
4223.45
2695.42
2937.36
2998.11
3071.48
2006.85
3028.42
2620.3
2462.09
3073.81
2922.99
3096.93
2917.64
4178.61
3218.81
4810.53
4978.09
2619.03
3475.63
3478.5
3076.01
2188.56
2588.66
3352.33
2914.67
2881.16
2825.79
2909.85
3111.72
3816.18
2358.06
3456.93
3852.22
3946.11
3001.71
3593.96
6029.92
1646.56
4607.06
3095.23
2424.49
3726.84
2538.3
2754.63
2675.84
3485.67
2877.51
3102.95
2912.27
3178.49
3498.93
4404.46
2952.66
3085.58
3395.23
2264.38
3834.89
3479.24
2752.33
3062.93
2987.51
2601.11
3042.05
3577.91
2786.94
3725.27
3721.1
2569.6
3566.39
3234.32
2566.63
2949.67
3324.32
2416.02
2272.38
3369.9
3717.54
4045.34
3318.19
2831.71
2990.36
3725.71
3106.66
3154.17
3199.37
3525.52
2929.48
2190.6
3735.72
4093.41
4124.73
2727.07
2318.12
2762.4
3162.25
2575.47
2949.27
2938.7
3188.89
2922.73
2931.86
3056.8
2746.71
3839.21
5119.02
3116.39
3187.85
3693.82
3172.57
3056.01
3280.57
3382.64
2661.8
3180.12
3039.3
2140.01
3212.4
2864.43
3164.19
6086.36
3881.53
3058.61
2802.66
2591.09
4182.03
3925.29
2780.15
3108.32
3169.87
3627.82
3162.32
4245.15
2778.34
2872.33
2693.51
2340.14
2936.5
2834.39
2367.21
2819.74
3660.59
2524.73
3647.17
2396.7
2626.43
4295.44
2938.67
3430.31
4095.94
3921.16
3157.57
3496.94
4453.22
2966.67
2854.23
2764.43
2466.75
2748.45
5010.28
3260.74
2887.79
3159.02
3349.91
3051.43
2659.51
3703.16
3369.2
5428.98
2870.18
2450.65
2742.65
2671.01
2516.99
2371.88
4139.08
4139.47
2866.48
2820.23
2217.89
3994.18
3117.36
3094.33
3199.58
3420.91
2997.34
3320.18
3715.65
2679.32
3643.18
2879.75
3686.17
2771.5
2619.76
2513.16
2473.73
2883.14
3095.59
4180.05
2733.07
2375.55
3749.88
3097.39
2625.33
3528.57
2715.57
2348.77
3293.03
2788.59
2961.15
3004.39
3788.48
3256.44
2352.24
2610.4
3324.79
3151.28
3770.37
3964.47
2995.86
3478.08
2927.88
2921.55
3763.72
2579.29
2691.24
2993.07
3731.42
2844.33
2848.57
2461.14
4024.61
3125.5
2804.05
2998.56
4172.03
2661.03
2650.25
3971.47
2809.55
4422.48
3106.91
2373.88
3025.7
3103.59
2374.1
3905.93
2770.38
2711.17
3391.35
5464.14
2950.78
4470.65
2709.35
3423.31
2761.67
2947.95
2917.36
3691.03
3098
2771.58
2984.08
2920
3315.84
2971.48
2447.3
2598.44
3026.55
3055.82
2554.99
2457.1
3452.46
3926.69
3532.58
2641.02
2511.84
2578.83
2958.38
3336.36
2840.6
3108.39
3653.2
2442.37
3130.85
3209.07
2482.25
3094.42
2620.16
3577.46
3267.15
3867.43
3290.05
3431.56
3005.23
4025.38
3633.99
2642.96
2636.53
3231.21
2578.23
2641.06
3551.39
4780.81
2861.79
3335.61
2611.59
3054.65
3815.24
3016.71
2686.69
2370.62
3180.87
2934.74
3425.2
3028.78
3231.73
3561.22
3823.47
4064.95
3273.95
2855.92
3539.61
4361.69
3891.62
3840.31
3095.62
2216.41
2989.49
3048.24
3169.79
3039.08
3227.33
3286.95
2793.29
2944.63
2790.52
3791.33
3284.68
4324.79
3615.72
2767.81
3512.22
2649.42
3073.7
3261.31
3389.33
3180.94
2912.79
2686.2
2341.69
2877.72
2884.64
3360.01
3773.44
3992.33
3541.42
3522.76
3214.76
3804.93
2113.47
3191.55
2938.11
4399.47
2596.84
2899.68
3582.26
4122.93
2966.77
3557.17
3153.55
4195.18
2328.01
3279.6
3046.91
1956.84
4420.52
3276.23
3366.37
2814.53
2996.4
3902.26
3110.38
4064.69
4368.83
2788.72
3601.49
3726.33
3604.96
2333.17
3419.6
3225.25
2145.39
3141.02
3978.96
4648.7
4517.76
2857.18
2976.19
3801.42
2914.9
2997.87
3265.21
2323.94
3173.7
1940.45
2186.93
2327.9
3221.65
2797.89
4175.25
3652.38
2415.63
5905.76
3260.32
3734.64
2874.52
3717.58
2728.45
4939.04
2781.77
3199.24
3345.09
3155.61
3819.26
3101.99
4341.16
2898.66
2483.69
3807.27
2737.7
4396.96
2649.2
4375.51
2747.66
3555.68
3151.65
5083.18
2497.14
2596.92
3734.66
5183.94
3415.28
2894.25
2788.93
3074.38
2948.85
2474.13
3374.54
3996.5
3081.62
3958.05
2663.32
3412.84
3390.98
2341.75
3586.31
1853.38
2918.1
2223.06
3000.14
2849.81
3695.02
2142.67
2694.69
4210.31
3100.66
3050.46
2988.34
3041.6
2002.96
2991.88
3931.55
3583.02
3794.13
2844.49
2718.83
3308.37
3263.76
2493.52
2773.8
2973.58
2828.19
2459.82
4024.73
4146.31
2697.05
2843.94
2908.48
3632.77
3930.04
4037.19
2656.74
2827.65
4087.79
3724.16
3797.87
3127.49
3203.95
2454.84
2543.76
2745.17
2746.8
3187.83
3099.2
2883.29
2598.68
2845.79
3043.32
4305.98
3469.73
2642.98
2631.46
3158.42
2850
3797.46
2523.32
2890.36
2630.69
3040.54
2773.48
2268.82
2932.77
2902.89
2403.06
3017.5
2906.25
3911.8
2799.94
2908.11
3351.94
2941.93
2582.45
4582.02
3080.44
3321.49
3863.77
3266.69
3229.92
2442.93
2771.59
2297.44
3911.71
2657.08
2710.84
2555.98
2391.28
3007.94
2638.87
2544.99
3420.25
2046.15
3596.21
3285.74
2426.15
3483.46
1788.58
3335.6
2814.83
2128.23
3202
2366.78
2541.91
2817
2989.05
3902.63
2388.83
4031.38
3626.98
4020.27
3586.23
2127.38
2463.86
3096.35
3762.8
2016.23
2748.28
2858.35
3218.29
7134.05
2418.46
2811.76
2758.12
3271.92
2482.48
3460.76
3211.5
3071.63
3407.69
2817.42
3728.25
3152.48
3276.47
3774.41
2598.23
3279.98
3250.24
2856.41
3025.81
4587.56
3046.58
2495.9
2790.58
3082.96
3200.86
2328.98
2254.41
3711.57
3361
2951.6
2816.58
3903.46
3286.49
3529.49
2809.97
3789.97
3171.24
2848.79
2584.4
4330.68
3777.56
3275.78
3900.48
2271.22
4382.43
4233.62
2617.45
2818.63
4028.03
2659.78
2524.35
4124.43
3089.24
2904.15
5196.76
2297.43
3235.33
3280.61
2660.04
3020.89
3537.53
5390.49
5361.76
3931.66
3491.23
3261.54
3818.95
3622.9
2338.54
4212.89
3182.63
3152.92
2279.9
3180.41
4430.69
2697.95
3214.2
2947.59
2864.58
3077.53
4078.82
3021.49
2914.95
3081.52
3139.29
2860.06
2279.78
2871.34
2788.42
2481.63
3992.62
2787.42
2588.56
3121.56
4018.76
3043.33
2896.26
2762.38
2756
2547.26
2813.24
2918.55
2860.83
3661.17
2952.59
2874.95
2593.84
2516.56
3561.14
3381.62
2922.58
3276.85
2871.72
2615.63
2072.4
2521.1
3505.14
3473.76
3060
2658.72
3237.26
2565.78
3171.4
2624.04
3515.94
3635.51
2747.32
4319.99
3455.56
2884.62
2735.49
2927.34
3727.32
3111.34
3906.66
2980.83
4977.83
2852.04
3436.54
4129.16
3196.36
3110.95
3340.71
3420.64
2692.01
3070.64
2543.71
2916.02
2764.1
3245.51
2865.57
3102.26
4692.25
5076.7
2862.13
3294.77
3717.93
2555.5
3670.65
2743.34
3305.22
3198.35
3056.17
3001.37
2360.48
3263.65
2544.77
4188.4
4136.45
2536.73
3557.86
2699.13
2734.43
3299.35
3989.92
3460.89
2577.78
3401.45
2782.69
3452.22
3697.78
3393.21
3405.31
2510.83
2910.82
3342.78
3353.93
3960.39
2764.4
3100.39
2748.79
4187.79
3372.32
3179.81
3488.54
2664.9
2110.73
3444.93
2715.87
3076.84
3193.35
3589.49
3820.98
2811.75
2569.09
4023.85
3277.13
3247.71
2719.27
5243.94
3012.93
2501.1
2681.43
3460.49
3878.06
4196.83
2511.06
2080.63
3714.56
3439.15
2714.62
3447.7
2536.41
4291.5
2667.92
2754.32
4987.47
3132.16
3139.69
3453.75
2782.06
4095.32
2588.74
2333.35
2945.32
3843.59
2972.45
3106.49
2570.75
3562.61
3047.03
2743.07
3627.73
3209.07
2893.58
2836.4
2988.03
3222.56
3009.64
4540.49
2657.28
2724.08
2541.38
3549.11
2657.36
4074.09
3529.04
3423.41
2965.72
3524.74
2658.82
5817.42
2548.33
4056.72
3559.33
2639.38
3375.02
3306.6
6888.7
3244.04
3081.3
2790.07
3311.9
2459.02
4259.44
3061.49
3240.99
3238.08
3523.46
3016.18
4533.36
3224.24
2548.37
4076.81
4405.11
3182.18
4785.54
3955.09
2654.61
3857.67
2639.29
3292.03
3815.15
2812.1
3136.89
3145.59
2918.1
2934.89
3044.93
2740.94
3154.21
3440.75
2939.6
3379.58
3010.97
3759.2
3043.95
3192.89
2922.54
4026.98
2860.96
5558.79
3577.67
3096.57
3919.72
4067.28
3223.93
3045.09
3552.22
4823.66
2793.5
3132.29
3032.16
2752.82
2751.67
3466.61
4801.35
2782.32
2561.42
2948.76
3889.28
3272.28
2423.57
2321.95
3081.21
3773.08
2965.66
3005.79
2988.02
3036.17
3246.65
2237.47
4139.9
3196.94
3390.85
4375.88
3842.82
3157.72
3263.6
4152.79
2298.3
3588.06
3261.02
3727.89
4404.8
2530.39
3188.6
4018.31
4581.28
2473.95
3145.29
3237.82
3229.82
3152.21
2991.47
3459.45
3637.63
2577.96
3878.51
2549.11
2432.85
3104.34
4467.85
2179.95
3676.05
4042.21
3530
2761.51
2612.87
3350.42
2277.69
3723.35
2370.96
3023.01
3146.03
2450.06
2295.31
2353.78
2630.42
3146.71
4095.33
3730.7
3500.25
3046.37
3269.06
3102.35
2756.96
3762.83
2711.15
3317.57
3800.61
3147.41
3162.83
2621.3
2957.55
3529.23
2882.98
3483.78
3212.09
2762.17
2714.83
2693.03
2624.9
2892.65
3045.61
2886.87
3779.69
2855.74
3606.96
2724.81
2116.13
2286.7
3304.47
2965.63
2955.62
4314
3210.14
5197.15
4523.16
3528.66
3945.77
2980.55
4285.31
4324.31
3194.29
3370.7
2402.26
3339.73
3498.44
2940
4438.53
3017.64
2464.95
4151.41
2747.41
3359.55
2676.16
2775.99
3674.14
3493.32
2846.5
3382.57
2806.76
2711.88
2881.44
3023.6
2432.41
3576.72
3396.85
2974.78
3175.9
2865.93
3371.29
3392.47
3161.3
2445.61
3495.33
5216.36
2799.41
4834.2
2790.75
3121.48
3753.29
3365.08
2918.24
4065.95
2529.47
2562.03
2830.21
3845.5
2375.04
3702.16
2982.77
2414.88
3158.02
3222.8
2653.4
2209.41
2386.7
3237.94
3536.53
2832.15
4773.7
2842.67
2526.55
2425.97
2785.2
2957.59
2586.89
2475.88
3995.35
2137.23
3611.26
3099.71
2965.73
3173.89
3525.16
2462.5
3148.51
2942.62
6524.67
4755.84
2999.54
2930.43
3620.22
2533.37
2496.05
3218.96
2712.32
2321.38
2904.37
3940.55
2600.12
4110.62
2608.54
2852.45
2532.47
2438.77
3086.85
3094.32
4118.69
3232.9
3245.24
1980.7
2540.9
3896.59
2557.82
3027.16
3273.52
3291.24
5060.21
3355.93
4051.22
3263.53
2416.55
4666.25
2955.78
2657.11
3498.93
2736.05
1917.36
2586.8
2849.57
3271.86
2358.12
2821.59
3044.51
2668.94
2585.46
3125.42
5639.57
3546.78
2266.33
2477.44
3288.68
2605.11
3162.55
3508.14
4276.2
2752.92
3139.45
2781.09
3067.48
2749.56
2636.95
3293.44
3497.68
3954.61
2462.17
2480.21
3587.92
2824.94
2838.23
2649.4
3089.77
2660.62
2401.98
2650.77
2514.81
3559.88
4816.58
3689.71
3072.12
3423.25
2940.78
2968.17
3040.65
3236.04
2102.66
2582.07
2806.51
2719.36
3394.87
2699.67
4073.51
3345.27
4260.54
3415.72
2250.96
3964.33
3685.96
4367.33
2159.29
3739.69
3213.24
3019.22
2875.62
2709.04
3320.77
3558.65
4312.73
2074.7
3847.7
3018.97
3528.44
2276.89
2984.86
3067.63
2984.98
3440.92
3081.68
2524.55
2733.8
3530.32
2892.08
2994.13
2757.29
4015.5
3517.75
3729.52
3226.7
2980.15
3093.16
2832.89
3683.44
2792.29
3278.04
3223.8
3170.24
3398.33
3361.26
3641.83
2602
2609.41
4372.73
2897.46
2849.1
2790.13
3585.61
2239.79
2845.45
2723.87
3313.49
2435.71
2840.96
2636.26
2929.26
3976.82
4070.06
3193.49
3107.15
3873.1
3011
2961.57
2912.88
4380.23
3024.2
3068.48
3265.89
3034.49
2328.18
2784.42
3238.91
3574.78
2792.83
2704.92
3067.89
3482.96
2525.58
2365.7
3650.54
2988.96
3395.23
3339.63
2549.15
4095.54
3398.27
3384.89
3132.92
2390.33
3498.66
3539.97
4163.21
2420.62
2571.14
3030.29
3188.46
3022.52
2664.03
4467.76
4142.74
2527.95
3138.63
2337.56
2579.51
5234.16
2944.79
2423.72
2956.77
2372.61
2680.78
3673.26
2985.47
3447.76
3079.35
2583.79
2759.07
2955.24
3302.16
2697.59
2860.63
4099.21
1935.52
3820.72
5105.97
4929.85
3088.95
2331.47
3904.12
2400.68
2540.97
2494.48
3250.51
3237.77
3341.87
2622.74
2470.99
4425.38
2992.03
2771.31
3112
3200.98
3498.37
2985.44
2452.21
3314.96
3300.34
2692.57
2396.37
2612.64
4635.99
3223.78
3430.75
3090.79
2889.22
4377.67
4877.44
3722.23
2629.61
2786.76
2863.56
3214.73
3873.9
3149.13
2685.61
3785.77
2562.02
2826.47
2652.86
3623.92
2678.71
2593.5
2603.25
2944.51
3421.13
4400.53
3434.88
2846.28
3863.37
2997.94
4661.85
3839.5
2022.76
2963.67
2663.66
3012.27
2453.71
2981.26
4014.6
2037.1
4201.76
2612.1
3753.48
3765.07
3912.88
2873.77
2755.76
4156.77
2761.39
3449.61
3042.44
2639.27
3541.19
3155.14
3329.85
3765.57
2832.07
2748.88
3246.49
3134.42
4707.39
3197.25
3245.93
3049.33
3687.85
3473.68
2855.54
2324.53
3639.41
2344.42
3538.92
2734.6
2945.52
3956.97
3349.24
3596.35
2728.46
2462.03
2281.74
4168.49
2637.16
3769.77
3917
3143.14
2879.11
3389.75
2788.03
4445.85
4183.76
3357.31
3984.21
4214.77
2550.11
3142.44
3467.17
2226.23
3091.17
2440.87
3132.52
4914.44
6843.11
2868.94
3054.68
2165.26
3061.79
2821.81
2664.57
4059.3
4159.7
3293.85
2670.22
3180.02
2852.12
2706.28
3491.01
3253.78
3365.53
3396.9
2712.76
2975.77
3468.67
2501.8
3124.46
3354.92
2880.79
3414.37
3734.6
2656.36
3102.48
2860.89
2657.23
3537.56
4307.8
3479.87
2864.01
3932.58
3070.03
2676.48
3345.93
3779.24
3090.13
2547.62
2671.23
3961.98
3282.39
2849.33
2319.75
3622.58
2725.93
4051.33
3586.16
2594.72
2976.91
2925.46
3569.93
3280.54
2865.68
3803.9
2899.48
3463.77
3161.04
2939.83
3543.64
3105.48
3705.01
2285.22
2387.79
3320.33
2599.48
3559.24
3062.14
2747.26
2986.57
3995.97
2788
3405.77
3126.29
3228.07
2665.28
4371.19
2405.26
2433.2
5252.73
2283.53
2382.58
4007.8
2383.64
5111.27
3822.02
2860.97
3123.3
2102.03
3233.27
2943.41
2755
3418
2640.6
3146.1
2982.9
4005.84
2289.18
3137.22
2876.62
2870.4
2837.56
3208.72
4722.09
2718.78
3155.72
2627.11
2605.31
2937.09
3536.19
3071.59
3749.03
3602.39
4273.62
2429.54
2835.48
2332.33
3892.93
4040.85
3435.36
2800.12
3737.8
4474.39
3889.42
2612.1
3301.51
1870.31
3170.89
3089.16
3302.63
2162.07
4384.13
5217
3550.04
4929.29
2444.03
2680.26
3812.85
3166.43
2678.32
3956.28
2807.28
2979.86
2752.5
2890.01
3739.95
2848.96
3187.42
3561.65
3447.02
2915.68
3245.98
2709.62
3584.62
2337.33
2396.91
3754.94
2971.19
3655.42
2374
2389.19
3102.32
3616.98
3437.46
2659.75
3470.34
3388.35
3083.96
2613.26
2410.28
3401.34
3477.73
3059.05
2814.22
3007.23
3278.32
2874.77
2956.97
3613.35
4151.14
3092.12
2571.24
2975.27
3236.22
2525.68
3226.09
3094.78
3547.33
4399.14
2547.91
2963.94
3042.25
3051.9
3895.69
2625.76
3561.04
2712.2
3146.88
2765.65
2913.11
2967.47
3332.48
3535.02
3336.33
3018.49
1981.84
3305.16
3597.12
2613.36
2404.12
3190.17
3422.28
3151.65
2863.18
3108.57
2940.2
3583.55
2376.76
2933.42
4262.66
3034.57
2897.03
3193.18
3775.98
2792.38
3082.88
2933.47
4452.25
2877.47
3202.79
2534.18
5197.86
2532.09
3163.87
3335.01
2662.77
3110.55
1959.09
3704.6
3179.83
3886.88
3519.13
2656.62
3578.89
2555.16
3048.59
2679.4
3442.75
3225.17
3809.38
3426.12
4287.05
2664.27
3242.1
3002.79
2504.15
3752.89
2728.51
3199.34
3299.74
2845.81
2795.2
3172.32
3246.71
3379.72
3045.95
2800.56
3075.07
3213.89
2839.62
3128.21
3672.41
3520.91
3902.93
2550.67
3577.71
2572
3640.55
3331.6
3383.86
3616.43
2532.06
3036.35
2702.45
2254.4
2155.79
2689.5
2505.34
2596.64
3076.77
3420.52
3934.59
3798.43
3188.61
2413.51
3929.33
2858.42
2376.65
3046.18
3494.7
3517.89
3158.56
3388.27
2818.19
2636.5
2387.04
4036.8
3140.36
3907.27
2319.2
3048.96
3879.54
4983.42
3136.06
2630.4
3058.37
4622.34
2817.75
5035.69
5784.66
3564.34
3171.8
2890.59
3544.68
2646.83
2926.69
2390.31
3148.96
2746.41
3857.72
3109.43
3391.06
2474.99
3796.81
3241.18
2445
3162.64
3066.98
3426.38
3379.53
2250.52
3881.23
2897.98
3378.58
3199.6
2611.82
3010.4
2928.92
3650.64
2484.53
3175.26
3125.78
2462.53
4919.27
3171.16
3357.9
2573.22
2969.23
2627.44
3128.51
2789.71
2989.27
2931.57
3080.06
2218.11
3650.3
3854.7
3396.96
4101.93
3892.11
3621.13
3111.79
3291.65
4614.78
3007.94
2793.24
2619.05
2959.65
3106.54
2519.88
2226.83
3990.15
3468.86
2412.94
3641.97
2811.34
2811.72
4184.36
3615.51
5089.64
2931.05
6123.49
3782.04
2730.18
3929.76
3108.84
3652.12
2797.85
4129.64
2379.11
3971.67
2650.54
3592
3837.75
2889
4351.05
3633.05
3295.24
5335.94
3851.91
2944.57
2278.1
3968
3173.25
2804.9
2983.01
2602.79
3616.25
3036.23
3932.04
3320.19
2601.98
3482.59
3739.35
3226.54
2580.11
2465.52
3072.73
3449.64
2764.11
3730.31
2779.71
2503.55
3448.68
2812.52
3175.7
3187.19
3061.05
2892.2
2851.84
2630.23
2808.17
2959.05
3486.94
3296.14
3388.09
3037.79
2342.74
3454.42
2772.43
2774.86
3001.81
2649.91
3562.24
4106.87
2991.76
2409.65
2863.08
3332.23
3967.06
3257.24
4197.57
2726.63
2820.31
3785.37
2947.51
3264.24
2647.41
3501.39
2942.42
4754.89
3044.7
3003.87
3143.21
2931.48
3089.93
2807.37
1997.65
2539.35
3451.25
4049.29
3655.59
2485.93
2374.15
4359.05
3119.52
2749.72
3146.35
3441.77
2874.01
2418.87
3099.99
3058.05
2871.15
2546.74
2924.38
5115.16
3696.2
2858.65
3529.86
3022.71
3861.51
3027.25
4274.92
4466.99
2926.15
3048.81
3224.02
2449.92
3492.85
2669.67
2196.5
4132.71
2819.56
3457.88
2807.37
3395.34
3675.63
2650.2
2742.76
3919.42
3631.36
3173.63
2995.23
3809.1
4031.57
2793.1
2341.68
2862.14
2935.68
2500.85
2466.22
3356.28
2871.39
2374.66
2464.93
2811.57
2733.74
3588.79
3051.23
2655.42
3572.79
2580.53
3027.21
2597.11
2347.23
3840.9
2353.15
3910.03
3262.3
4600.69
4273.32
2211.14
2258.02
2932.75
3705.15
3973.64
3454.72
2818.08
3015.57
3276.59
2347.46
2482.15
3660.9
2185.84
3976.27
3088.44
3036.16
4547.73
2645.68
2611.58
3204.34
3216.42
3605.06
3671.02
3897.57
2155.62
2588.27
3646.18
4914.4
2236.4
3293.16
2544.4
3809.33
3240.66
2210.18
3569.3
3215.94
3990.72
2741.46
2538.63
3519.14
2423.65
2422.12
3927.38
3125.45
4099.87
3068.83
3661.95
3067.06
2798.44
2791.88
3112.74
2612.93
2589.09
4520.73
3679.13
4155.01
2558.51
2860.6
2817.99
2682.87
4326.75
2978.15
3521.15
3057
3755.49
2651.36
2901.06
4098.87
2583.38
3965.27
3093.09
3474.65
3347.25
4276.81
3056.48
2768.83
3539.21
4140.48
3370.12
2690.12
3378.63
2922.74
3588.32
2752.63
3150.3
4105.8
3677.48
2806.01
2594.02
2938.79
2317.45
3328.11
3440.79
2581.42
3596.43
3212.11
3992.25
2387.48
2934.11
3413.99
3325.3
4096.56
2844.79
4082.18
3287.21
4025.6
4089.87
3209.78
2564
2161.2
3263.18
2877.82
3173.49
2623.89
3169.06
3375.81
3383.03
2981.92
2881.02
3804.38
3180.38
3154.61
3397.08
2819.64
2289.08
2710.05
2702.4
2028.51
2789.82
2735.07
2706.92
3029.61
3238.7
2887.69
2553.84
3052.53
3743.64
3200.05
2317.66
3643.89
3182.56
3395.45
2717.01
3937.87
2449.35
2689.54
2928.77
2063.77
3286.88
4115.74
3979.67
3663.46
3836.82
3722.94
3439.7
4047.49
3514.5
3805.06
3106.53
3546.41
2235.15
2282.41
4644
3806.82
2720.66
2545.26
3546.05
3232.4
2696.08
3532.23
3216.33
2912.92
3748.78
2573.82
3993.62
3553.36
4013.07
3674.83
2926.85
3603.45
3197.39
2383.05
3309.49
2563.34
2726.47
5938.4
3100.3
3191.35
4779.89
4233.88
2082.26
3319.43
2760.73
2953.86
3583.17
2820.06
4593.68
2839.94
2788.87
4231.21
2619.89
2380.42
3535.31
2399.06
2608.7
2662.47
4200.97
4537.73
2543.97
2844.22
2907.96
4055.03
2929.07
3228.55
2927.97
3319.07
3226.11
2973
5685.6
3046.03
2399.77
3047.23
2865.69
2394.22
2596.38
2924.66
4393
3102.23
3028.25
2832.77
2277.77
2853.23
2541.33
3480.66
3002.8
2257.22
2347.78
3484.94
2980.82
2724.47
2744.66
3047.97
4112.86
3075.75
3453.7
2670.81
2976.76
2723.24
3402.12
2193.55
3290.14
2619.9
3551.63
2658.23
2924.46
2797.35
4889.51
2720.73
3779.73
2532.56
2666.13
2375.67
2697.85
3541.93
2451.24
3857.37
3368.4
2427.48
3599.57
3595.59
3102.32
2920.89
3722.71
3983.05
3025.72
2462.47
2648.28
2730.59
2436
4058.52
2877.05
3194.2
3178.51
3358.97
2787.45
2988.48
3401.42
2787.73
3309.17
3026.16
2690.99
3109.33
3929.56
3062.93
3117.42
2943.68
3245.86
2565.73
4047.14
3389.73
3814.11
3079.53
2920.84
3742.91
2537.15
3038.63
3184.36
2746.76
3310.15
2361.97
3895.84
3934.34
3095.22
2592.95
3561.65
3516.24
3241.98
3924.57
3161.31
3577.23
3808.21
3367.63
3104.99
4193.36
4438.34
2443.15
3825.13
3340.56
3042.73
3115.83
2765.52
3393.43
3269.34
3315.34
3796.67
2645.89
3426.61
2582.16
2390.48
3359.05
2326.95
2596.62
3742.02
2282.52
2331.6
3762.47
3470.77
3719.88
2576.36
3545.19
2513.53
2564.52
3398.63
2408.34
3146.51
3285.63
2865.29
3077.5
2661.24
3872.51
3117.33
2683.43
3043.61
3138.71
3591.36
2942.16
3435.72
2733.07
2415.48
2957.48
3223.96
3266.98
3836.32
2782.24
2185.01
3479.96
3071.49
5069.1
3446.74
3131.87
2162.98
2129.25
2661.8
4266.2
3717.91
3476.33
3061.71
2962.3
2568.99
2550.59
3163.16
2831.99
2902.54
3461.15
2443.01
3110.74
2594.89
3103.42
3039.18
2446.8
2996.3
3610.77
3668.25
2775.86
3040.02
5264.46
2913.19
3385.78
3650.67
3532.32
4620.74
2806.25
3338.2
3610.3
4236.68
4727.39
2903.92
2451.78
2620.92
2767.56
2784.34
2888.89
3286.4
3356.68
2923.6
3417.12
2810.54
3364.77
4506.78
2764.18
4012.16
2589.71
4204.23
5666.29
3041.93
3193.99
3336.68
3507.48
2045.94
2985.35
2770.28
3366.85
2538.41
3678.65
3402.65
2675.3
3798.57
3978.63
4114.6
5056.92
3648.12
3564.77
3786.08
2616.35
2956.12
2543.17
2725.38
4786.3
3409.6
3526.56
3325.55
3337.85
3110.56
3340.11
3701.11
3043.63
2900.6
2062.62
3041.5
3149.83
3302.3
4065.17
3271.59
3034.73
2621.85
3695.81
3379.34
2973.29
3640.51
2723
3875.67
2487.89
2606.73
3651.5
3514.72
2824.86
2784.64
3053.92
3189.78
2703.55
2473.97
3294.93
3242.68
3504.3
4272.97
2743.66
2683.27
3009
2117.98
2406.79
2448.84
3321.2
3164.96
2935.1
3871.3
2592.78
3994.76
2047.9
3004.47
3023.47
2542.24
3126.69
2468.92
3292.47
3655.68
2892.66
3370.58
3798.31
3216.71
3372.34
3396.17
3540.01
3272.69
3421.77
2210.23
2163.3
2737.3
3034.95
2948.06
3281.57
2475.02
3738.62
2300.62
3580.35
2265.74
3882.74
2881.19
4681.39
2346.2
2686.4
3665.57
2896.89
2087.01
2757.57
2305.45
2791.1
2336.67
4428.03
3641.23
3293.93
2686.38
3803.01
3289.9
3124.24
2523.52
3069.55
2375.95
3539.62
2075.28
2605.47
2374.58
3221.51
5297.86
2970.78
2826.35
2922.78
3222.9
2956.71
3900.02
2955.92
2838.37
3308.9
3572.56
3342.56
2807.07
4429.67
2933.98
2403.24
3605.3
2899.46
2769.29
3326.43
2817.5
3103.62
3275.28
2925.05
3505.72
3873.25
3173.75
2716.4
3620.3
2878.23
3386.03
3477.8
3627.89
3903.2
3411.24
3112.12
2769
2747.38
3340.87
2682.63
3537.05
2589.25
3277.9
3623.28
1934.01
3046.79
2064.89
2742.3
3331.07
2789.03
3476.76
3570.04
3113.5
3850.61
2825.25
3900.16
2956.43
2307.36
4769.31
3473.72
3257.86
2655.63
2460.39
3463.14
3048.61
2706.45
2990.66
3575.62
2633.27
3410.98
3522.27
2962.53
2848.57
3194.19
3748.12
3337.53
2202.7
2992.06
3178.87
3792.08
3328.43
3294.77
3569.8
3438.54
2348.13
4161.91
4119.5
2547.02
3309.17
2612.24
3773.23
3094.09
2835
2242.14
3560.44
4505.21
2841.4
3103.9
3092.91
3979.13
3784.53
3077.9
2782.25
3003.28
2908.67
4061.81
2800.32
3223.01
2549.26
3527.79
2401.02
2444.89
3389.37
2751.2
2628.84
3643.75
3177.17
2853.67
2928.69
4784.16
2431.28
2428.28
3517.73
3470.77
2625.43
2642.64
3928.29
4062.41
3547.86
3073.88
3072.75
3507.38
2344.62
2284.55
3013.48
2758.38
3703.71
2342.99
3921.06
4223.51
3357.93
2539.14
3213.85
3038.75
3147.99
3109.34
3587.24
3412.82
3903.99
3647.87
2773.57
3501.3
3265.7
3147.56
3168.3
2291.53
2660.64
3186.66
3597.95
3405.21
3408.8
4938.72
2213.26
3019.85
2260.46
2914.8
4015.55
3462.52
3116.43
3343.49
2817.06
4223.28
3489.93
3238.66
4204.2
4143.73
2403.86
3351.44
2515.62
3105.53
2962.63
3864.23
2466.79
3676.1
3174.89
2872.96
3394.61
3458.69
3251.42
3580.95
2952.69
2854.32
3979.36
4700.33
3488.23
3696.1
5035.7
2962.68
3096.17
3787.46
2506.09
4024.11
3531.88
3670.13
3016.14
3033.03
3644.06
3384.83
3600.75
3128.79
2971.25
2432.56
3245.87
2791.46
2220.03
4473.48
2900.65
3972.71
3421.97
3738.16
2861
2785.61
3177.49
3661.65
2729.3
3106.69
2926.14
3637.44
2710.54
2373.71
2772.58
2413.47
3539.15
2562.86
2759.34
2627.49
2755.23
2785.94
2866.74
3465.39
3264.14
2911.61
2562.39
3246.92
2078.92
3518.59
2764.89
2289.48
4577.25
2853.62
3480.27
2924.24
2258.62
2824.31
2826.78
3934.62
2817.14
3204.16
3278.07
3779.6
4520.27
3152.89
1878.52
2545.75
2632.58
3100.61
2835.7
2718.57
2833.9
4057.25
3592.88
3858.06
3174.9
2755.55
2709.25
2610.6
3116.28
2829.8
3155.72
3565.52
3251.31
3649.58
3956.84
4163.24
2540.55
2790.63
3618.47
3582.45
2639.06
3924.82
2833.1
3368.27
2429.17
3093.91
4008.74
3018.36
3094.33
2737.16
2094.98
3420.09
2981.73
2455.23
2761.08
3887.22
5422.53
2585.92
2375.16
2864.61
3779.5
3489.72
3312.93
2629.81
3084.79
4087.2
3788.74
3534.97
2136.74
4316.9
1832.23
3053.23
3713.31
3347.7
3559.65
3906.82
2621.15
2795.84
2799.59
3521.75
2813.65
3600.14
3085.06
4444.65
2805
3696.29
2837.38
3163.83
3057.45
2808.76
2843.4
3042.89
2524.11
3123.88
1956.49
3569.81
3576.33
3215.69
2813.05
4010.81
4022.89
2576.52
2554.24
3326.65
3758.72
2450.78
3639.66
4111.82
4568.1
2764.32
3261.48
2031.95
3131.69
2521.87
2711.27
3526.59
3600.48
2563.82
3451.53
4548.18
2665.53
2746.18
3132.9
2342.01
2511.83
2881.83
2806.2
2939.2
3632.56
2744.66
2365.52
4287.29
2791.51
3593.58
2658
3780.02
4116.28
3446.36
2520.94
3390.06
2696.84
2722.6
2710.29
3318.03
5362.59
3178.49
2287.87
3528.36
5516.78
2901.45
3047.22
3340.66
2392.25
3547.62
3655.73
3135.92
2635.24
3080.36
3505.52
2440.49
2712.63
2897.28
3951.29
3102.22
2183.4
2319.35
3745.48
3675.36
4365.98
2688.42
3090.7
4900.54
3254.66
4213.77
2747.54
3138.41
2804.9
3339.13
3621.29
3480.83
3417.58
2530.72
4983.82
3209.49
3970.7
3614.25
2922.08
2865.09
2970.55
3948.58
2571.28
2817.35
2577.97
2926.79
3333.58
2727.64
3563.79
3167.17
2978.99
3383.37
4225.93
2714.57
3963.05
2405.48
2483.19
2931.66
3260.07
2612.92
3101.63
3537.94
3361.3
2845.1
4090.89
2893.98
2708.7
2487.22
3547.3
2821.32
3266.96
2624.48
3972.54
3583.06
2666.34
1892.32
3683.1
2512.7
4336.6
3227.41
2383.57
3207.41
2525.07
4438.91
2658.68
3166.9
2703.02
2734.79
3533.3
3736.94
3920.1
2830.63
3069.36
3046.91
2022.46
3683.24
2985.87
3947.68
2960.04
2914.53
2853.66
3051.23
3224.34
2070.82
4303.05
2604
3160.34
3688.63
3090.97
2126.7
3134.46
2205.5
3101.35
3087.7
3356.46
4125.21
2811.36
4516.1
2679.67
2777.51
3206.67
3225.8
4012.03
5115.68
3232.71
3472.66
3916.86
2741.71
3191.93
2877.1
3655.21
4138.87
3960.51
2854.59
4214.55
3381.45
3080.31
3066.92
2852.89
2937.82
3425.27
4005.55
3716.09
3279.38
3269.66
3246.43
3177.27
2470.51
2580.9
2621.66
3881.15
3384.2
2906.6
4723.35
2046.39
2680.83
3197.34
2289.52
2654.07
3803.28
5095.58
2646.76
2781.15
3521.16
2514.56
3489.24
3044.13
3175.2
2342.88
3708.31
2706.46
3022.36
3633.34
3491.24
3025.26
4073.21
2848.95
3234.18
4796.53
2805.07
3647.73
2738.11
3783.61
2580.26
2464.66
2818.23
3857.84
2586.55
3742.9
2923.58
4386.78
3262.64
2724.9
2864.17
2807.14
2607.25
3600.36
2640.75
3817.05
3736.94
3351.35
4227.3
3307.72
3012.38
2600.59
3817.9
4808.91
2824.59
3134.58
2799.9
3186.11
2950.76
4962.86
3039.75
3315.79
4182.13
2822.58
4161.65
2252.49
2620.96
3275.81
3217.91
3956.23
3026.96
2888.22
4024.11
2966.66
2994.56
3630.37
3557.82
4099.12
4842.87
2809.14
3107.7
3478.21
2970
3639.02
3467.17
2997.49
2616.31
3638.07
3683.25
2813.22
4366.56
2692.55
2642.45
4130.91
3682.45
2904.44
3168.28
2982.86
3967.64
3123.65
3514.75
3560.74
3066.22
3218.83
2938.15
3053.27
2661.01
2711.58
3493.85
2686.1
2965.39
3411.64
3083.73
2620.68
3228.89
2819.72
2556.89
3620.04
2194.6
3012.29
3428.84
3559.21
2568.86
3558.48
3054.62
4586.05
3393.11
2911.29
3134.98
2763.14
3703.8
2909.77
3559.83
2757.39
3550.42
2217
2520.87
2723.12
2781.78
2835.09
2956.28
3354.51
2953.61
2932.45
3061.2
2867.79
2996.84
3769.51
2690.85
2616.09
2653.43
3443.97
2783.89
2605.58
2761.34
3686.2
2701.03
3439.63
3772.3
2459.1
2515.11
3493.21
2612.33
4675.34
2746.84
3450.29
3183.78
3154.24
3786.57
2460.3
3082.33
3374.14
3978.67
2376.89
2721.55
2704.58
3622.71
3848.34
3357.59
3355.46
3049.18
2983.23
4639.79
3078.94
3291.84
3066.43
3417.16
3704.64
4512.41
3044.9
2376.93
2436.52
3560.89
2791.64
3544.72
2447.33
4546.5
3861.49
3322.41
2310.25
3492.32
2983.02
2554.1
2915.04
2890.11
3337.61
3151.5
2760.69
3824.76
4656.55
2989.14
3727.36
2352.39
2738.89
3658.05
3227.22
3691.12
2542.02
3059.91
3190.44
3096.23
2787.25
3659.67
3122.02
3027.7
4680.53
3600.19
3570.92
2766.12
3266.78
3174.13
3609.16
2523.9
3049.12
2267.01
3419.21
2545.67
3050.76
2379.79
2423.81
2894.96
4379.14
3370.03
2567.91
3109.88
3589.99
3488.92
2498.62
2783.92
2633.44
2617.88
3126.71
2476.41
2848.81
2844.32
2844.25
2537.43
2730.7
3035.85
2507.31
2328.89
3078.11
3603.03
4199.01
3180.28
3067.79
4277.71
4683.28
2440.94
2567.86
3606.73
2322.64
3751.11
2577.7
2801.73
3168.11
3133.88
2348.23
2569.26
3205.32
2903.81
3775.08
3416.7
2381.71
4130.99
4056.72
2474.29
2886.86
2782.61
3265.68
2608.78
3219.22
3032.35
2978.81
2516.92
2681.91
2748.35
2738.9
4083.72
2074.77
2665.01
3223.48
3235.89
3608.78
2874.52
3138.12
3458.49
3139.48
3350.95
2307.66
2273.92
2441.65
3483.22
4549.38
3545.44
2271.43
2530.04
2449.4
3723.96
3492.06
2777.88
2778.7
2450.83
3226.49
4692.2
3973.66
2593.18
2834.68
2423.08
3556.36
4002.15
2899.9
4315.23
2168.44
2429.42
3978.92
2931.69
2674.14
3177.72
2854.13
3393.1
1912.86
2788.8
3027.24
2526.43
3596.09
2799.93
3145.4
3289.45
3302.1
3501.19
3437.02
5544.31
2572.16
2536.24
2661.38
2575.83
3293.02
3190.64
3196.37
3566.11
2020.63
2584.85
2663.23
2243.13
3599.81
3422.05
4072.64
2815.74
2681.81
2907.89
2561.4
3100.05
4215.16
3098.69
3850.94
2707.62
3274.51
3760.85
3435.6
3050.44
2918.23
3009.67
2507.04
2946.72
3084.63
3482.24
2572.38
2160.91
4075.08
2186.97
4057.92
2890.78
2308.89
3665.47
5131.61
4846.65
3516
2473.75
2698.9
3601.28
2957.23
3699.48
3237.77
2262.68
2504.27
3765
4044.54
3503.1
3622.56
2936.08
2874.81
3547.29
5243.78
3780.13
3014.58
2572.66
3436.26
3489.95
2509.86
3517.8
3047.6
3418.98
2395.89
3380.71
5206.47
3877.51
3878.51
2440.16
3862.36
2677.65
2710.33
3533.29
2874.96
3888.19
2176.99
3466.94
3047.19
2765.97
4756.86
2983.79
2761.73
2343.89
4042.28
2810.05
2981.25
2557.35
3499.62
2962.39
3503.63
2498.39
3912.68
2752.31
3043.96
2650.99
2717.1
3132.86
2788.4
2654.24
3968.68
3043.94
3031.54
3054.64
2827.61
2884.52
2761.25
2893.24
2843.4
2920.91
2686.9
2412
3493.81
3634.94
2618.37
3502.67
3026.64
2425.35
2312.05
4837.77
2579.13
2820.93
3286.23
5096.12
2844.72
3498.43
3238.31
2695.95
2741.42
2975.16
3097
3153.63
2357.74
2133.95
2771.13
3234.27
6182
2534.05
2507.14
3416.68
2537.89
3083.32
2604.64
3085.32
3210.81
2706.49
3009.45
4064.25
2991.91
2889.24
3375.66
3982.09
2453.24
2867.71
3041.28
2751.66
3309.9
3958.75
4205.58
2993.09
4378.65
3061.79
4704.26
2986.66
2929.39
2867.2
3007.94
2787.27
3031.7
2962.88
3255.86
2801.92
2371.21
2652.73
3024.96
3302.71
3255.18
3374.41
2810.2
2996.12
3134.74
2613.45
2635.82
2537.04
2896.84
3201.08
3605.98
2280.72
4252.46
3764.58
2853.36
2230
2700.63
3382.3
3358.91
2961.36
3322.7
2936.84
3005.16
3772.1
2136.78
3671.36
4863.36
4143.4
4663
2948.58
4789.92
2721.87
3310.44
3678.39
2821.43
2337.04
3478.32
2660.7
3683.58
3227.48
3835.79
2807.66
3305.59
3629.05
2527.3
2655.61
2319.7
3531.26
3864.58
3391.03
4439.8
4943.64
4140.07
3679.49
3192.25
3831.36
4275.29
2809.13
3505.16
2212.21
3710.9
3689.45
3716.3
2999.23
3139.13
2860.73
3501.06
2603.44
2985.03
3250.54
2879.86
4928.63
2864.21
3255.38
2975.53
2876.68
3864.32
3567.71
2917.16
2921.58
4023.01
2398.26
3390.22
2948.32
2667.34
2970.17
2202.52
3007.2
2668.97
3142.59
2667.08
5194.41
3427.86
3243.41
2379.75
3126.5
3757.45
3997.44
3109.05
3048.82
2725.56
2599.29
2724.1
2448.9
3641.09
2490.87
4011.76
3142.09
2869.51
3157.52
3567.71
2412.05
2822.39
2667.72
3412.88
3228.04
3516.66
2898.98
2960.13
2762.08
4127.94
3055.76
2718.72
2579.15
2454.13
2857.23
3058.63
3293.1
2947.03
2496.32
2913.47
3020.01
3842.35
3217.42
4044.77
3236.06
3420.92
2999.09
3131.67
2556.18
4064.21
2878.86
3646.32
3218.05
2920.95
3467.36
3318.15
2721.19
4100.2
2220.37
3072.93
3580.42
3101.79
2847.68
3565.06
2902.13
2667.69
4789.01
2374.11
3421.54
3199.55
3311.49
3729.06
3354.53
2608.74
3391.42
3608
4032.87
2369.54
3664.58
4048.38
4959.35
2991.23
3109.7
3685.04
3371.25
2957.97
3563.4
3066.72
4240.94
3804.39
4299.54
3906.04
2656.17
3375.41
2785.81
3275.8
2531.92
3196.08
3024.97
4129.29
3523.13
4871.29
2737.12
2451.01
1949
3069.56
3104.76
3653.09
3450.13
2853.76
3018.37
3633.06
2951.14
3649.99
3748.8
2924.48
4176.35
3491.1
3443.81
2689.76
3349.19
2895.22
3720.6
3208.5
3388.78
2492.61
2736.3
2509.62
3382.3
2600.92
3377.65
2799.74
2333.19
3609.25
2819.22
3161.53
3049.74
3475.07
2937.1
3039.83
3465.25
2632.6
3765.31
2443.64
3174.84
3592.46
3741.34
3133.56
3156.07
3949.12
2814.09
2749.32
3051.55
2679.16
2646.78
2800.66
3345.4
2964.58
2602.25
2835.84
2819.91
3781.82
3753.08
3471.08
2214.04
3286.93
2884.95
4376.78
3082.27
4096.49
3426.2
3579.99
3800.9
3511.87
3438.65
3289.65
2882.69
3375.91
3157
3156.31
3506.54
3228.36
4905.44
2874.86
2822.9
3210.51
3868.05
2804.96
3106.95
4369.76
2384.64
4264
2789.13
3109.58
3329.57
3904.22
3760.84
3505.35
3979.95
3188.87
2728.23
2887.39
2891.41
4485.32
2677.41
2992.1
3945.18
2742.07
2303.35
2971.08
3455.8
3471.53
3282.81
2557.81
3463.79
2706.14
3335.09
3899.79
2594.86
4835.42
2741.32
4695.77
3750.86
3373.89
2547.42
2605.99
3656.39
2659.69
2607.84
3629.54
3412.05
3130.79
2873.97
2804.23
2835.6
3512.55
3094.74
2829.52
3226.72
3246.14
2520.57
3520.11
2716.9
2858.91
4272.01
2607.97
2954.64
2418.52
2593.69
2794.65
3584.45
2866.89
3202.53
3715.26
3864.41
4010.49
3242.52
2392.22
2192.96
3573.69
1986.03
2407.89
2893.68
3134.87
2648.82
3472.25
2851.02
2846.87
4112.99
2516.42
2504.46
2990.43
2529.11
3193.89
5987.36
3515.63
2854.26
3284.49
3768.93
2743.06
3191.46
2454.65
2899.52
2433.33
2550.11
3554.24
4099.03
2420.57
2820.69
3513.8
4142.78
3874.85
3379.32
4024.99
2539.71
3751.04
2152.28
2818.11
2798.24
3552.57
3297.09
2952.97
3542.45
2754.69
2632.69
1962.23
2525.74
2739.46
2892.52
3325.54
3247.79
3640.36
3498.44
3167.64
2369.84
3058.7
3240.99
3839.6
3074.58
5591.39
2012.2
3322.92
3642.65
2219.33
3661.09
2391.11
2577.5
3505.11
3552.59
3682.32
3249.24
3440.56
2577.82
3013.25
3217.47
3374.45
3156.6
2450.06
2444.55
2506.8
2517.37
3585.77
3286.66
4163.92
2708.16
3875.97
3221.36
4050.02
3830.74
2778.21
2196.65
3908.83
3594.98
2049
5686.98
2922.52
3233.27
4188.32
3887.54
2212.53
3596.37
2637.41
4233.63
3043.08
3480.6
3133.89
3832.86
3630.84
2906.74
3294.76
3819.29
5257.12
3313.84
2698.79
2242.02
2505.49
3819.83
3360.75
4522.63
2294.99
2864.42
4010.58
3062.32
2846.74
2948.28
3744.28
2009.58
2165.06
2990.06
2898.39
3236.24
3397.72
3984.25
3159.64
2666.41
3107.68
3612.07
2409.93
3462.97
3016.71
3235.7
5902.11
2854.52
2655.15
4023.98
2889.59
3272.87
2198.67
3495.1
3751.2
3024.68
3170.19
4031.46
2670.11
3374.09
2921.13
2510.63
2796.48
3865.92
3768.11
2965.9
2223.9
3490.72
2830.86
2967.31
2725.55
3039.27
2895.81
3472.39
3378.57
2803.42
3364.26
3117.86
3882.53
4970.28
3575.64
3500.52
3025.85
2737.95
2359.06
2773.24
3069.71
4026.93
2984.75
3251.37
3028.35
3014.56
2405.01
3205.57
3231.42
3642.3
3389.56
3125.72
3013.6
4174.49
3749.95
3219.77
3633.43
3349.91
3489.2
2969.96
3433.12
3114.18
3356.1
3924.84
2643.51
3291.88
2867.93
2953.52
3006.91
2753.3
3317.05
3015.51
2930.76
2602.62
3023.72
4634.07
3774.29
2875.01
3115.15
2774.04
3515.04
3083.8
3060.8
5581.64
3380.54
3295.71
2644.02
3708.21
2892.19
3357.16
2187.51
3321.91
2571.14
3459.83
4173.09
3429.36
2786.66
2040.54
2696.93
2560.9
2297.42
3548.66
2579.66
2586.4
2884.33
2535.29
3091.32
2914.06
2419.96
3768.16
2419.44
2220.72
2678.07
3862.39
4378.58
2357.82
2883.49
2657.84
3104.8
2863.95
2746.79
2901.09
2751.84
3134.56
3334.02
3430.04
2952.6
3805.49
2262.37
2970.12
3199.18
3244.67
2507.07
2475.89
2924.29
3434.05
2580.98
2880.43
3591.41
2947.62
3154.35
3116.03
2758.14
3475.88
3042.36
2697.27
2564.98
3215.59
2707.19
2853.79
3989.3
2139.42
3080.86
2554.28
3071.41
4312.8
3495.25
2553.64
3115.22
3251.72
2513.37
2854.54
2816.51
3737.76
3548.09
3456.16
2655.51
2929.12
3497.04
2411.99
3875.7
2757.23
2897.78
3549.27
4091.03
2714.56
2499.21
2551.64
2670.07
3183.92
2736.03
2552.99
2428.7
2338.29
3354.41
4259.34
2619.81
2033.67
4024.34
3152.29
2467.4
2960.95
3433.73
3830.73
2691.1
2948.37
2806.36
4132.04
3109.7
3991.64
4049.48
3065.29
3344.59
4192.52
2499.97
4793.49
3120.09
2955.95
2829.32
3338.87
3792.32
2719.4
3734.27
2534.37
2480.64
3153.35
2759.39
3088.49
3764.3
2882.68
3203.92
2842.78
2711.21
4218.96
3863.29
3252.18
3159.01
2488.52
3954.69
3601.8
2808.22
3027.5
3600.37
4415.15
2615.46
3322.73
3274.17
3026.99
2660.14
2427.59
2816.74
4923.99
2930.72
3165.28
2206.43
2539.31
3585.73
3666.9
3516.87
3565.48
4117.93
3010.3
3039.29
3525.84
4203.95
2517.29
3385.26
2646.72
3171.79
3332.97
2838.32
5222.57
2040.69
2900.95
3261.45
3055.39
2681.39
2354.07
3807.86
3523.45
2434.39
4123.65
2703.65
2950.35
2983.55
2633.36
2546.77
3512.59
3968.05
3002.93
3910.17
3346.48
2878.06
2827.49
2320.56
2430.11
2762.89
3376.07
3222.62
3985.12
2348.09
2503.69
3727.63
2402.7
3010.56
2512.98
2363.6
3061.67
3139.79
3456.49
3191.85
2737.98
3126.76
3334.99
2878.54
4708.57
2936.22
2836.9
2708.41
3321.04
3276.07
3208.03
2821.16
3500.39
4498.5
2765.96
2853.66
4394.42
3370.65
2930.18
3189.55
2000.86
2561.46
3682.47
3123.71
2364.38
3986.96
3865.01
3952.46
3205.28
2251.96
4913.01
3091.75
3482.41
5061.07
3902.75
4431.93
2355.98
3132.73
3217.1
3930.34
2935.24
4074.57
3380.62
2960.62
2345.75
2635.94
3847.48
2294.42
3320.4
3430.16
3329.75
3547.26
3135.48
2524.51
4376.03
3399.03
2879
2536.03
3992.13
2509.43
3148.89
3525.22
3493.84
3609.7
5024.63
3043.4
4442.14
2953.43
2735.06
2993.01
3284.91
2518.69
2895.54
2370.93
4073.54
2843.9
5064.74
2480.61
2375.04
2483.93
3438.58
3124.86
3894.61
3009.91
2594.13
2594.55
3962.7
4112.9
3379.12
2576.62
3270.21
3524.65
3686.81
3220.98
2648.43
3423.48
3137.74
3455.46
3447.79
3958.8
3286.27
3078.19
3350
3022.95
2926.62
3138.42
2604.57
2619.27
3379.43
3213.81
2144.63
3608.56
4418.91
2249.8
2972.41
2946.38
2865.37
2734.15
3454.91
3502.34
2759.61
3378.32
3027.78
3400.84
3193.72
2800.77
2748.53
2187.9
3607.65
3243.78
4082.81
2371.5
2969.93
3186.28
2877.67
2605.61
2641.54
2544.3
5631.27
2878.17
2811.28
3834.61
3202.22
4729.4
2835.14
3247.6
3354.81
2886.18
3275.43
3327.66
3014.86
2115.06
3608.27
3117.71
3304.73
3412.71
2881.33
2739.83
3468.61
2287.44
2743.71
2163.69
3143.52
2604.91
3173.11
2761.18
3745.64
3474.34
2716.37
2615.92
2396.15
2733.47
3657.82
2808.01
3679.02
3531.6
2792.94
3080.25
2649.81
3682.11
3347.54
2772.99
3370.92
2714.7
3513.44
2595.99
4322.31
3449.02
3355.87
4978.09
2362.64
4102.64
2453.11
3353.14
2809.75
3289.66
3100.91
3728.88
2803.73
3059.93
3442.19
3668.39
3927.41
3107.57
3129.07
2650.19
3816.11
3381.31
3097.55
2186.05
3453.82
3370.02
3186.31
2781.99
2756.11
3056.44
3776.68
3942.97
3139.94
2759.41
3750.44
3353.78
3479.45
2737.61
2638.39
3007.55
2874.68
2106.63
3133.38
4035.18
2736.96
3102.14
4415.29
3266.33
4178.71
3023.48
3100.68
4027.93
3618.85
3326.23
2426.06
3593.21
2459.63
3005.56
3012.87
2712.76
2684.07
2811.69
4496.13
2600.58
3191.25
2330.86
2980.34
2267.82
3222.84
3028.36
2873.24
2992.62
6149.1
4157.71
2003.37
3263.31
2799.9
2969.77
3708.69
3063.38
2901.6
2805.94
2938.61
2606.24
5703.94
2718.52
3067.15
3056.62
3825.14
3385.96
2975.8
2221.53
3216.62
2376.58
2594.26
2689.58
2931.22
3352.41
2875.46
2949.04
2865.71
2827.19
3372.02
3134.77
2708.39
3012.59
3891.58
3487.95
3384.63
3092.49
3256.78
2216.3
4304.12
2738.68
3486.31
3090.9
3782.6
3419.82
2567.98
3164.83
2283.5
3123.85
3505.2
3095.52
3469.11
4048.29
3792.47
2465.7
3502.5
2690
3673.85
3884.08
4826.97
3447.95
2517.1
3888.18
2725.87
3948.55
2458.87
3332.09
2993.89
3094.18
2476.8
3672.21
3478.83
3480.23
4052.44
3155.43
8020.15
4794.26
4374.84
3289.48
4105.19
3757.13
3515.36
2254.53
2890.82
3538.38
3747.47
2567.32
4367.43
3027.34
3620.22
2566.91
2716.34
2904.86
3452.52
4111.94
2618.73
2729.67
4014.57
3258.4
2241.86
2585.63
3407.64
3256.34
3149.74
3846.89
3022.85
4962.12
2996.85
2793.1
3305.46
3344.71
3551.82
3120.49
2692.36
2515.51
3150.86
3144.09
3456.76
3992.06
2939.89
3134.7
2613.15
2816.53
2578.4
4529.58
2872.47
2023.19
3469.15
2927.94
3331.61
2568.7
3671.12
3524.08
2573.33
2690.33
4229.31
2507.02
3433.02
2264.26
4094.36
3989.23
2595.13
3729.09
4280.29
3312.99
3362.36
2819.85
2324.56
3408.98
3406.05
2640.69
2598.98
2403.96
4310.08
3373.91
2323.07
3499.83
2855.23
3220.83
2716.31
3026.5
3722.07
2486.73
2483.26
3489.71
3602.54
2581.81
2534.91
4179.34
2793.63
3608.92
2768.97
3702.26
3908.58
2795.2
3620.98
2476.3
2476.62
3472.13
2498.99
3766.69
2968.85
2945.08
3321.9
3406.44
2540.55
4507.09
2977.65
2507.62
4277.8
2207.16
2489.26
2277.89
2833.64
3250.54
3491.86
2152.58
3209.5
3111.96
5278.98
3187.68
3244.52
2692.95
3602.04
2977.47
2101.15
3178.32
3226.56
2959.48
3214.07
2310.86
2686.1
2575.58
3026.3
2774.15
3131.75
3387.96
2216.77
2367.36
3138.73
2854.53
2942.55
3034.39
3899.77
4248.11
2449.27
4055.81
3054.77
4070.7
2501.47
2936.02
3904.95
4640.99
3094.62
3760.93
2285.72
3134.09
2985.7
2082.84
3926.44
3332.16
3873.27
2742.07
2644.24
2688.47
2639.54
3317.36
3342.89
3061.21
2122.47
3331.15
2281.46
5866.01
3791.3
3367.6
3479.48
2964.15
4069.27
2487.9
3508.22
3007.08
3033.68
2338.44
2584.05
3630
3103.65
3846
2925.69
2727.79
2330.36
2981.18
4011.39
3302.7
1877.82
2753.45
3736.24
2595.79
5167.51
2547.5
2819.02
3305.27
3500.87
2976.05
2251.95
3487.24
3605.96
3545.31
3424.97
4078.99
4436.72
3227.14
3336.93
3097.31
3781.05
4634.92
3496.97
3189.7
4834.43
2864.38
3190.63
3031.94
4400.89
3028.82
4041.19
2474.45
2603.47
2857.72
3559.1
2802.53
3902.27
3080.1
3430.61
3279.67
2984.09
3176.85
3778.29
2607.23
3269.06
2510.76
2486.32
2749.4
2535.26
3145.72
2859.19
2653.17
3593.35
2699.66
3280.17
3308.4
3435.9
2835.94
2802.46
2406.44
4662.05
2822.66
3796.88
4008.16
2777.17
3512.81
3303.3
3346.42
3463.82
2852.2
3491.69
3165.38
3113.21
3134.79
2700.54
2170.56
2184.11
3886.17
3321.98
2504.26
2673.73
4592.51
3191
2261.61
2542.78
3231.29
4246.88
2692.37
3249.2
2416.56
3242.85
3274.8
2530.8
2847.84
3098.09
3030.28
2444.34
2760.98
3270.64
2433.75
2426.34
3257.16
3281
2752.07
2198.01
4055.3
3306.34
3255.62
3122.73
3608.87
3429.06
4309.18
3366.38
3763.04
4154.97
3918.21
3079.62
4358.39
3001.27
2637.52
2437.46
3850.45
2317.73
3443.95
2958.14
3206.37
2446.55
2682.4
2687.45
3156.17
2461.72
3184.47
3498.08
4326.45
3575.8
2732.69
3263.31
2890.13
3330.99
2776.29
2643.93
3784.93
3184.74
2695.63
3143.55
3490.65
4608.63
2672.94
2670.62
4407.32
4548.25
2641.21
3642.76
2762.58
2922.69
2812.12
2590.45
2018.47
4563.92
2724.28
3056.58
2993.37
3307.85
3315.28
3043.01
4395.82
3100.96
2783.75
4062.43
3367.7
3441.17
4778.44
4051.01
3010.54
2903.78
2692.34
2495.18
2233.24
4223.24
2864.86
3041.79
1920.79
4092.2
2870.52
3966.6
3526.5
2958.79
3072.8
3518.59
2127.25
3695.13
3482.92
3526.01
3038.13
2965.63
4668.47
2860.99
2262.34
3015.63
2293.29
4029.76
3632.23
2775.7
3814.33
4299.69
3388.91
3940.03
2839.42
2781.62
3620.82
3049.98
3205.85
3012.76
2563.67
3809.59
3170.68
3567.61
3667.6
4344.05
2462.34
4352.34
2873.79
3349.76
2860.18
3222.28
3293.13
3728.54
3012.79
2446.87
3682
4287.99
2449.84
3046.6
2869.2
3473.76
3801.62
3087.42
2541.64
2327.91
3502.96
3403.39
3217.8
2834.51
3256.59
3656.53
2468.53
3439.91
3088.99
2782.82
3336.58
2590.61
4265.33
2697.52
3944.94
3301.66
3652.38
3081.56
2489.66
2615.87
4389.23
2430.58
2796.77
2588.16
2223.22
2980.74
2641.32
2220.8
2977.12
3060.35
2570.56
2190.35
2706.04
3261.24
3641.1
2562.18
3219.82
2406.91
3364.49
2682.61
3058.48
3746.4
3129.6
2506.31
3392.11
3250.78
2702.45
4883.93
2841.99
2796.75
3083.73
3529.23
3269.99
4433.54
6889.7
2643.46
2796.32
3497.12
2536.72
2619.66
3387.33
3340.2
2743.25
3670.57
2956.33
3819.05
3564.62
2123.58
2670.22
2895.04
3953.5
2570.03
3009.47
4009.31
2249.02
3249.88
2483.09
2990.67
2315.78
2787.76
2299.74
3100.92
4122.48
2908.54
5032.1
4098.29
2682.29
5316.5
3260.35
2385.2
2735.35
3164.85
3352.91
3357.76
2827.12
2727.86
2732.89
3515.69
3179.27
2243.28
2430.88
3161.22
3085.75
2973.51
3227.26
3580.37
3850.99
2103.4
4063.3
2427.8
2712.47
3097.8
2505.12
3927.3
3113.8
3562.71
3400.79
3264.23
3066.66
2861.89
2821.06
4027.66
2095.39
2698.44
3150.04
3091.3
2774.96
3465.65
4347.99
3136.17
3270.91
3203.39
2407.35
4189.28
2800.85
3252.66
4286.07
3143.63
3552.56
3150.82
2604.24
2397.05
4085.8
1871.46
4312.7
2749.38
3549.81
2673.32
4531.28
2545.27
3610.15
3094.46
4632.87
2274.3
2849.45
2954.88
3225.94
2365.74
3620.77
3527.82
3042.34
2982.28
2497.58
3572.06
3478.21
2707.37
3326.53
3978.38
3264.17
3719.23
3338.8
2673.28
3023.27
3194.55
3116.01
2767.84
2400.15
2414.24
2942.14
2635.14
3770.96
3274.47
3615.81
2422.97
4336.94
2518.02
2606.13
2595.01
3193.58
3875.68
3951.71
2542.8
3220
3046.2
3547.33
3850.81
4904.88
3110.1
2804.34
4147.07
2766.96
2718.26
2660.32
3300.07
2511.39
3640.36
2644.86
3625.62
3532.36
2666.81
4006.4
3386.36
2540
2623.74
3142.96
2542.59
3960.27
2579.84
3442.63
4325.42
3340.36
3079.93
3227.46
2554.89
3060.24
2834.87
2833.99
2310.13
3554.98
4148.77
3480.89
3157.81
5419.6
3059.95
2814.57
2105.82
3740.37
3012.36
3519.91
3512.36
2789.91
2740.72
2212.78
2814.83
3447.31
3115.09
4383.16
2870.97
4257.29
3701.96
3508.14
3023.92
2990.56
3161.54
4316.68
3144.04
3012.09
4335.32
3510.7
2742.74
2879.42
2507.84
3584.95
3151.22
3234.81
3767.53
3112.03
3111.76
2865.72
2509.33
2640.23
2760.15
3072.73
3424.84
2817.95
2326.4
3406.85
2453.11
3694.47
3639.34
2499.25
2735.88
3184.68
2879.51
2578.98
2624.91
2572.35
2231.74
2639.55
2054.93
2629.43
2839.09
4140.38
3190.18
3545.12
2690.7
1991.54
3016.09
3503
3012.81
3439.12
3915.48
3020.95
3172.17
2647.12
3808.4
3998.7
4151.5
3392.4
2624.51
3062.37
3207.14
2487.29
3250.57
2583.29
3151.61
2772.59
2961.9
2564.7
3921.29
2479.36
2686.5
3676.53
2783.68
3395.25
2475.43
3686.26
3139.57
2937.88
2307.74
2855.77
2895.31
3642.18
2499.9
3154.94
3965.13
4531.67
2193.97
4391.95
3714.19
3434.83
4143.2
3505.89
4300.39
3060.82
2781.08
3548.5
2529.32
2798.55
3324.65
2268.35
3698.01
3078.08
3503.29
3164.13
2657.51
2767.94
2425.28
3292.15
3134.26
3597.56
4034.71
3051.83
3612.25
3058.35
3949.69
2662.98
3084.51
3463.28
3036.1
3276.38
4325
3897.07
3391.67
3309.46
2828.89
2802.67
2606.74
3437.91
2066.27
2419.14
3314.3
3394.03
2829.97
4049.86
3493.94
3749.64
2843.83
4062.79
4186.55
3385.67
3515.31
3354.58
3247.23
3635
2884.64
2627.88
2737.37
3066.95
3238.22
2537.9
2753.65
3328.96
4419.92
3105.81
3182.03
3878.07
2683.42
2779.96
2153.64
3328.33
3651.2
3816.68
3397.92
2993.36
2593.08
2377.13
2590.36
4071.79
3781.55
2757.98
3110.12
2953.52
4388.81
3242.27
2726.19
2818.19
3270.07
3164.02
2781.37
3787.92
4228.92
2500.56
3092.36
2620.63
3030.34
3641.31
2324.64
3015.04
3533.98
3236.78
3452.66
4026.9
3146.04
2434.9
2867.66
3041.98
2590.51
3835.01
3252.12
3244.82
2420.32
3409.82
4754.66
2965.52
2516.18
3104.35
5617.83
3834.59
2778.13
3223.41
3717.85
4593.96
2941.69
2874.26
2312.75
3902.45
3844.39
3799.71
2527.29
2950.16
2624.06
2841.95
3390.06
2698.12
4641.4
2746.58
3518.75
2658.04
2275.3
3156.61
3960.11
3549.68
2535.66
3211.68
3191.08
3448.64
3045.56
2769.02
3719.8
2583.04
2527.48
3247.89
3536.16
2842.23
2299.42
3081.83
2601.63
2075.34
3192.35
3028.24
2752.93
3448.79
2689.15
3011.7
2843.88
3553.75
4522.94
2996.48
2879.51
3653.37
2853.94
2283.76
2387.11
2808.89
2374.1
2956.53
2461.99
3367.59
3506.44
2727.77
3647.85
3144.14
2424.42
3891.86
2695.41
3145.75
2699.77
2252.7
4294.72
2573.96
3111.26
2535.73
3040.46
2306.95
2868.01
4450.93
3150.64
2476.45
3165.55
3151.11
2351.59
3272.04
2651.71
2904.38
3235.42
3927.48
3174.76
2789.4
2509
2197.08
2640.89
3110.04
2823.26
3333.45
4175.93
3631.67
2435.82
3621.5
3565.01
2639.97
3231.86
2576.38
3858.21
3021.86
2538.09
3037.01
3935.73
3124.3
2319.92
4109.12
3537.57
2726.01
3617.54
3804.2
2764.15
3273.15
2868
2604.19
2911.11
2299.01
3221.84
2277.74
2284.4
3678.98
2830.51
2781.62
2340.14
4853.19
2821.3
3072.31
4036.17
4263.22
4413.17
2488.97
2952.89
2667.03
2822.14
3178.88
2583.23
4396.66
3492.79
3413.8
3458.77
3623.58
2526.8
2895.21
2616.56
3447.54
2047.92
3059.21
3888.75
2941
2621.9
4600.99
2719.12
2458.94
3062.01
3373.01
3057.28
3267.09
4285.05
2793.14
3073.81
3709.36
4391.48
3190.38
2885.84
3347.42
2936.24
3190.1
2758.47
3021.07
2834.79
4015.25
3129.88
4307.43
2326.88
2140
2479.84
3040.79
2848.61
2556.67
3157.86
4205.26
3095.6
2322.2
2954.2
3736.22
3400.96
2646.36
3386.68
3775.33
3821.76
2953.04
3020.73
3328.5
2699.14
3078.36
3588.39
3809.05
2705.7
2932.36
2567.6
3791.86
3683.05
2700.68
3504.71
3979.13
2802.13
2378.28
2921.91
3453.59
2913.82
2345.29
2262.57
3389.13
4582
3162.86
2510.63
3112.56
5832.87
2619.98
3901.83
4082.21
3393.07
3509.34
2618.17
3493.55
2467.46
3222.83
3117.07
3982.9
3083.67
2636.33
3455.86
2800.59
2344.75
2866.41
2705.62
3952.78
3257.79
3355.82
2610.72
3413.47
3080.17
3083.31
2820.14
2532.79
2666.27
3935.4
3468.55
2709.2
2494.61
2720.72
4018.95
3642.83
3526.01
2987.02
3195.34
2937.29
3214.27
2112.73
3266.47
2235.52
3918.68
2403.27
3126.91
2572.23
3739.12
3639.14
2790.63
4424.97
3050.31
3411.94
3219.34
2923.61
2939.54
3619.15
3448.45
3063.94
4739.94
3804.2
2476.65
2954.39
3317.94
3354.84
2854.93
2946.96
2264.12
3040.48
3710.54
3323.33
3373.14
3240.9
3782.68
3130.07
4146.48
3436.02
4303.86
3178.92
2604.51
3234.82
3544.81
2499.23
3533.56
3128.23
2542.71
3194.58
3214.2
4471.26
3002.33
4717.05
2930.02
2321.95
2167.92
2928.28
2517.19
3531.77
3226.28
3448.1
3222.62
2964.53
2998.24
3463.12
2991.31
4335.9
3753.19
2605.28
3233.35
2136.3
3146.87
2606.43
2634.09
2668.25
3982.33
3520.41
2928.84
3163.97
3378.33
3450.03
3128.28
4270.35
3306.86
2712.91
2971.94
2728.23
3087.29
3369.79
3388.36
4052.97
2549.89
3081.43
2969.31
2722.71
2710.24
3035.4
2069.27
2274.08
3094.11
3084.7
2498.5
2837.65
2890.37
2676.96
2980.12
3594.8
4252.54
2929.26
4017.91
3296.49
3109.66
2645.69
2944.46
2501.89
5147.27
3066.7
3291.24
2345.29
3668.96
2849.04
2925.1
2562.19
3054.51
3055.46
2603.2
2513.01
2710.24
2929.96
3272
4080.59
2830.69
3873.76
2515.91
2621
2846.37
3633.4
3156.87
3119.19
2945.87
2421.44
2936.22
3169.32
2570.4
3562.13
2573.76
3252.35
5481.58
2885.78
2043.01
3884.3
3890.76
3202.02
3174.3
3259.05
2674.74
2742.05
3100.51
3772.21
3108.78
2992.39
4992.72
2727.34
5073.64
2042.81
2208.35
3684.65
3126.27
3537.52
2232.05
2479.65
2804.97
2792.03
2961.58
3441.8
4800.55
3313.18
2245.8
3014.06
2700.37
2779.2
2317.86
3500.72
2998.58
4654.64
3297.58
2364.24
2540.62
3354
4286.65
2351.16
3706.7
2671.57
3899.33
2838.73
3348.03
2974.42
3710.8
3043.9
2091.98
3954.96
3200.87
2869.13
2678.37
2281.33
3539.45
3425.19
2909.3
2800.66
3389.29
2709.4
3748.57
2917.91
2413.38
2208.27
3650.7
4666.46
5507.04
3848.5
4262.31
2701.88
2917.83
2912.17
2260.97
2780.13
2514.94
2054.91
3004.85
3274.16
2971.57
2620.45
3384.69
3807.7
3448.43
2881.12
2684.05
3343.51
3727.67
7669.78
2776.39
2566.9
2394.54
3012.3
2766.08
5362.83
4757.05
3227.62
2917.63
3032.7
2419.77
2770.59
2527.13
2263.66
3313.74
3020.41
3088.42
3165.66
3033.05
4023.11
5637.09
4300.82
3299.87
4356.51
4407.73
2975.55
2907.49
3632.34
2775.51
2595.85
3861.88
2520.26
2725.45
3373.29
3055.18
3410.81
3133.27
3445.32
2896.86
2923.1
3561.6
2068.23
2858.47
2636.98
3655.11
3021.41
2333.55
2766.09
2349.94
3654.27
3852.81
2685.09
2389.64
4051.5
3726.27
2993.08
3213.01
2603.02
3339.24
3703.18
2761.31
3113.57
3009.35
2568.37
3163.32
2301.01
2934.88
3284.31
3489.48
4210.67
3796.61
2886.62
3221.22
3502.86
3515.56
2337.29
2652.43
3134.1
3804.96
2573.63
2901.94
2454.97
3715.41
5084.43
4006.21
3680.35
3034.2
3513.92
2283.92
2919.42
3063.32
3918.12
2355.44
4235.35
2338.98
3774
2530.97
3915.87
3126.87
2593.74
3445.71
3304.23
3087.8
3298.83
2651.35
2887.99
2436.48
3905.3
3487.05
3217.92
2968.87
3070.93
3198.28
3122.79
3040.83
2964.76
2572.43
2466.82
3276.5
4045.68
3568.04
3038.19
3731.27
3498.98
3558.66
4190.49
3438.23
3923.88
2226.99
3983.75
2717.35
3495.32
3283.87
2779.69
4558.86
2562.59
3540.15
3595.1
2518.06
3053.62
2039.32
3167.56
3921.92
3609.82
3677.52
2537.45
4690.4
3793.66
2403.06
2586.74
2613.03
2937.04
3744.36
3652.53
2938.83
3472.19
3731.94
2802.98
3522.5
3113.97
3562.59
3077.11
3642.21
2458.96
3634.02
2643.44
3835.69
3553.27
3286.9
3748.18
3155.94
4177.64
4152.31
3580.02
3734.97
3492.59
2795.21
4352.68
3428.52
3193.24
2344.2
3510.45
3141.45
3435.85
3992.79
3609.21
4800.61
2696.83
2801.15
2193.54
2624.87
4918.58
2439.28
4094.51
3355.94
3734.46
3096.1
2368.88
2853.66
3377.48
3020.08
2814.49
2952.45
4215.03
2491.1
2984.47
2206.97
3242.5
3490.24
2443.24
3356.66
3024.24
3787.63
2257.51
3949.53
2485.13
2955.93
4007.33
3692.52
3022.9
3151.94
3807.41
3105.05
3169.56
2399.22
3959.99
3235.58
3806.92
2841.01
3475.25
3290.48
3277.21
2670.86
2673.11
2793.76
2002.77
3197.71
2820.88
3439.34
3230.44
3360.84
3075.5
2786.7
3233.39
2014.48
2411.12
2841.78
3233.24
3068.51
3323.32
3308.21
3526.74
2648.14
3172.15
3305.2
2635.85
3650.38
3188.83
2527.66
3237.48
2636.94
2952.62
3158.42
3192.29
2790.45
3304.63
3447.69
2134.16
2925.24
3030.6
3300.06
2780.53
4429.98
4020.28
2962.2
2285.16
3070.67
3603.97
4736.46
2891.84
3025.15
3014.61
3268.34
3332.64
3028.79
3852.7
2985.36
2752.42
2270.74
2884.95
3485.59
3882.98
4395.34
2073.51
3108.75
3166.69
3263.77
3701.87
2963.28
2318.88
3124.28
3969.76
3394.17
3819.43
4352.18
4229.73
4484.32
3580.34
3109.47
3920.35
2868.26
5948.82
2555.3
2957.5
2652.42
2839.66
2775.83
2710.78
2615.61
2996.9
2399.48
2688.73
2690.06
3561.14
3431.49
2463.34
2887.23
2927.16
3474.18
2927.87
4188.45
3342.54
4030.98
3042.13
3728.87
2916.48
2475.72
3870.94
3491.48
2764.6
2718.52
3141.46
2819.55
3117.51
3138.75
4102.81
3834.96
3285.57
3353.1
2407.13
2668.72
3039.07
4367.23
3086.26
2765.4
2618.46
4128.84
2745.15
2844.16
3300.31
3288.65
2934.1
2388.85
3188.59
2602.28
3376.66
2762.45
2912.07
2487.89
2838.22
2758.44
3392.89
4106.37
2605.73
3370.51
3517.12
3056.11
3674.65
2439.98
2014.62
2868.19
2745.63
2996.77
2661.43
5527.87
2411.9
2607.23
3390.42
3911.04
3373.29
3144.25
2972.16
2774.73
3303.03
2313.21
2464.45
2250.8
3235.95
3122.51
2284.35
2301.95
3054.31
4287.52
2379.57
2936.89
3015.32
3431.47
2865.67
2963.58
3365.33
3185.83
3741.99
3062.59
2647.67
2676.76
3355.1
4237.53
2332.67
2723.77
3933.73
3539.46
2429.83
2472.79
3511.39
2712.45
2405.67
2594.78
3593.67
2912.27
3470.17
3682.49
2765.04
2636.81
3925.87
2661.13
2837.71
4785.85
3359.77
2394.74
2754.79
3855.82
2432.11
3335.69
2515.76
2520.31
3860.16
4326.73
6146.99
4153.61
4965.74
3485.71
3887.27
3624.23
2523.05
3685.16
3439.93
3666.91
3222.74
3753.48
3535.08
2678.17
2974.95
2600.47
3597.56
2241.66
2936.89
2567.8
3089.2
3141.48
3363.09
3320.55
3356.22
2219.25
3604.08
2459.3
2456.41
2564.72
2743.85
3371
2539.61
3266.78
2873.17
2726.71
2754.22
3377.96
3208.64
3283.41
3442.17
2349.54
3061.92
3193.75
3812.74
2865.91
2985.09
3279.36
2484.22
3414.74
2566.02
3661.66
3568.48
2702.97
3652.51
4282.21
3322.63
2795.22
3510.37
2768.91
2679.59
2939.6
3514.7
3146.32
4048.38
3255.99
3753.57
3226
2379.42
3611.54
2847.26
3401.57
3240.61
2955.35
3243.72
2969.91
3442.07
3364.03
2896.87
3546.48
3202.71
2875.49
3836.96
2785.43
2636.69
2983.1
4763.04
3597.27
3037.67
3536.45
3047.44
2839.31
4284.05
2233.47
3929.24
2748.76
2534.1
5488.98
3061.54
2795.62
3269.87
3239.76
2555.69
4392.89
3100.01
3707.44
2758.61
3698.11
2811.09
3624.72
4131.62
2271.5
3410.96
2813.18
2382.28
2437.07
4691.64
3368.14
3584.29
2676.43
4385.29
3682.83
2040.33
4044.71
2592.3
2154.69
3081.12
3375.5
3150.38
2750.4
3666.33
2905.96
3395.92
3954.59
3000.17
3495.51
3697.35
3429.66
3401.97
3314.24
2598.69
2903.84
2040.45
3138.19
3171.98
3700.23
2685.61
2546.19
2576.48
3699.39
2291.01
2951.55
3056.83
3366.25
3587.22
2846.62
2415.05
3109.03
4057.62
3888.38
2531.04
3603.47
3636.26
3264.58
3377.58
4516.71
3639.42
2551.54
2289.61
3492.27
3393.09
3409.44
5187.06
2471.16
2972.07
2509.21
4954.33
4478.09
4057.76
3043.18
3674.91
4056.57
3198.59
2485.65
2965.42
2738.82
2988.54
3191.24
3035.93
2462.89
2802.26
2502.31
3784.16
3369.36
2616.65
2293.58
2917.26
3099.46
2829.31
2351.89
4248.7
3835.42
4024.97
3593.56
2565.74
1906
2998.63
3702.75
3549.06
2462.74
4062.85
5168.84
2599.83
4684.2
3037.72
3314.11
2994.59
3559.99
3833.5
4737.99
2664.41
3392.57
4130.73
3419.8
3228.99
2089.84
2534.11
2368.42
2983.42
2994.65
3211.62
2180.66
2492.83
2543.83
2830.22
3546.5
3998.52
3136.97
3484.4
3079.55
2091.88
2382.83
2815.61
2292.44
3362.28
3203.86
2455.47
2903.17
3582.15
5990.74
5149.44
2341.75
3112.42
3005.32
3420.05
3197.88
2277.35
3393.15
3126.9
2992.5
3053.65
2548.97
3331.4
2694.32
4208.65
3167.65
2532.57
3262.22
1990.66
2967.71
2808.68
2705.67
3089.91
2498.7
3077.57
4243.15
3590.26
2787.83
2963.88
2575.9
3115.76
4618.51
2598.67
3134.51
2507.2
4008.56
3814.93
2070.77
3851.57
2919.54
2747.99
3117.85
2709.33
3012.9
2640.56
2696.98
2425.43
3149.15
3520.71
2947.15
2935.67
2761.07
2836.98
2740.95
4129.62
3871.66
3569.43
2878.95
4432.34
3308.61
2938.81
2677.42
2760.81
2819.26
3010.9
3267.76
2548.78
3388.08
2431.95
2262.75
3797.4
2895.83
3417.53
2446.19
3801.69
2610.09
2647.66
2621.42
2949.32
3965.32
2462.25
2735.34
3169.68
3273.56
2811.05
3063.15
2881.73
3359.92
3100.52
2775.08
2732.74
3176.35
3079.48
3095.05
2948.56
4061.03
2601.19
3428.96
3398.35
3248.72
3981.6
3952.98
2541.47
2658.81
2387.59
3777.91
2567.7
3671.37
2930.7
1922.05
3440.81
2509.37
3646.84
3016.66
4305.48
3527.35
2545.41
2778.22
3873.36
3120.81
2130.52
4302.85
2329.06
3208.71
2942.61
3534.31
1856.17
2731.23
3574.71
4463.72
4033.09
3249.94
2634.75
2680.14
3778.29
3320.17
2638.37
2808.81
3116.75
5364.87
2841.29
3199.18
3348.51
2733.75
3942.96
3727.07
3117.69
2890.67
3146.84
2766.83
3958.05
3660.41
2732.41
2437.39
2500.1
3804.2
2198.33
3601.03
3753.24
2494.71
2525.33
3514.93
2651.01
3226.59
2513.06
3506.46
3318.11
3542.83
2924.56
2888.66
3120.37
3557.6
3086.96
2718.29
3036.22
3011.26
2587.49
4159.35
3944.33
2934.45
2727.43
3607.92
3016.52
3109.38
4023.23
3556.93
2218.44
3327.07
2284.25
3558.43
3123.8
3260.62
3052.69
2634.7
3884.09
3039.99
2058.03
2953.44
3362.31
2789.7
2671.47
3971.7
3340.1
2962.27
2925.32
4091.29
2344.22
2797.21
3545.27
3018.75
3437.65
2287.86
3006.72
2308.1
3308.91
3453.08
2369.74
2807.95
3561.29
2962.97
3339.02
4550.12
4159.37
3448.17
2663.59
3138.27
2894.42
2366.79
3000.9
3388.41
3371.93
3378.45
3933.77
3917.67
3798.01
2280.5
2694.72
2528.07
3690.09
3384.51
2905.5
2808.19
2891.26
2696.15
2226.45
2991.66
2558.07
2918.39
2254.73
3126.8
3380.74
2518.61
2940.34
3097.07
3107.38
2459.92
2629.84
2889.21
3526.14
3890.33
2915.01
3060.7
3688.57
2423.46
2967.88
2654.48
2852.07
4153.4
5037.61
2892.32
3159.89
2122.89
3049.24
3003.45
2350.9
2618.61
3582.17
2495.69
3213.25
2638.78
3375.36
2797.7
2753.12
3654.9
3762.91
3082.36
2447.29
3688.02
3034.88
4592.3
2375.16
3556.74
3738.09
2673.13
3044.15
3297.18
3400.87
3191.36
2734.08
2769.54
3712.43
6138.36
2496.9
2628.34
3294.04
2678.71
4044.45
3244.69
3457.71
2900.9
2885.05
3648.36
3667.96
3760.94
3226.21
4547.49
3097.18
4051.5
3669.65
2424.84
2704.73
3605.99
3844.69
4291.09
3505.03
3652.65
2963.36
3505.42
2467.49
2633.19
2221.54
3086.33
2630.55
2854.35
3517.26
3428.36
3885.01
3284.9
3509.5
3550.8
3754.03
3041.19
2319.72
3343.3
3146.4
3520.37
3458.68
2465.43
3476.4
2673.05
3190.74
2424.42
3833.48
2978.46
3408.82
2656.27
4695.32
2774.41
3076.32
3249.45
3123.02
3925.62
3136.44
4095.68
4121.92
3252.57
3973.15
3008.32
3294.24
3804.11
3665.46
3112.83
2892.2
3483.05
2610.34
2422.39
2583.97
3296.63
3775.21
3047.57
3303.65
1983.56
3958.89
2788.71
2579.38
2120.64
2884.99
3104.97
4997.96
3439.5
3708.38
3224.83
3201.72
2724.2
2752.59
3718.52
2977.57
3543.66
2721.99
2750.18
3697.12
3070.01
2313.79
3373.89
3909.07
4097.5
2834.98
3886.57
3342.28
3424.71
4266
3829.65
3910.24
4415.6
2833
3542.62
2440.84
2537.86
3382.89
2611.87
2898.58
3550.09
3152.81
3175.62
2875.91
3273.34
3983.78
4235.39
1977.68
2518.37
3300.27
2601.78
4296.65
2917.02
3107.97
3383.22
2228.21
3072.15
2422.93
3055.44
2756.31
3009.47
5533.1
2969.51
3044.74
3110.63
2658.77
3398.45
3782.46
3538.24
2575.44
2112.61
2616.52
3100.12
3069.51
3678.42
2711.95
3699.26
2953.61
2500.44
4067.41
4490.2
3694.72
2384.98
3373.82
3585.69
4795.43
2696.92
2985.29
2819.4
2752.54
3102.24
3691.35
3519.7
2661.79
3295.34
2779.72
2440.18
3059.5
4214.81
2862.37
3691.64
3079.25
3252.82
3620.01
2365.46
3215.81
3399.55
3665.9
3641.61
2210.43
3504.4
2162.09
2954.62
2666.54
2557.15
3337.16
3087.7
3345.49
3318.91
2767.97
2973.14
3149.05
3139.03
2051.81
2459.98
2916.43
4113.55
3471.78
3347.98
2679.3
4018.86
2619.67
3191.17
3417.7
2521.85
2986.29
2360.37
2138.06
2498.11
3587.24
2519.77
2476.26
2651.37
2396.99
3798.51
3191.49
2754.73
2884.37
2756.13
2674.43
2622.12
3266.46
2794.51
2919.94
3331.68
2478.15
2924.35
3305.9
3539.18
3225.37
2708.19
2578.17
2869.67
3164.01
2410.68
2557.9
3197.64
3224.07
4021.12
2629.78
2852.21
2427.68
2812.66
3326.21
2404.83
3002.1
3075.19
3224.51
2760.84
3985.85
2536.84
2156.18
3236.95
4214.78
3149.64
2779.05
3912.31
2923.05
2232.31
3167.81
3797.1
2940.86
4068.35
2670.33
2789.33
3019.1
3758.88
2226.27
5716.3
3006.76
3356.98
2478.85
2683.1
3334.21
4374.32
3952.46
3067.03
2406.43
4521.2
2894.81
2508.12
4697.27
5381.85
2993.84
2574.75
3471.48
3349.07
4086.14
2159.51
2977.34
2525.69
2771.17
2730.18
2930.05
3270.15
2186.24
3248.62
2642.98
4187.55
3228.83
4979.48
2318.18
2910.91
3574.29
2974.36
3348.25
3053.72
2439.84
3100.23
2624.7
2743.74
2822.65
2493.42
3026.16
2407.17
2258.8
2134.29
3488.56
2872.78
2719.82
2973.99
4467.68
2395.53
2813.92
2729.66
2632.27
2339.21
4629.34
3266.57
3556.56
3562.75
3711.11
3080.01
2625.1
3860.23
2887.29
3469.23
2797.64
3283.71
3900.07
2847.26
3323.59
2782.13
2742.24
3406.1
3700.12
2291.36
4296.35
2537.21
3483.83
3457.52
2286.12
3230
3531.09
4641.96
3040.19
2727.04
3209.77
3631.16
3706.95
2894.8
4293.34
3885.66
3176.94
3273.92
3436.99
3506.03
3072.66
2098.29
2751.75
2474.46
2456.73
3915.07
4277.68
3095.02
3527.62
2759.07
4066.56
3657.49
4244.61
2917.94
2767.74
2869.24
2609.94
3517.35
2915.38
2650.96
3978.91
2613.93
3917.38
2718.43
3801.34
3109.73
3697.32
3902.29
2686.52
2700.4
3058.42
3056.78
3108.78
3047.18
2864.4
3242.57
4374.88
2801.04
2713.15
3532.33
3570.39
3166.92
2179.65
3634.23
2330.35
2516.36
2864.97
4426.15
2413.93
2854.59
2874.5
3413.92
2921.87
2591.03
3725.37
3389.12
2782.57
3280.86
4621.15
2086.79
2505.37
3508.49
3668.14
2996.29
3516.11
2874.03
4431.55
3810.33
2715.5
3414.38
2297.32
2548.07
3111.78
3561.32
3504.35
2731.8
3302.56
3442.76
2406.54
4296.66
2423.25
3091.72
2771.21
2887.5
4000.63
2049.97
2658.42
5135.15
2473.63
2800.76
2753.04
2925.94
3135.41
3622.85
3306.63
3388.16
3904.64
2906.08
3778.72
3888.61
3904.12
3460.97
3084.22
2457.86
2388.05
3172.68
2374.29
3395.29
3032.73
4288.93
3412.78
3686.88
2999.09
3174.33
4197.22
3306.65
3249.78
3902.43
3099.27
3469.43
2912.47
4614.53
3043.19
3151.31
3746.97
3543.76
3576.36
2788.36
3557.09
3385.63
3219.55
3103.75
3863.37
2614.64
3485.76
2556.13
3024.82
3005.87
2389.68
3748.69
3069.14
3161.6
3535.44
2438.48
3661.91
3172.9
3386.19
2649.45
2811.81
2907.27
3283.87
3148.45
3012.21
3111.46
2599.98
3547.08
6258.5
3176.33
3838.27
2804.82
3309.79
4467.09
2964.67
2972.25
4732.93
2853.13
2817.54
2651.98
3758.51
3011.97
2070.06
3491.04
3198.5
3987.33
2761.09
3151.99
3114.92
3155.53
3147.12
3005.07
2626.03
4044.7
2872.33
3148.69
4060.32
2746.82
3935.34
3636.2
3115.22
4524.74
2750.15
4611.35
3997.1
2745.07
3281.15
3422.17
2371.19
2718.29
3064.11
3048.81
2822.12
2922.38
2606.83
2404.3
4068.86
3866.46
3760.46
3010.16
4467.63
5267.03
3597.42
4686.35
4131.33
2258.96
2312.42
2614.62
2620.95
4105.82
3049.66
2526.83
2902.85
2547.99
3021.92
3036.5
3389.9
2502.54
3264.92
2746.48
2486.89
3855.67
3062.95
2525.68
4597.12
3143.52
2938.96
2520.93
4277.87
2866.04
2914.85
4146.67
3305.79
4407.75
2801.31
2531.6
2569.58
2830.27
2876.43
3534.73
4042.3
3190.49
4972.08
2783.08
4351.03
3045.29
3086.42
3436.81
3423.03
3476.08
2413.59
3409.55
3721.53
4224.8
2616.72
2857.59
3162.8
2821.48
2915.73
2294.2
2503.57
3965.43
2974.48
2598.58
3400.27
2958.23
3072.42
3059.93
4080.26
2136.59
4191.68
2954.24
2450.83
3784.7
3142.94
3204.64
2529.9
3587.04
2713.82
2873.26
3155.48
4163.91
2891.83
3060.14
2675.01
3292.57
3641.67
3129.72
3108.18
2868.74
3293.84
3363.37
4197.37
3030.33
3363.67
5025.91
3423.07
4573.97
3098.34
3603.05
4112.9
3172.17
2351.04
2847.65
2910.43
2928.03
2181.87
3123.39
3223.83
2864.97
4022.93
2883.56
3223.98
4458.05
3407.85
2777.33
2696.01
2745.66
2861.32
3607.52
3941.05
2638.65
3033.23
3259.95
2860.73
2434.55
2364.08
3940.62
3019.97
2447.97
3782.73
3214.36
2465.12
3826.35
2931.74
3118.48
3433.89
3556.95
2686.68
5051.5
3471.54
2898.69
2758.37
3791.35
2780.98
3191.02
2596.64
3073.36
3475.08
2524.94
3486.61
3852.16
2531.75
3040.28
2957.22
2737.94
3457.66
3676.32
3580.83
3120.37
3517
3833.61
3173.94
2359.28
3360.61
3314.37
3107.03
3378.64
2503.56
3130.14
3025.81
2618.42
3763.69
2500.43
4354.94
3765.99
3708.66
2824.69
3399.11
2837.6
2695.97
3557.93
3329.58
2730.08
3395.22
2980.48
2470.76
4163.24
2968.53
2414.9
3437.77
2453.76
3603.63
3264.63
3267.7
3252.35
2896.08
3287.45
3055.98
3121.07
3090.36
2511.79
3059.59
2855.49
2880.39
3628.5
2553.23
2749.35
4703.45
3693.04
2624.68
2740.37
