6063.34
3075.53
3937.44
3139.22
3850.52
5250.42
4208.43
4297.24
3910.23
4063.91
4698.38
4462.95
4187.23
2901.81
3562.21
4200.97
3509.34
3362.36
3869.29
3978.68
5144.72
3566.63
3997.49
3050.12
5409.07
3681.84
2592
6136.03
2895.95
2616.19
7648.5
5654.12
3616.31
4415.79
2933.51
4064.48
4448.11
2984.84
5898.47
3359.38
3267.27
2187.9
5054.3
3200.52
5563.1
3379.35
4416.69
5314.27
4178.41
3513.28
4041.28
5900.6
4935.65
6969.58
3470.49
4971.06
4864.35
5030.9
5372.48
2761.16
3045.07
2676.89
4035.67
7678.05
4156.34
3987.55
4016.14
3868.96
4561.65
6346.53
3015.84
4931.68
3943.68
2167.12
5528.73
3446.69
2536.54
5035
3813.26
5354.58
4481.7
6276.97
4069.99
3780.95
3024.65
5863.26
6034.37
4310.64
5822.69
3550.7
4732.59
3310.7
3697.55
9408.94
3599.27
4815.31
4125.41
5066.83
5047.24
4457.71
2869.71
3951.65
3068.87
3065.26
3512.49
4571.32
4381.64
3562.86
3452.73
3653.55
4244.25
4612.27
2690.11
3943.3
3599.51
3718.87
4009.9
4515.2
3643.65
3373.89
3047.26
3090.17
6468.62
3237.51
3432.13
3046.8
2882.31
6074.98
3311.3
4317.43
3926.39
2817.55
4071.08
6214.1
5352.59
5175.42
5244.22
3955.37
4409.22
3477.53
5645.54
3420.31
5646.01
4117.38
8164.36
4181.04
2963.82
3916.56
5057.58
2955.1
4872.97
4973.7
3031.5
3525.62
3696.8
4094.73
8772.88
6375.43
3751.55
3729.12
4062.42
3897.49
3367.91
4643.21
3681.31
2702.55
3816.79
3264.16
5982.67
5567.69
3876.62
4029.38
4170.69
3582.98
4655.17
3221.34
4787.2
3688.95
4718.08
4270.25
3474.78
2987.94
5640.33
3896.39
3343.74
3743.05
18804.3
3345.72
4059.57
4764.96
5260.08
4123.22
2217.8
3775.45
4083.58
2797.41
7364.78
5235.2
3565.66
4913.57
3409.08
3329.48
4039.72
4535.6
6485.15
3852.91
4132.95
3242.41
6061.42
3980.52
4397.96
2909.21
6501.66
3234.49
5497.05
4484.83
3883.63
3763.86
3169.24
7809.4
4377.35
3635.9
3603.65
2553.9
5820.07
4473.6
3999.24
4190.52
2394.66
3603.87
4237.37
4845.11
4476.16
3183.27
3180.26
3553.7
2785.79
5741.51
3900.55
5213.12
4565.21
4344.35
3816.28
4901.92
3697.49
4168.64
4079.56
2758.05
5850.76
5382.9
5491.35
4403.96
2671.28
4677.58
2996.03
4333.19
3380.41
2827.27
3144.36
3900.5
4359.27
4044.33
3893.61
2928.49
3961.84
4343.51
4049.72
3373.52
3597.6
3991.97
3330.78
2865.41
4116.44
2533.46
3397.7
3494.89
2645.3
3626.02
5313.06
4282.94
4455.68
4305.43
11941.9
2363
3778.33
2848.97
4531.24
3949.75
3404.22
2974.43
3776.93
6167.55
4326
3148.99
4549.81
5051.92
2999.48
3484.33
3755
3858.16
3398.81
3964.4
3024.55
3208.6
5560.23
3759.76
4989.87
4801.77
6389.54
3071.14
4019.69
3061.17
5469.48
3672.62
3344.22
4599.25
6272.3
2971.92
5020.72
4460.36
4076.76
4779.66
4637.07
3673.4
4126.87
3471.56
3772.56
2892.08
2515.8
5229.58
3983.95
3335.2
3468.87
3406.85
3258.47
4456.41
5181.32
4829.38
3806.14
5012.45
3335.92
3053.37
3314.24
3063.96
3221.85
4191.65
3565.11
4261.63
4324.93
3745.18
4288.35
3856.23
3707.3
3373.79
2962.67
4113.02
3665.22
3525.12
3929.15
5438.52
4764.7
4287.39
3932.21
2961.91
3828.26
2788.67
4129.64
5493.09
4346.62
2819.71
7216.13
4157.71
3876.49
4023.4
5732.54
4485.06
4190.16
3141.08
3787.38
2993.61
5824.48
2838.88
6647.58
4754.34
4999.05
3590.5
3045.17
4190.92
3438.17
3659.67
8112.25
4250.97
4596.05
5238.39
4138.36
3492.34
4839.06
2781.74
2530.29
4385.05
3471.07
2422.55
3823.48
3562.34
3150.74
4479.41
2804.17
2993.64
3225.82
3614.62
3857.83
5977.16
3351.31
4667.05
3240.66
3264.1
3311.01
3402.69
3908.7
3823.92
3870.9
3529.76
4267.81
5379.95
3872.78
3584.7
3545.32
4460
4725.66
4480.58
4639.33
4521.74
3284.91
3752.7
3273.86
4083.66
3686.66
3006.52
3742.6
2684.55
2650.64
4161.57
4568.33
3138.47
3954.67
4000.92
4075.6
3449.8
4264.3
3253.99
3521.59
4388.07
6506.06
3507.08
4512.87
9918.95
7992.69
4999.78
4471.82
6147.53
4112.47
2758.69
4830.8
4539.65
3331.77
4897.47
2787.52
4206.87
3881.65
4103.64
3488.34
4994.06
3658.31
4662.17
6112.46
3829.85
2903.68
4361.38
3315.96
3465.08
3033.19
4091.47
2781.02
3908.07
3550.71
3611.22
4800.62
3213.18
4009.83
8016.94
4246.17
3263
6611.28
2638.71
4045.57
2879.45
6750.16
3939.15
3612.93
6409.47
4936.2
4242.41
3318.93
4231.23
3852.57
4452.51
3980.6
5124.17
4289.92
3773.77
4882.68
4709.22
3879.44
7534.19
3822.97
6300.08
3144.83
5358.83
5163.94
3058.98
2327.8
3697.15
5562.64
4609.74
6162.42
3832.44
3250.72
3298.89
6188.62
3785.18
4042.15
4882.38
4421.56
3067.99
3038.03
2765.16
3078.25
2450.55
3260.72
3046.68
3085.37
2965.59
6098.05
4492.31
6100.64
5774.77
6094.64
4459.12
4049.89
5070.88
5754.33
4742.52
5879.06
5375.86
3115.91
5175.95
3074.91
5089.98
5221.04
3168.92
4859.55
4557.07
6039.55
4293.61
3099.16
3970.84
3303.3
3636.95
2896.32
4332.39
3902.13
4173.39
3098.95
6103.23
4501.19
4692.27
4781.27
3677.28
4199.26
4545.37
2991.32
3560.63
3651.58
3485.29
7591.97
4050.71
6092.34
3163.83
4596.44
5189.25
3230.74
3568.94
3172.57
5900.16
3457.84
8254.24
3480.28
2932.87
3572.01
5668.96
3826.69
6586.97
4566.7
4027.97
2618.57
3244.67
4298.65
3395.65
6872.43
5049.97
3752.71
4140.2
3774.99
5772.92
3505.15
5184.89
3882.77
7249.09
4024.05
3465.11
4096.73
2474.23
5651.93
2958.62
3868.38
2926.2
2999.76
4244.52
3777.59
5264.34
4743.16
3926.97
3612.58
4916.84
4651.81
2782.15
3780.74
4092.61
3598.7
3630.38
4119.15
2753.6
4625.56
2986.69
4323.34
3897.92
3923.9
3573.52
2948.55
4207.62
5341.15
2902.12
4253.67
3557.09
3052.68
4106.24
3671.81
3202.3
3250.52
4761.19
2783.21
3403.61
5715.13
4479.34
3717.72
3582.18
5135.32
4724.84
3848.2
4009.07
3128.39
3891.23
6974.55
3854.77
4195.42
4750.43
3373.27
4647.28
4682.81
4298.52
3196.48
3796.24
3817.8
3487.03
6826.39
7209.55
11797.9
2658.16
3858.43
2934.62
3261.21
4628.66
4018.25
3853.56
3203.2
4327.14
3755.28
3824.4
4512.32
2497.47
2589.16
2604.41
4104.52
3624.97
4107.98
6582.26
3663.29
3681.38
4223.7
4930.21
7854.76
4748.76
3521.19
4870.28
8100.14
2694.46
4409.04
3035.09
3923.28
3960.09
3901.25
5067.4
4517.07
4650.98
3029.05
3250.75
4764.46
3935.12
3634.58
3072.06
3587.36
4059.65
3787.96
4444.86
3568.59
3934.96
4866.83
3544.45
3233.07
4038.21
6795.1
3175.93
4346.53
3744.17
3156.04
2804.62
5838.14
5377.03
3234.65
2910.69
3695.18
4710.8
5475.38
3741.45
3791.59
4887.85
2922.73
3459.36
3760.66
4074.7
5998.29
4324.85
4464.91
4676.72
5035.38
6017.77
3713.37
3449.67
3066.9
5087.22
4157.22
4273.9
4171.18
3046.53
2972.8
5147.95
3896.97
3196.55
3604.81
3713.34
2985.63
3465.98
3759.09
3879.8
3986.74
4567.49
3230.14
4036.13
3058.52
4064.98
3586.72
3855.25
3711.26
3486.14
2777.39
3954.81
3458.49
4970.99
5136.4
2517.31
3508.89
5567.69
2949.62
2779.62
4167.7
2795.51
3685.86
3134.51
4551.23
4185.85
3802.9
3473.21
4064.86
3585.54
3335.18
6282.78
3555.42
2684.13
5969.63
4301.13
3918.56
3868.09
3407.41
3478.98
4107.03
5148.18
4566.8
2840.73
4311.63
3679.27
4853
4276.95
4990.57
2922.7
2900.71
8209.3
4395.8
5335.79
2779.76
6960.13
5708.68
5066.66
5636.59
3296.91
3603.87
3509.05
7068.69
3122.82
4989.88
3508.56
2743.01
3803.49
3119.4
6498.32
3531.86
3720.1
4792.93
3593.72
3275.01
3714.85
2430.37
3244.57
3785.57
6331.59
4746.15
4744.1
4576.22
3768.52
3339.78
7137.1
2483.85
3225.16
3339.8
4576.91
5489.59
4230.34
4285.11
4189.91
2600
3344.2
3933.66
3512.47
6034.67
4889.63
4865.73
6168.56
3739.72
3586.34
2957.1
3300.58
3809.4
4262.25
3740.58
3181.09
3339.38
5723.96
2606.78
5178.57
3851.85
3737.82
6123.48
4450.63
3776.24
2999.6
2795.8
4670.38
2862.58
5231.11
3919.56
4929.06
3609.98
5145.41
4324.23
4674.57
4101.11
4746.76
4093.25
3001.31
4645.28
4491.57
3597.18
5394.08
5159.93
4305.52
5820.14
4244.55
6048.14
5567.93
4469.87
3254.71
3908.49
3970.15
3793.3
8867.17
3836.1
4601.82
3235.97
2932.5
5622.88
4010.31
4447
3704.6
4099.48
3402.82
5940.81
3018.07
3180.86
8279.37
4690.74
6075.51
3248.72
3593.84
4155.22
8005.32
3306.99
3258.18
3705.28
2960
5455.46
5959.95
4212.91
6192.2
2421.02
4530.48
6209.5
3268.65
3428.42
6925.95
3712.93
6071.91
6059.53
3666.43
6334.68
3998.5
4517.44
3038.32
3586.33
2647.7
6272.95
2729.39
3332.09
4713.7
3377.6
3841.31
6207.8
3984.05
3744.05
3233.75
4704.12
4236.55
3136.71
6003.71
4081.22
3113.86
3606.96
4293.28
3461.88
3877.61
4491.61
4854.19
4798.96
3429.79
5739.74
4147.45
3561.74
3202.9
5651.39
3062.6
3868.23
3572.23
5274.33
4029.51
4872.71
8687.34
3439.49
2577.78
2606.57
2430.78
4959.19
3035.15
5594.95
3909.28
2626.68
2997.61
3440.06
3190.98
4496.41
3200.59
4297.77
3396.01
3519
5314.68
8009.77
4069.44
3638.77
4520.87
2444.63
4321.43
4116.26
3139.9
3460.8
4353.37
4461.62
3345.32
2746.04
4012.26
4209.59
4489.25
3289.99
5589.45
4083.88
3314.89
6628.68
5305
4664.32
4875.43
6694.07
7054.45
5230.2
9364.05
4792.45
3334.81
3267.14
4823.98
3689.51
3259.91
3696.12
4900.47
6983.95
5577.73
4071.91
4725.37
5749
3583.22
2919.56
3587.46
4279.39
4311.04
2902.28
4168.54
3254.1
3344.84
2758.12
4681.64
7526.15
3491.23
3319.78
3553.08
3993.91
3777.75
4590.82
3299.18
4675.69
3795.51
5980.29
2526.39
6499.96
3956.18
3680.05
3874.34
4021.1
2527.4
3633.78
3263.68
4480.34
4400.45
2580.55
3018.65
4598.29
3161.95
6331.08
4389.6
2506.97
4314.5
3311.59
3642.21
4095.38
4643.68
3699.57
3633.47
4857.3
3404.69
3940.73
3567.08
3243.19
4004.74
2960.64
3013.4
3488.92
4533.99
3604.91
5731.49
3048.13
3587.48
3376.29
3503.15
3014.31
3148.91
3199.48
5504.86
3265.57
3417.93
2269.98
4538.14
5325.99
6101.81
4190.43
4029.75
5419.72
5354.75
4964.01
3836.07
3504.77
4519
3493.58
3800.83
3497.36
4263.75
6200.84
4132.98
4130.64
3890.27
3881.96
2816.19
5964.04
2742.2
2827.4
3986.94
3628.09
3414.95
4767.42
3889.44
3156.79
5107.98
4563.5
4301.15
8270.27
4021.87
3926.33
3160.18
3257.77
4012.83
4528.48
3609.52
3129.3
4127.02
3481.31
3453.73
3628
3374.04
8256.84
4483.53
3722
4480.55
4426.29
4861.49
2829.95
5737.84
3088.86
4289.83
3381.13
5115.02
4365.9
3438.81
4916.87
3174.29
3156.44
4637.12
3262.83
4274.33
3227.49
3421.4
3523.45
6747.3
3470.1
5073.28
4891.87
8942.28
4287.41
3492.17
4813.07
4812.11
5126.14
3977.31
3635.43
3576.38
3462.25
5060.65
3445.05
4716.6
4403.64
3858.49
2918.34
3341.09
2655.29
3984.77
3958.79
2928.51
4659
3291.77
3013.67
2749.81
5002.51
5332.94
8881.89
3276.17
4589
10862.9
4195.78
3958.22
4233.13
10210.1
4595.15
3232.32
4636.34
3622.86
5995.1
3112.33
2979.68
3137.74
5059.25
3086.17
3097.88
5118.39
5216.47
5150.96
3422.97
4365.89
3810.32
3590.82
4938.36
3631.3
5068.47
4396.98
4874.36
3169.88
4699.4
3153.77
5056.18
6104.98
5898.64
3811.52
4002.81
4543.92
2850.8
3407.77
3964.16
3969.4
4945.16
3931.54
3149.11
4324.03
3833.57
4522.15
3266.77
3537.59
3727.86
3302.35
3633.41
5797.95
4133.67
3709.34
5022.71
3310.42
5469.78
4720.19
6699.15
5183.75
4757.15
4591.16
2427.13
4171.43
5569.67
3725.19
10639.6
3498.57
3730.34
2384.4
3847.64
3888.18
3295.85
4040.36
5164.37
3841.53
3498.46
3872.74
3882.18
4223.09
3723.25
5608.68
3441.06
2831.25
2551.97
4728.26
3961.28
2997.33
3897.99
3788.3
2831.65
3746.06
8249.96
2759.64
5677.1
2751.59
3050.66
4323.37
4007.16
5673.43
3825.38
4663.85
4269.7
6755.92
8668.89
3188.94
6702.29
4901.17
3517.58
2577.91
3239.43
4673.44
3772.49
3213.33
4174.51
4701.11
4660.97
4766.02
4019.05
4412.84
3889.77
2310.63
2568.37
4020.01
3892.16
5976.81
3586.74
4084.43
3453.01
3421.2
2909.74
5251.79
4347.94
2932.91
3544.57
3789.72
3463.56
4822.8
3919.88
4715.12
2674.32
6130.01
5353.05
4529.85
3468.79
7389.97
3476.16
4603.15
3767.73
3729.45
3697.3
2845.99
4293.08
3586.46
4498.44
3750.1
2912
3823.06
4447.13
6330.72
5088.2
3518.06
4691.8
3473.78
5595.74
3797.41
5368.91
3487.35
3829.45
3082.61
5277.35
4650.27
4044.53
3205.28
4559.6
4832.71
3717.57
3408.25
5293.48
3313.74
4476.6
3543.18
4873.28
3327.54
3848.1
3870.86
5286.5
4528.41
2544.37
4569.42
4285.95
3293.19
5568.03
5117.62
10190.3
3204.41
3378.17
4538.26
3155.83
4860.85
6845.94
4645.23
6983.61
3925.26
2761.22
4671
4252.53
3442.7
3718.18
4323.07
4128.35
5856.34
2994.72
5663.88
4132.11
4262.85
4434.16
3956.82
3635.41
3994.91
4090.98
5427.96
4965.2
5131.98
3295
4730.79
5141.81
3119.4
2903.1
3536.45
3443.66
4172.11
3420.7
4418.55
3699.5
4484.84
4845.09
3336.18
3825.38
4123.98
2739.33
4145.96
3225.15
3225.66
4595.96
6038.59
5340.65
4983.16
4229.21
2865.18
3384.57
5364.58
3270.18
2709.82
3353.7
3377.36
4848.55
6480.03
4474.49
3503.98
5175.55
3162.91
6080.02
3679.43
6486.59
3192.38
4121.92
4219.58
4925.79
4633.66
3371.14
5207.32
4550.3
5165.05
2530.91
3342.32
5491.42
3398.31
4741.81
3134.67
4538.75
3484.42
4400.14
5105.64
3147.36
3648.58
3512.84
4501.89
3312.26
4298.01
2550.77
4198.66
4307.94
2925.6
3141.39
8235.89
5263.28
3739.55
3969.15
6546.35
4102.95
3987.93
6194.59
6190.2
3297.48
5060.17
3588.26
4074.31
3894.94
3100.14
6062.13
3525.85
3643.35
3698.11
4279.33
3985.01
2995.31
5350.99
3329.26
4102.76
3813.05
4573.56
3878.54
5193.78
4876.72
5775.36
4606.73
3828.89
3238.62
4428.9
3924.63
4237.78
6318.81
5471.72
4094.42
9614.81
6674.17
4663.94
4209.04
3780.78
5222.41
3658.97
2653.51
3440.34
5209.77
4489.76
3381.87
3000.92
4324.49
4536.41
4769.2
3324.87
9711.24
5666.81
5062.31
3366.9
4307.57
4304.82
3678.76
3446.19
5054.01
4939.57
3801.86
6504.46
3195.81
2809.75
2890.48
5098.34
3422.63
5253.28
4699.6
4075.09
3503.77
3177.47
2958.82
3742.57
2872.28
6293.05
5111.85
4376.31
4708.62
5361.71
4736.79
3557.94
3193.67
3632.07
5166.5
3328.45
2404.11
5417.23
6742.67
2769.1
4147.09
5077.56
2862.9
4461
5297.42
3717.15
3282.43
2441.93
5170.58
3230.07
3872.95
6033.51
3525.5
3922.99
3796.3
3708.32
3132.73
3830.99
4309.26
4595.62
2891.22
4324.87
4693.57
3954.54
2739.56
4597.38
3952.75
4769.76
3429.52
3667.26
4266.25
2664.1
3580.62
2640.29
3746.44
2807.93
4277.04
4982.84
4405.5
3358.37
4610.53
4436.45
4012.26
4647.91
4205.75
2926.43
3727.75
4994.31
4013.32
3765.6
3472.01
5409.88
3194.45
4543.36
4164.44
3442.63
3104.55
4813.73
3955.73
4027.41
3829.03
6290.39
3842.55
3390.66
3900.45
5651.04
5351.39
2741.78
7031.43
4069.53
4595.55
3655.75
4376.39
4902.9
4380.57
5693.19
3919.61
4350.54
3665.71
2733.06
2803.28
3431.71
2418.18
4219.03
4037.79
6166.52
4238.87
3426.14
4399.71
5088.85
2664.21
7600.94
4824.56
2791.32
5708.69
5600.99
2575.66
3211.28
5374.71
4194.57
6452
5001.41
4698.23
4105.59
5336.18
2742.68
4181.85
5523.22
4550.98
4319.43
3709.14
3413.15
2961.9
3946.24
3851.33
3389.49
5031.39
3673.99
2923.09
4787.88
3369.14
5035.96
3575.12
3909.21
4335.77
3480.23
4076.92
4324.39
4800.93
4282.11
2903.46
2609.44
3288.89
5644.71
6121.63
3819.86
3667.92
4256.04
3242.24
8320.43
3330.01
3439.76
3378.6
3877.5
4494.78
2812.46
3955.1
6428.15
4139.34
3392.78
3464.45
5548.69
3223.67
3855.17
4035.46
5863.71
2925.28
4547.21
4544.03
5772.88
2223.95
6706.69
4651.27
3183.66
3665.35
2924.92
3673.45
5412.45
5099.12
2849.21
2875.59
4276.56
4633.13
6306.76
5082.18
3290.32
4359.69
3491.51
4163.5
5687.76
2784.81
3296.01
4539.76
5403.13
4833.18
4168.23
3443.22
4852.1
3950.21
4820.62
3935.8
3784.09
3748.65
4634.29
4876.49
4267.98
3236.58
3178.65
4829.84
4114.19
4302.99
4880.08
3296.02
4630
4100.39
3071.71
3317.95
4825.69
4311.92
5578.81
3057.6
4734.28
6134.37
3345.56
4110.12
4569.59
6355.78
6623.16
3159.52
3366.38
2770.87
2717.8
3023.06
4677.63
3285.95
3402.61
4789
4567.26
3711.03
7933.87
4010.72
3337.99
3692.29
5626.02
3582.34
5518.76
3115.67
5049.58
2890.76
4070.43
4165.56
4457.55
4006.36
6358.43
4603.04
4507.68
3847.91
7382.17
3988.86
6215.15
3304.08
4009.66
3340.7
4874.55
5496.96
3986.74
2570.49
4828.1
3343.02
4406.3
3619.15
4650.85
4565.99
3836.73
3893.76
4061.17
2687.15
7859.37
3317.42
7044.93
2606.93
3528.7
4676.17
3301.98
4084.57
5400.77
6992.31
4330.69
3811.02
3540.14
3637.67
3785.2
6711.13
4253.14
2781.49
2865.11
4842.74
3354.07
4459.07
5153.99
2645.86
3849.11
8941.25
3484.36
4440.46
7744.71
3641.77
3957.15
5328.73
3096.46
6638.59
2893.6
6194.21
4155.56
5830.25
5470.56
6310.34
4310.24
4214.53
4421.07
4124.44
3248.84
4250.27
4014.44
3135
3085.18
5259.98
3684.65
2905.18
4659.46
3544.97
3028.04
5978.81
3422.54
7156.84
3074.46
6117.44
3715.29
5274.07
3916.7
3307.35
4379.31
3653.71
4893.31
6107.35
4559.25
3093.39
3776.16
4153.61
4379.38
4852.92
2978.91
3164.08
4691.5
3489.35
3379.95
4854
2404.62
3541.35
3590.78
3636.19
5135.06
6625.85
3773.38
3761.91
3102.16
5002.63
3499.08
5042.46
3005.49
2966.91
4145.95
2906.49
7070.53
3875.24
5823.33
3491.04
4613.14
5074.68
3572.09
3383.14
4135.08
5242.68
4090.41
5319.15
3180.24
3584.51
6238.42
3498.2
3827.49
2859.81
4094.24
2796.2
3041.77
3533.54
3650.66
3329.08
3686.33
3771.32
4334.51
2648.75
3493.44
5477.54
4248.19
4389.16
3843.11
4070.18
3060.6
3138.82
4617.25
4951.37
3671.64
4654.19
3821.05
5652.41
5345.13
3046.79
2723.63
3419.09
5395.78
3115.55
4389.2
6008.01
4027.97
4552.11
5928.9
2779.96
3620.82
3511.33
3770.9
4473.71
3752.04
3545.99
4162.89
3486.11
4717.35
3942.94
3581.01
4196.71
3801.96
5394.91
3303.21
3626.04
6246.8
4334.58
4078.93
3080.18
3154.62
3683.71
3277.89
3904.74
3113.11
3620.88
4263.95
4924.14
6970.56
2877.34
3225.9
3730.38
3992.74
3174.97
4613.7
4026.17
5979.54
4508.91
4920.67
4702.35
3598.21
3732.85
4955.54
5176.44
3008.89
4952.84
3312.92
3461.07
3670.88
4541.06
3487.14
4131.46
3310.63
2915.96
3845.35
4910.24
2608.42
3091.5
4276.52
2857.8
5094.62
3470.89
3415.7
3862.01
7538.91
3541.9
4273.5
5153.72
6697.63
3680.96
3238.77
4287.1
6434.15
4012.78
4552.53
5323.64
4036.02
4179.87
4318.92
3860.07
3725.1
2701.32
4709.01
5104.12
4150.23
6460.52
6050.45
2877.56
4727.56
3575.12
4236.18
4248.55
2851.14
3276.69
4556.44
3596.96
4351.36
2829.74
4286.01
3033.75
6530.32
3053.85
5407.25
5127.84
2912.98
4571.51
3080.96
3126.62
3595.69
4892.93
4269.56
3306.53
3545
3122.08
3981.5
3651.92
3628.45
3596.96
4763.15
6031.34
3102.9
7058.8
3562.38
4135.38
3719.99
4229.5
6765.35
3368.68
3465.18
2234.48
3797.09
5279.47
5715.35
3656.15
4053.09
4113.95
4649.93
4377.54
3971.37
4358.97
3800.84
4275.79
4567.76
3842.53
4701.53
4123.37
2966.2
4070.07
4059.79
4973.36
4336.46
5296.52
4785.88
5622.37
2992.02
3514.47
3567.49
3734.06
4132.9
4212.74
6093.07
4357.17
3761.91
3832.07
3074.22
4487.19
3128.55
4228.48
4253.05
4457.59
7543.25
3763.22
6979.6
3557.12
3171.91
3057.43
4157.78
2781.93
4583.41
5056.72
7646.47
4836.1
6662.45
3688.82
4981.01
5122.54
4749.72
3661.78
4736.13
5809.38
4434.64
4005.01
4059.82
7214.83
5343.66
5121.29
3188.24
7782.33
3990.86
4775.3
5255.09
3195.09
3547.48
3047.9
4857.57
3962.54
4205.84
6382.67
5359.88
3289.01
3293.2
3523.26
5033.56
5012.97
4710.49
2989.66
6194.83
4309.58
3141.94
5762.04
3905.07
6947.49
4641.13
4687.29
3465.64
3854.69
3394.75
3887.04
5856.72
3797.61
4009.09
5644.98
4567.79
3516.21
3600.8
4256.66
4110.8
4416.68
3476.28
3589.2
3771.72
4028.88
3415.65
3951.7
3266.72
2666.73
4213.21
4055.78
4674.64
4701.5
3279.32
3390.59
2970.83
3708.48
2953.13
4251.33
3559.75
4143.65
4022.19
4306.42
3015.02
4114.56
3415.01
3582.53
4649.82
2916.4
3474.85
5696.84
3692.49
4165.25
3800.74
4626.61
3429.07
4524.19
4391.24
9345.6
4507.2
4533.28
3180.07
4040.71
3717.33
4689.7
12649.5
5264.54
3672.47
3661.63
3674.58
5467.06
4219.42
5419.93
2836.74
4166.95
7272.14
4078.51
4605.59
3759.82
3326.22
4973.72
4207.54
3518.3
3731.95
4589.49
4780.47
5121.35
4284.31
4160.34
8821.24
4840.12
2668.82
5443.16
4523.39
4534.22
5960.89
7146.09
6166.42
4072.37
3246.49
3417.9
4310.01
4676.62
6564.09
4256.44
4362.4
6418.29
5973.86
4063.68
3368.7
2496.71
4144.61
4497.18
4884.06
3911.93
2743.27
4444.39
5074.36
3280.73
2943.9
2991.92
4807.06
2954.73
4589.72
4973.72
3887.16
3679.79
7410.23
5114.22
2885.26
4178.21
4091.31
3459.74
4786.96
3084.07
4681.46
3887.64
3708.61
2552.33
3881.5
4007.34
4577.08
4485.08
3035.22
3255.79
4247.66
5262.03
4375.35
2982.87
4402.45
3784.21
2854.97
3704.86
3896.57
5032.51
3911.41
4115.79
4113.09
3445.76
4426.66
5217.65
4881.26
5765.62
2510.1
4761.26
4545.7
3543.59
3244.09
3198.14
3703.35
3350.89
4433.01
5111.86
4334.99
4100.78
3087.34
5618.04
3497.16
4579.96
5200.26
5022.67
4386.97
3398.83
5016.49
4082.68
5271.59
4618.6
5126.15
6563.53
2640.55
4787
4265.59
2603.44
4027.57
3741.11
5991.86
4936.88
2929.41
4505.89
3952.01
2874.15
2325.31
3979.53
4274.9
5978.46
4659.05
4690.93
4421.85
4840.4
4949.36
4204.28
6045.4
2751.96
4344.92
3458.1
2705.65
4064.16
3155.95
3347.77
4059.56
3265.15
3261.45
2805.5
4934.1
3642
7565.76
4766.08
4270.73
3422.23
6587.2
4485.67
3362.93
6305.72
5614.34
3881.51
6945.39
4180.35
4718.48
3361.27
3048.63
3564.46
3390.47
4001.68
3645.87
4253.27
4087.52
2800.59
5200.6
3075.72
4369.42
2844.3
5943.81
4255.9
4952.99
5413.05
3777.25
4146.83
2589.66
5301.02
4069.43
4642.25
4487.69
6831.16
5271.45
3995.56
4465.79
3058.03
3443.56
4457.7
3803.4
7156.06
3025.11
4280.66
4509.84
5830.85
4031.16
4015.41
4643.13
4016.86
4180.44
4449.97
4358.07
4583.7
2644.75
5297.41
5688.16
4654.66
4285.37
3660.03
3501.18
4808.5
4990.03
4271.46
2652.89
3909.12
3651.84
5388.89
3247.79
3507.22
3004.07
6970.89
3813.91
7064.46
3859.32
3874.09
3688.86
2859.99
2843.75
3729.64
3366.89
3497.48
3266.82
4461.95
3817.59
4646.91
3597.44
2800.17
3653.97
4705.02
3533.49
4119.53
3860.88
4839.32
4061.28
3814.96
4697.04
3526.18
3198.79
3553.29
4127.93
3876.96
4783.64
4104.57
2528.6
7668.16
3914.89
3504.97
4787.72
3928.06
5490.55
3080.84
4828.89
5026.18
2318.24
5393.37
3933.62
3306.91
4136.41
3731.46
3898.99
4304.61
6587.07
4389.92
2979.54
4416.59
4338.49
3555.4
2967.09
4757.3
4077.2
3848.74
5321.82
4290.73
3855.08
7034.88
3786.26
2886.92
3877.78
3870.84
5840.71
3123.67
3374.6
3380.94
4059.18
5411.57
3655.99
4584.07
2855.57
4615.75
3760.79
3957.63
4540.82
5819.81
4450.45
3727.58
5313.12
2642.33
3573.37
2829.72
7068.37
3760.4
4468.13
2911.72
3531.77
3638.01
3328.87
2929.65
3561.2
4389.5
4780.22
3649.63
3284.38
3696.11
5307.47
4385.48
4185.58
6568.02
4605.57
3286.01
4688.27
5976.23
3107.26
3985.96
3766.55
2994.53
6052.33
6948.06
3106.9
8257.5
4018.12
4666.61
4182.16
3897.17
3923.83
4773.8
6022.96
3718
3466.81
3318.34
5520.7
4206.28
3823.97
4476.24
3304.85
5465.94
3754.18
3185.25
2746.48
3155.18
3296.88
3224.37
3155.14
4426.49
5892.12
3690
5518.51
3502.69
4194.38
4934.54
4140.41
4517.37
3525.87
4006.71
4276.55
3525.09
4503.67
3952.32
2901.24
4062.59
5535.78
4234.96
4296.7
2963.02
8445.89
3195.81
2974.63
4246.97
4120.91
3491.24
5393.21
4656.37
3231.06
2719.17
4939.35
3141.39
2991.1
6180.74
3548.08
2959.33
3026
4683.32
3799.68
4480.73
3279.41
5455.11
4799.88
5019.75
4036.51
3667.15
4595.7
7213.48
3841.59
3174.66
4757.98
6247.19
4505.9
4210.25
5204.62
4053.75
4148.16
3714.29
5412.94
2945.69
6481.66
3744.75
3509.18
5207.21
3804.71
4508.54
2159.36
2451.86
4147.98
4219.18
3943.38
3542.7
2946.14
2579.41
3687.15
3931.28
4289.5
4147.5
4690.78
4386.55
5013.03
7391.34
5426.62
5923.11
3606.96
4215.18
4166.77
4203.33
3806.82
3798.2
3676.14
5283.51
4598.49
3747.89
3163.72
4343.18
6786.86
3110.39
3100.34
4138.7
3037.43
4388.57
5787.06
4048.92
4292.07
3166.84
4460.12
3148.46
3021.83
2442.21
3151.55
5286.73
3746.74
4240.98
2669.33
3046.88
3454.4
5181
3370.71
3285.8
5639.64
4658.81
3818.83
4984.33
5620.55
4991.69
3924.52
3199.56
4765.25
4418.31
5652.48
2950.61
3702.64
3555.59
3787.5
4329.15
3892.97
5165.86
2330.4
3255.9
8362.5
3313.73
3001.37
4278.8
4286.77
6293.91
3019.66
3863.47
2938.13
3666.91
4163.85
3489.7
3950.01
3290.69
4285.83
3321.86
4436.6
4322.91
2687.03
2668.03
3344.82
3189.72
2953.81
4236.47
6100.47
3694.09
3562.55
3804.92
3704.55
4383.43
5728.73
3859.47
3681.66
6713.33
3267.62
3399.21
3640.72
5057.26
3336.78
4171.5
3630.45
4207.46
3882.29
3266.41
4907.1
5403.68
4204.6
3766.21
3687.73
4433.15
3992.78
4945.48
3594.2
3259.57
2941.78
4673.32
5437.37
3750.58
4255.29
3360.49
4808.49
3469.84
3224.38
3589.08
3689.35
5060.65
4387.78
7154.24
4186.38
5889.56
3127.16
2579.9
3826.5
4069.98
3252.6
2926.05
2615.42
3655.36
5113.31
4599.3
6451.31
4261.16
4133.57
4276.2
3959.07
5636.19
4884.45
2820.38
5085.87
3097.37
3859.14
4110.53
4074.83
6373.05
2678.53
3532.04
6692.47
4770.55
3760.83
5110.3
6278.82
3075
3675.21
2975.87
3341.24
5996.15
2640.34
3591.02
4038.1
4309.16
4200.4
4691.7
2412.33
2552.76
5387.61
5721.53
4312.21
3752.87
4622.79
3873.25
4501.58
2415.22
4363.55
4088.29
5857.66
2683.25
4197.14
3690.83
3417.46
4570.55
3326.88
4054.78
3780.63
3638.29
3904.45
2990.17
3996.37
4738.02
5237.74
4023.25
4463.09
10642.1
3354.86
4230.72
3102.25
3341.1
3891.33
3836.09
4259.67
5351.26
3920.19
3295.76
4176.33
3917.59
10776.7
4228.57
3724.62
3451.12
4818.33
3865.1
3906.8
4286.24
4110.12
3700.98
4684.59
3697.62
4649.88
3821.93
4729.04
4792.26
3776.64
4242.57
4908.6
2923.32
4056.18
3253.44
3731.23
5156.69
3020.9
4034.77
4230.97
4996.74
3076.23
4245.18
5951.06
3361.03
4329.28
4912.42
4898.94
3501.62
4469.71
3036.86
11632.9
6975.35
3413.14
3491.05
2857.71
5387.23
3553.24
7388.88
7395.3
3698.33
4600.91
4025.7
4837.26
4581.68
2888.18
4806.47
5416.25
5041.81
3502.27
4224.01
4137.03
3707.48
3432.48
3411.99
3199.29
3407.71
4567.95
7028.55
2419.83
4970.06
5648.29
3876.01
3092.34
5036.73
3696.31
4785.65
3247.52
2814.46
4297.33
3273.24
7004.15
2570.08
4566.31
5362.64
3525.59
3613.92
4768.97
3634.66
3850.72
2887.35
6979.46
3436.34
4031.4
5718.6
2717.68
3683.69
3460.27
7815.98
4394.72
3836.66
3286.23
4650.35
4157.65
6631.12
3016.56
3181.25
6101.17
2735.15
5875.24
4755.49
3954.91
4212.07
3235.61
5283.98
5850.8
6678.17
3588.99
4900.65
3097.89
4361.85
4064
3094.54
2689.32
2673.31
3300.71
4488.6
2988.28
2769.61
2922.72
3876.01
2787.21
3403.6
4660.73
3090.4
4168.38
3563.1
3652.91
2340.19
3328.56
7475.93
3497.02
3830.47
3945.45
3009.43
3540.38
8409.65
3606.61
6255.95
5542.44
3138.97
3822.24
2651.3
4443.2
3122.63
3402.23
5522.82
3609.69
4033.81
3698.31
4333.12
3918.44
3848.03
3984.44
8808.37
3796.03
3140.89
4611.23
3514.14
4649.28
5589.17
4048.98
4590.63
3956.92
3010.44
3620.5
3366.69
6005.29
3740.98
4500.33
3460.77
4847.08
2759.43
4191.43
5173.91
3760.11
3344.47
3615.24
10904.3
3275.1
3287.72
4471.56
4328.57
4094.8
4365.46
3404.83
3464.54
5097.36
4060.24
7932.88
4662.65
3346.79
3337.92
3620.45
3251.49
3623.65
2314.12
3723.01
2547.29
3462.37
2901.36
4233.2
2522.25
3850.23
9140.62
4455.45
3031.92
5911.65
4773.86
4708.3
4207.58
3197.02
5865.8
2803.24
4001.74
3937.67
2637.22
4257.21
6029.07
5552.71
5420.87
2387.94
2877.19
4171.38
2884.43
2363.9
2890.82
3991.91
4052.54
5173.53
6268.27
7403.27
5511.63
2982.59
3707.75
3528.55
4112.58
3538.3
4866.83
3849.34
4059.65
4100.13
5485.14
2445.13
5312.29
4502.43
3889.8
3094.4
3661.94
4465.11
6666.7
6016.48
5074.84
3573.51
3326.74
5801.82
6067.42
3783.06
4853.31
4496.02
4287.4
3893.2
5464.67
3155.02
3982.38
3717.75
3408.94
4274.45
4269.35
7387.96
5428.84
2651.41
5472.22
2913.08
4769.7
2434.95
4899.68
3994.52
5520.32
3632.88
3843.33
3006.93
2703.63
3163.32
2919.57
5057.3
3243.11
5345.63
5109.9
6074.55
7528.77
3514.2
3715.47
4119.38
6362.4
3615.15
3833.89
3458.46
3518.79
5357.34
5789.02
3415.34
7244.99
2617.47
3402.73
3527.3
3754.23
4187.71
4909.25
9231.85
3683.57
5461.9
3479.78
3953.51
3858.38
4437.25
3765.71
4444.55
2893.73
3623.33
3800
3017.24
3570.85
5684.3
4974.69
4570.06
4517.69
4032.28
5171.62
3080.66
3102.01
4023.84
3042.62
3475.08
3029.47
3918.42
2815.07
4876.03
4926.33
2974.96
4275.18
3029.65
4506.03
4060.4
3777.24
5168.92
5102.37
3636.35
3726.7
5400.49
3799.32
4492.42
4075.26
4628.71
4943.17
4877.23
3092.33
4559.78
5450.93
3412.16
4364.88
3103.01
3013
3081.66
3285.75
5510.11
6339.38
2934.99
3806.26
3410.24
2969.87
4317.37
3873.46
3448.01
6669.84
3432.39
4791.06
4407.16
3533.27
4965.44
3958.5
3624.81
4409.11
4424.76
4290.92
3865.89
3509.38
5840.36
5349.82
3258.79
4733.44
3811.16
3357.67
3239.33
4106.31
3039.93
4371.23
4479.42
3595.88
4687
4147.2
7674.71
3676.43
3298.83
3856.94
5342.67
4106.33
3246.92
3444.74
3802.24
5248.89
3621.9
3979.49
3951.58
3478.17
3816.66
2738.16
3883.65
4008.29
4224.03
3365.13
3243.78
3825.42
4714.65
4052.05
3936.21
2625.1
3351.5
5305.07
3477.48
6888.5
6168.79
2496.58
3378.75
3185.23
4183.01
4773.61
3293.78
4723.58
5293.99
3107.18
3198.19
3231.13
3454.65
5322.49
4337.83
4659.38
3379.77
5597.4
6969.71
2711.27
3722.42
4540.28
3450.28
3766.13
3673.84
6027.93
3063.38
2695.56
3670.84
2904.34
3234.91
5325.72
3909.74
3112.48
4720.31
3579.78
3909.63
7965.63
3574.91
5591.24
4980.25
2976.87
5823.09
2913.83
3557.79
3693.79
9672.24
5599.12
4194.69
4886.66
4098.21
4336.2
3865.61
4008.37
3437.12
4985.37
5220.57
3243.19
4820.52
3255.88
4686.36
3161.09
4450.63
3850.54
3179.34
6658.87
5187.51
5057.75
4261.52
4360.11
3497.52
5567.06
3329.15
3239.79
2828.15
3393.81
4563.86
4978.91
2312.27
3556.18
7379.44
6271.68
3278.66
6396.63
3439.58
2407.35
3966.64
3694.34
3045.48
5227.52
4567.04
3923.06
5706.63
3146.99
2641.26
5710.46
5642
3517.63
5786.12
4079.18
3650
4169.75
4358.03
2493.39
3835.85
3183.13
6189.68
4266.48
4508.48
3052.8
3742.26
4818.06
5240.76
3372.23
4261.04
3596.29
4163.27
4298.85
3635.05
3702.44
3890.37
2640.05
3678.97
3533.82
5401.81
4397.73
3594.29
5618.6
6734.16
3164.09
4064.45
3673.62
4020.72
5309.41
4043.06
4779.34
4571.83
5052.98
12139.1
5399.83
4422.87
4719.86
3168.97
3781.05
3632.6
2700.77
5620.48
8195.18
3336.12
3183.48
4426.68
3429.44
3794.59
3531.89
3376.73
7236
3647.61
3615.14
3954.31
3480.9
3950.34
7180.39
4168.76
3308.77
3347.86
4580.15
5049.49
3563.68
4712.88
4519.94
4099.63
4486.49
4077.34
2841.27
5659.82
4821.7
3482.91
3677.3
3898.92
4046.38
2691.3
3387.18
4821.07
3972.5
3380.13
2528.13
2885.99
2739.44
3435.04
3329
5264.19
6464.26
4062.68
2585.64
4544.29
3671.19
4441.12
3784.07
4659.1
5286.8
3643.12
4915.94
2225.63
3215.88
5328.13
3696.67
3129.94
6803.12
4686.86
5607.94
3543.23
6510.73
3893.09
3582.13
3169.31
3966.58
4587.22
3459.86
4831.67
4297.67
2927.19
6702.83
3531.54
3204.86
4983.3
4177.55
3642.84
5404.43
3261.22
4152.26
5072.62
2169.1
4409.31
4407.77
3598.25
3948.09
3130.33
5891.22
5013.65
3209.54
2962.7
3929.33
4134.13
4839.99
5429.88
4979.16
4347.19
3495.06
3562.08
3634.01
4025.02
4565.38
3685.13
2795.62
4980.01
3261.15
5226.52
3559.73
4043.25
5923.98
5103.12
2821.56
4262.16
5328.93
3335.37
4357.54
2648.33
4392.74
3114.72
2927.35
2847.68
3881.6
5091.07
3272.56
4842.53
4345.94
5416.35
3781.22
4593.58
4179.03
3394.92
3184.69
3734.76
4535.53
3475.67
3160.58
4432.48
7756.26
6043.41
4950.68
3972.53
5554.76
3507.92
5315.63
4022.13
3917.65
5110.98
2399.64
4739.38
3951.59
5014.42
2764.15
5177.67
3978.78
3170.4
3627.44
3314.78
3456.24
5372.71
3796.69
4826.42
2691.13
4430.19
2638.23
3502.28
3348.48
3562.01
3852.19
4375.67
2788.41
5370.66
2985.77
2503.02
4123.77
4046.12
3253.63
5337.74
3207.21
1802.16
3596.6
3361.55
3092.08
4885.38
5963.86
2867.52
3346.69
3156.27
4871.07
3429.2
9571.65
4751.42
3392.15
4584.91
9344.91
5815.56
3011.45
4591.48
3537.62
4174.71
4561.47
4555.62
6616.33
3934.67
6491.32
4854
4400.54
6517.22
2555.74
4231.54
3275.46
4320.54
3891.98
2900.75
4891.22
6292.06
3951.12
3321.01
4534.37
3362.64
3785.45
2947.5
4814.25
3430.98
3812.57
3696.47
3712.8
2443.14
3578.67
4297.51
2925.54
4852.49
3864.74
3424.42
4253.22
4189.96
4305.97
3330.91
4661.26
3106.59
8028.64
4415.1
3615.21
5161.04
4465.74
5404.01
3979.85
4711.62
6089.26
4699.08
4592.69
3146.02
3911.21
4374.21
4892.6
2387.42
4432.88
5923.3
3549.63
3500.17
3568.34
7165.08
3301.96
3202.12
4280.52
6136.64
3713.87
4351.17
4433.11
6121.63
3243.43
2835.78
3580.11
4485.34
3754.73
5464.46
5354.53
5288.53
3604.98
5079.19
3263.91
4488.73
4651.14
3252.03
3492.71
3764.61
3115.61
3094.91
3452.63
4492.78
3419.51
3134.72
5049.27
3765.18
3338.39
3555.43
4211.76
4456.88
5906.11
5689.01
3150.92
4233.94
3632.57
3926.39
3812.16
3411.89
3997.43
4294.05
7768.55
7018.25
4801.95
6226.68
3572.77
4274.05
3082.51
3761.48
3966.9
3618.51
4440.85
6056.59
2822.27
4011.16
4872.76
3768.64
3533.85
3688.23
3548.73
4183.89
2980.32
6048.85
2847.06
4873.44
5132.81
2918.75
3710.99
3757.09
6845.78
3930.56
4946.21
2986.29
4523.04
4873.35
3066.34
4858.05
3843.93
5331.38
4455.54
4122.1
4740.01
5756.07
4168.76
4935.88
3713.54
3546.14
4349.81
4861.36
6026.9
3461.19
4277.24
5513.39
3765.73
4014.47
2915.22
3378.04
3551.16
3026.16
3068.23
2858.87
3803.78
5218.31
6324.16
2469.69
2880.28
4572.21
3827.59
4996.38
3562.78
3257.85
3669.42
5323.07
3809.58
5280.62
4037.32
3619.09
3717.47
4855.3
3463.57
3912.32
4523.33
2905.29
2722.39
3326.98
4565.57
3668.37
4393.61
3080.06
6373.74
5906.92
3873.66
2527.33
5424.71
3917.58
3218.69
4705
5767.08
2231.85
4054.39
3332.12
3557.95
3520.08
4567.63
4392.28
4535.96
2792.77
4443.98
5513.63
6191.6
2518.96
4293.3
3591.93
5300.03
4229.99
3990.71
3688.65
7365.23
2586.88
3158.39
5338.86
7064.69
3656.42
6194.96
3879.94
4117.2
3024.18
3952.24
5127.08
7167.09
3889.35
3540.11
3423.95
3799.72
3973.17
3110.96
2799.43
3906.28
4488.78
4361.83
2897.94
2413.64
3307.2
3905.1
3122.88
3903.44
3176.73
4254.92
10581
3170.21
5558.19
4061.13
5091.75
4014.05
3747.66
3369.72
3335.36
3755.19
2743.08
5145.15
3614.75
3423.42
3858.31
2585.73
5068.32
4670.01
5837.48
4402.6
5454.94
6419.67
5877.97
3783.3
4000.13
4757.23
2971.22
3413.45
6123.76
4441.25
3176.68
4995.17
3625.58
4111.34
2165.27
4220.81
3974.86
3465.85
4706.78
3753.09
4101.65
6780.13
4219.66
3550.65
5105.11
4735.51
3070.83
3791.36
2687.68
2755.38
4294.18
3439.14
5914.25
4414.58
3324.51
4472.73
4239.55
5317.09
4875.84
4844.56
3054.76
3905.84
4379.87
3672.88
3238.63
3866.14
2972.93
3558.88
3055.43
5087.55
3276.47
3985.34
2325.82
3169.2
6253.58
3205.88
4669.17
3440.77
2943.41
6161.89
3673.57
3804.21
5170.14
3800.06
3243.78
4184.25
3969.7
5756.66
3432.66
3808.33
3203.32
3087.58
2744.57
5440.08
6578.67
4134.86
3928.87
6491.24
4037.78
2967.22
9098.58
5359.5
4063.82
4064.66
3316.71
4611.54
9180.49
3851.72
3215.77
5698.83
7556.41
3440.03
3267.63
5096.02
4426.77
5505.75
5653.32
7299.07
4574.45
3964.17
3422.85
3675.35
7279.92
4763.37
5026.35
4091.17
4979.62
2892
6937.19
3837.63
3683.91
4046.11
3380.1
3925.16
4239.46
3202.52
3841.62
4972.36
4318.01
4162.68
3734.71
4050.14
5204.17
3117.88
5607.15
4163.69
3136.04
4036.45
3485.04
2914.23
4768.13
6518.99
3377.62
4319.81
6748.77
4018.51
6642.47
4799.51
4297.85
3625.33
3212.88
3092.72
4421.02
2936.37
4003.91
4112.9
3766.65
3395.07
3609.76
2501.3
3829.06
4570.7
3929.15
3079.63
3760.96
3288.12
2788.19
3321.06
2473.07
4041.92
5157.09
3770.3
3485.63
3715.74
3665.42
9918.85
3785.14
3613.61
3452.86
3492.42
3225.44
3120.9
4338.02
2929.25
4475.02
6616.28
4567.2
3623.34
4705.81
4854.78
3624.25
3373.84
3904.84
5760.29
5754.52
5968.56
3447.71
3121.36
4193.03
4206.97
3530.9
7014.51
4323.65
3163.71
5242.74
4437.49
5454.18
6297.46
3213.58
6956.92
3064.9
3354.39
3751.66
3480.1
3959.39
3719.09
3907.03
3341.21
2537.74
4099.05
4963.89
2810.77
3877.89
5231.56
2789.44
3162.42
4266.79
3964.6
5951.76
4064.6
4716.64
4897.82
4178.53
5052.38
6251.21
5806.08
3749.76
4078.62
4217.61
4961.48
7022.44
5249.42
3010.74
4469.25
6434.96
3584.34
2411.4
4113.71
3188.86
5283.92
3686.83
3118.41
4021.34
4003.98
3818.54
2729.14
2846.68
3046.57
5780.31
5398.96
4806.17
3927.08
7541.59
3620.34
4162.38
3038.76
3924.41
4194.51
2782.7
4153.64
3895.51
5401.06
3796.68
3204.06
2587.84
4385.29
4398.64
3315.31
6641.45
3808.26
4925.1
4545.86
3816.36
3424.37
4228.5
2894.99
4440.88
4466.03
3965.02
5142.34
3478.66
3962.77
4198.48
3133.59
3881.34
4035.65
5845.33
5415.68
5473.72
5115.62
4660.14
6014.35
4071.17
7374.32
3959.2
3567.05
2578.9
4953.21
4526.25
11354
3893.67
5597.59
4009.18
4136.18
4143.64
4193.82
4731.54
5033.73
5121.95
3803.21
4779.55
4300
3091.32
5960.53
5767.69
4004.36
5027.89
5309.68
4135.15
2753.16
4352.3
4029.63
4724.19
4886.25
3578.23
3982.87
2875.92
4311.35
3286.65
4214.33
4105.19
2920.18
5043.69
5033.95
4344.28
5677.33
4539.87
4958.51
4917.79
4630.09
5772.35
3700.25
2531.52
3643.01
6903.9
3266.83
5343.74
5297.99
3666.85
6151.19
3765.83
4001.32
3894.3
4821.7
3343.83
2723.61
3881.94
4501.19
4591.62
4138.77
4268.11
6382.65
4210.51
3830.2
3154.53
3226.78
5291.03
4476.98
3261.58
4267.24
3697.31
6468.68
3110.91
4491.8
7690.35
4857.18
4964.74
4698.39
2988.77
3593.92
5507.56
3856.89
3070.21
3362.82
7079.9
2262.42
3366.77
4549.68
2719.04
5096.27
3605.02
2689.62
4146.3
3282.78
3867.66
2659.32
4052.19
4850.15
3875.53
3213.16
4800.71
5039.46
4799.66
3538.64
4815.16
3522.15
2653.48
4979.36
2923.37
4151.75
3445.88
5216.48
6784.48
5491.85
4376.91
3989.77
2722.93
5273.17
2992.28
4768.22
4135.94
4362.14
3132.7
3517.11
3860.31
3837.81
5735.8
5207.45
3746.63
3360.53
2997.17
5024.21
3094.64
4290.85
3540.5
5560.1
3282.76
4675.39
7701.92
4125.13
6148.17
5602.26
3616.56
2984.22
3058.08
2818.48
2931.91
3689.81
6909.34
3572.2
3816.7
3486.09
4320.99
6233.78
4163.6
3289.25
3282
8298.13
2967.15
3421.46
3515.56
3118.92
5019.43
7458.55
3837.99
2073.65
5809.53
3053.27
3175.79
3071.78
5010.8
3954.35
3953.78
4895.63
4946.85
4749.46
3904.6
4732.41
7721.34
3503.32
4525.7
6442.63
4378.91
4431.07
3298.11
4503.11
2353.05
3966.9
3203.37
3501.52
4215.96
3625.39
3851.71
4986.72
3464.97
3207.97
3554.96
3014.32
4893.01
3810.2
6550.46
6492.86
4484.75
2985.68
6567.89
3813.23
4216
3828.06
4558.15
3453.59
3575.68
3545.93
4103
2506.03
2883.65
4446.68
3572.33
2745.24
3798.75
3177.55
3521.9
2947.14
3533.32
7997.89
2972.77
4503.91
2438.94
4748.68
4863.38
3790.55
4604.49
5086.29
4343.35
2715.47
3503.53
5051.55
4304.47
3991.15
4106.67
2867.9
4018.43
3393.98
4188.2
3335.28
5184.14
5256.05
4205.27
9178.42
2953.72
5791.89
6366.01
4366.55
4522.43
4206.65
4509.76
3198.7
3792.04
5230.6
4115.31
2818.92
3749.64
6239.82
3940.45
4643.88
5293.83
4084.51
4648.95
7259.48
5439.83
2351.79
3599.82
5536.9
3528.88
2555.36
4249.61
4916.3
4291.53
6361.71
3457.1
4405.79
7181.49
2390.93
3293.14
3251.23
5767.95
4127.43
2962.63
3779.27
3911.74
4551.08
2982.3
6671.42
3044.92
6053.83
4815.28
2773.12
4472.43
3529.67
5781.68
2763.09
4938.39
5297.99
2839.32
3030.83
3923.01
3031.31
3578.89
2959.08
3795.61
3862.52
4120.74
4213.26
2901.07
4085.54
3686.43
3689.4
2879.15
4113.39
5882.74
3308.06
4117.2
3888.02
6085.42
3846.09
3932.3
4647.33
3752.66
3230.64
7822.01
4451.56
3509.72
4306.01
6228.53
5450.52
3834.92
3150.22
3610.25
2767.26
2835.32
3415.68
4836.85
2751.92
3280.73
3054.96
5661.41
3364.42
4122
3567.49
3621.15
3462.75
3603.27
4229.81
3355.21
4114.27
5372.84
4447.73
5449.07
5683.25
2319.19
4335.09
3429.11
3682.98
3213.67
4333.73
2941.16
4232.97
3800.78
4619.11
3174.15
5157.93
4740.8
3672.16
3109.42
3099.69
4832.73
3517.41
3107.96
3102.57
3477.66
5511.92
3357.49
4625.21
6150.34
5001.46
3767.04
8174.37
4168.65
4615
3241.69
4711.16
4525.03
11693.2
4069.17
4290.35
4476.73
6074.39
2608.26
4015
4979.7
4008.68
4216.82
3970.19
6566.32
4452.08
5344.76
4679.96
3285.82
3796.87
4305.32
5187.15
4338.93
5093.13
3288.26
4119.88
5473.98
5160.87
3594.04
3676.06
6215.12
4361.05
4910.46
3388.99
5181.26
5230.39
4040.68
3901.45
3575.1
6401.64
4962.5
5833.86
3366.11
4315.7
5600.85
3116.34
7273.29
4232.91
5947.6
5119.79
3043.13
3118.92
4704.69
3197.86
3835.25
4308.64
3556.2
3430.3
6252.16
5705.06
3560.93
4208.82
4268.99
2703.41
4656.66
4696.62
2639.76
2774.13
6415.84
3984.7
3337.19
5081.65
3274.11
3955.22
4243.69
3248.75
5031.74
3735.99
3914.73
4587.82
3226.5
4051
3652.58
2581.05
3595.79
4342.71
4332.2
4724.69
5432.62
4561.57
4572.89
5186.59
2709.19
4009.06
3733.5
4073.93
4960.63
3933.96
3476.58
4417.3
4430.43
4120.05
4577.43
3275.35
3130.21
3202.16
3889.73
6062.34
4311.21
3912.95
4723.31
6833.24
4572.61
9364.96
4774.59
4021.57
2698.06
4000.5
3404.42
4172.89
2590.47
4484.58
2493.12
3592.1
3552.83
5777.05
6456.24
4012.89
3721.71
4674.54
4107.52
3605.18
4654.72
4196.39
3533.95
4777.3
4061.7
5216.17
3441.71
3304.22
4099.06
2618.76
1986.35
4051.59
3865.82
4235.2
5609.19
6119.73
4090.81
2631.78
3890.54
4339.96
4137.43
3016.19
3725.52
2767.79
2684.01
3513.2
5071.57
3420.24
4227.4
3142.13
3615.52
4893.92
3256.68
6325.09
4379.79
3274.47
3961.61
3343.53
4090.05
5174.33
3279.96
3414.12
3103.33
3413.85
5155.74
3818.65
4123.92
3137.56
5533.94
3450.38
4516.09
2682.16
3335.97
5131.13
5684.14
5048.39
3636.79
3565.45
2970.51
4321.32
3486.48
2885.03
3343.27
4494.56
4601.63
3893.27
3009.09
3631.53
7405.52
3519.43
4958.99
2967.56
6264.99
3147.51
3522.89
3933.79
3233.63
3833.33
3347.08
2739.49
3841.03
3312.61
4524.34
5841.78
6429.05
4626.16
3581.38
4803.77
4539.74
3546.9
2322.54
5292.79
3092.53
6930.79
4269.49
2881.62
6081.89
2845.52
5999.98
4183.7
2937.3
4317.92
4151.04
6402.37
3439.84
5022.91
4632.23
4223.25
2821.37
3649.72
5527.74
2883.27
3157.41
5725.69
4429.53
3097.21
3281.82
3625.19
3017.08
2898.86
3827.51
4303.27
4123.78
4079.88
3133.19
5281.98
5855.08
4562.65
3250.96
3867.4
4741.64
3885.98
4442.69
3651.7
4328.06
3092.54
3783.79
3759.19
3263.55
3409.85
4234.17
4015.07
4963.71
5005.2
6435.64
2645.81
4518.09
2877.07
3464.33
7077.52
3899.38
5630.33
4121.16
4757.85
6893.55
5656.43
3448.72
3859.13
4805.03
4585.74
3773.78
4558.04
2935.74
3879.45
2472.68
4371.12
4288.15
4248.52
5102.32
4838.53
3792.95
4731.63
5527.69
3732.2
4912.02
4743.36
3671.93
6105.8
3966.83
3594.87
2079.49
6263.55
4698.43
4204.75
4941.6
3554.56
5283.61
4549.1
4235.34
4440.33
8710.38
2813.54
3774.3
4540.84
4849.43
4347.04
5230.82
5343.7
7126.02
3444.02
4754.96
5025.1
3403.21
5300.35
5431.4
3669.59
3253.85
5309.44
5203.89
3663.43
2711.87
3828.01
4099.38
4257.1
4535.6
4095.31
3179.88
3784.03
4147.2
4876.51
7980.7
3351.09
2848.16
3706.77
3597.25
5316.09
5202.89
4178.47
3463.09
3177.43
3165.11
3438.59
2287.61
2939.34
4320.77
4695.44
3511.37
6051.43
3463.8
5700.9
2850.56
2672.96
3789.46
2437.1
3231.14
3397.69
4778.68
5081.64
3918.26
3331.94
3805.57
3956.14
6716.8
4675.64
3971.54
5378.04
2624.18
5136.97
3225.75
3971.08
4709.8
5771.18
4184.68
2931.23
3612.31
4660.37
3929.96
3651.48
4424.33
4038.44
5194.3
5530.92
10034.7
3668.49
4335.82
3846.23
3012.23
3004.03
5553.83
3653.53
3874.59
2698.94
4591.5
2887.96
3765.9
6366.41
2798.07
3540.79
3602.05
5469.4
5112.56
4716.81
4545.35
3125.84
4941.55
3701.6
3736.19
4039.52
3589.7
4442.05
2965.03
7037.03
5022.26
4455.44
4019.78
3331.35
8333.37
3503.89
4364.26
5467.97
4540.61
3871.66
4842.45
3297.36
3598.7
3687.09
4203.62
3950.55
3622.84
5168.17
2899.76
2753.44
4623.12
3253.84
3883.72
4123.99
3869.15
4448.47
3109.46
3371.08
3060.25
3485.72
6699.9
3979.13
2707.46
3654.96
3651.22
4283.49
3827.85
4577.9
4168.16
2901.27
4097.66
3609.3
3734.47
4299.28
3986.99
3519
3589.91
5287.06
3906.04
3678.11
4186.35
3849.02
3592.4
3760.96
3130.69
5302.2
4925.64
2976.42
5137.51
4631.81
3527.16
3659.92
3894.72
3635.5
2742.89
3549.8
3296.22
2679.69
2873.42
4119.29
3837.43
4860.71
5927.97
3412.49
4959.59
4468.19
4173.57
5498.47
4627.34
5766.82
7367.87
4376.47
3398.76
3872.52
3987.44
4512.52
2473.68
3439.44
2510.34
5402.07
4567.23
3458.05
4184.37
3431.58
3704.75
4282.24
4092.61
3194.14
2939.78
3869.79
4177.91
4197.73
5292.83
4692.94
3490.41
5790.2
5042.62
5141.81
3655.17
4031.17
5991.83
3885.84
4152.15
4420.23
4159.08
4907.84
3475.18
4862.88
3756.65
3579.46
5293.53
4325.52
4999.1
3548.23
4840.43
3432.55
4037.85
5962.64
5018.83
2798.83
5335.78
4412.35
2941.29
4038.87
3448.15
4302.88
3517.58
4765.6
5917.56
5098.44
3913.05
3748.38
3488.46
3432.15
4828.74
3938.38
5857.77
3861.74
4576.4
4819.92
6220.63
3210.17
3838.05
3112.98
4227.87
3925.34
3807.75
3373.55
3207.61
3320.62
3955.62
3984.35
3530.22
4158.59
3577.84
2612
3688.41
2326.71
5541.27
5592.33
3656.16
4898.19
5241.62
4337.89
3718.32
3794.93
6020.24
4897.52
5563.02
4041.3
3259.29
2661.97
2158.95
4350.8
4593.58
5324.56
4325.75
3824.61
2905.83
3818.36
3028.61
4804
6080.78
3410.48
4432.28
7834.55
4163.08
2531.41
4655.68
3893.94
4699.01
3002.74
4418.66
4187.35
3726.6
6184.45
4032.42
3369.36
3808.58
3103.07
4526.74
6673.94
4356.81
6136.73
4567.36
3844.01
3560.2
5096.67
3458.38
3590.11
3964.15
4290.78
5088.39
4591.03
4549.99
3299.11
3715.29
4816.13
4072.47
3130.83
3582.6
4813.18
2859.33
3967.74
6419.92
3556.99
5257.71
2371.53
2725.1
3466.87
4421.24
5276.19
5415.89
5021.12
4940.8
3656.67
4120.58
3966.3
4517.59
3505.9
3542.35
6815.54
4801.39
3889
3098.24
2388.23
5371.15
4073.97
5648.21
3645.42
3479.94
4410.06
4363.51
4362.87
6205.07
3201.55
3101.11
3301.33
3612.46
4238.93
3088.5
4986.82
3512.34
3180.99
2802.09
4186.6
3140.09
3656.73
4254.57
5943.52
4256
3663.91
2845.57
6450.56
3378.15
2908.27
3245.65
5671.33
2915.89
4332.37
3806.47
4483.19
5050.58
4127.9
3084.41
4776.65
2727.78
5966.2
3911.96
2862.41
4071.44
3532.86
4357.12
4479.81
3118.91
2544.01
3004.2
3684.31
4025.98
5328.81
7039.07
3499.59
4971.82
3834.85
3982.46
3230.95
3335.16
2729.47
2367.37
5565.59
5349.03
3901.29
4480.25
6972.53
3609.3
3678.69
4862.02
3478.58
4708.84
5737.91
4344.45
3167.51
5115.67
3373.36
3496.59
3335.9
4180.07
3790.75
4094.09
4402.05
4290.82
3903.07
3380.3
3101.37
4265.89
5004.09
4011.89
3134.72
2211.76
3485.43
2689.11
3477.17
3208.71
6203.82
3893.35
3934.6
5195.53
4430.15
3666.99
3751.75
4715.29
4080.61
3761.42
3579.71
3000.59
4007.66
3281.46
3530.82
3163.07
5155.96
3206.26
3251.77
4156.95
4498.68
4929.61
4183.59
2889.07
4989.79
3865.47
3222.3
5658.23
4156.99
4269.86
3801.48
3340.52
6881.32
5478.5
2920.02
2814.23
3540.03
4151.61
21669.8
4002.85
3592.08
7364.02
6280.46
3659.95
3670.29
5066.71
2418.92
5315.8
4142.45
2703.46
4313.28
3148.41
3601.49
3830.82
4472.78
6055.98
4188.93
4280.05
4954.46
4729.91
6550.55
7704.96
5776.82
6896.83
2576.09
3258.41
3002.5
4662.46
3387.19
3366.81
3550.64
3255.89
3993.48
5012.93
3016.32
3313.93
3969.24
5290.38
3297.09
7212.79
4050.18
11653.2
4072.13
4007.13
4155.63
4341.92
5241.34
2685.33
4149.52
3593.06
4265.42
3618.42
2645.05
4832.26
2866.9
6260.05
3792.36
4863.66
4940.58
4768.72
4031.03
4428.29
3869
4559.55
4444.92
3832.36
4365.31
2689.24
4116.91
4437.69
3684.41
2781.85
2830.22
4157
2978.86
5042.76
2320.73
3931.76
4253.98
3755.89
4215.97
3734.43
4629.89
2398.67
3246.82
4152.57
4944.32
4042.85
3815.7
4201.35
4077.61
3243.23
3234.2
5543.35
3824.48
4637.38
3638.7
2890.38
4880.21
5020.41
4727.18
2888.19
3979.38
4393.75
3757.23
3824.09
3489.68
4237.15
4444.03
4075.69
3282.77
4973.59
4088.05
3107.55
3593.64
3169.95
4546.15
5634.01
4163.19
4838.84
3363.58
4601.14
3362.77
6784.25
6155.82
2454.48
4730.81
3358.28
4423.78
4905.65
2981.39
6775.7
6697.65
5537.25
4413.24
4493.42
3949.2
3875.69
5539.8
3862.91
2493.97
4675.72
6111.49
5105.03
5847.08
3533.98
7223.43
3809.13
4290.75
5143.86
6089.28
2945.88
3215.01
4129.15
3689.81
3848.33
3882.4
3235.22
4838.92
4306.16
3789.99
3188.49
6047.67
4323.54
3920.02
3072.37
3834.19
3777.45
3068.15
6083.53
4212.46
3570.76
3311.21
3203.02
4794.89
4342.48
3390.6
5772.68
5379.88
4028.16
6711.6
5746.41
4215.36
3110.93
4212.57
4552.83
2565.93
3185.51
6730.65
3149.39
4438.27
3078.79
4460.24
4076.37
3403.95
4451.89
4575.81
3394.33
3037.93
4668.58
2599.7
3496.83
4076.44
3641.42
3345.75
4122.03
3192.87
3671.92
3420.59
4188.62
3927.65
3372.55
3468.72
3147.58
3200.41
4999.88
3924.1
3031.43
6265.35
3543.84
5124.77
11358.9
3574.58
4839.2
6689.55
4934.73
3838.89
5334.02
5161.89
4881.89
5081.34
4125.05
3383.89
3935.65
4359.44
4340.86
3645.88
5268.97
4215.42
4785.06
3893.04
6287.07
2987.01
3269.35
3192.22
3863.65
3759.76
7245.08
2673.99
4268.26
7455.76
2936.14
3285.24
3818.47
3639.66
4737.67
3236.64
3555.51
4910.18
2846.97
4186.54
3056.52
6211.49
3857.15
4157.17
5099.04
3230.07
4156.62
3607.82
3326.52
3538.17
8688.45
2851.38
4828.84
4223.65
4839.75
4462.71
2375.21
3070.5
3078.5
4786.95
4779.78
3859.3
3820.62
3464.17
5174.86
3635.54
4617.45
3734.64
3851.67
3845.24
9618.36
3325.11
4407.07
3693.07
3954.47
3311.08
2486.81
4804.47
4631.72
3253.31
3772.34
6114.85
3557.27
4497.82
3380.86
3793.09
6553.02
3653.9
4025.11
6041.95
4287.34
3567.08
4606.48
7559.24
2916.41
4562
3154.57
4119.82
4922.56
7337.08
3120.53
2821.85
3489.53
3499.86
5091.08
6757.38
7296.82
3307.79
5089.39
3592.49
4300.74
3534.91
4972.36
3449.01
5030.29
3630.05
3949.71
3146.56
5740.43
3033.09
4078.95
3079.65
5742.85
5574.54
3931.28
4997.64
3140.87
2659.14
3074.81
8395.9
3444.78
4265.51
3094.78
4303.79
6386.16
5566.17
3835.13
4381.51
3923.42
3703.63
3454.84
2724.03
2181.09
4881.64
3603.26
4385.81
4061.39
4077.84
3539.87
5205.23
5532.1
3968.4
3227.95
7408.58
3512.43
4057.43
6893.3
6107.38
4866.82
5550.52
3941.3
3468.1
5350.73
3179.54
5876.49
4535.37
5496.17
3017.76
5064.82
3524.76
4608.87
3628.63
4278.99
3720.61
6856.09
3680.28
4501.26
2797.82
3722.08
3351.85
4450.51
6960.67
6238.96
3117.38
4764.25
3583.43
5880.91
3022.6
5346.76
4610.61
3200.66
4316.65
3204.37
3585.51
3954.96
5150.48
3504.61
3540.82
4181.78
4973.37
6776.35
3982.36
3980.08
6196.11
5860.51
4046.89
4124.32
2917.02
4858.92
3812.54
3199.22
3881.78
3300.5
5616.38
4850.75
4391.29
3747.91
2413.35
4573.87
3545.7
3305.85
4573.33
4286.39
3267.19
3033.06
4418.62
4949.04
6483.77
4529.42
3734.96
4181.45
6920.79
2692.87
4045.51
2562.88
6271.43
4297.39
6548.3
4135.29
4891.29
4647.62
4567.67
3669.77
3781.23
2976.96
3774.87
3871.44
4075.41
4267.03
4845.79
4717.28
2125.07
3585.83
2758.88
5978.12
2802.77
5608.23
5077.02
4139.01
5758.84
4308
8725.12
2911.21
3022.41
4630.52
4434.99
5364.37
4600.55
3400.02
3436.86
6610.81
2642.62
5062.37
4430.61
3130.33
4926.3
3617.3
6005.89
3576.33
3916.17
3247.68
6052.98
5872.5
3288.58
5033.8
5146.54
3442.44
3766.85
5192.99
3659.34
5831.51
3514.03
4252.13
4150.21
4899.54
3706.15
6080.73
2850.26
2899.66
5809.52
7208.42
4302.38
4514.42
3715.25
3109.76
5791.73
5421.2
4740.38
5080.02
4957.31
5718.74
7145.92
4578.48
3313.37
3510.05
3856.53
4345.08
2930.03
3024.15
5283.98
3534.36
3425.03
3845.59
4897
4259.43
4176.2
3343.31
3691
4392.03
4102.28
3661.25
3887.7
3315.52
3315.79
3832.98
4576.74
3107.21
3441.59
4978.75
2670.12
4141.29
3384.94
4492.13
5765.12
3133.8
3100.48
3238.41
3296.93
3189.66
3884.16
3905.13
5651.7
3615.83
2946.21
3811.17
2654.64
3394.79
4637.39
3601.94
3348.31
8526.94
4204.89
4838.21
3790.35
3986.02
4925.55
3589.35
4873.77
5075.4
4017.82
4081.98
4575.77
3153.93
4576.21
3775.99
2534.91
3185.97
2423.44
5394.35
4418.88
3142.07
3247.19
3285.74
3008.66
4952.26
5512.69
2864.45
3333.38
4383.17
3152.03
4115.82
3272.54
3808.48
3390.45
4390.35
4665.73
2815.59
3286.57
3965.81
3435.39
2963.17
4376.45
7789.75
3194.43
3891.86
2436.39
4305.84
5546.01
3377.93
3264.28
2942.77
3904.27
3432.62
4361.7
3852.47
4884.94
3162.3
3481.29
3409.35
5704.24
3564.31
2862.28
3506.79
6697.98
3525.83
3899.83
2507.84
4657.46
4052.98
3099.66
6210.99
4900.45
5203.1
5079.92
3542.81
2870.8
3430.54
5397.4
4580
6028.9
4381.21
4319.67
4659.64
4265.83
4821.85
3575.14
3434.45
4216.12
4409.98
4067.36
3458.98
3999.06
3474.77
2850.56
3897.29
3625.47
4367.56
3295.97
6783.5
4023.98
3025.55
3672.56
4736.78
5062.45
3079.06
5099
2650.12
3933.38
4180.6
3344.49
4264.64
3114.55
4503.03
4622.09
6874.82
3905.35
2546.68
6728.52
3063.61
2713.18
3530.27
3431.35
3811.34
4122.19
4365.19
2504.51
4755.17
4308.59
4001.94
4095.54
2859.92
4114.02
3510.69
3519.35
2352.32
3589.17
3191.51
3621.47
3301.73
4219.68
6315.93
3671.34
2803.17
5686.83
4080.84
3956.17
5497.6
6826.88
5158.58
3829.01
3797.26
3502.98
3083.37
4002.02
4185.49
4125.75
2591.27
7691.63
4141.84
5016
4103.33
4098.17
4745.48
5847.79
3145
4797.17
4846.81
4769.23
3536.16
6461.83
6281.69
5833.39
3749.78
4974.8
5866.72
4167.89
4933.63
4084.5
5181.11
5441.79
7046.07
4126.57
3133.23
3047.98
4511.42
4101.34
7581.49
2913.67
4183.65
4756.65
6251.12
3178.79
3584.83
4794.18
5684.04
4744.13
4234.72
3846.01
3834.12
7265.52
3933.61
3877.71
4771
3943.38
4737.63
5907.44
6396.71
3629.47
3158.11
3753.97
4712.37
4007.25
3877.36
5136.35
5071.46
4339.98
6446.27
3795.93
3902.76
2584.28
3900.03
5216.14
5804.53
3025.72
4225.94
3600.88
4051.5
4474.68
5278.12
4886.24
2571.1
3259.05
4758.7
4419.15
3425.18
5742.34
4661.04
3519.94
3418.81
3363.17
2769.95
4211.72
5293.97
5670.78
4468.52
5016.15
2364.81
4498.71
7624.73
3494.24
5072.35
4290.44
5199.59
6127.72
2862.64
4238.39
8552.73
3932.81
7451.77
4955.4
6832.24
2505.12
4297.49
4232.24
2918.27
3567.88
4229.08
2766.59
2981.8
4649.97
3086.27
3170.59
2933.83
4015.82
5509.7
3765.73
4018.22
2741.36
3696.02
4564.69
3019.1
5281.31
5741.37
3552.59
5351.95
4418.06
3517.48
5505.93
4340
4976
3999.11
5356.85
3030.89
4607.68
4316.07
2605.81
4399.38
3124.42
3624.36
5781.31
3234.94
4131.56
3287.83
2644.47
3614.49
2961.95
3491.67
3364.81
5714.75
6638.08
3919.87
3273.29
4732.78
4592.64
2685.38
3953.77
4301.91
4628.64
7225.18
3051.67
5147.34
4951.62
2656.41
4383.73
3066.81
3678.82
4121.43
3829.69
4492.12
3271.9
6018.98
4984.07
2880.24
4455.9
3649.18
3184.6
3707.5
5986.64
3613.14
3333.67
2965.81
4135.58
3281.04
5714.92
3312.24
3610.95
4795.68
3380.93
4717.1
2978.3
5500.85
3896.9
4501.71
3654.2
4935.21
2446.66
3730.33
2472.56
3647.34
4892.53
4052.09
4712.4
4777.95
3380.49
2697.09
4414.8
6355.53
3875.4
4612.87
3035.24
3606.34
2719.22
4360.45
2890.57
7304.57
5999.41
5062.39
3600.39
4310.92
2978.26
4506.15
2561.33
3072.27
4871.06
5234.4
3843.14
3197.15
5408.7
3716.21
4965.56
3391.98
3877.37
4743.27
4063.91
3198.78
4178.72
5480.06
6309.87
3801.22
3324.41
6536.4
3382.93
4105.08
6910.76
4027.08
5047.52
4596.96
6185.82
5768.96
3228.22
3473.68
6796.11
4083.48
4670.77
5328.15
3698.15
4994.07
4111.4
3784.88
3242.87
5323.83
7906.6
6112.02
3698.9
3043.31
3859.39
2924.18
3593.56
5990.14
4524.94
4122.03
3063.29
4500.6
4273.96
4793.68
4472.4
4107.22
3212.14
4767.78
5126.47
4862.95
3159.44
2950.44
4148.77
4976.38
4020.58
4787.32
5807.88
2503.91
4085.52
3478.18
4162.55
3369.39
4390.75
8088.79
4278.26
5660.6
3526.43
3823.51
4069.9
3697.66
3851.73
4490.73
3346.73
4970.65
9508.38
5914.02
4354.91
3717.1
3999.47
3396.32
2896.39
3346.72
3708.86
3449.8
4178.24
5055.32
3675.94
3594.11
4916.27
4223.51
3089.04
6041.16
4210.4
5693.96
3723.11
4464.9
3448.19
4807.72
4908.73
4435.86
3850.33
3455.76
3079.1
4378.67
4066.74
3985.58
2949.66
3804.96
2948.47
3510.73
3546.34
3128.98
3776.11
4924.52
4752.91
2652.75
4258.33
6053.96
3239.8
3503.52
4171.92
3771.21
3697.08
5010.16
4546.92
3947.18
3928.87
3711.82
3147.03
3032.3
5476.62
5395.76
5359.97
3059.87
7158.65
3756.7
3695.26
5958.34
4412
4042.93
4304.08
3739.61
7237.15
4506.21
3801.05
3292.3
3702.73
3324.06
3886.3
3819.57
2712.33
3406.58
4212.5
3702.4
5035.82
3912.6
3178.77
3694.62
2583.55
4301.12
7070.86
3866.65
5591.43
4925.27
5181.26
4130.82
4092.63
2945.78
3918.2
4538.4
13340.9
5333.7
4110.7
5149.11
4168.42
4738.32
4334.05
6034.84
3339.38
3761.72
5516.83
4982.24
4265.22
4664.4
4708.62
6393.61
3689.04
3351.21
9916.03
7271.33
9682.81
7028.43
5675.76
3014.76
2733.61
3749.62
4994.42
3455.74
4001.89
3426.21
3661.07
4782.01
4893.3
3898.07
4487.23
6521.59
4580.53
4539.15
5186.28
4227.65
2509.65
3572.88
3431.44
3402.48
5017.88
3232.15
2163.28
3685.34
2568.26
5488.33
5271.01
3410.85
3981.68
3154.34
3756
5481.43
3119.8
4858.59
3297.26
3996.09
4021.73
2802.67
4123.3
4097.6
4151.22
4253.71
3682.3
4075.3
4201.53
3203.14
3916.15
4004.56
5374.9
4813.23
5660.04
2764.15
6159
2150.13
5589.42
3268.78
3050.46
4312.86
4717.93
3668.93
3481.2
4608.22
2819.06
3917.66
4068.48
3940.88
3824.05
3710.88
3068.79
2683.41
3493.17
4008.21
4022.23
5824.9
6842.07
3893.84
3905.31
6247.51
3824.21
4040.39
3159.64
3126.39
4374.25
8237.73
3474.41
3051.55
2996.6
2839.27
4559.29
2896.84
3794.96
5218.27
4656.92
3621.62
2296.39
3149.56
4430.24
3225.6
4483.62
4946.76
4368.62
4353.35
3617.48
2815.49
4676.23
4728.15
3814.91
2776.26
4219.55
4072.54
4634.91
3416.72
3838.18
5842.26
6649.9
3654.56
4137.32
3900.03
3865.33
7756.84
4024.59
3819.07
3696.28
5664.11
3473.82
6745.92
4701.77
3282.84
5437.34
3401.79
5079
4236.51
3183.89
4318.06
3110.1
5382.48
4739.1
4725
5321.63
4519.03
3383.63
4378.97
3420.29
5609.33
4276.26
3866.33
2905.94
2947.74
3684.51
4327.79
2431.87
6018.09
5688.4
2578.45
3512.99
3314.19
4048.94
3918.13
3276.74
3545.69
4372.28
4005.41
4365.6
3769.27
4897.66
5726.2
5173.14
4381.82
3312.55
6100.63
4548.37
4755.22
3083.29
4009.93
3059.39
2546.27
3639.07
4254.68
3879.3
3519.21
3028.41
4290.27
3558.71
4045.66
6095.54
3540.82
4333.82
4271.39
4081.89
3237
4340.08
3893.21
6717.32
3160.3
4822.01
6929.41
4454.24
4572.07
3020.94
4977.1
4471.56
4426.8
3540.72
5179.22
3539.71
3052.6
5562.1
1962.98
6224.88
5585.23
4663.35
5279.31
3842.18
2691.81
3622.39
4619.85
3217.16
5598.47
6960.43
3692.93
3254.8
4065.34
6103.54
2910.94
2736.6
3168.86
3823.64
5425.92
3892.73
6001.72
4173.36
9251.94
3918.49
4714.52
5296.99
2993.83
3339.02
4409.27
4350.47
4976.16
5973.02
4082.24
4420.76
4443.66
3935.76
3420.6
2897.28
3215.07
5766.4
4480.35
2752.08
3060.23
4332.95
6015.13
4329.09
5784.09
4097.41
6143.65
3586.47
4870.58
4209.26
4028.74
3340.26
3106.93
3085.82
3959.34
4479.41
3787.18
3527.82
3010.51
3253.78
5276.55
3449.38
2194.53
4288.19
3153.27
3398.25
2559.34
4107.94
3275.3
4657.1
5301.71
4217.38
4020.14
3368.8
7383.15
3202.58
3114.57
3726.08
4350.42
3711.51
5176.47
3613.66
5322.26
4483.26
5083.06
4504.41
5918.09
3648.44
3150.18
3819.29
5254.02
3689.15
4466.4
3961.58
4048.68
7046.81
2647.45
2871.25
3384.79
3057.3
4397.17
5595.21
3711.86
4417.36
3720.04
2675.67
3359.49
5924.84
3815.36
3424.83
3913.74
2681.49
5847.44
5414.78
3120.98
5517.72
5342.24
3563.97
6378.16
4060.26
3146.86
4561.11
4511.16
5552.58
5517.33
3253.44
3967.92
4491.43
5059.81
4216.74
3757.96
3492.1
3033.49
3633.57
4618.63
4096.39
5739.84
4589.24
3255.47
2683.9
5111
2970.82
6545.66
3153.13
3346.59
5895.78
2655.44
3060.8
8350.68
3505.53
3986.14
5581.54
2780.17
5575.82
5965.99
4267.23
4148.56
3328.58
3709.46
6217.92
3441.54
5029.87
4636.44
6341.93
4137.07
9088.73
4417.9
5342.46
3496.65
4056.43
5963.53
5207.99
3332.97
4056.26
3284.45
2998.88
3440.86
3825.86
2833.94
3482.76
3101.06
3684.1
3595.56
4548.09
6680.49
4779.56
4971.61
3499.67
5415.88
4006.75
5865.17
4050.72
4984.51
4433.29
10071.5
3969.83
3150.57
4508.86
4342.12
2952.71
3199.93
4219.67
4300.68
3978.28
2991.55
3737.17
6723.24
2837.3
3916.93
3315.53
5365.48
3723.29
3654.22
5042.84
3441.55
2466.65
3779.35
4794.44
3009.67
6386.05
3206.22
3038.59
4574.27
4178.59
5100.4
4681.09
3342.95
4501.02
2770.69
4149.25
3652.27
3522.88
6044.72
8954.76
3277.98
2992.06
3878.74
4427.34
2469.73
5006.74
3848.14
3599.47
3360.17
4990.76
5149.45
3822.06
7251.66
4293.9
2999.66
3951.78
6267.62
3572.07
3411.14
4396.36
3831.1
3338.65
3583.25
3815.47
5716.9
3957.7
3845.56
4890.68
2708.1
5067.92
6594.35
2575.16
4915.69
3452.6
3546.39
4879.72
5293.72
3858.48
3777.22
3178.05
2280.1
4687.29
3321.26
3908.37
5363.09
6457.97
2674.23
4010.01
3952.37
3374.55
6931.19
3333.76
4491.59
4502.96
3815.84
4399.22
3077.83
5029.69
5778.68
5563
3532.59
4579.62
4707.36
5100.67
4648.6
4749.42
4317.59
2967.6
3203.31
5245.63
5954.64
2755.2
3484.13
3781.01
2835.54
3942.86
6977.13
4569.83
4405.95
4098.64
5342.45
3145.3
5274.23
3744.99
4874.2
4084.44
4479.95
5884.13
4540.4
4964.16
4217.31
4551.79
3898.51
4214.35
5405.61
6736.2
3046.66
4000.23
4573.01
7360.54
4127.24
4124.52
2890.02
3790.91
5307.48
6332.46
4095.54
3688.15
3349.44
4290.35
4982.86
2323.49
6909.97
4369.31
5550.26
2911.63
4838.4
4257.13
4416.96
4319.68
2711.28
7872.52
3527.28
3591.97
4219.02
4825.29
3157.19
3124.16
4477.9
3962.96
3702.21
3600.88
3524.42
3376.94
4283.01
4085.85
3093.58
3648.97
5477.31
3689.23
3163.68
3903.49
4186.78
3371.44
3065.55
4355.45
3394.83
4757.15
4436.48
3217.77
3340.91
5539.99
4735.51
4439.75
4720.76
3234.51
3068.91
3163.98
3857.67
3113.95
2900.3
3703.3
5812.45
2969.18
3811.11
5773.27
3471.34
3322.7
6136.29
3994.88
2582.54
4669.81
4152.49
5213.01
3108.02
2653.24
3863.54
3865.32
3717.31
3621.47
4993.84
5773.01
3424.82
4759.35
5568.55
2773.7
3656.11
5541.73
3219.51
7429.77
4555.81
4867.94
3783.44
5379.97
4194.48
5384.19
6232.18
3868.4
3817.54
4663.07
3560.07
4384.23
2622.48
4643.74
4172.5
2942.48
3657.32
2206.75
3244.17
4066.17
3390.63
4818.76
4676.88
3292.32
3999.2
3284.06
4010.2
3163.72
2682.73
4880.6
2519.64
3481.51
5861.95
3023.89
3853.95
4173.41
4141.19
3154.22
2865.85
3778.06
3070.37
3285.53
3183.6
3346.34
4252.48
3755.82
3873.91
3632.62
3708.98
4744.34
3028.69
4407.82
3810.73
5017.1
3799.18
3952.71
6781.32
2495.13
2305.61
3111.26
3727.38
3944.94
3651.78
5535.32
4081.88
5033.07
3045.09
4637.59
4200.11
2517.06
5233.59
3730.43
5666.5
6188.91
3243.98
3395.08
4136.11
3932.93
3179.24
2948.9
2671.59
3170.99
2891.85
4362.5
9335.09
3451.16
4502.06
5012.5
4534.56
8050.26
3379.27
3118.83
5084.58
3802.08
3467.17
3656.13
3448.11
3531.2
4728.18
4297.71
3209.18
2904.98
3285.7
4009.7
2600.01
6282.39
6777.45
3471.96
3939.98
3640.29
7359.16
2884.2
4083.97
3353.81
3990.89
3899.64
3760.06
3272.89
5102.3
5258.54
3116.14
4156.84
4165.8
5224.86
4439.79
6012.74
4125.11
5592.58
3997.98
4624.7
3218.06
5795.59
5181.81
5254.31
4686.66
3793.77
4402.71
2669.27
4087.78
3284.04
3126.89
4395.92
2336.93
3248.09
3044.71
3447.52
3778.15
3631.07
5163.94
3613.16
3344.45
3801.53
3232.28
3497.39
6750.09
4389.1
4816.56
4132.29
3231.8
4091.44
4208.16
5052.07
6495.01
3489.32
2706.85
3787.22
5306.45
4215.66
2816.73
4910.94
3988.25
6293.41
4629.5
5054.57
3638.43
4107.53
8740.2
6384.31
3994.72
3260.53
2760.28
3908.08
4607.73
5677.81
4584.61
3548.7
2670.43
2901.14
6427.91
4007.8
4746.85
4415.54
5359.38
4514.29
4115.63
3922.77
4370.72
6065.11
3553.59
3931.11
3738.16
3449.42
2976.7
3257.29
6911.55
3560.83
3230.4
4890.8
3456.92
3721.97
4436.52
4398.92
3353.02
4324.22
3725.83
3452.33
4053.74
4553.01
2644.5
6012.33
5676.23
3800.18
2963.05
4506.72
3565.24
3558.23
3570.06
3358.08
7194.88
3305.47
3466.95
6847.12
2370.24
3613.57
4256.41
4294.27
2934.79
7038.83
3670.68
3882
4480.37
4654.71
3066.34
3852.48
2687.34
5979.53
3961.81
3192.43
2992.37
4023.95
2930.81
3620.71
5114.86
3999.43
4341.1
6138.43
3118.69
5143.22
4747.34
3300.14
3627.44
5326.11
3687.01
5850.01
3881.75
3460.76
5584.38
4227.75
4750.71
4551.73
2983.38
3803.03
7342.84
3947.49
5239.58
4609.43
3821.82
3823.24
3804.92
4108.63
4753.16
3381.33
2780.45
6059.38
3082.65
4059.57
3675.95
2161.89
3668.98
3957.67
7193.68
4286.2
2848.23
2854.64
5610.63
3615.17
8220.59
3581.77
4275.04
4017.04
5239.32
3690.71
4691.19
6048.76
3317.31
6533.6
3655.87
3132.03
3331.78
5037.99
3455.32
3165.37
4300.61
4369.13
4354.33
5204.95
3754.48
5690.94
3589.63
3111.18
3224.08
3749.26
7046.29
3775.24
2752.19
3104.3
5487.04
4625
3143.32
5099.39
3708.48
5846.77
4074.23
2453.23
5913.83
4526.65
3671.32
3856.3
4567.13
6664.12
3195.92
4673.62
3180.29
5245.2
5814.83
4465.44
3421.65
3859.11
4162.01
4525.95
3627.94
4548.03
4195.81
3740.08
3619.47
2773.54
4623.38
4615.31
3352.18
4967.6
5265.4
3000.63
5813.22
2590.47
3364.56
3324.51
3399.56
3650.46
4153.43
3696.29
2838.16
3183.1
2765.3
4395.44
4739.83
4211.72
5249.31
3162.64
5079.09
5086.44
4647.86
3341.81
5261.21
3793.88
6280.81
4112.3
2363.67
6565.06
3718.46
3667.49
4214.62
2659.32
3838.91
3473.1
4529.01
3881.57
4353.65
3373
5258.24
3518.76
3412.23
6309.77
5319.22
2966.19
3030.41
3566.39
3733.11
5410.1
4048.14
4323.52
9754.76
3457.89
4809.93
4939.55
3378.93
6231.11
4516.16
3856.82
4435.37
4125.59
4012.96
2927.79
2635.5
3245.53
4185.68
3958.04
4251.03
3262.92
3578.84
3064.48
2724.71
4757.96
4444.67
5357.99
4904.55
5509.49
3411.51
7359.95
5280.45
4979.45
4610.97
4583.69
4297.67
15450.6
3287.06
3140.76
4779.76
2694.2
3421.97
5832.99
3417.6
3929.08
3522.03
2715.41
2688.9
5903.75
3095.77
5151.71
3887.71
2983.5
4010.85
2916.37
3627.02
3842.03
2945.29
3783.39
4176.05
5189.34
4145.28
3903.34
4249.95
2782.99
4065.87
2720.55
3796.52
3972.14
5899.22
4048.86
4022.76
4625.85
4558.85
2989.03
4818.15
5040.23
7001.13
4249.87
7692.91
5022.11
3971.93
6028.52
4372.41
4903.85
2525.13
5222.89
6609.42
4583.65
5690.72
6437.07
5853.12
4457.78
3636.15
3432.6
2683.66
4999.8
4264.47
2493.26
4332.47
4684.53
4067.46
5213
3763.47
4600.97
3226.71
2904.21
3160.7
4588.43
5077.18
5755.89
4640.07
3620.59
4355.24
7608.68
3994.6
9995.3
4854.49
3389.87
3750.08
3444.01
5102.48
3582.32
5696.84
5452.7
3968.03
5985.07
4339.88
7300.53
2934.19
4654.12
3566.44
4044.04
4982
3522.09
3095.68
4144.27
4804.94
5785.46
3846.35
4824.66
3688.13
4319.78
4428.34
3943.34
6336.64
4239.89
2979
3179.79
3907.62
4556.14
3075.97
6979.4
5651.38
4307.26
3589.73
8773.66
3079.4
3693.05
3089.78
3350.2
4908.82
4426.78
2999.44
3360.27
5045.35
4913.51
3219.78
3059.25
3900.05
4855.82
5850.92
3083.44
3291.37
3783.96
5369.32
4147.62
6029.26
4194.23
4085.24
3701.77
6122.45
3997.24
5312.29
3226.44
4297.1
4699.77
4318.86
4264.07
5409.49
4007.85
2613.49
3634.12
2646.76
3621.64
5053.53
3195.06
4141.76
4019.57
3316.88
3556.39
4547.37
3094.29
4488.97
5370.31
5650.23
3961.79
4206.5
3474.34
3605.58
6760.77
5769.51
4905.14
4187.43
2903.02
4849.55
2471.56
5435.4
2983.08
4139.53
3213.8
3541.63
4010.42
4217.05
6997.86
4928.6
7701.99
4039.26
4532.96
6980.54
2652.09
3989.38
3743.77
3463.05
3393.76
3092.14
2776.1
2603.78
3999.77
4093.26
3931.46
5208.7
4351.19
3430.05
5004.51
5211.63
3677.92
7209.32
5767.58
4655.6
2960.85
4270.87
2507.82
3308.48
13763.1
4932.53
3500.8
5667.12
4264.73
3058.43
3017.48
2937.96
3203.88
4671.57
3075.13
4281.3
4533.68
5465.89
2648.82
4196.04
3479.2
3851.8
4318.45
3471.13
3415.55
3796.35
3811.09
4210.83
5141.89
2811.31
3838.58
4606.35
3922.01
4157.06
3709.83
5752.21
6088.79
4945.86
3405.43
3514.04
2877.89
6687.5
7353.98
4829.74
4005.27
3575.57
6627.59
4330.8
8001.96
4298.22
3136.08
3579.59
4706.15
4520.45
4024.26
3060.58
4649.2
4610.34
4293.81
5560
3038.65
2495.26
3543.41
4134.07
3774.62
5508.95
3417.67
3621.91
3851.29
4497.36
8401.69
3304.19
5273.71
2450.26
2925.81
4330.09
3487.44
3938.41
3673.35
3678.94
3291.37
2970.65
3173.67
3931.37
2641.28
3558.71
5673.63
3921.46
4107.93
3884.14
4609.83
2887.74
3829.32
6335.57
4283.26
2860.11
3229.56
3611.93
3742.6
4428.11
2404.84
4739.92
2636.68
4564.82
5547.38
4152.62
4060.99
3155.7
3714.13
3708.72
5302.57
2456.98
3899.4
3825.85
3530.32
3303.11
3435.77
3277.91
4837.38
3602.43
4012.13
3255.22
4775.8
4416.03
2931.56
4022.84
4669.21
2792.83
4532.01
4592.84
10733.6
3363.8
5431.23
3893.31
4944.53
4442.61
4191.8
4599.5
3704.66
1911.73
4379.81
7214.67
3227.57
4568.72
6276.69
3767.95
3303.7
3538.56
3714.05
3705.38
4882.55
3392.04
3134.13
4385.49
4502.59
5456.12
7049.13
3385.3
4341.26
14393.1
3965.27
5075.72
5855.47
3481.87
3200.1
4420.38
4853.3
4833.32
3279.11
2999.46
6757.07
4137.4
4066.19
5292.22
4818.72
3694.17
4503.97
4872.56
4435.53
6097.81
4931.87
5141.04
3036.81
3024.14
3397.87
3620.93
3918.96
2653.62
2306.39
4404.2
6059.7
3666.73
4162.76
3355.4
3448.74
4427.51
3779.24
4017.03
4010.77
5744.98
3104.69
3265.52
5965.79
2973.09
3976.65
3232.47
4120.19
3622.81
3304.64
5025.74
4075.11
3894.56
2620.66
3917.86
3819.88
4055.89
5163.33
4192.23
4294.09
4797.12
6421.96
6755.01
4472.89
3288.92
4353.19
3163.96
4582.69
5160.85
3441.26
4027.67
3917.18
3679.84
3657.89
3013.64
3408.71
5075.79
4499
4139.61
4664.02
5968.57
5184.68
3266.38
2514.98
3080.61
3001.42
3059.67
4982.46
4506.53
3575.76
3668.84
3376.86
5570.01
4106.37
3792.81
3547.61
3984.07
3394.71
3385.76
3479.31
4698.02
3292.31
4005.83
2411.39
4146.52
5284.08
3260.78
4873.48
3330.49
6305.64
4192.19
2951.38
3522.92
3541.37
3894.21
5690
3923.4
3503.64
5596.74
4648.19
3315.15
5382.86
2692.54
4110.19
3152.44
3726.84
3982.82
5253.96
4231.24
3644.51
2785.26
3714.03
2786.22
3740.36
6269.69
3098.86
4017.18
3397.92
6675.43
3416.85
5849.89
3394.59
3409.29
4465.86
4923.3
4580.45
2955.17
2804.12
4368.28
5273.67
3830.48
3801.54
3027.27
5860.48
2824.21
3603.34
4379.72
3086.08
6998.13
3845.19
3535.93
4294.62
5176.62
2836.3
5146.54
5493.51
4486.86
4244.97
5747.25
2652.35
3689.07
3391.83
2883.88
4091.16
4857.5
3288.08
2746.37
3109.18
3323.09
3055.99
3921.73
9580.39
2832.99
3098.92
6653
3773.8
2969.47
3142.03
4536.27
4485.84
4604.8
2988.28
4447.71
4266.98
3497.8
3061.58
5625.47
5770.89
4819.97
3567.43
2459.64
3398.82
3572.25
6000.48
3955.92
5428.14
3065.98
3979.62
3708.82
4657.58
3306.23
3831.42
2521.28
5152.2
4615.66
2994.72
5094.26
3302.72
3586.7
2604.54
3151.13
5108.96
3116.62
3399.71
4358.45
3858.76
5663.44
4914.82
3663.03
4112.85
2699.31
3845.08
4282.72
4292.65
4888.18
3489.43
4538.91
3380.11
5107.94
3367.36
3292.36
3864.52
3308.18
3490.86
2681.08
4404.4
2592.97
3423.85
4063.95
3244.74
3666.89
4032.29
2800.44
3249.52
3373.9
3129.54
2848.69
5480.31
4381.75
6768.62
3269.53
5751.97
4894.91
4842.79
4178.64
4377.15
3047.34
4388.73
2484.22
5114.76
3998.81
3050.22
3469.01
3917.54
5036.2
3069.67
3716.06
4409.84
2989.95
4689.79
4149.54
6441.04
3753.61
4402.49
3137.2
4489.98
4425.48
4482.23
3919.78
4212.92
4535.78
3105.42
3013
6086.78
3047.31
3655.78
3859.65
4222.88
4974.82
4408.7
4086.23
3440.23
3582.78
3462.25
3317.45
3616.43
4896.74
4197.79
3528.53
5103.09
4754.85
2952.27
3074.82
6061.81
4427.62
3413.01
3955.71
6172.7
4411.68
2954.03
3276.59
2919.06
3868.57
4532.15
4829.81
3184.35
4603.74
3517.08
3885.93
4534.36
6422.66
3699.46
3285.34
3686.92
3927.17
4023.34
2675.41
2968.94
3916.76
3624.72
3508.53
3013.96
3881.68
3726.01
3875.82
4683.06
5595.62
3416.46
3424.08
4147.99
3565.57
5405.27
3432.34
4904.08
4373.83
3135.85
4486.63
5754.6
4815.86
5030.09
4215.51
3741.67
5747.23
3535.95
3823.28
4318.59
3072.02
3246.92
2891.64
2849.55
2428.7
3520.84
4370.57
6817.84
3171.61
4316.8
7062.45
3287.31
3060.16
4808.2
4386.6
3462.4
6937.92
3328.32
3555.87
3506.92
7253.84
3563.81
4360.71
4600.19
5461.34
4648.36
2895.86
5035.88
4407.58
4283.08
4061.3
4609.41
4309.8
3629.95
3843.84
3693.78
3792.85
4348.15
3851.45
4912.71
2769.28
4008.92
2930.77
4617.02
4187.14
5535.14
5026.41
3684.57
3003.68
5825.79
3972.01
4049.7
3761.69
3532.48
5025.12
4710.5
3735.4
2358.98
3803.56
5646.29
4132.57
4607.31
3557.98
3996.73
4535.3
3961.86
3637.07
3460.32
4221.61
5853.82
4271.43
8493.8
3599.7
5376.91
5724.42
4273.79
3149.73
4936.31
4320.7
6490.81
3669.57
3843.62
3648.46
2955.36
4210.68
3865.89
2714.29
6900.23
3603.34
4200.77
3819.6
5803.1
3719.4
3798.19
3344.9
4927.22
4919.55
4323.13
3536.16
3694.01
5180.6
3729.83
2940.84
4612.57
4243.53
4744.49
2846.85
3671.53
3464.8
4136.01
3606.7
6253.36
3181.02
5884.21
3311.16
6047.53
3269.72
5060.3
3601.42
3582.11
2879.01
3714.3
2826.82
4237.05
4478.81
3187.02
3231.29
6955.44
3413.47
2838.23
5561.14
3347.4
3633.14
3073.8
3570.26
4698.46
4035.59
3708.06
3020.08
2783.03
5730.36
5108.27
6285.91
4570.58
3665.01
4328.08
4054.29
3780.39
4241.95
4213.3
2743.45
8827.12
3226.77
5425.77
4393.36
4747.55
4249.32
3021.26
3961.84
4002.66
3286.94
4506.36
4567.29
3482.94
2421.66
4466.3
4592.17
6003.01
3595.04
5028.92
5102.92
4302.77
3832.41
2624.06
4757.7
2845.39
3195.76
2580.82
4074.76
4694.3
3051.83
3696.21
3731.29
4374.31
3494.04
3903.37
3825.23
4195.03
3521.38
3539.82
4008.14
6318.44
3904.46
7835.24
4871.73
3917.19
4310.26
5208.61
2895.04
3729.05
3210.73
3340.37
3974.26
3695.92
4782.14
3550.05
5413.21
7347.97
5362.06
2916.61
3559.29
3248.76
3766.53
4858.82
2240.34
3927.48
4626.2
2599.35
4104.88
6358.22
5135.44
9551.75
4392.94
4500.81
3207.86
3645.49
3177.49
1851.24
2819.81
5608.13
3030.76
3356.73
5326.12
3839.66
3020.49
4375.05
2977.64
2508.91
7234.18
4051.28
5853.54
6836.12
3326.48
4083.18
4446.58
4382.01
3452.21
3465.64
2484.76
2827.33
3546
3101.34
5443.79
4712.63
11400.8
4302.98
3400.44
4005.17
4217.96
4552.76
4708.63
3365.63
3623.2
3679.3
3527.49
3598.78
4129
3235.15
4789.61
6465.56
4878.34
3829.84
3364.05
3271.82
3765.49
4117.31
3468.78
5067.65
3304.74
5399.69
4662.9
3424.55
6494.2
3349.03
2930.71
4757.17
4146.05
4171.53
3938.11
4166.06
4458.31
3242.83
3191.56
3307.22
3481.86
3806.25
5124.49
6371.09
4604.6
4662.18
3692.94
4950.29
3756.1
5405.9
3381.28
4197.98
3271.11
5078.92
3791.89
3920.42
3276.03
2887.97
3763.82
6022.61
4641.49
4580.65
4905.34
3200.58
2473.01
4657.3
7862.5
4716.2
7174.24
3530.68
3176.98
3309.14
3110.73
7774.91
3996.04
4917.84
5049.41
5029.92
4727.29
4734.57
3203.61
3967.51
2742.12
5163.15
4703.32
3609.78
3278.75
4745.12
4870.41
4526.21
7309.49
5275.95
3103.79
3448.96
5759.71
4669.99
5299.57
3359.33
4496.6
3565.52
3431.16
5470.87
3144.82
4400.37
3583.48
2813.12
3424.4
4440.37
4881.31
5641.96
3519
2846.35
3635.79
5959.96
4620.23
3083.53
4088.14
5271.13
4075.54
6380.7
8414.99
3255.22
3993.52
5351.49
2909.48
5236.15
4521.95
5053.49
5018.09
2778.83
3232.4
4682.33
2848.44
3358.41
3796.39
5081.91
5853.54
3398.77
3946.93
4770.09
4419.19
3260.23
3079.1
4626.12
3449.3
3334.58
4069.56
4982.7
3378.65
3977.49
5001.52
2769.25
3922.06
5920.01
7094.67
5448.34
3227.77
2515.03
4881.47
2665.45
3196.68
2815.52
5479.86
5079.6
3325.72
6952.45
4217.99
4507.9
2893.15
7496.11
4079.65
3356.52
4690.88
3642.55
4945.16
3942.3
5247.97
5490.93
3641.13
10991.2
4604.56
4067.43
3993.5
4405.14
4516.7
3569.38
5874.47
4469.57
2765
5105.39
4201.14
3077.18
3371.52
2709.88
4303.95
4025.82
6320.68
4345.23
3595.52
4006.85
4854.84
3689.8
3024.69
2882.02
3373.17
5113.07
4149.25
2759.21
4012.4
4279.68
3664.34
4905.85
4371.13
2551.61
3801.83
4393.62
5702.03
4137.68
4983.31
4409.19
5930.93
3029.92
3053.55
2664.88
4663.98
3375.18
2719.11
3326.72
3287.52
3241.56
3896.34
3852.82
3451.64
4657.05
3704.93
5321.51
4308.24
3525.42
4782.59
5177.69
6953.54
4565.47
4856.06
3439.53
4979.15
4240.72
4230.32
5606.18
3848.66
3137.29
3986.45
4567.34
5936.71
4447.1
2710.1
5804.61
5117.56
3435.17
4858.76
5234.73
6766.9
3717.95
5431.12
5118.42
3848.29
4301.14
4267.18
2875.07
4567.74
4931.94
2716
3982.23
3986.42
4125.22
4610.91
5456.13
2397.47
4827.18
3425.91
3574.6
2854.07
3308.63
6816.07
3550.4
2279.27
3796.41
3423.04
3383.98
4584.28
3727.7
3292.09
4390.93
4471.75
2667.68
4276.55
5024.66
6803.79
4810.71
5062.73
4187.6
4289.55
2485.23
4899.66
4134.66
4760.68
4892.95
4450.25
5457.12
3225.36
3080.69
3532.41
3141.08
3295.38
6387.18
2968.83
3671.98
4116.78
2960.27
2813.07
5450.95
4098.38
3133.23
3266.28
4257.36
3811.11
4970.64
6818.03
3174.89
6977.6
5319.43
4983.49
4329.51
3737.64
4089.84
3744.22
3934.12
3971.23
5278.01
4146.94
3325.13
3824.75
3674.32
4404.09
2500.33
3169.86
4306.39
3582.7
2714.33
5058.12
2705.94
6123.14
3764.25
3867.82
4263.83
5019.98
6457.73
5496.94
6155.54
4303.81
3452.62
3694.15
4527.95
2726.48
6609.93
13399.7
4321.2
4036.84
3783.86
3383.89
3489.41
3740.03
3599.78
3772.71
3499.48
3851.31
3058.27
2736.68
3700.4
4103.08
5103.55
4832.26
4759.37
4867.32
3231.35
6001.59
5034.72
4268.88
3999.84
4586.55
4729.11
5351.39
3183.08
4533.25
5206.18
3685.87
3528.03
2807.15
8050.77
4295.07
3930.53
3634.34
3834.14
3737.49
3234.57
4409.45
6776.51
4438.76
3648.58
5035.09
4673.23
2941.7
3916.91
4931.35
4844.84
6530.91
3947.36
4447.93
3964.65
3717.99
4636.92
4489.2
4349.25
2742.51
3082.89
3172.9
4794.32
3734.57
3960.25
3371.36
3653.79
4138.85
2980.25
2462.48
3998.52
4297.77
3979.98
4711.35
3521.29
3807.67
4691.19
4625.75
3342.39
4843.27
3537.95
6082.88
4366.96
3822.25
4618.09
5014.37
3977.05
5377.51
4186.22
5061.1
3792.94
2779.08
5729.19
3954.54
3183.68
2574.46
5088.82
4390.1
3543.44
5548.52
3703.46
3882.32
3476.78
3295.88
4799.69
3098.66
9150.76
5077.77
4194.74
5090.26
4304.39
2853.03
4244.19
3615.75
3325.73
3941.21
3920.17
4279.6
3535.5
3953.79
3393.87
6054.1
3996.57
5838.03
3026.08
2990.29
5733
4105.16
3687.67
3053.76
4325.04
4209.47
4550.63
3709.59
3463.13
2582.55
4579.66
3565.28
5215.93
4169.21
4215.12
3918.3
3582.56
4628.26
3283.78
3136.66
4499.55
3956.38
2945.85
3600.24
3841.7
3830.92
4680.85
3436.44
3621.29
5171.67
3799.42
5352.41
3915.08
3310.77
3725.61
2515.68
5769.28
4347.67
3659.2
4227.45
5188.11
3225.56
3707.01
4679.56
3629.52
3618.77
4176.37
3276.56
8608
4843.33
4703.54
5206.56
3478.05
3535.58
3125.17
3781.84
3289.82
3880.82
3855.87
3945.56
4198.99
3883.66
3661.48
4339.75
3552.57
3296.83
3806.96
3397.38
5714.03
4840.82
4646.35
3751.64
4123.13
3687.98
6952.06
3909.88
3821.57
3717.8
3350.9
4266.72
3706.51
4263.12
2508.33
3635.89
3055.07
9808.99
4519.05
3510.34
4228.16
4031.87
4087.77
4646.1
6042.56
4790.51
3012.06
3295.04
5767.5
3774.12
3366.16
4620.81
7195.38
4814.74
3859.32
4348.02
4163.55
6673.27
3805.96
3610.58
3295.82
3981.96
4451.56
5592.34
5182.59
3557.51
3720.99
3104.14
4183.66
4269.58
3307.64
4572.11
4610.61
3672.02
4780.57
5214.92
3563.5
4225.45
3967.3
5068.58
4028.05
5011.22
2675.66
3833.17
5114.52
5618.9
3686.94
4820.52
5545.18
4338.07
4305.06
3525.5
3562.31
3474.77
3507.97
3549.23
3756.8
2966.44
3469.6
4208.61
3715.25
4224.8
2527.4
4609.42
6527.11
2971.17
3569.51
4661
3293.76
4363.29
2832.86
2967.74
3823.68
4046.94
4427.4
3401.75
3445.08
4945.29
4090.91
5333.11
3841.79
4225.01
3834.21
3791.82
4591.71
3534.96
3299.38
3233.3
5107.21
8713.74
3771.45
4121.32
2718.29
5150.82
3866.45
4957.6
5129.43
3685.05
3407.03
3798.26
4208.61
5678.58
4121.26
4519.06
4887.91
3072.74
5450.4
4565.52
3514.3
2839.21
3148.38
4994.91
3689.28
3609.68
4396.04
3144.6
8529.23
5213.95
4558.61
2454.84
3312.87
3443.47
3364.6
4166.29
3993.16
3040.46
4558.8
3870.75
5227.49
4138.02
3458.19
4786.2
3575.53
3459.53
3638.86
3829.27
5516.15
4338.23
4388.55
3687.13
3132.89
3284.12
4615.53
4317.15
5872.14
4560.37
3458.02
3726.36
4349.3
3787.19
3419.22
5753.06
3839.82
3851.86
5666.14
3150.64
4036.29
5258.03
5261.9
3580.15
3308.62
4640.87
6164.06
3181.28
4203.94
4632.53
2984.84
4296.08
3005.47
3917.29
3266.43
3784.47
6633.05
4411.55
2638.53
4560.44
2883.19
3056.27
4570.39
2618.95
3884.56
4053.27
3823.64
5103.19
2857.17
3696.55
5025.2
4354.52
4934.85
3287.31
5299.18
5449.72
5885.33
3413.19
5121.85
4530.5
3989.08
6885.45
3287.5
3156.95
3446.03
4406.76
4547.61
4418.76
3580.92
4493.46
3031.81
2820.1
5672.09
4978.97
3843.98
4230.8
2794.16
3456.66
3554.36
3159.79
3457.37
4718.57
4108.64
3841.07
3796.57
5839.36
3156.7
3646.61
3594.77
4444.98
5547.74
4030.67
3324.09
3062.88
3608.61
4553.79
6920.15
3292.19
3320.09
4530.62
3504.67
5499.12
2515.17
5021.91
4133.26
8008.13
3263.29
4390.28
2982.38
4403.86
3969.67
3670.63
5009.03
6637.56
3549.32
4242.69
4340.31
3939.95
3041.31
4165.2
5572.98
4511.87
3375.49
4547.47
3797.93
3803.13
2868.75
4136.35
4186.23
5258.43
4190.36
5764.72
3982.99
5742.36
6864.73
2718.62
3020.46
3556.53
4388.19
3952.5
4127.46
3690.22
3338.61
3220.39
2947.51
4015.56
3910.44
5322.22
3830.26
4137.36
3236.62
3186.53
4899.15
3629.52
4240.01
2947.12
4783.5
4121.36
4085.31
6092.34
4248.26
2717.52
2954.04
3118.55
4020.27
3562.32
4270.18
5051.42
5638.51
3181.63
5594.16
3002.5
3455.34
5113.81
3235.99
3540.29
4423.34
3943.31
7178.49
6346.48
3010.14
3184.94
4058.74
3968.77
3593.1
3265.65
4273.23
4067.57
3966.41
6605.22
2997.62
2727.31
3311.72
3859.3
2877.86
4839.15
5163.37
3253.13
2770.58
3815.27
3897.55
3925.87
3252.35
2799.96
3609.44
3660.5
3805.82
3656.21
3569.18
5517.12
4669.56
3544
5058.73
3407.9
3189.78
4578.78
4330.84
3328.24
5164.99
3129.69
3076.28
3574.6
5304.04
5160.28
4597.26
3298.34
6040.91
4055.79
4765.95
4436.98
7158.09
4760.83
4744.07
2962.5
3675.86
3748.93
2611.2
3431.59
4061.83
5961.96
3043.26
4588.39
3829.56
3003.31
5818.55
2955.5
2821.94
3445.89
4034.57
4251.56
5214.26
3937.83
4424.06
5710.34
2853.78
3291.93
4398.7
5475.45
3813.91
2898.1
5206.27
3773.07
4450.19
2836.01
3862.72
6205.98
3392.68
4542.01
7626.22
4337.51
3990.28
4288
3912.06
7787.43
7476.4
3070.78
2920.07
3878.42
4759.2
4370.16
2825.66
2923.4
4161.15
4172.87
3753.76
4695.89
2820.62
4511.34
6062.01
4504.2
3432.35
3575.03
2813.76
4397.16
5069.59
3838.16
4903.19
4873.24
4911.85
3675.11
4040.95
2949.56
3717.33
4483.02
3749.74
3714.1
2409.25
4695.6
2899.75
4587.92
2666.52
4623.24
4618.92
4498.47
3154.23
4214.93
3990.47
4453.65
3982.28
5164.38
4089.76
2519.43
4328.03
4758.32
4468.55
4887.61
4712.25
4474.2
5275.44
6191.62
5424.9
5694.68
3027.28
3191.24
3417.85
2334.49
2843.54
4297.05
3620.25
2864.8
4869.66
4096.14
7613.45
2651.81
4531.68
2805.3
3219.4
3932.59
2396.23
3786.6
4644.38
4461.52
3590.9
2614.16
5669.35
6076.12
3715.79
6843.52
2949.83
3314.13
3729.49
4357.48
3469.19
5306.26
3483.1
3626.03
4194.66
4281.57
3037.54
4096.61
4102.8
3514.79
4839.88
3552.35
4635.54
3814.01
3807.68
4661.7
3585.5
3125.75
6549.04
3469.89
5701.58
4244.03
3134.56
6382.3
4301.92
3998.15
2901.6
2907.13
3999.35
3100.07
4197.87
2715.14
4763.45
3833.78
5267.63
4002.31
4789.99
2689.53
3864.24
4674.51
3907.75
4744.77
3455.29
3460.33
3315.7
5812.62
3223.18
3567.32
3573.94
5689.25
3575.85
6107.55
3713.13
2472.9
4235.23
4185.03
4117.23
4157.75
4790.03
3209.26
4486.33
4871.9
3677.64
3874.55
3017.65
4509.13
3413.49
3366.85
4243.71
3491.98
4432.61
4078.8
3813.9
3737.57
3465.36
4518.49
2838.23
5385.9
3334.8
4412.98
5986.79
7024.55
3376.84
4448.62
2582.82
4040
2795.02
3979.62
4838.33
4476.85
2950.91
6402.2
2509.19
4817.15
4196.7
5678.2
4052.36
5571.43
3735.31
4147.41
