3028.32
3015.77
2765.62
4160.78
3765.31
2700.53
2961.84
4338.91
3403.76
2317.55
3820.95
2604.85
2998.13
2803.72
2329.96
3093.44
3275.02
3465.34
3097.98
1949.2
2108.21
3482.68
2534.29
3531.43
3518.96
2703.97
2203.59
2579.68
2679.47
2948.43
2593.66
2396.08
2555.77
4318.98
2310.36
2591.86
2891.27
3337.05
2879.46
2603.72
2971.76
1754.16
3286.05
3579.84
2542.26
2520.88
2545.27
3307.93
3327.04
1830.77
2713.67
2698.09
2644.21
3098.63
2639.99
2544.83
3385.63
3197.97
2770.31
2082.2
3072.21
2544.11
4358.09
3603.97
2868.78
2284.46
2973.39
2799.37
2406.57
2827.15
2701.98
2813.01
4178.42
3016.07
2947.45
2990.82
3039.55
3270.36
2630.64
3853.38
3417.35
3398.74
2474.81
2615.1
2994.22
2482.68
3224.02
3162.42
3310.42
3751.72
2437.74
3829.65
2802.99
2622.45
2276.91
3175.55
2700.99
2438.27
3389.85
2923.56
3560.33
3289.32
4365.38
3575.22
3404.6
2612.55
2487.01
4281.52
3390.98
3521.88
2458.87
3368.75
3342
3391.51
2194.49
2949.13
3135.59
2846.78
2825.39
2726.4
2452.53
2981.43
2915.14
2395.15
2423.26
2750.9
3219.55
2480.47
3371.9
3211.71
2792.64
2815.32
2952.98
2277.57
3569.99
2812.94
2729.74
2920.06
3034.85
3285.26
2361.37
3716.35
2483.66
2505.67
3145.95
2503.2
3477.48
2658.49
2881.68
2774.47
1850.73
2922.6
2577.08
3170.14
3206.43
3625.56
2650.61
2218.25
3416.55
3350.62
2508.46
2954.92
3091.13
3445
3056.55
2153.87
2576.51
2129.43
2230.52
2690.72
3191.68
3494.12
2498.31
2689.24
2987.78
2472.39
2783.79
2731.15
2630.26
3715.96
1801.19
2809.03
2488.52
2177.91
3102.9
3727.63
3671.78
2430.23
3382.91
2650.98
2965.3
2888.72
2281.29
2620.88
2617.54
2090.97
2926.37
3023.3
2295.05
3247
3389.4
5153.07
3478.7
2874.58
2534.34
2704.54
3767.01
2702.42
2687.73
2654.46
2445.35
2381.19
2443.96
2306.14
2254.68
2806.92
2703.22
2726.47
2882.05
3422.36
2741.82
2926.97
2411.78
2798.05
3535.86
3575.8
2892.9
3780.54
3327.31
2708.86
2850.21
2684.42
3009.05
2611.67
3121.02
2107.31
2636.22
2887.71
3330.93
2978.99
2952.36
3007.85
2496.08
2099.28
3631.83
2791.38
2598.44
2452.35
2700.89
2886.87
2913.39
3755.07
2617.54
2482.43
3277.81
2457.47
2867.27
2327.1
3571.39
2779.87
3668.51
2794.05
3516.55
2603.76
3229.61
3105.68
2677.39
3172.19
3783.11
2326.68
3314.89
3701.7
2568.53
3263.73
2857.57
3127.63
2558.76
2962.41
2943.86
2419.63
3045.27
2885.35
2792.35
2815.29
2193.71
2792.11
2183.78
2610.56
2753.44
2433.72
3893.6
2527.14
3319.86
2458.33
3796.6
3090.82
3493.83
2701.29
3095.21
3691.34
2683.04
2853.16
2966.95
3115.49
2614.45
2414.42
4031.67
3095.11
2757.69
2525.48
2682.61
2734.15
2832.33
2626.34
2753.72
2282.37
3544.57
2176.68
3319.05
2706.2
3557.5
2964.16
4583.35
2789.66
2448.46
2939.54
3084.89
2013.45
3060.8
2700.15
3028.84
2325.05
4085.79
3580.3
2656.06
2052.02
2743.5
2894.56
2893.22
2599.02
3844.69
3756.54
3398.78
2829.12
2915.35
2565.45
2806.54
2632.16
2188.65
2444.91
3994.23
2498.41
2631.89
3000.03
2893.35
2959.12
2812.18
2545.53
2964.32
2918.07
2539.01
2397.38
2871.4
2160.02
2669.69
2859.98
2838.95
2508.42
3377.95
2751.12
4052.37
3109.27
3641.04
2747.95
3054.31
3086.11
2414.39
2423.32
3141.09
2661.39
2280.12
2018.71
3007.84
2948.42
2250.11
2141.2
3778.34
3100.92
4281.11
2381.49
2329.15
2910.05
2937.98
2903.66
3457.9
2942.75
2895.09
3231.59
2480.49
3458.4
2912.23
2698.73
2514.06
2463.61
2410.15
1856.7
2177.89
3004.6
2339.86
2833.97
3804.87
2303.34
3516.78
3176.86
3098.37
3546.46
2110.59
3156.03
3147.65
3537.31
3012.3
3554.27
2851
2245.13
3252.61
2306.63
3066.67
2838.3
3477.76
2373.76
2536.39
2843.75
3299.71
2544.62
2577.44
3258.27
2404.2
2739.18
2783.79
2291.56
2459.84
3262.63
2649.46
2641.36
2541.47
3224.8
2550.25
2939.12
3049.4
3207.11
2637.82
3229.39
2516.06
4965.92
2157.75
2711.86
2575.38
2891.91
2672.08
2577.5
2431.57
3552.95
2647.56
2899.38
3248.94
2219.37
2808.04
2991.43
3252.62
2761.14
3222.17
2923.8
2965.93
3524.15
2486.5
2476.25
2900.19
2954.6
2698.26
2918.53
3025.16
2485.95
2513.66
3642.28
2787.17
3106.14
3013
3203.94
2773.03
2134.98
2732.28
2502.63
2476.16
4145.61
2241.21
2522.47
3401.74
3273.28
2490.55
2693.17
2718.4
3113.93
3378.38
2755.95
3074.53
3618.24
2919.21
3605.66
3153.38
3263.81
2620.16
2270.2
3020.93
3316.96
3386.23
2901.85
3230.27
2442.86
2739.49
2752.86
3279.98
3684.88
3713.17
2984.78
2594.13
3789.65
2731.93
2624.77
3034.64
2628.57
2661.02
3253.58
2881.69
2793.66
3167.37
2981.66
2528.76
2423.72
3147.42
3029.88
2321.52
2814.17
2310.38
2948.35
2906.91
3080.61
3103.85
2350.12
3152.53
2415.1
3191.85
2861.22
3659.69
2333.14
3004.31
3331.42
1983.94
2618.87
2776.38
2237.35
3431.35
3128.05
3438.37
3192.3
3396.32
2575.43
3150.88
3805.49
3322.9
3392.54
2708.6
3683.82
3506.56
2714.61
4017.44
3452.62
2869.96
2871.66
2248.89
3505.89
4608.6
2723.99
3674.05
2265.34
3077.79
2874.1
2280.88
3424.02
2976.2
2945.28
2673.67
2324.24
2231.2
2390.36
2834.65
2951.95
3218.07
3704.87
3461.51
3477.83
3395.43
3188.41
2636.34
3153.99
2486.34
3336.29
4150.54
2675.65
3653.74
2537.73
2278.24
2716.21
2538.57
3027.35
2944.88
3602.89
2619.91
2401.77
2867.72
3097.75
2977.94
2740.69
2974.32
2574.6
2427.42
3009.82
3002.27
3224.27
2250.67
5468.01
3714.43
2869.77
3255.73
2516.61
3372.72
3199.08
2743.81
2588.39
3099.79
2641.19
3213.12
2763.5
2941.83
2188.41
3556
2824.24
3750.83
2842.31
4387.23
3525.17
2658.02
2920.67
2753.83
2652.67
2455.16
2676.04
2445.94
2976.31
3940.87
3058.91
2498.55
3039.58
3698.91
2785.57
2688.83
3858.29
2975.91
3790.93
3201.7
2295.7
2814.14
3202.88
3341.76
2579.35
3670.53
2960.59
2819.18
3083.16
2561.65
2581.21
2530.02
2829.48
3153.18
2811.94
2275.05
3657.86
4106.6
2742.31
2218.12
2896.68
2988.63
2456.15
2611.59
2563.51
3752.78
2196.88
2842.45
2592.14
2948.65
3211.87
2711.81
2573.5
2462.87
2081.4
3092.08
2164.37
2540.32
2691.58
3487.27
2622.96
2419.03
2739.76
3302.95
2524.37
2132.99
3083.44
3355.55
2823.97
2979.7
3436.69
2284.89
2734.54
3425.21
3305.53
2604.79
2885.31
2889.27
2949.55
3317.6
3182.6
3034.36
2738.06
2792.88
2617.65
3383.42
4361.82
2250.03
3022.41
3268.91
3488.27
3057.54
2886.19
2405.74
3418.49
2351.39
2328.66
3357.41
2785.04
2487.93
3936.26
3286.58
2773.5
3100.4
2730.44
2490.35
2606.91
2765.9
3558.21
3744.21
2898.03
2227.24
3179.37
2312.62
3435.81
3366.86
2872.38
3293.55
3590.64
3109.2
2222.43
3007.98
2819.42
3138.73
2676.3
2790.1
2649.4
3256
2640.64
2088.05
3705.18
2900.5
2567.47
2354.95
2354.62
3200.36
2670.72
3066
3309.3
2178.75
3446.29
2977.28
3299.66
2766.08
2256.43
3244.87
2786.26
2111.6
4118.28
4536.07
2972.63
3148.91
3182.51
2846.93
2437.47
2640.21
2731.42
2564.43
2399.1
2669.97
2447.64
2299.76
2416.28
2296.12
3439.04
2953.54
2249.65
3435.86
2929.02
2738
2545.64
2100.85
2476.41
2692.99
2670.03
2701.97
2742.64
2866.68
4037.03
2950.85
2617.39
2950.41
3606.11
2757.46
2798.8
3199.17
3063.21
3386.8
2925.8
2889.82
2959.74
2071.36
2340.7
2674.9
1970.31
2923.27
3042.27
2648.48
3300.33
2798.77
2750.48
2752.68
2558.96
2721.78
3052.1
3406.69
2423
2712.69
3050.6
2379.16
2814.91
2615.3
2589.91
2560.84
2481.31
2674.98
3584.04
3588.17
2431.01
2560.02
2881.27
4369.19
2961.15
2768.16
2598.95
2619.84
2550.87
4500.64
3549.85
1915.34
3118.94
2871.14
2806.87
3270.54
2296.88
3107.6
2690.34
2810.43
3427.85
2526.66
2620.5
2713.28
2920.42
2343.19
3274
3157.85
3310.33
2957.33
2894.48
2792.59
2321.87
2616.37
2940.58
3459.25
2750.8
4144.88
2049.73
2675.19
2665.74
2616.46
2728.68
3115.26
3833.5
2913.28
2064.55
3031.01
2761.46
2871.08
2905.13
3290.1
2547.45
3468.08
2890.64
3111.37
2640.62
2774.36
2854.77
3367.76
2727.88
2652.37
3037.36
2653.6
3042.83
3452.19
2168.74
2635.75
2980.24
2128.71
2281.12
2910.19
3941.41
3796.08
2831.35
2771.18
3761.7
2373.06
3376.79
4279.27
2387.23
2354.25
2335.61
3383.28
2481.86
2627.05
3956.96
2663.13
3269.94
2127.25
3042.63
2827.3
2920.8
3184.58
2193.01
2435.19
3400.75
3745.11
2609.2
2977.89
2828.66
2103.32
2882.65
2640.93
2504.16
2659.28
3812.65
3305.32
4014.26
2910.59
2417.67
2321.83
3168.98
3230.34
2875.15
2806.22
2691.5
2573.8
3259.39
2650.7
2816.97
3438.24
3133.84
3484.29
2448.6
2835.48
2859.33
2932.01
2350.46
2584.61
2637.97
2830.73
3342.19
2939.64
1920.94
4116.62
2197.98
3187.78
3604.48
2580.73
2361.95
3921.86
2366.91
2343.21
4060.46
2657.12
3217.78
2490.78
2993.8
2739.16
2060.78
2543.82
3138.12
3308.87
3490.77
2510.69
2586.92
2087.3
2711.64
2629.9
2462.69
3698.72
3639.46
2665.38
3636.32
2953.62
3274.9
2484.5
3367.46
2888.44
3158.41
2625.8
2346.05
2569.31
2743.86
2920.38
2986.34
3755.28
2343.09
3611.27
2887.38
3050.64
2884.93
3307.08
2492.19
2921.58
2063.98
2109.21
3461.88
3318.02
2698.09
2541.69
2381.04
2584.28
2522.52
2413.62
3143.88
2764.53
3533.16
2594.16
3730.17
2794.76
2485.61
3792.09
2686.04
2747.82
3147.51
3167.32
3122.1
2146.81
2430.82
2472.92
2561.91
2637.21
3315.37
2295.98
3176.17
3624.89
2787.32
3280.13
2924.04
3515.54
2454.93
4278.5
2976.07
2372.97
4288.16
2701.81
2694.94
2855.79
3380.85
2990.91
4158.09
2890.76
3571.9
2376.38
2266.49
2262.22
2626.58
2326.42
2636.29
2765.67
2420.84
2805.13
2903.34
5343.19
3136.66
2763.52
2532.21
3013.39
2885.47
2470.19
2124.75
2397.83
2888.1
2560.85
2611.78
2947.19
3439.43
2997.62
3563.09
3234.5
2195.83
2533.87
2843.98
2847.17
2647.29
2665.38
2744.16
2822.7
2757.64
2103.46
2764.95
3954.55
2096.18
2374.12
2714.76
2147.29
2872.67
2766.36
3776.37
3078.53
2036.17
2970.44
3093.12
2885.3
2611.25
3041.2
4127.92
3095.95
2110.38
2856.45
2397.53
3132.43
3293.16
2344.61
2979.64
2917.36
2448.11
3039.54
2624.63
2334.16
2755.52
2650.99
2331.98
2707
3480.12
2967.62
3128.74
2879.28
2579.2
3502.92
3713.2
3199.65
2101.47
2685.35
3001.3
3142.1
2896.41
3167.88
2645.02
2678.62
3532.6
2551.54
2784.44
2771.85
2649.26
3621.47
3163.32
2555.57
2636.46
2983.29
2825.69
3184.72
2736.95
3218.06
2672.86
3195.21
2446.78
2562.96
2524
3123.36
3372.19
3002.02
2581.43
2771.94
2942.22
3268.56
2730.77
2873.72
2845.32
2474.84
2395.08
3478.27
2968.43
2259.35
3148.78
3145.19
2676.48
2909.65
2944.81
3229.39
3145.83
2309.55
2961.78
2684.82
2788.97
2363.6
2363.7
2566.74
2847.56
3145.76
2608.39
2781.03
3236.68
3357.1
2637.2
2569.42
2586.39
3492.1
2360.02
2606.72
2522.82
2607.03
2775.08
2168.61
2842.59
3184.66
2669.27
1947.9
3289.21
2991.07
3464.45
2820.13
2793.3
3325.23
3315.69
3261.11
3206.2
3044.59
2837.52
2788.05
2580.29
2875.4
3938.37
2837.71
3239.23
2803.13
2697.88
2842.58
2683.83
2933.73
2631.61
4594.69
2825.61
3037.44
3108.12
2136.08
2739.79
2583.23
3143.4
3957.39
2506.04
2686.36
2834.25
2697.58
2573.2
3107.29
2919.37
2566.5
3626.62
1927.56
3684.84
3562.96
2595.49
2305.46
3262.32
3148.56
3055.58
2595.43
2480.58
3028.25
2995.38
2593.72
2298.49
2416.23
2224.33
3150.11
2719.66
3240.23
2801.09
2799.49
2501.54
2039.1
2349.18
3397.52
3439.09
2434.93
3074.35
2896.55
2988.55
3129.17
2316.49
2529.38
2608.21
2967.34
2853.65
3009.46
2809.51
2677.04
3218.84
2953.12
3071.86
2677.34
2633.14
1898.28
4439.18
3320.14
5016.96
2882.2
3132.69
3555.09
2962.25
3082.73
3842.23
1951.49
4000.18
3008.83
2605.78
2122.94
2496.55
3794.84
4159.12
2978.56
2852.5
2694.63
2333.5
1855.76
2744.12
3048.36
3339.05
3298.49
2327.46
2908.55
3005.16
3216.94
2240.8
3026.03
4373.91
2609.5
3130.74
3109.95
2271.92
2625.32
3752.6
2386.36
2719.41
3166.46
3796.85
2682.78
3184.96
3413.59
2853.01
3051.8
2558.82
3295.85
3719.51
3185.14
2168.69
2147.86
3014.6
2779.35
3985.16
3809.86
4514.07
2953.25
2535.8
3515.78
3691.59
3193.45
2438.24
2528.47
3427.67
2720.07
3244.21
4067.04
2562.23
2536.95
3928.36
2540.17
3312.79
2406.16
2864.99
2529.07
3219.33
2362.12
2600.85
4187.19
3701.54
2734.52
3293.79
3000.07
3642.19
2533.87
2803.46
2593.05
2731.69
2238.83
2184.61
2788.72
2309.81
2434.71
3478.18
2912.79
2753.14
3504.13
4194
3038.22
3730.74
3380.63
2628.67
2184.55
3666.74
3266.84
2815.74
2711.71
2922.85
2300.57
2392.12
2476.55
2876.95
2862.84
2739.54
3008.19
2901.19
2696.79
2699.48
2825.77
2227.44
2151.46
3696.4
2620.85
2661.55
3643.43
3558.97
2332.3
2477.57
2256.43
3372.98
2690.45
3672.69
2722.33
2298.3
3181.03
3219.5
4014.38
3312.14
2203.72
3208.67
3176.98
2627.49
2627.36
3375.96
4595.5
3537.94
3177.35
3871.36
4041.43
4121.98
3722.61
3006.67
4189.93
2810.6
3433
2369.76
3357.73
2939.72
1966.96
2764.56
3079.97
2873.6
2818.11
2387.04
2316.8
2883.81
2587.69
3209.47
3012.94
3429.21
2489.89
3314.14
3070.7
3686.58
3649.31
3015.4
2800.74
2469.6
2899.57
2619.66
2857.34
3411.86
2608.7
3144.7
2781.39
2647.28
2674.55
2363.08
2288.61
3048.52
4027.35
2091.69
2421.64
2634.94
2613.26
2640.29
2789.11
3670.89
3866.89
3192.43
3156.61
2993.01
3819.55
2534.31
2488.27
2599.77
3183.18
2313.57
3199.2
2317.59
3751.33
2791.16
2664.95
3212.82
3159.96
2806.17
3485.73
2364.47
3101.98
3311.72
3494.35
3253.94
2588.83
4051.57
2232.38
3268.23
2316.53
3122.13
3190.01
2147.68
2425.32
3124.79
3345.13
2957.03
3168.06
2368.29
2623.53
3461.63
3570.44
2710.02
3191.53
2973.27
3077.25
3670.42
3451.21
2537.65
2360.09
2517.78
2894.13
2466.42
3854.16
3115.39
3190.28
3528.57
4151.64
3307.26
3308.99
2673.3
2473.49
4037.29
2712.4
2200.23
3014.54
2838
2167.17
3128.87
3399.13
2246.19
2725.5
3116.46
2418.14
3048.06
3152.79
3081.44
2496.15
3691.09
2165.1
3003.16
2620.95
2592.24
2026.64
2461.82
2405.16
2660.05
3202.97
3489.77
2378.58
2486.64
2252.01
2751.3
3858.47
2821.16
2730.96
2888.87
2816.74
2939.89
2862.77
3595.09
4572.05
2773.24
2547.56
2880.45
2715.41
3689.1
3660.84
3891.71
2405.12
2602.4
2951.51
2292.43
2236.87
2834.02
2909.74
4257.77
2268
2032.14
2807.66
2327.16
3211.12
2578.45
2563.3
3915.18
4211.18
3536.64
3886.77
3227.23
3448.83
2655.77
3885.98
3724.05
2367.5
3000.62
3022.2
3578.9
2937.11
2527.79
2931.29
2817.31
2533.59
2342.44
3669.26
3955.67
4036.12
2204.36
3808.42
2269.52
3504.07
3563.07
2723.3
2364.82
2657.92
2324.46
2340.94
2566.72
2580.14
2773.87
3411.58
2705.45
2710.4
3864.62
2472.94
3857.52
2762.92
3688.84
2276.48
3212.74
2403.68
3231.12
2824.66
2223.48
2100.5
4615.55
2824.68
3178.34
2558.75
3280.73
2229.39
3177.93
3260.22
3665.97
2417.83
3439.49
2371.71
2654.09
3902.96
2827.47
2926.33
2198.13
2661.78
3081.44
2833.68
3772.85
3133.91
3486.34
3230.57
2898.79
2863.37
2536.46
2190.41
2691.54
2592.34
2810.54
3782.96
2588.91
2332.54
4286.29
3270.46
3528.3
2675.96
2480.37
3033.81
2586.92
2580.17
2340.86
2935.34
3034.92
2475.88
2283.45
2897.54
3781.46
2626.75
2352.93
4111.77
3207.95
2363.56
2862.18
2697.5
2802.45
3468.39
2766.18
2746.99
3161.39
2755.41
2905.3
2582.69
2237.93
2544.9
2141.73
3177.91
2830.41
2499.62
2951.25
3102.95
3459.72
2463.44
3316.96
2757.1
2692.47
3188.74
2807.46
3370.15
2088.16
2296.73
2453.81
2045.03
3289.44
2228.13
3410.94
3403.65
3034.31
2273.48
2746.96
2769.43
3513.88
2492.67
2795.96
3163.92
3101.67
2551.75
2440.11
2854.49
3586.26
2898.81
2700.33
3015.48
2633.64
3000.56
2365.43
2550.11
2974.96
4144.58
2800.63
2438.68
2317.22
2712.88
3276.69
2940.79
2643.53
2590.9
3231.18
2597.02
2642.37
2818.99
2178.48
2303.99
2311.98
2862.44
2255.96
2579.91
2969.17
2689.55
3073.75
3619.82
2974.5
3191.24
2300.52
2759.28
2936.41
2376.85
2625.87
2891.9
2150.36
3098.96
2755.81
3433.4
3095.39
3515.7
3048.6
2538.33
3402.77
2710.39
2270.74
3801.44
3259.74
2753.22
3118.49
2844.29
2458.04
2823.39
1814.97
2360.98
2671.82
2847.77
2364.19
3001.68
2644.28
2876.16
2551.56
2445.93
3143.99
2428.15
2997.18
4276.43
2215.54
4469.14
3219.28
2562.55
3029.68
2942.27
2746.79
3018.35
2097.05
2799.29
2568.35
3042.08
2421.57
2777.84
3326.26
3113.03
2734.58
2892.05
2509.89
2561.93
3561.23
2953.38
3566.75
2449.77
2555.54
3155.9
3192.93
2520.26
2578.39
2580.49
3476.98
3925.4
3002.22
3437.02
3017.91
2336.17
2352.42
2910.8
3123.31
3435.13
1995.26
3395.57
2285.04
3002.06
2670.38
2217.48
2446.59
1889.71
2691.94
2653.47
2855.98
2948.02
3830.26
2173.26
3301.78
2713.18
2923.88
2452.34
2438.61
2440.92
3242.88
2279.81
3207.45
2918.34
2526.69
3123.77
2666.29
2965.42
3660.27
3066.98
2559.45
3915.42
2792.98
3011.78
3012.02
2456.51
2649.51
3370.16
2720.27
3385.27
4233.71
3329.63
2535.28
2765.82
2445.4
3401.24
2792.76
3157.64
2783.66
2635.04
2459.52
2490.16
2372.08
3379.24
3085.07
2827.35
3411.75
2383.12
3074.52
2379.2
2441.55
2583.06
2406.16
3415.14
2396.45
2104.52
2824
2257.61
2980.36
3339.2
2374.6
2792.13
2970.73
4260.65
2929.7
2798.17
2535.37
2200.67
2811.43
2942.17
2235.02
3499.25
4232.76
2882.02
2093.49
3279.92
2847.69
3205.29
3328.38
2470.49
2946.62
3243.92
3127.96
2741.98
2217.17
3456.32
4316.95
2674.25
3038.95
2449.72
2800.75
3529.8
3435.94
3162.11
2778.22
3739.14
2860.03
2459.49
3137.34
2724.71
2623.06
3981.66
2400.69
2744.57
3274.2
2740.09
3582.53
3303.03
3057.13
2590.51
2502.76
1880.06
3119.92
2648.77
3231.68
2463.94
2714.58
3530.67
3513.48
2445.32
2718.46
3790.4
3214.53
2393.15
2633.6
2888.07
3358.46
3232.47
2962.39
3320.99
3247.67
3330.91
2770.35
3883.2
3481.92
2625.14
2677.98
3118.14
3314.48
3103.64
3613.03
3015.23
3149.84
2840.57
3105.83
3292.3
2349.94
2795.49
2535.15
4166.99
3676.49
2811.5
3142
3155.12
3189.76
3260.08
3901.25
2258.28
2905.55
2746.69
3105.61
3491.51
3013.77
3225.29
2283.22
3501.29
2628.89
4132.1
3143.1
2841.73
3046.97
2103.72
2469.25
2910.45
2676.19
2783.95
3170.88
2594.67
2912.85
3080
2850.1
3671.91
2793.81
4310.7
2767.02
2526.42
3575.11
3415.85
2418.19
3365.43
2399.8
2460.81
2644.3
2190.23
2699.61
2457.13
3141.23
2421.59
3461.94
3503.83
2351.61
2779.99
3048.49
2694.65
3498.82
2385.66
2614.19
3611.18
2267.67
2084.51
3523.4
3100.53
3272.17
2030.74
2898.9
3437.24
2183.1
3222.45
2856.76
2572.21
2470.36
2888.81
2508.65
2789.46
2294.96
2372.64
3334.46
3326.49
2639.7
2767.76
2511.37
2325.01
3481.66
2795.39
3523.81
2394.21
2517.79
2084.38
3520.77
2722.62
3137.14
2974.54
2620.59
2892.81
3362.39
3565.15
3190.62
2934.37
2790.7
2344.97
3029.67
2023.34
2636.04
3461.3
2745.6
2587.52
2548.03
2004.11
3058.76
2785.69
2925.05
2294.21
2193.16
2764.76
2399.85
2724.96
2545.65
2742.37
2622.72
3048.38
2963.5
3593.43
3038.41
2550.81
3189.85
2215.59
1979.85
3626.56
2703.44
2265.34
3105.48
2265.87
2398.78
2955.99
4757.82
2770.22
3175.58
2704.82
3796.67
2644.73
3148.04
2783.22
2368.04
2471.38
2694.84
2968.14
2460.3
2980.78
2480.85
3694.63
3535.93
2729.8
3663.03
2547.77
2623.18
2425.57
3702.88
2753.4
2215.24
3095.89
2587.35
2918.09
2498.71
2516.19
2846.26
3153.6
2305.44
4248.09
2899.4
2946.47
2902.99
2612.3
3120
4543.95
2524.5
2627.27
2903.47
3047.5
3310.31
2541.39
2716.08
3129.15
3029.98
2953.77
2601.9
3343.97
3508.8
2690.72
2884.09
2644.4
2378.58
2324.17
2641.66
3009.2
2904.68
2850.88
3548.36
2837.57
3303.88
4053.8
2736.38
2486.1
2515.13
3318.89
2179.21
3552.9
2279.85
3144.47
3025.62
2972.9
2610.87
4200.43
2738.74
2966.21
2202.09
2968.45
2343.33
3733.11
2449.28
3021.44
3554.43
2950.22
2740.85
2901.57
2968.18
2746.02
2145.74
2876.24
2568.43
3158.53
2533.81
2350.39
3264.58
2391.59
3306.88
2853.85
2555.41
2286.21
3604.86
2474.39
3081.39
2795.5
2488.85
2712.76
2442.43
2593.95
3315.68
3583.93
2257.6
2446.53
2593.42
3747.93
2912.99
2780.76
2330.94
2363.36
2706.38
3328.78
2283.2
2681.13
3475.69
3411.33
3001.37
2403.48
3115.68
2398.21
3363.38
2346.37
2983.57
2152.4
2502.37
2274.94
2742.04
3697.22
2668.72
2745.04
3155.73
2919.02
1999.71
3075.48
2708.57
2288.85
3334.92
3569.11
3189.01
2774.19
2368.83
2898.98
3699.89
2678.28
3560.87
2227.12
2365.07
3012.78
2858.79
2445.51
2544.4
2130.46
3466.94
2629.76
3483.9
2561.78
3254.26
2968.09
3092.83
3880.99
2670.82
3264.99
2781.96
2778.26
3186.66
2369.9
2509.9
2694.09
2803.26
3107.96
2894.19
2887.11
2301.58
2856.03
3092.08
2940.89
2542.67
2462.31
3064.1
2514.12
2586.26
2519.89
2762.58
2448.5
3485.32
3023.43
2539.44
2627.46
2664.19
3084.42
2442.46
2917.82
2608.2
3060.93
2499.33
2780.69
2942.87
3248.08
2293.92
2394.24
3502.11
2730.53
2734
2806.68
3030.77
2672.18
3121.6
2746.58
2796.71
3022.52
3029.18
3323.39
2933.69
2299.12
2737.88
2615.15
3121.79
3303.45
3115.75
2154.98
2727.21
3052.51
2722.14
3202.78
4001.63
2848.68
4103.35
3095.85
2928.29
2641.76
3214.89
2683.81
3206.42
2478.2
2389
3099.98
2406.93
2490.27
2965.83
2829.09
3442.65
2433.14
2966.54
2934.33
2927.84
2872.38
2496.31
3057.04
2319.57
2597.23
3347.93
2554.74
3067.59
3100.71
4219.8
4429.06
2523.98
2156.92
2735.25
3292.12
2802.82
2729.05
2112.42
2911.05
3153.71
2932.51
2623.19
2681.13
2588.11
2903.12
2848.75
3001.79
3511.49
3246.53
3066.92
2575.55
2296.39
4012.43
2804.74
2989.83
2781.51
3384.47
3010.78
2447.61
3037.94
2567.01
3777.68
2989.64
2917.22
2811.56
2756.49
3026.69
3056.06
2452.6
2583.81
3133.84
2690.57
2927.02
2821.25
3534.01
2654.7
3128.71
2383.37
2711.98
2567.03
3273.48
2413.48
3065.71
3411.12
3135.94
3904.33
2423.46
3487.12
2454.02
3911.9
3698.67
3318.06
3899.51
2179.59
3125.93
2100.34
4036.51
2662.77
2142.76
3530.08
2310.15
3962.14
2246.81
2677.64
3118.86
3441.75
3058.71
2520.58
3181.8
2848.08
4344.3
3299.68
1698.88
2468.65
3477.31
2341.36
2483.15
3058.85
3019.11
2809.62
2468.96
3035.12
2423.06
3646.5
2263.29
3497.44
4240.04
3006.99
2595.7
2546.87
2628.73
2735.19
3399.79
3129.42
2988.64
2958.45
3261.03
3014.34
3379.08
2831.12
3018.37
2161.97
2124.98
2360.48
3391.86
2363.18
2291.57
3053.96
2845.38
2397.81
3473.28
2828.57
2479.35
2120.53
3400.6
2469.14
2316.39
3448.81
3446.85
2715.73
2459.35
2736.62
2733.98
2842.21
2572.42
2443.85
2917.47
3277.47
2599.56
2843.72
2775.74
3374.82
2839.63
2708.46
3936.17
3460.21
2144.88
2078.16
3680.22
4469.85
2669.26
2436.77
2701.37
3435.64
3873.62
2657.97
2677.8
2496.88
3209.84
4505.34
3557.61
2672.92
2634.05
3540.33
3152.91
3053.59
2849.87
2548.02
3362.45
3257.53
2899.03
2688.67
2827.87
2851.07
2506.74
2418.15
2856.49
2671.43
3605.79
2861.38
3716.72
2463.16
2295.47
3433.97
2295.6
3451.46
3857.36
2670.7
2221.36
2957.65
2800.31
2588.19
4467.99
2954.95
2248.79
2790.72
2881.72
3988.44
2787.35
2308.45
2800.15
3301.3
2019.07
2255.59
2701.03
2905.27
2289.67
3698.51
2262.9
3106.69
2985.28
3779.83
2756.71
3315.33
2393.35
3052.22
2455.54
2697.17
2645.84
4361.26
2880.89
2729.41
3177.98
2395.61
3553.06
2367.25
3007.28
2815
2848.19
2838.83
4241.8
3443.82
2588.73
2276.03
3307.04
2474.43
3036.01
2701.72
2387.73
2846.33
4224.03
1889.79
2094.59
3890.11
3316.02
2727.99
2858.65
3218.58
2328.68
2497.18
2731.63
3049.45
2900.32
3306.83
2283.9
3389.08
3539.79
2827.83
3254.57
2895.9
3204.64
2488.37
2478.97
2512.88
3502.21
2688.76
2252.45
4156.75
3725.31
2667.53
2422.86
3510.34
2745.37
2532.44
4689.97
3075.57
3285.57
3262.57
2494.97
2758.42
3222.5
2904.71
2402.31
2195.31
2060.51
2741.07
3541.61
3421.09
2462.59
2516.9
2265.7
2601.56
3205.68
3290.18
3204.36
2759.77
4085.32
2460.72
3214.22
2692.51
3305.79
3295.81
2664.77
2875.49
2924.11
2846.74
2741.89
3558.98
3200.82
2726.27
2982.17
2377.44
3652.14
2894.56
2679.91
3339.44
2567.34
3270.42
2861.78
3256.8
2802.33
2447.36
2863.23
2495.82
2632.14
3105.57
3735.44
2428.78
2558.3
3139.77
2779.21
3150.38
2166.59
2091.36
2638.14
3879.03
2163.39
2414.63
2667.17
2517.15
2742.71
2298.32
2679.99
2805.6
2371.17
3213.02
2971.48
3277.19
2304.39
3074.39
2910.45
2956.63
2653.57
2117.19
2111.03
3157.59
2811.36
3578.94
2470.15
4175.43
2710.95
2976.29
2498.22
2633.51
2689.63
1930.87
2830.93
2132.26
4087.67
2983.95
2535.42
2780.82
2406.24
2958.49
2899.14
3164.17
3120.98
3145.31
2634.21
3442.09
1945.33
3060.1
2311.5
2465.91
2770.99
3297.62
3141.58
2932.09
2469.5
2667.69
2901.61
2131.6
2847.17
2550.41
3230.18
2826.05
3741.58
2347.95
2526.56
2044.98
2059.5
3163.73
2469.85
3653.88
2790.83
3175.68
2576.48
3251.48
3284.93
2677.76
2804.27
2533.83
3084.8
3939.13
2922.24
2579.93
2803.27
2430.87
2572.29
2861
3371.18
2554.76
2649.58
2891.82
2871.68
2990.05
2780.99
3404.55
2551.09
3292.18
2379.37
2291.98
3954.89
2465.58
3404.26
2949.23
2048.52
3513.81
2467.08
2744.66
3637.79
3740.42
3224.93
3688.03
3729.67
3369.98
2934.89
2354.45
2317.96
3322.99
2889.26
2990.28
2687.78
2812.94
3540.28
2284.07
2802.48
3500.52
3025.69
2566.76
2779.84
2434.64
2859.02
2960.05
2795.5
3272.05
2611.77
2550.46
3116.83
3539.92
3351.25
2587.1
2580.81
2841.99
3269.46
2391.43
3133.78
2766.58
3665.81
2304.48
2519.15
2404.11
3100.91
2758.08
3057.84
3093.76
2969.13
3365.56
2262.21
2309.23
2322.52
2864.63
3409.36
2726.41
2705.92
2385.15
2920.91
2207.22
3683.15
3217.91
2715.15
2844.31
2956.03
3450.68
3232.61
2810.56
2598.16
2225.4
4083.57
3327.06
2050.26
2952.95
2516.63
2674.6
3886.56
2020.86
2733.43
2376.17
2457.03
3595.23
2953.58
3141.36
2182.64
2450.39
2346.91
3049.09
2211.56
2997.15
2544.75
2920.09
2414.58
3001.79
2582.37
3513.87
2376.39
2411.94
3841.47
4136.31
2353.25
2692.48
2863.27
2602.89
2434.53
2842.56
3266.16
3554.71
2361.07
3042.27
2753.05
2865.34
4862.69
2451.24
2992.47
2535.59
3188.63
3408.2
3403.92
2729.69
2822.97
3255.37
2555.01
3552.62
2575.28
2611.98
2368.14
2635.78
2570.44
3499.63
3367.04
3219.89
3368.96
2910.54
2357.23
3155.74
2495.82
2558.07
3589.7
2674.8
2813.52
3614.3
3165.52
3001.7
2363.32
3394.51
2884.93
2658.9
2302.32
2339.01
3532.96
2814.3
2949.73
2369.19
2674.92
2829.23
3228.03
2346.54
2833.14
2698.63
2373.74
3221.72
2484.76
2873.41
3255.84
3635.48
2341.2
3441.31
2483.64
3428.37
2847.02
2425.93
2606.63
2661.27
2775.16
3178.23
1703.2
3811.6
2846.76
2600.55
2644.15
2777.24
2856.05
3510.3
2643.72
1971.85
2580.01
2859.18
2677.17
2520.06
2257.63
3119.99
3043.14
3023.99
3456.01
3246.65
2553.04
3034.97
2769.97
2657.42
3351.07
3697.47
2211.79
2400.82
3340.94
2642.19
3161.02
2763.29
3621.14
2504.28
2930.04
2579.49
3188.25
2691.76
2274.17
3046.62
2430.12
2207.03
3679.68
2281.46
2720.12
3602.6
2698.61
3053.66
2131.04
3195.95
2977.44
3522.3
3095.79
2672.87
2590.35
2686.71
3027.27
2573.01
2471.82
3581.28
2507.87
3019.6
3568.32
2530.9
2542.49
2517.04
2403.14
3205.88
2853.8
2703.43
2300.07
2479.44
2616.49
2727.86
2748.15
3092.84
3167.24
3250.85
2870.01
2830.11
2770.34
2351.72
2475.2
2502.21
2244.49
2822.56
3166.79
2774.58
2427.82
3150.68
2881.49
2598.82
2778.14
2156.05
3358.42
2721.11
2601.43
2631.7
2940.79
2169.83
2968.77
2450.94
2652.94
2706.02
3212.41
2860.92
2082.14
2697.4
3372.27
2116.42
2452.02
2687.89
2766.03
3205.32
3012.22
3430.66
2651.95
2341.03
3037.64
2460.23
3232.52
3127.18
4945.23
2446.2
2936.34
3502.01
2767.17
2847.96
3114.9
2753.73
2396.69
3279.31
2645.42
2750
2130.79
2504.72
2785.38
2594.81
2972.36
2897.19
4144.05
2707.95
3030.12
3067.29
4157.82
2821.44
2239.37
3110.16
2331.16
3179.83
2639.61
2608.09
2475.26
2675.82
3189.19
2223.36
2043.74
4440.98
2700.11
2667.2
3158.31
3040.72
2882.76
2099.95
2844.54
3061.09
2853.18
3877.99
2931.83
4457.06
2191.42
2374.21
3054.84
2685.48
3608.09
1991.69
2812.87
2264.25
3300.09
3024.57
2497.79
2278.09
2622.6
3085.82
2708.62
2892.91
3584.74
2320.67
2779.94
2516.78
2215.05
3267.38
2505.77
3862.4
2549.22
2809.16
2462.47
3091.61
3031.8
3362.53
2626.95
3115.11
2869.98
2554.95
2706.41
3110.76
2669.59
3010.52
2856.93
2789.79
4266.42
3615.65
2959.14
2874.22
2161.36
2751.98
2869.55
2764.88
1897.02
2770.43
2970.33
2748.14
3221.95
2318.88
3517.04
2138.62
2405.42
2691.41
3049.34
3804.43
3204.39
2869.28
2842.52
2214.37
2504.2
2641.04
2598.95
2990.4
3093.17
2743.63
2333.41
3443.53
3058.77
3342.99
3204.85
2821.34
3025.77
2270.33
3214.5
2970.65
2725.44
3284.16
2858.65
2605.26
2311.31
3294.15
2135.91
2660.33
3066.62
2754.65
3336.66
2574.17
3530.2
3286.01
3825.09
2569.91
3369.36
2769.31
3481.99
3811.37
3019.11
2889.9
2815.68
3931.95
3113.43
2397.89
3818.99
2875.52
3241.34
3050.07
2508.3
2868.56
3095.71
2585.2
3934.51
3255.79
2315.57
3091.98
2561.56
3281.49
2759.16
3265.89
2927.01
2374.82
2986.23
3973.64
2339.23
2814.76
2780.28
3065.62
3844.14
3324.57
3265.29
3371.33
2258.66
3048.28
3227.39
2276.01
2637.81
2932.11
3115.4
2416.28
3060.6
2350.34
2385.85
3201.39
4188.48
2211.1
2272.89
2425.1
4187.46
3793.01
3155.62
2396.86
2513.3
2611.69
4172.89
2183.72
2753.96
2818.19
2423.59
3393.77
3522.84
3457.67
2077.44
3200.46
3684.56
2708.72
3035.49
3266.31
2844.68
2239.93
2992.39
2351.26
2786.31
2408.39
2462.84
2592.95
2728.18
2612.47
3430.71
2497.46
2484.28
2437.52
2949.64
4025.83
3578.65
2924.46
3804.22
3455.16
2455.1
2681.42
2270.23
2674.13
2441.78
2655.34
2818.38
2635.23
2354.96
3061.55
2780.86
2587.21
4069.32
2724.57
2666.31
3464.39
3270.1
2913.43
3753.47
3012.72
4039.51
3320.32
2464.52
2313.83
2440.29
2766.19
2853.68
3637.48
3873.73
2526.39
2702.86
4172.73
2473.68
2641.92
4046.79
4806.6
2557.59
2912.11
2552.43
2508.95
3293.44
2798.05
2423.21
2729.12
3047.96
2472.1
2879.34
2148.15
3844.15
3627.88
3307.87
3117.05
2769.95
2823.15
3347.83
2433.39
2296.22
3028.28
2567.85
2293.36
3005.96
2961.26
2735.12
2624.71
2872.85
3072.05
2427.03
2958.81
2222.6
2958.51
4063.54
3000.91
2021.28
3838.93
3031.07
2479.44
2675.78
3085.9
2498.86
2210.89
2579.75
2171.72
3125.45
2505.77
2802.7
3434.36
2890.67
3203.26
2823.69
3306.25
3101.38
2600.66
2530.96
2622.13
4328.13
4005.78
2130.03
2632.47
2548.44
3319.92
2806.54
3178.3
2956
2924.32
2777.95
3267.44
3885.71
2512.05
2485.38
2904.09
2125.3
2726.96
4031.39
4132.11
2747.7
2904.28
4567.81
3330.58
2492.28
2305.62
2499.56
2732.06
2733.45
2487.62
2333.15
3013.73
3283.8
3291.61
2349.03
3905.45
2252.87
3189.14
2809.12
2498.7
3083.61
2195.18
3187.71
2925.65
3036.16
2558.58
2697.61
3284.9
2796.86
2151.09
2959.41
2662.57
3334.1
4290.67
1965.71
2584.83
3039.46
3225.48
3552.16
2585.69
2442.22
2361.61
2619.3
2699.15
3149.3
4212.23
2687.34
2870.92
3060.54
3649.85
2542.9
3050.61
2709.82
2506.75
2330.79
2741.79
2627.03
2625.88
2880.06
3231.08
2931.56
2574.18
2787.48
2449.38
2482.6
2816.9
2820.89
2865.54
2781.75
2570.04
3206.19
2800.09
2691.93
3463.98
3875.77
3114.88
3178.61
2890.09
3630.4
2420.32
3114.87
3529.15
2155.95
2761
2494.48
3902.93
2359.35
2620.43
2880.53
2830.01
2925.43
2717.92
2945.64
3212.02
2832.69
4115.97
5050.21
3455.23
5080.56
2607.54
2606.86
2430.8
2776.42
2589.86
2131.58
3867.58
3337.59
2849.19
2927.31
2818.78
2626.88
2568.4
3850.98
2487.93
2647.86
2172.6
3118.13
2327.69
2365.56
2891.8
3584.47
2216.5
3522.45
2701.09
2613.1
2255.5
3256.26
3360.94
2467.23
3271.54
2854
2980.41
3777.19
3548.47
3096.93
2649.84
2303.22
2763.33
3168.19
3074.01
3485.87
3142.37
2906.15
2176.75
2684.2
3009.92
2509.95
2835
3111.63
3253.29
3050.78
2265.99
2594.61
2532.81
3254.69
3046.59
3198.24
3606.2
2775.24
3101.78
3525.69
2469.41
3819.48
2330.29
2447.75
2756.44
2793.87
2703.82
2385.15
3083.46
3189.53
2426.77
4126.99
2594.2
2454.3
2489.81
3522.03
3132.78
2839.41
2688.48
2504.69
3833.08
3521.69
1957.62
2168.23
2976.3
2760.84
2877.41
3539.42
2874.59
2271.48
2387.18
2158.37
2722.15
2469.61
3283.22
3460.71
3957.3
3595.1
2425.79
3150.13
2820.83
2688.15
2721.62
2708.71
2805.51
3081.39
3191.52
2719.29
2621.91
2517.19
2694.09
3210.46
2643.29
2436.91
3117.16
3268.49
2644.58
2153.25
2501.93
3767.56
3743.02
2397.18
2729.62
2750.87
3721.62
3064.81
3070.7
2948.31
2570.06
3225.24
2521.12
2884.88
2180.75
2911.48
2286.28
2651.19
3112.87
3370.35
3835.87
3624.86
3250.7
3700.22
3860.99
3167.84
3265
2084.35
3545.66
2338.08
3069.96
3259.81
3095.39
2395.51
2367.63
2103.31
2922.33
2623.8
2798.78
2828.62
2795.19
2971.45
3323.66
2748.32
2560.84
2655.67
3047.64
2535.33
2024.62
2688.54
2238.03
3179.77
3388.07
3701.54
2955.33
2765.03
3770.77
2406.78
3302.43
2248.93
3246.89
3499.36
2735.41
3538.81
3462.83
2500.7
3324.62
2590.67
3105.71
3223.31
3369.95
2386.34
3203.96
2534.46
2581.19
2337.33
2852.82
3313.41
2848.13
3228.46
2885.72
2570.5
2411.57
2769.39
2374.26
2798.69
3488.01
2501.75
2821.99
2604.72
3420.2
2912.04
2483.94
2922.81
2852.7
2884.03
2400.86
3515.98
2738.62
2962.95
3024.94
3594.7
3151.3
3608.99
2806.2
2859.04
3364.11
3304.75
2828.05
3059.63
2985.73
2465.44
3100.13
2551.38
3315.8
2915.27
2878.89
2770.54
2407.17
3667.29
3064.37
3007.15
2245.84
2883.9
2436.96
2842.82
2741.46
2557.12
2430.54
3387.03
3459.04
2731.21
2596.44
3352.06
2883.74
3277.8
2587.9
2932.82
2402.37
3432.26
3021.29
2978.63
3335.72
2913.89
3496.13
2857.49
2289.62
3296.56
2503.24
2592.97
3341.7
3665.12
3894.48
3075.63
3791.5
2742.99
2338.27
2178.7
2652.26
3516.97
2558.23
2300.09
2375.31
2969.21
2124.23
2816.56
2402.06
3012.05
2984.19
3412.81
2968.64
4329.33
2951.62
2776.82
3004.24
3637.11
2627.33
3959.93
2884.45
2435.56
2197.99
2848.31
2619.98
2397.53
3519.4
2450.17
2596.58
3342.58
3223.04
2695.26
2503.42
4328.07
3453.77
2687.24
2949
2748.01
2686.56
2935.89
3763.15
2759.71
2082.88
2938.33
2563.95
2718.19
3678.17
3395.14
2666.97
2142.28
2199.79
2271.7
3614.6
2675.25
2500.19
2419.8
3056.77
2750.88
3063.77
3371.69
2736.47
2527.41
2491.11
2626.56
3188.97
2683.4
2473.21
3137.5
3058.42
2714.25
2890.66
2917.86
3156.37
3265.96
3742.45
2545.26
2926.96
2983.31
3134.02
3018.61
3698.05
2952.66
3257.12
3442.23
2257.91
2125.24
2982.17
4979.94
2744.32
3570.47
3062.08
2510.44
2259.07
2501.51
2067.45
2432.24
2336.18
3128.42
2966.27
4209.42
3783.08
3894.9
2807.89
2951.61
5081.9
3167.1
2846.24
2903.99
2328.09
2852.79
2730.87
2544.11
3393.43
2449
4216.37
2307
2674.2
2899.36
2543.66
2178.72
2474.8
2742.74
2928.41
3316.31
2651.95
2278.61
2782.5
3407.82
2861.59
2198.24
2489.36
3086.59
2439.06
4740.02
2477.82
3474.13
2766.55
2635.38
3133.91
3001.92
3358.61
3575.64
3128.49
2130.15
2236.9
2776.47
2473.93
2996.28
3697.49
2466.68
2511.45
1995.97
2432.68
3308.1
2868.48
2352.3
2712.83
3150.09
2406.31
2789.86
3028.33
2616.69
2719.41
3381.68
2263.11
4098.74
3386.33
2786.82
2897.52
2720.43
3472.48
2392.33
3862.39
3267.57
2296.62
2463.33
3582.39
2818.78
2319.61
2908.79
3079.17
2785.73
4067.83
3317.82
2833.29
2357.62
2154.55
3248.57
2496.25
2460.68
3523.18
3202.14
2618.25
3879.27
2356.86
2411.88
2560.67
2198.97
2112.48
3127.13
2799.29
2450.31
2641.02
2605.54
2262.5
3585.74
2997.54
2098.51
3041.06
2861.94
2717.31
3781.89
2751.08
2658.52
2762.27
2510.18
3018.89
2048.58
3186
3942.25
2311.22
4589.42
3454.09
2358.42
2754.14
1914.18
2458.5
2752.47
4330.83
2583.27
3108.59
2247.95
2408.03
2868.52
3377.43
3078.92
3398.89
2819.9
2860.66
2509.08
3356.35
2375.05
2774.04
4384.68
2731.28
3428.07
2671.54
2506.68
2398.11
2586.45
2718.42
2882.16
2838.97
3330.82
3568.25
2136.06
2296.86
4428.41
2861.75
3028.11
3430.85
2511.26
2530.88
2336.74
2461.43
2838.64
2720.96
2713.44
3187.77
2325.01
3388.28
2294.73
3985.21
3064.68
3994.79
4025.39
3067.87
2516.41
2371.86
4163.15
2080.68
2589.48
2700.28
3094.42
2562.83
3430.53
2958.9
2968.61
2214.35
2161.28
2789.5
3038.36
2687.39
2817.39
2997.58
2560.45
3263.19
2362.04
2299.52
2409.55
2320.1
2721.73
3210.78
2786.69
2117.63
3198.13
2951.5
2116.33
2959.36
3566.36
3128.51
2936.72
2609.62
2237.27
3110.54
3095.1
3023.47
2663.14
3589.71
2648.76
2819.35
2683.57
3577.32
2902.66
3895.6
2615.94
2791.32
4458.87
3805.75
2266.92
2802.2
2745.46
2708.65
3381.07
2821.96
4060.23
2769.92
3985.27
4343.57
3928.18
3212.61
2502.41
2594.15
2278.11
2958.57
3023.81
2942.3
2410.82
2653
3352.62
2657.15
2893.35
3071.77
3812.4
3243.05
3476.98
2673.58
2508.11
3171.89
3227.94
2728.04
2885.18
3326.93
3227.03
2435.97
2926.9
1889.4
2274.95
3166.46
2796.94
3142.48
3299.65
2822.04
2953.73
2931.93
2353.34
2940.82
3997.26
3174.24
2407.23
1990.99
2728.12
2884.33
3263.87
3028.52
2285.73
2984.76
2505.16
2489.3
3932.7
2615.38
2852.67
3066.08
3474.55
2405.9
3064.36
2802.16
2535.03
3600.45
3276.08
2745.06
3093.28
4134.25
3043.73
2852.91
2900.79
2776.87
2481.37
2334.99
2065.94
3001.33
2963.02
3742.67
2069.62
2170.68
2719.68
2794.24
2430.15
2844.99
2448.79
3295.52
3412.44
3125.72
4056.15
2431.39
2756.58
3067.69
3426.9
2832.82
2258.24
2448.51
2683.2
4146.47
4417.28
2953.1
2844.32
2574.38
3329.55
3159.83
2301.81
2672.84
2624.67
3299.71
2595.51
3444.61
2879.03
2342.93
4544.26
3469.38
2719.97
2167.9
2634.65
2998.75
3230.97
2411.53
2320.95
2893.91
2814.28
2825.07
2196.85
2829.9
2841.86
2817.23
2752.71
3008.2
3921.86
2449.11
2626.14
3281.22
3023.54
4062.53
3293.51
2629.64
2930.56
2282.42
3094.63
2976.27
3201.87
3735.83
2062.25
2849.51
2857.08
2427.62
2247.01
2380.7
3743.39
2087.35
2975.08
2565.91
2737.88
2512.68
2357.69
2989.08
2140.17
3162.13
2658.47
3007.5
3935.23
2844.47
2208.87
2635.54
3036.22
2702.38
3000.29
3041.87
2794.16
3415.33
2729.42
3341.06
3785.11
2721.67
3058.56
2363.47
3490.71
2667.77
4533.21
2615.62
3133.33
3599.26
2601.51
2266.63
2469.45
2708.6
2395.05
2798.42
3234.08
3295.28
2758.01
3424.28
2010.93
3063.08
2200.39
2658.01
2329.73
2793.01
2768.7
3151.65
2300.61
3003.6
3311.91
3473.05
3248.18
4348.36
3062.15
3220.46
2989.89
2458.24
2181.25
3344.32
2258.31
2898.96
3093.48
2646.26
2994.7
2980.75
2511.78
2659.06
3480.64
3318.41
2323.14
3075.12
2617.29
3249.92
2327.67
2457.48
2957.6
2350.37
2884.5
2771.08
3975.03
2723.02
2854.16
2828.57
3032.95
2868.5
2774.77
2805.99
2857.07
4716.68
3783.14
3229.7
2847.36
3356.99
3402.84
2600.77
2904.43
3070.11
2490.92
2691.04
3190.27
3011
2310.54
2779.25
2603.91
4614.83
2660.29
4848.37
3296.02
2327.6
2738.24
3624.77
4060.58
2962.16
3018.79
2478.9
3417.28
2313.91
3131.21
2452.52
2627.22
2764.58
2834.56
2351.02
3237.8
4211.82
2516.5
2625.94
2859.63
2916.54
2655.08
2978.36
3195.47
3534.8
2725.97
2747.65
3856.13
2927.28
2181.67
3028.76
2420.63
2134.6
2571.56
3723.55
2406.24
2796.05
3831.21
3284
3276.16
2661.75
2671.97
2600.83
2705.8
2874.94
2934.6
2779.39
3124.15
2069.97
2968.81
2377.89
2792.7
2437.9
3365.8
2866.84
2453.66
2531.05
2384.86
2519.73
2757.49
3975.63
2951.95
2326.25
2262.3
3501.04
2938.17
2176.84
2622.25
2321.94
3408.47
2367.34
2521.54
3232.3
3602.14
3086.25
3886.24
3342
2817.05
4106.75
3357.74
1844.72
2508.71
3725.99
2915.62
2954.84
2279.83
3068.44
2668.98
3277.24
2924.07
2911.43
4072.93
2894.49
2730.67
3454.25
2094.96
2593.34
2896.25
2537.06
2820.53
2650.61
2845.38
2482.22
2061.04
2548.91
2722.36
3373.89
2930.64
3750.73
3874.08
2932.84
2127.46
3219.83
2457.35
3175.71
2766.07
2878.79
2909.72
2319.68
2617.15
2423.51
2985.33
3677.89
2359.04
3384.61
2312.32
2436.92
3709.67
2706.23
1983.61
2873.76
2666.32
2660.58
1892.17
3348.2
2288.44
3308.84
2898.1
3889.35
2560.58
2602.14
2851.49
3057.93
3296.5
2731.23
2471.54
2562.22
3057.5
1998.57
3157.28
3072.42
3147.07
2351.5
2216.09
3454.39
2742.96
2735.32
2743.99
2279.36
2636.53
3057.42
3309.89
2604.5
2178.42
2443.54
2555.73
2588.51
2340.99
2269.01
3039.91
2906.83
1897.51
2767.8
2416.67
1965.3
2231.25
2867.67
3578.94
2381.51
2411.46
2768.71
2502.16
3099.4
3058.85
2752.99
3774.74
2938.34
3068.59
2962.96
2917.72
2857.98
2612.17
2496.92
3227.42
3591.17
3365
3144.27
2901.45
2926.3
2031.18
3674.87
3419.14
3670.91
2430.41
3129.68
3152.72
4555.79
2536.38
2776.47
2982.9
2322.97
2541.12
2869.65
4188.62
2877.69
2919.58
4221.91
3304.21
2772.14
3084.68
2416.03
2860.54
2880.56
2597.39
2651.79
3341.88
2601.22
2569.78
2754.07
1926.88
3151.66
3979.47
2938.86
3691.87
2534.42
2724
3980.33
2380.03
2618.13
1989.57
3678.14
2731.05
2649.64
2249.04
2431.46
2654.84
2546.85
2725.73
2824.51
2469.86
3083.5
2481.63
2435.18
2289.44
2698.69
2666.29
3051.39
3251.91
2278.53
2523.74
2203.64
3478.62
2772.05
2336.76
2832.9
2983.07
2970.9
2390.26
2989.64
2910.98
2573.07
2516.53
3062.03
3434.17
3061.8
2124.56
3212
2683.02
2753.64
2926.82
3728.04
3808.3
3168.14
3687.75
2424.33
3187.28
3082.54
2860.99
2831.67
3344.09
2250.47
2714.78
3228.42
3333.04
3384.5
2477.2
3397.71
2054.47
2101.49
2866.02
2543.65
2496.29
2989.41
3420.75
2657.79
2632.64
4278.57
2995.28
3129.55
2071.36
2715.24
2465.45
3419.07
3203.97
2906.65
3354.2
3033.57
2440.99
2293.59
3227.99
2702.9
2916.23
3165.75
2060.15
3224.65
2983.92
2602.71
2736.34
2290.68
2595.33
4081.17
1899.75
2712.72
2259.43
3335.53
2797.93
2777.69
2815.13
2342.07
2421.51
2363.41
2800.69
2890.87
2562.95
3635.63
2472.22
2880.57
2191.73
2623.19
2310.17
3793.91
3060.21
3530.96
3053.44
2334
4464.76
2711.07
2413.94
3373.47
2685.56
2437.75
2560.42
2866.46
2835.79
2094.35
2673.84
3554.97
3058.18
3013.49
2247.11
2970.87
2956.45
2221.4
2687.18
2228.1
2495.49
2610.28
2568.62
2927.22
3222.05
3086.23
2917
2792.1
4015.14
3173.53
2582
2212.55
3262.67
2564.76
2305.84
2003.65
2935.29
2700.03
2635.12
2684.64
2881.35
3021.41
2955.94
3568.74
3339
3690.04
2389.03
3657.08
2841.95
2540.65
2654.75
3257.99
2815.96
2691.91
2599.35
2199.08
3219.07
2495.24
2692.74
3065.05
2617.85
2855.39
2210.71
3327.71
2618.8
2288.44
2614.56
3564.63
2152.08
3308.51
3561.23
2821.9
3632.15
2692.89
2985.71
2474.05
3239.03
2928.93
3052.98
2808
2776.7
3655.11
2819.76
2448.12
2411.94
4188.05
2610.51
2744.22
3055.8
2468.76
2973.42
2770.63
3235.63
3090.23
3107.04
3417.26
2615.56
2153.8
3090.32
2378.44
2980.96
2911.38
2776.64
3177.42
2792.76
2440.96
3142.15
2551.68
2775.21
3260.75
2900.63
2447.6
2402.5
2910.28
2840.76
2988.18
4106.02
2511.29
3604.95
2869.39
2439.37
2029.27
3624.6
3441.43
2777.87
3435.02
3860.82
2848.95
2869.48
2869.46
2801.7
2890.57
3293.91
3062.31
2185.5
2458.85
3198.03
1874.27
2471.24
2955.2
3258.15
2994.84
2982.5
3611.81
3166.9
4032.25
2249.63
2490.74
2719.15
3188.49
3001.5
2498.52
2313.94
3498.88
2865.87
3002.88
2175.48
3922.44
4690.46
2406.41
2256.95
2366.73
2177.67
2749.37
2705.98
2568.41
2077.17
4487.73
3062.24
2818.22
2730.1
3079.58
2819.28
4227.74
2787.37
2737.52
2735.19
2406.78
2911.79
3276.37
2759.93
2488.64
3263.04
3813.69
2409.2
2323.63
2534.75
3293.37
2764.36
2914.62
2657.11
3086.15
3328.49
2254.45
3052.25
2647.95
3058.46
2197.11
2970.18
2215.24
3981.02
3151.54
2638.98
2566.06
2568.37
3108.52
2287.57
3296.61
2680.36
3249.52
3138.62
2881.1
3057.72
2892.52
2462.1
2267.93
2707.13
2092.32
2850.51
3795.99
3480.85
2337.06
3197.13
2712.25
2385.21
2901.44
3089.1
3581.96
3280.44
2416.33
2844.99
2534.55
2754.88
3242.49
2728.55
3613.81
2738.12
2617.82
3408.24
2561.87
4174.78
2646.65
3049.65
2688.71
3980.43
2715.02
3305.49
2492.25
3330.43
2639.01
2745.94
3555.57
2592.58
2338.71
2657.09
2744.22
2589.8
2843.26
2727.7
3390.3
3262.95
2853.09
3593.23
2293.55
2846.04
4481.8
2860.79
2779.89
2487.07
3593.19
2881.75
2593.12
2860.63
2449.67
2791.75
2866.47
2499.02
1926.13
3985.47
3427.96
3597.97
2954.81
3051.83
3073.85
2861.23
2999.49
2682.96
2768.3
3083.01
2410.18
2788.63
3175.5
3349.49
2871.44
2581.19
3254.85
2915.99
2667.91
2568.98
2537.63
2755.86
2366.71
3047.55
3348.41
3951.18
3124.2
2823.87
3233.2
3218.39
2759.28
2780.35
3115.74
3044.09
2413.42
4284.84
2367.76
3356.64
3387.2
3328.73
2433.87
2273.51
2975.04
2431.64
3378.61
2927
2837.28
2357.86
2228.06
2179.36
3125.46
2368.52
3300.4
2121.43
2685
3415.24
3338.24
2313.65
2876.29
2887.99
2917.51
2658.31
2939.91
2616.37
3125.79
2859.83
3210.01
2586.78
3262.37
2750.52
2241.32
3022.26
3548.09
2571.92
3311.45
3215.93
2812.36
2515.81
3012.94
2961.42
2362.97
2900.45
3222.81
2434.33
2649.39
2634.04
3262.22
2439.52
2806.47
2659.32
2910.78
2654.47
2835.12
2648.56
3234.17
2782.75
2935.99
2883.08
4419.3
2673.87
2586.64
3187.85
2498.12
2118.42
2923.95
2723.42
2338.1
2999.89
3068.86
2276.32
2555.88
2754.04
2782.5
3705.69
2807.37
2634.73
2445.93
2701.54
4194.6
2553.42
2333.57
2054.44
3342.22
2840.83
2309.27
3197.62
3084.03
2760.68
2921.86
2782.31
3648.86
3366.34
2699.33
3071.53
3760.08
2332.88
3095.42
3475.87
3980.28
3267.08
2369.36
3193.86
3802.45
2498.91
3044.48
3011.14
2887.3
3245.14
2798.98
3152.43
2896.58
2570.83
3213.46
3708.31
2598.22
2837.84
3503.07
3100.59
2170.78
2783.97
2515.59
2602.93
2930.08
2739.97
2505.16
2971.45
2694.77
2703.9
3188.73
3066.89
3079.05
4134.18
2232.45
2589.2
2568.02
2362.59
2779.15
2421.37
2914.49
2530.97
3085.18
2259.1
3885.66
2525.07
2938.69
2575.24
2578.38
3111.31
3022.04
2912.4
2572.67
2095.84
2387.5
3639.34
3094.23
3019.84
2438.35
3171.48
3118.46
2930.76
3393.54
3614.86
2387.29
2427.05
2671.33
2743.78
2748.08
3574.96
2994.32
2453.87
2685.17
2846.22
2338.97
2997.64
2435.64
2804.63
2726.21
2475.59
3639.74
3198.5
3064.34
2259.79
2877.29
2889.25
2353.88
2079.87
2921.06
2879.55
2947.88
2276.51
2248.19
3313.62
3104.43
2583.91
2365.25
2600.93
2764.61
2505.02
2711.73
3483.85
3199.3
3247.61
3177.22
2491.39
2900.95
2772.95
3318.94
2615.84
2486.48
2248.73
3058.02
2870
2536
2956.14
3067.2
3037.36
4510.95
3799.92
3333.63
2454.15
3476.66
3225.83
3905.73
2432.26
2807.53
3311.19
2615.73
2602.24
2887.73
2638.65
2041.18
3305.35
3141.74
2492.97
2682.7
3075.59
2957.47
2976.68
2229.74
3236.52
2004.57
2166.57
2479.81
4050.59
2700.92
3447.91
2848.58
3129.46
2718.78
4006.13
3488.08
3102.76
2696.94
2242.16
2473.47
3140.4
1934.22
2579.72
3022.33
2268.28
2600.98
3151.14
3577.76
2639.22
3042.62
2980.5
2253.29
2042.05
2684.43
2973.53
2332.02
3545.8
2831.83
3480.91
2403.38
3531.03
3056.01
3049.05
2472.44
3139.23
3073.99
3135.35
2380.02
3619.53
3023.46
2671.88
2413.15
2907.59
3277.83
3624.15
2750.64
2940.75
2296.4
2972.38
3287.99
3022.5
2489.42
2857.28
3306.12
2692.13
2694.94
2615.5
2464
3309
3981.59
3372.35
2889.9
2550.42
2317.53
2481.15
2454.07
1631.56
1947.09
2885.15
2750.37
3463.85
2996.61
2278
3147.65
3218.85
2325.36
3641.87
2659.78
2489.47
3169.82
3173.38
2380.3
3635.76
2431.34
2459.68
2753.99
2677.62
2213.56
2498.45
2301.81
2254.97
2013.96
2280.36
3072.07
2682.58
3043.77
2568.77
2845.06
2906.27
2551.35
2485.85
2406.3
2946.56
2782.81
2785.06
3329.32
2629.5
2569.27
3393.91
2324.61
3162.76
2915.96
3070
3151.69
2667.2
3515.74
2612.01
2905.45
2673.66
2387.44
3082.08
2397.02
2732.88
3003.58
2191.39
2371.13
2631.34
2844.93
3187.14
3307.59
3101.22
2841.09
3275.95
2204.06
2926.71
3594.78
3263.57
2510.72
3146.59
2458.94
2888.5
2921.98
2508.29
4146.99
2659.41
2749.26
2489.02
3055.09
2868.83
2587.19
3699.8
3820.78
3231.88
3111.07
2567.88
2411.02
3137.54
2184.28
3257.51
2606.13
3245.33
2390.88
3546.91
2370.82
2862.23
2567.42
2468.89
2732.16
2820.52
2334.06
2619.52
2979.11
2440.64
4248.14
2368.43
2593.87
3075.22
2441.06
3337.69
2310.72
2677.16
3370.09
2888.01
2463.39
2361.95
2216.77
3274.81
2433.72
3026.75
2393.18
2881.24
2760.98
2718.15
2539.04
3320.62
2701.38
2466.52
3149.32
3115.64
3223.3
2981.46
3304.38
2800.58
3092.19
2578.76
2278.89
2657.57
3167.5
2774.86
1747.14
2817.25
2921.53
2613.5
2746.98
3405.48
3179.19
3080.72
2288.29
2965.25
4001.7
2803.96
3878.26
2791.23
2326.48
2387.3
2340.34
2645.04
2551.84
2746.69
3152.94
2111.46
2660.46
2929.38
2532.26
4393.51
2203.01
2629.69
3092.99
2106.64
3181.81
4358.94
2606.63
3031.87
2654.22
2800.36
2309.14
2134.63
2974.85
3591.16
2801.28
2230.33
2632.63
3105.35
3760.99
2532.96
3722.55
3907.28
3455.22
4103.29
2552.83
2835.93
2603.75
2554.39
3675.31
4372.86
2407.34
3146.19
2342.58
3099.98
3424.17
2886.13
3381.91
2316.89
2493.86
2657.6
2216.49
2714.66
3930.58
3288.29
2252.04
3530.38
3365.85
2623.47
2569.58
2370.87
3061.51
2841.58
2890.4
2612.45
2957.32
2764
2749
3194.45
2558.83
3671.92
2606.87
3464.2
3314.73
3032.2
2804.15
3524.74
2406.93
2973.94
2651.81
3005.9
2436.56
3639.62
3978.59
2907.44
3218.46
2347.76
3008.13
3275.55
2664.9
3549.15
4284.18
3405.1
2311.07
2384.04
3881.82
3596.46
2658.29
3181.96
3095.35
2354.5
2973.21
2172.75
3125.01
3078.71
3181.9
2424.19
3029.5
2982.85
2454.71
2687.72
3096.67
2947.41
2960.47
3243.28
3169.54
2520.65
2070.68
2898.81
3156.28
3693.61
2636.05
3527.43
4189.4
2246.36
3945.8
2380.6
2844.07
2860.9
3356.7
3047.6
2063.64
2734.75
2790.09
2001.1
2997.37
2385.21
3353.66
2783.44
2589.52
2783.26
3064.34
2977.49
3128.4
2560.53
2517.25
3323.1
2433.47
2769
2449.02
2800.34
2134.42
2407.66
2365.19
2882.32
2656.92
2255.61
3028.91
2486.12
2736.11
2505.06
2560.85
3650.46
2773.16
2509.34
2649.72
2651.98
2631.54
2489.96
2650.39
3236.11
2373.96
3715.25
2652.69
2611.84
2946.67
3122.45
2581.89
2622.68
2777.3
2809.74
3215.55
2345.43
2470.3
3051.63
3225.15
3926.34
3948.46
2702.63
3407.9
2746.98
2635.25
4865.85
2613.84
2913.68
3213.09
2771.58
3359.37
2804.33
2807.83
2847.19
2802.43
2817.63
3349.34
2602.06
2353.53
3322.77
3161.38
2735.36
2853.64
2418.72
2969.16
2912.74
2398.32
2226.11
3382.2
2655.82
2018.41
3432.31
2737.82
3017.13
2458.18
2657.21
2925.15
3550.69
2355.94
2393.36
3374.53
2376.73
2641
3882.8
3177.26
3006
2634.18
3175.19
2721.71
3446.53
3009.28
3305.21
2126.74
3097.82
2705.87
3271.37
2151.93
3151.5
2482.61
2576.52
2279.71
3498.27
2923.86
2922.39
3062.58
2437.41
3701.35
2932.82
2717.18
2629.84
2565.15
3109.27
2984.73
5074.3
2971.92
2626.3
2755.57
2655.56
2587.61
3256.34
2536.59
3484.03
2209.13
3317.15
2984.2
2314.32
2789.31
2699.75
2897.06
2160.86
2175.85
3511.71
2812.02
2846.09
2591.45
2596.33
3262.26
3267.51
3106.98
2487.46
2548.14
2845.26
3744.15
2581.35
2770.41
3107.5
2450.11
3586.57
2336.44
4321.06
2363.16
2436.95
3605.11
2211.66
3799.43
2900.05
3381.48
2641.22
2166.41
2699.7
2324.82
2667.92
2890.5
2987.58
3559.81
3867.96
3327.99
2352.81
3386.25
2515.81
3298.79
3844.42
2611.43
2409.26
2671.8
3154.55
3247.35
2854.84
2222.62
3403.4
2628.12
2699.46
3225.01
3059.07
3017.99
2581.97
2920.44
2476.21
2383.25
2031.91
2858.95
3598.53
2668.46
2642.91
2989.24
3117.6
2538.68
2765.49
2651.6
2949.79
3547.47
3073.68
2251.48
3407.05
2789.04
3413.46
3295.04
2432.19
2434.37
3166.43
2832.73
3121.11
3127.58
2999.8
4400.3
2800.31
2494.86
2525.94
3196.62
2549.24
2628.69
3066.8
2614.81
2833.89
2577.97
2577.01
2500.71
3540.95
3242.37
3479.91
2060
3065.21
2714.95
2721.61
2503.54
3741.43
2307.26
2253.63
2400.29
3002.8
2978.91
2814.9
3025.11
3669.48
2961.02
3155.96
2960.96
2744.27
2454.24
2212.85
2643.9
2785.63
2069.63
2737.37
3001.94
3590.98
2001.9
3023.47
3038.9
2905.97
2628.76
2543.35
2405.5
2622.57
2353.55
3731.53
3595.75
3300.28
2957.71
3179.25
2495.49
2679.97
2577.16
2672.88
2758.64
3369.31
4106.33
2503.36
3050.86
3184.06
2830.05
2461.23
2680.83
3019.52
2148.74
3127.35
2328.41
2600.4
3052.76
2614.11
3635.58
3018.71
3075.95
2938.7
3315.53
2816.03
2492.94
3001.33
2856.03
3186.15
3774.06
2467.36
3384.53
3119.83
2403.85
3630.48
2021.63
2254.91
2764.29
2824.8
3536.89
3146.95
3499.5
3083.84
3278.41
2869.78
2795.68
3340.1
2565.62
1821.05
2808.08
2763.47
3871.08
3161.54
3036.42
2589.95
3480.53
3941.54
2961.1
3171.05
2352.11
2309.48
3220.48
3250.99
2200.99
2999.32
3076.78
3104.77
3166.74
3346.27
1964.36
2831.18
2879.53
3080.58
3519.04
3251.2
2838.37
2640.54
2852.1
2439.99
2555.9
2915.95
2500.28
2322.16
3996.46
3573.33
3259.9
2401.95
2712.17
2118.04
3547.33
3643.41
2958.38
3163.9
2325.31
3538.41
2902.27
3269.31
3004.2
3273.95
3824
3310.34
2531.15
3141.07
3328.3
3035.29
3566.34
4620.84
2803.44
3750.8
2556.83
2954.35
3354.98
3590.55
2353.05
3563.5
2529.06
2934.84
2482.98
2816.21
2683.66
2861.3
2614.79
2712.78
3566.69
2532.9
3211.71
4075.49
2494.72
3798.1
2827.13
3483.42
2913.47
2826.62
2940.24
2877.08
3101.83
2976.82
3297.37
3201.51
6620.17
2801.73
2832.15
2955.38
2436.2
2331.59
2914.9
2482.85
2334.6
2548.77
3243.47
4219.64
2459.73
2907.57
2186.71
3650.08
3553.47
2778.31
2854.93
2865.73
2908.67
2823.22
3263.03
2685.32
2781.62
2880.81
3032.23
2826.49
2846.07
2585.44
3108.16
3567.55
3327.25
2862.26
2495.73
3155.42
2994.61
2791.08
2326.56
2965.29
2453.18
2889.34
2939.87
2775.46
2134.83
3142.25
2685.81
2997.76
3400.55
3524.83
2922.35
2951.15
2320.17
3500.68
2832.87
2462.98
3275.35
2723.49
3648.68
2739.08
2950.77
2912.94
3439.35
2445.41
2232.36
3141.46
2602.78
2781.29
3124.42
3230.15
2521.77
3133.15
3254.59
2701.61
3918.29
2965.41
2877.27
2623.31
2609.74
2271.34
2679
3585.21
2450.86
3100.52
3604.44
2561.43
2572.34
2743.65
3042.19
2533.65
2518.43
3221.25
3635.9
2195.05
2849.3
2385.53
2384.56
2057.5
2655.43
3113.49
3625.47
3131.86
2631.33
2679.2
3215.79
3735.04
2108.22
3242.98
2510.8
2444.46
2337.65
3203.82
2086.88
2678.81
2454.13
3194.5
2771.82
2491.98
2317.73
3638.22
2557.61
2199.96
2734.64
3316.31
3460.78
2760.37
3002.32
3011.5
2862.65
3217.51
3058.35
3543.7
3223.09
2924.33
2802.59
2368.75
3065.3
2775.31
4564.75
2772.57
3372.13
2672.71
2222.46
3673.46
2623.48
2546.59
2807.59
2503.59
3130.4
3105.75
2969.47
2978.59
3181.85
2613.8
3096.31
2913.02
3049.22
3371.87
3104.99
3224.66
3775.23
2668.45
3475.16
3148.45
2417.41
2815.05
3225.6
2687.47
3392.38
3639.42
3733.8
3587.08
2701.75
3085.88
3420.41
3113.94
3006.4
2462.24
2888.89
3676.22
2922
2483.69
2182.7
3977.07
3159.29
3374.72
3036.69
2689.74
2576.59
2939.37
3411.41
3338.51
3027.49
2250.2
2755.96
2473.82
3615.89
2967.34
3028.19
3015.84
3463.86
2787.62
3859.16
3178.89
3991.64
3513.03
2596.9
2886.98
2519.93
3285.06
2818.39
3357.74
2446.06
3080.07
4406.43
2753.05
2855.27
3006.39
2536.53
2265.6
2639.89
2192.84
2647.01
2460.04
3420.22
2980.03
3215.67
2733.79
3087.78
4149.27
3317.25
3119.83
2794.58
2931.68
2745.26
3032.75
2966.79
2044.56
2786.55
3398.5
2593.67
2414.74
2792.05
3034.32
2427.25
2974.77
2848.51
3206.33
2721.11
2744.81
2488.82
2882.39
2148.82
2783.82
2759.44
3001.82
3175.44
4380.95
3028.92
3925.82
2122.61
3647.27
2746.93
3482.72
3018.13
3142.69
4185.12
2472.6
3399.46
2781.74
2991.82
3779.17
3396.58
2613.04
3684.43
2560.35
2813.84
3729.73
2887.66
2658.39
3026.22
3186.85
2701.03
2398.15
3451.88
2730.32
2683.19
2646.72
2419.22
3587.7
3386.02
2813.72
2934
3091.65
2700.67
3542.33
2350.68
2901.48
2853.41
3166.31
3051.73
2423.3
3391.8
2876.97
2540.3
2623.75
3184.64
3381.22
3021.83
2961.6
2601.18
2925.35
3037.24
2448.53
2058.22
1900.81
3111.13
2501.95
2980.89
3772.63
1858.22
2676.75
3266.09
2343.97
3128.57
3129.19
2924.82
2195.26
2567.78
2621.37
3055.17
2403.67
3387.32
3587.48
3504.44
2216.98
2642.82
2988.45
3534.53
2954.62
3268.66
2729.19
3081.83
3006.2
3349.19
2715.61
3827.09
2330.55
3249.78
2430.09
2626.07
3116.82
2787.66
3318.56
3522.29
2997.94
4642.15
3382.42
2886.73
2882.91
3307.77
3123.11
2375.69
3392.97
2651.4
3676.4
2665.97
2881.1
3225.26
2750.78
2645.1
2493.43
3694.2
3778.04
2876.57
2804.44
2863.65
3704.46
3437.2
2875.01
3302.29
2901.87
3326.49
3369.05
2197.37
2740.87
2808.03
3808.8
3146.13
3429.38
2347.43
2193.23
2467.84
2780.76
3070.18
2981.23
2449.7
2441.78
2899.51
3245.27
2823.03
3305.52
2425.9
2579.85
2268.25
3111.37
4565.46
2618.63
2358.53
2861.74
2830.16
2966.65
2747.86
2210.07
3283.78
3447.65
2760.36
2076.18
2482.28
2325.06
2569.32
3731.72
2630.46
2373.75
2714.59
2586.99
3549.59
2633.66
2840.99
2215.49
3418.85
3370.23
2365.12
2987.67
4045.65
3249.21
3146.48
3154.72
2535.99
3615.63
2641.27
2561.48
2497.74
2471.9
2785.87
2443.51
2812.24
2310.73
3063.5
3702.42
2479.61
2587.61
2461.32
2943.07
3441.82
2196.21
2253.66
2183.25
3026.89
2384.81
3440.74
2844.17
2913.7
3046.71
2841.06
4086.85
2711.43
2944.59
2943.95
3560.48
3442.62
2135.94
2698.45
3321.89
3637.67
2679.19
2777.28
3431.15
2373.75
2185.95
2947.46
3799.92
2954.06
2513.83
2264.87
3325.56
2422.77
4496.51
2411.49
3476.93
2975.17
4104.78
3171.17
2870.6
2672.35
2131.86
3026.43
2958.04
2389.28
3193.53
2544.87
2611.84
3670.06
2616.64
2651.09
2493.03
2833.15
2748.13
2205.09
3111.79
2262.63
3054.21
4057.03
2620.43
2488.45
2648.76
2936.03
2508.11
2591.77
2308.57
3171.29
3207.98
2946.58
2683.3
2452.72
2799.02
3378.39
2416.3
2815.06
4234.93
3005.23
3913.46
2575.85
1946.56
2444.22
2704.33
3042.59
2450.45
2893.28
2869.7
2980.05
4119.94
4454.28
2961.79
2701.87
2375.33
3420.48
3170.16
3205.55
3043.82
2761.44
2649.62
2557.2
2762.9
2058.4
2337.76
2956.37
1985.98
3100.31
2779.03
2820.63
2078.3
3884.66
3062.99
2776.13
2773.82
2531.32
3375.33
3272.79
2834.03
2872.21
2895.04
2293.78
2141.15
2146.2
3057.23
2794.83
2510.29
3363.75
2768.65
2715.74
2313.53
3643.67
3206.51
2158.25
2415.59
1973.32
2288.26
3846.59
2355.35
3370.13
3685.68
2571.94
2531.92
2418.1
3137.79
3848.37
2104.01
2701.83
2852.89
4206.92
3568.49
2080.64
3425.25
3668.92
2541.94
3154.16
4587.15
3242.6
3156.53
3213.84
3294.32
3263.46
2688.13
2853.9
3050.22
3232.37
4961.36
3048.19
3331.33
2601.47
3591.01
2988.67
3196.89
3800.63
2438.09
4636.08
2932.8
3187.65
3613.58
4042.9
3445.72
2318.23
2234.32
2927.3
3890.22
2542.88
2308.51
2625.22
3091.31
2772.51
2591.64
2872.29
2780.67
2451.15
2210.89
2914.11
2290.14
3820.1
2894.31
3104.38
2144.12
3466.7
2682.21
3266.43
2704.02
2479.42
2551.79
2426.39
2814.54
3089.63
3151.75
2166.4
2448.72
2389.5
2645.16
2792.68
3286.16
2708.45
2298.84
2705.5
2752.95
3044.21
2582.57
2746.66
3572.37
2529.45
3284.46
2131.88
3636.6
2956.4
2774.79
2420.85
2919.7
2652.44
3408.82
2754.95
3239.49
3228.37
2175.07
3888.89
2311
3537.18
2548.81
2843.66
2917.58
2555.47
2648.71
3608.69
2330.24
2413.95
2926.94
2843.07
4016.02
3108.93
3666.25
3080.64
2634.61
2547.46
2419.27
2746.28
2631.65
2227.88
2692.47
3564.37
2830.17
2319.95
2212.31
2563.21
2901.07
2874.06
3032.75
3335.79
2985.68
3043.51
3116.42
2413.69
2424.14
2926.39
3195.06
2864.81
3787.44
3083.4
2553.44
2836.75
2264.3
2542.87
2984.97
3170.81
2296.46
3019.24
2622.18
3013.38
3261.65
2706.09
2309.43
2430.07
2793.06
2719.37
2640.69
2703.93
4564.35
2759.39
2528.22
3105.41
3320.34
2630.14
3393.82
3218.21
2611.53
2443.55
3855.07
2713.82
2828.96
2793
2742.92
3583.62
3394.04
3512.27
3125.67
2597.95
2238.53
2532.66
3359.91
2771.24
2291.89
2511.26
3607.29
3179.82
3736.39
3603.03
2471.56
2771.81
2478.82
2532.45
3078.49
3060.77
3304.1
3947
2561.42
2763.91
2835.01
2165.2
2166.16
2461.66
3316.54
2357.39
2626.54
3528.26
3273.08
2595.32
2790.36
3146.95
3108.51
2454.84
2514.82
2661.76
2623.13
2634.2
3159.58
2554.17
2971.68
2865.42
3058
3136.55
2617.62
3282.74
4639.97
2768.8
2581.29
2284.09
1982.92
2296.34
2581.51
2387.41
2683.59
3055.51
4068.17
2808.16
3311.36
2361.02
3124.3
4159.96
2303.69
2374.73
3214.89
3885.84
3075.9
3672.43
2333.93
2955.58
2998.49
2346.93
2050.96
2550.73
2703.45
2935.43
2788.97
2389.02
2901.03
3118.34
2952.23
2691.2
3585.82
2895.93
3839.15
2363.52
3289.95
3743.14
3253.71
1913.82
2742.89
4465.7
2066.15
3748.69
3369.92
3358.55
3278.96
3219
2208.11
2332.77
4529.32
2708.27
2599.46
3444.82
2030.65
2399.82
2735.49
2087.39
2351.55
2774.15
3019.83
1927.93
2807.93
3009.29
2916.71
2420.89
3222.75
3413.85
2494.6
3056.64
2636.79
2585.1
2912.04
2993.16
2749.35
3637.6
2874.72
2851.23
2968.73
3101.12
3294.06
2917.54
2705.49
3025.22
2431.45
2157.28
2824.55
2429.8
2672.9
3369.48
2818.58
1964.01
2415.21
2428.5
2817.75
3013.18
2802.36
2802.04
2669.18
3773.7
3619.18
2684.17
2435.31
3264.91
3277.5
2685.43
2974.93
3296.65
2608.22
2851.83
2988.58
4712.19
2141.93
2733.69
2873.71
3014.59
2903.54
2451.66
2339.43
2254
2382.86
3960.38
4403.29
2340.56
2999.56
3402.58
3061.51
3242.78
2293.65
2911.85
3376.62
2871.64
2940.6
3009.43
2989.7
3457.96
2741.71
3575.66
2402.24
3024.24
3045.39
3490.26
2065.67
2954.4
3155.2
2936.82
2822.21
2541.87
3264.72
3827.92
3098.88
2236.97
3746.74
2832.03
2731.78
2935.48
2349.09
2129.73
3676.78
2980.15
2426.09
2747.69
2340.19
3404.22
2606.72
3522.32
3316.41
2794.26
3183.71
2909.34
2343.16
3203.29
2583.79
3211.99
2750.7
2655.53
2514.28
2781.68
2882.76
3020.05
3058.29
2261.83
3191.32
3434.16
3266.96
2576.63
3258.32
2878.44
3829.27
2970.83
2185.05
3270.25
2723.38
2677.07
3364.26
3490.92
2995.77
3222.61
2844.63
2024.58
2035.71
2741.61
1979.74
2549.18
3023.65
3141.25
2543.94
2709.65
3451.37
3250.85
2919.32
2774.63
4215.61
3464.34
2217.55
2730.53
2442.35
3882.2
2250.33
3179.03
3513
2583.41
3236.37
2754.19
2170.05
2821.27
2964.67
3068.87
2541.85
2698.33
2755.59
2898.85
3465.42
3036.81
2823.36
2731.78
2518.54
3525.21
2606.78
2497.51
2492.36
2792.02
2146.66
3120.39
3320.41
2912.87
3554.96
2569.29
3571.05
2982.67
2947.92
2869.07
2720
3797.25
3106.33
3099.25
3457.97
2881.98
2884.97
2570.08
2994.85
3025.52
2340.7
3208.64
2786.2
3530.82
2719.05
3216.03
3579.78
2864.91
2723.12
3095.54
2701.13
3624.99
3408.59
2823.48
2435.2
2070.38
2853.41
3021.68
3215.16
2225.05
2339.43
2968.12
3135.41
3143.93
4631.56
2916.93
2663.48
2668.27
3159.15
3856.7
2864.39
2588.9
2311.13
3856.99
3786.18
2534.7
2443.59
2936.82
2937.12
2260.4
2449.41
2642.61
3478.12
2369.09
2666.97
3169.94
3032.38
2854.99
3468.7
2289.08
2592.65
2343.46
3516.18
3117.23
2868.6
2257.16
1988.02
3453.93
2276.35
3124.4
2884.72
3176.01
3210.22
3217.89
2851.9
2643.27
2195.77
2764.15
3179.51
2522.05
2250.94
3235.95
2479.03
3029.6
3089.86
2580.32
3009.64
3565.65
2986.99
3034.77
2808.64
3290.06
3212.12
2536.23
3479.98
3292.58
2110.83
2959.85
3142.8
3571.94
3608.77
3540.02
3356.24
3019.55
2514.92
3174.1
4238.88
2494.39
3016.8
2856.62
2544.99
3739.48
2871.24
3307.88
2176.05
2142.93
2710.79
2774.39
3020.84
2677.74
2896.99
2801.83
2744.08
3548.68
2440.02
3178.54
2379.18
2707.41
3120.9
2891.67
3231.18
2808.59
3039.64
3023.48
2606.18
3070.79
2562.57
3324.23
3117.11
3888.06
3156.24
2358.04
2260.39
2781.13
2076.13
3208.78
1981.21
4015.43
2214.59
3040.23
2394.07
2766.02
2747.7
2774.74
3132.99
2557.92
3898.38
2245.84
2445.17
2515.57
3736.14
3997.28
3380.69
2849.86
2926.25
2570.47
3675.41
1968.5
3710.81
2917.72
2457.93
3366.86
3340.26
3494.92
3220.76
3675.87
3061.27
2860.05
2547.52
2448.36
3175.88
3739.86
2043.68
2373.95
2239.84
2581.78
2006.03
3769.45
2537.12
3506.54
3474.12
2759.28
2622.38
2078.82
3678.37
3938.86
2706.01
3216.48
3469.64
2471.83
2962.6
3223.36
3255.08
2947.64
3010.65
2888.54
2437.19
2962.04
2729.32
2800.36
2432.09
3660.75
2241.65
3936.97
2373.06
3042.14
2615
2715.55
3332.38
2289.78
3166.27
3611.45
3313.1
3483.83
2848.51
2314.17
3049.79
2334.98
2900.78
3489.68
1997.08
2752.54
2453.34
2849.25
2987.52
2568.8
3112.75
2561.98
2932.32
4345.15
2693.96
3132.99
2536.11
2899.4
2343.83
3023.72
2616.75
3609.57
2213.72
2680.99
2685.79
2774.64
2672.63
3009.65
2507.27
2540.65
3072.83
3079.68
2550.84
2504.45
3269.4
2838.82
4472.87
3218.75
3552.31
2636.3
2710.23
2677.37
2471.96
2886.28
3075.22
3089.48
3267.94
2452.85
2560.92
2845.86
2722.19
2377.74
2989.01
4687.81
2304.23
2074.18
4068.48
4186.08
2293.35
4950.38
2859.23
2359.43
2395.86
2558.85
3624.48
3743.95
2772.81
2714.46
2242.11
3434.18
2804.59
2721.89
2963.45
3179.65
2894.4
2450.42
2614.54
2899.45
2569.29
2761.01
2144.14
2546.6
2893.48
5116.3
3465.42
2931.09
2327.13
3498.44
2614.97
2890.88
3831.88
2844.32
2786.88
3621.75
4013.09
2786.98
2721.37
4834.51
3029.9
2616.3
2173.69
2769.18
3391.64
2707.3
2936.84
2738.2
2731.46
2818.61
2641.13
2555.35
2635.16
2663.21
3296.51
2184.12
3281.07
3183.53
2517.86
2350.04
3239.98
2604.23
2236.95
3357.54
2145.16
3375.95
2584.7
2989.69
2435.97
3102.44
2901.75
2619.55
3345.5
2897.59
3869.61
3341.99
2957.97
2885.59
2609.16
2803.73
3146.54
3413.31
3683.64
3235.23
2204.29
3857.4
2513.52
2745.02
2645.07
2252.28
3459.23
2829.36
3097.97
3100.27
3209.93
2897.48
3266.46
3071.39
2943.31
3271.43
2171.32
2906.02
2638.69
2342.95
3201.28
2925.75
2166.23
2582.94
3124.38
3739.04
3283.36
2901.16
2390.48
3091
3559.43
3283.69
2217.56
2572.74
2889.74
3025.89
2738.19
2503.32
2450.11
4022.26
3097.24
3252.44
2930.41
2495.01
2477.81
2784.23
2597.95
3819.61
3863.49
2354.83
3098.15
3111.89
1999.67
2957.78
3040.38
2422.19
2381.13
2948.87
2439.88
2394.08
2109.05
2429.53
3691.68
2686.47
3136.87
2834.7
4293.79
2605.49
2534.24
2690.39
3127.45
2232.16
2647.88
3203.61
2226.32
2744.48
2564.76
2233.37
3376.82
3003.66
2787.2
2202.7
3033.78
2345.37
2711.86
2543.03
3658.05
2882.16
2693.08
3175.3
2356.11
3136.98
3392
2481.34
3263.63
2793.46
2644.75
3076.18
2638.41
2253.47
3354.04
2760.98
2594.42
3243.5
3427.76
2651.9
2667.02
3501.06
2582
2635.7
2339.57
3311.81
2194.27
2445.87
3273.07
3171.36
2793.29
3457.95
3294.55
2059.05
2495.64
2809.22
2403
4383.25
2784.05
2418.28
2878.85
2878.41
2993.83
2501.26
2211
4200.67
3389.09
3102.32
2663.99
3327.01
2556.22
3050.19
3479.82
3011.17
2562.32
2923.76
2658.67
2730.94
3622.86
2598.49
3100.98
2938.9
2560.98
2984.93
2430.53
3183.1
2892.02
2842.78
2886.37
2438.66
2966.83
4205.77
3112.05
2372.38
2835.99
3062
2836.9
2609.05
3002.4
2864.3
3023.92
2349.09
2821.22
3878.87
2564.91
2696.55
2818.16
3138.1
2404.71
3501.02
3582.41
2692.31
3461.53
2609.18
2399.4
3093.85
2520.52
2623.98
3428.03
3113
2783.16
2291.21
2729.02
2421.94
3483.17
2771.68
3298.72
2824.2
3882.32
2959.24
3839.47
3189.82
2538.19
3156.08
2330.63
2778.04
2793.16
2472.38
2904.16
3786.01
2472.3
2630.33
2616.77
2540.24
2293.58
3165.68
2685.81
2281.97
3217.39
2378.96
2726.4
3146.71
2071.59
2820.62
2546.59
3216.21
2792.77
2878.76
2889.06
2449.68
2933.5
3047.25
2459.91
3538.09
3574.33
3190.54
2771.61
3412.9
3437.12
2850.89
3052
2104.73
2691.55
3289.62
4201.47
2360.72
2656.63
3745.63
2857.5
2960.26
2904.58
3399.93
3515.58
3387.94
3627.46
2514.02
4302.3
2385.73
2832.1
2140.61
2764.64
3236.51
3429.33
3179.19
2418.43
2182.42
2958.83
2926.68
3791.16
2738.34
2328.5
2640.8
2708.09
2373.8
2336.28
3249.32
3303.52
1996.13
2891.48
3170.13
2364.22
2230.62
3245.51
2966
3007.57
2938.36
2621.61
2920.07
2371.8
2828.59
3336.13
2442.27
4341.04
2633.58
4304.08
2704.36
2900.46
2614.85
2576.88
2370.12
2212.68
2921.7
2578.8
3991.68
2994.12
3078.97
2783.24
3739.74
2193.01
2616.01
2973.78
3104.58
3252.8
3082.15
2659.52
2439.2
2503.11
2835.2
3121.08
3148.28
2557.78
2684.18
2341.92
2703.23
3579.47
2773.51
2550.86
2748.22
2644.36
2967
2209.1
3522.59
3224.29
3772.95
2363.22
3012.61
4193.23
3143.35
3424.27
3583.58
2769.65
2792.85
3084.31
2195.39
2853.2
3116.7
3078.51
2645.76
2401.33
2164.29
2352.4
2571.47
2690.87
2331.3
3432.62
3791.61
2795.5
3048.02
3075.87
3179.35
2613.1
2277.44
2465.1
3021.52
2281.15
2855.43
3000.19
2632.97
2575.2
3169.67
3825.65
2840.21
2612.03
3558.28
3043.02
3055.6
2818.87
3402.51
3086.58
3288.97
3318.1
2862
3108.83
2807.24
2572.47
3336.27
2512.24
3210.01
2605.79
3361.36
2875.24
3460.62
2401.79
2528.64
2620.69
3334.78
2851.64
2262.45
4145.28
2924.03
2484.28
3280.42
2411.56
2800.69
3162.65
2375.42
2556.36
2612.63
2574.76
3270.49
2267.01
3310.62
2667.82
3120.82
2452.59
3803.07
3700.42
3306.16
2191.41
3404.27
2766.04
2553.41
3024.19
3414.82
2612
3233.73
4511.07
2395.16
2931.16
3280.16
2213.27
3299.92
3455.39
3045.7
2631.86
2701.19
2401.87
3182.25
2456.31
3049.17
3202.92
2602.99
2671.81
2906.64
2392.13
2911.31
2374.03
3247.67
2909.06
3660.97
3017.98
3004.03
2711.48
3018.53
2936.32
3003.81
2803.14
2524.53
3860.83
3427.48
2499.99
2728.33
3346.76
3701.45
2655.16
2127.15
2202.82
2881.18
2265.8
2488.47
2196.22
2483.35
3224.75
2557.97
2951.6
2307.49
2870.14
4740.4
2379.15
3050.42
2335.65
2474.49
3082.31
2971.09
2613.89
2549.66
2055.36
2151.93
2441.13
2587.14
2511.58
2827.65
2297.61
3105.37
2686.79
2010.49
4611.31
2755.66
3022.14
3053.27
3018.09
3089.01
2242.76
2204.13
2745.28
2387.8
2309.15
2464.07
2756.03
2841.7
2708.8
2278.46
1857.17
4181.53
3415.66
2268.69
3077.5
3142.39
2207.66
2883.61
3134.8
4779.68
2845.18
5232.3
2455.24
2800.62
2818.54
3619.13
2396.12
2077.15
3828.43
2137.42
2667.65
2412.37
3004.77
2261.83
2277.06
2971.63
2796.15
3136.45
3217.7
2844.91
2363.1
3098.84
3256.67
3321.58
2256.86
3559.64
2571.22
2568.22
2372.44
2704.44
2955.66
2257.9
3153.9
2436.67
3550.73
2892.11
2146.76
2334.58
3192.24
2525.35
2934.27
3177.34
2717.68
2833.55
2407.09
2689.06
3353.89
2731.18
2575.45
2688.25
3197.14
2684.49
2848.21
2776.61
3089.52
2567.38
2856.87
2879.74
2849.23
3532.11
2668.54
3320.82
3042.45
3056.1
2850.34
2510.77
2668.99
2636.38
3459.7
2425.65
3157.44
2165.83
2948.45
2420.9
2617.37
3809.57
3404.49
3712.18
2998.98
2170.7
2818.9
2956.14
2552.56
2350.8
3757.97
3226.4
3133.7
2831.93
2898.94
3638.78
2863.8
2817.11
4661.4
3099.25
2476.97
2609.43
2469.15
3146.24
3540.4
2976.11
2570.09
2430.49
2513.38
3580.7
2678.41
1720.62
2948.52
3673.96
2883.56
2510.37
2641.61
3470.69
2346.09
2562.19
2640.77
2756.34
3183.59
3080.16
2971.02
2863.63
2708.38
2688.3
3226.61
2982.49
2225.75
2243.45
2648.66
2657
2823.04
3034.07
2832.66
2643.49
2984.97
3041.69
2825.12
2504.64
2932.48
2639.21
2827.28
2872.72
2743.08
3956.21
2807.52
2937.98
3605.83
2878.2
3223.55
2558.75
2757.36
3104.73
3687.6
2468.74
2914.16
2734.16
2832.85
3455.64
3259.15
2453.65
5015.71
2493.3
2471.28
2885.62
3485.83
3128.93
2754.92
3099.59
2932.49
2364.74
3101.2
1802.07
3274.95
2383.62
2510.84
2686.95
2690.75
2859.91
2895.47
2181
2757.95
2448.37
2945.85
2830.18
3015.03
2624.39
2013.59
2380.2
3091.66
2857.21
2739.99
3075.48
2313.14
3384.55
2856.72
2946.88
2580.66
2644.07
3349.91
2240.85
3313.91
2472.28
2924.18
2604.9
3144.32
2235.34
2823.06
2592.24
2739.12
2299.67
3172.55
2267.13
5112.32
3317.66
3235.23
3209.27
2680.72
3165.15
2625.7
2957.35
3169.45
2855.15
3165.76
2734.75
2956.38
2546.22
2892.1
3216.3
2923.42
2793.62
2730
2793.72
3316.33
2558.49
2713.33
2885.62
2536.74
2852.66
2556.58
3239.76
2584.1
2487.92
2710.81
3538.17
2908.41
2762.45
3044.47
2215.82
2360.58
3048.61
3399.6
2960.95
2406.92
2752.48
3962.94
2930.78
2804.46
2952.26
3220.11
2659.4
2441.76
2934.08
2546.61
3268.41
2896.4
2171.28
3535.05
2828.98
2913.09
2360.33
3156
3856.62
2786.04
2476.11
2609.12
2073.4
2576.51
3256.67
3036.39
2715.14
3429.62
2878.11
2602.08
2480.7
2715.5
2455.32
3707.2
3212.85
2855.65
2799.9
2891.11
3157.12
2529.85
4173.11
2333.07
2668.25
3037.23
3001.95
5164.42
2206.63
3388.98
3014.52
2635.82
3177.63
2590.23
2381.81
2431.93
2308.21
2245.87
2511.55
2776.92
2843.37
2136.14
2764.95
3006.54
2809.21
3244.06
2911.93
2630.06
2399.53
3369
3490.82
3069.82
2819.64
3110.44
3132.21
2383.1
2834.99
2667.62
3158.92
2289.75
3255.74
2597.97
4422.44
3015.51
3119.68
2711.27
2544.24
2702.91
3300.97
2524.64
2469.56
2579.72
2313.58
2508.58
2558.13
2631.44
2717.72
2859.92
2499.13
2894.9
2916.62
2396.47
3198.06
4040.49
2491.69
2304.54
2706.93
2605.67
2794.33
2413.9
3004.53
3293.62
2972.37
2429.46
2228.32
3274.58
2959.8
2301.3
2799.67
2337.55
2681.44
3128.86
2162.72
2982.81
3188.18
3570.09
2854.78
3884.94
2934.75
2552.28
3576.38
2955.57
3473.5
3829.99
3321.4
2538.11
4159.96
4049.68
2461.4
3523.47
3294.57
2989.54
3695.89
2423.48
2526.43
2292.24
3627.84
2675.1
2772.03
2871.98
2529.06
3180.96
3023.05
3058.55
3008.4
3184.92
3018.58
2791.56
2891.15
3132.32
3370.8
2290.69
3319.56
2477.53
2003.68
3484.61
2398.95
2349.75
2400.19
2224.77
2940.19
2872.04
1878.36
3151.78
2765.36
2733.75
3163.19
2352.97
2987.68
2820.88
3425.46
3305.63
3239.4
3250.14
2378.59
3216.61
3366.53
2902.83
3353.77
2407.02
3075.44
2646.83
2191.41
3397.4
2721.13
3266.86
2494
2188
3116.13
3300.15
2184.67
2279.04
2518.21
2118.43
2518.72
2151.48
2994.99
2578.7
2566.74
3102.68
2522.7
3792.31
2613.17
2634.71
2461.64
2579.26
2586.91
2540.51
3018.05
2189.17
3104.84
2823.58
2163.28
3206.21
2220.15
2801.56
4118.95
3121.89
2103.66
3351.25
2638.33
2702.49
2807.13
2609.4
2290.05
3221.73
2260.67
2535.09
2739.9
2793.78
2926.1
2768.45
2354.8
3188.04
2859.04
2565.47
2465.41
2427.15
2433.73
2898.78
2195.34
2165.94
3253.14
1975.05
3658.08
2882.17
3545.75
3683.65
3189.2
2257.21
4100.73
2820.3
2362.17
3659.38
3272.96
3723.29
2970.87
2525.11
3087.06
3378.24
3086.6
2458.56
2154.78
3371.79
2701.67
3398.87
2134.89
2751.96
2692.73
2729.16
2512.06
3644.22
2815.52
4150.05
4265.8
3086.07
2304.68
2062.79
2945.69
2873.55
3658.25
2835.21
2896.82
2128.82
2460.25
2769
4001.4
2846.52
2323.93
3050.97
2525.37
3023.21
2632.23
2857.64
2468.23
3745.83
2646.15
4060.66
2795.31
2937.38
3276.56
4003.32
2692.88
2456.83
3702.16
2815.96
3336.26
3074.34
2194.01
2184.08
3039.47
2612.73
2453.29
2431.94
3547.79
2762.21
2681.55
2428.53
3313
2676.8
2932.97
2323.46
2913.12
3202.54
2293.49
3788.69
5298.64
2565.36
2580.53
4670.08
4211.03
2579.61
2396.73
3073.44
2344.86
2802.79
3010.15
2027.12
3049.18
3499.74
2481.83
2415.61
3675.69
2980.53
3249.56
2170.3
2813.74
2470.93
2674.04
2755.95
3321.21
2703.64
3146.68
2416.32
2774.23
2705.36
2871.34
2486.83
2667.43
2496.52
2881.28
2353.81
3527.7
3053.93
2794.76
3775.74
3513.97
2798.79
2874.35
3004.22
2065.19
3736.75
3240.54
2624.18
2650.08
2802.08
3396.95
3677.81
3018.83
3608.91
2786.41
3367.11
3624.09
3160.84
3001.69
3201.82
2574.22
2005.03
3037.14
2499.18
3723.21
3150.3
2562.76
2322.8
3172.03
2628.62
3427.86
2397.89
2478.63
2329.63
3979.13
3127.74
3103.76
2801.28
2904.29
2604.04
2833.04
3871.14
2292.47
3165.18
2689.21
2499.56
2881.76
2410.02
2715.7
3110.04
2086.96
3198.24
2886.52
2855.97
2750.67
2549.57
2493.21
2322.04
2786.93
2382.92
2307.36
3804.15
3304.66
2645.41
3423.33
3120.19
2139.33
3567.93
3201.33
3023.19
2628.55
3107.6
2679.76
3268.53
3013.09
2566.34
3226.58
3157.77
3890.57
2599.86
3464.94
3924.19
3246.3
3121.63
2751.46
2204.62
2599.15
2399.87
2422.54
3285.73
2736.69
2739.03
3310.77
4862.42
3595.26
3200.29
2847.5
2336.79
3297.93
3214.1
2734.79
3505.77
3292.45
3922.72
2328.9
4398.68
3623.69
2430.94
2612.06
2537.76
3305.42
2728.89
3923.24
2194.1
3661.54
3007.96
2945.23
2247.71
2312.54
2342.81
3067.98
2655.68
3309.2
2694.99
2755.91
2334.39
2815.07
4212.67
2342.52
3066.89
2208.39
2977.76
2806.2
2390.76
2689.2
3124
2373.83
3666.85
3434.66
3086.6
2338.48
2623.73
3755.3
2943
3118.4
4302.15
2568.46
2564.07
2440.12
3399.59
2756.54
3224.68
2599.04
2859.93
2270.01
3031.59
4406.25
2734.88
2982.8
3806.77
2407.82
2820.4
2284.12
3702.28
3486.05
2699.65
3133.75
2921.41
2650.79
2387.87
2531.28
2430.47
2623.4
2033.88
2905.49
3081.97
3099.9
3277.22
3249.55
2914.83
3260.23
3060.29
2581.68
2868.44
3190.5
2159.14
3057.62
2876.2
2609.78
2712.98
2828.23
2711.93
2678.78
2701.47
3296.35
2368.41
3599.63
3085.59
2391.7
2804.02
3403.57
3170.03
2383.81
3264.54
3042.19
2309.69
3417.39
2493.11
2910.39
2236.39
3718.29
3798.36
2744.2
2434.06
2170.42
3289.01
2321.72
2991.9
2602.81
3045.39
2250.65
3169.19
3847.79
2984.72
3292.63
2777.17
3048.05
3146.83
2565.58
2373.92
3691.55
1950.91
2420.37
3482.85
3653.49
2961.42
2256.38
2986.31
2869.01
3258.71
4318.86
3657.08
3724.51
2794.77
2786.52
4080.15
3704.52
2793.35
2526.74
2957.69
2169.22
2700.8
3202.13
2374.6
1871.73
3750.43
2941.67
2753.71
3252.69
2741.31
2977.01
4376.38
2532.01
2149.61
2649.55
2889.55
2617.66
3364.18
3282.83
2955.03
2453.2
2598.45
3103.48
3745.75
2636.83
3059.57
3087.89
3205.17
2293.59
2862.29
3089.14
3038.75
2531.65
2994.07
2351.34
2601.57
2937.96
3218.2
3769.72
2212.45
2949.91
2660.44
2680.77
3054.95
2452.36
2904.5
2615.07
3885.93
2612.66
3409.21
2738.83
2620.12
3624.96
3260.69
2863.08
3058.99
2472.19
2780.09
2312.69
1817.21
3208.63
2806.92
2426.85
2174.63
2675.29
2717.67
2149.77
2404.59
3671.92
3285.51
3358.15
3216.41
2639.95
2665.19
3923.94
4546.91
3100.89
2682.58
2952.17
2819.37
3194.97
3364.25
4135.89
2527.95
2629.6
2763.71
2827.69
2145.51
3064.68
2816.36
2843.12
2756.25
2175.6
4308.18
2758.28
5427.92
3293.18
2808.75
3197.36
2804.77
2477.23
2775.67
2227.31
2793.91
2766.28
2138.05
2935.43
2699.2
2575.35
2441.58
2889.15
2607.34
2446.89
3223.48
2974.31
3819.21
3007.84
2978.19
2723.89
2706.48
2320.55
2990.01
3429.44
2915.12
2795.53
2810.07
3605.78
2048.02
2610.9
2784.35
2431.92
3107.53
2256.17
1942.94
3261.86
2359.35
2569.65
3056.4
3830.09
2705.81
3106.2
3089.86
3234.12
3863.01
2392.26
2787.36
2465.2
2474.78
3843.69
2373.96
3149.69
3238.55
2864.81
2664
2543.76
3482.31
3035.56
2452.27
2394.4
3381.24
3468.56
4170.2
2645.95
2238.36
2577.12
3597.4
3553.21
2637.75
3555.07
4952.25
2711.67
2604.71
3310.78
4529.44
2630.46
3102.66
2733.36
3227.44
2630.58
2989.6
3666.84
2747.37
2449.25
3939.47
2555.79
1965.05
2931.95
2958.25
3045.63
2243.97
2473.56
2281.18
2158.9
2092.87
1868.64
3629.69
3881.48
3290.83
2263.13
3260.42
2731.62
3136.01
2807.66
2353.12
2491.58
2419.62
3092.57
3142.64
2672.41
2953.45
2560.11
2407.52
4137.98
2782
2366.87
2724.58
3364.46
3005.16
3430.01
2279.74
2567.69
3400.09
2904.53
2806.06
2481.38
2184.37
2701.1
2805.36
2070.74
3489.73
2936.55
2599.94
2525.23
3778.69
2749.28
3062.42
3008.71
2922.91
3073.33
2542.33
2963.93
3336.14
3058.87
2119.38
2280.69
3598.31
3455.53
3416.93
3549.72
2519.37
3170.25
3104.76
2197.83
2648.62
2412.42
2567.35
2672.84
3826.59
2754.06
3476.99
2903.81
2934.43
2812.28
2654.04
3894.99
2779.5
3177.19
2659.24
2370.64
3783.42
2809.43
2363.26
3202.37
2986.27
2412.98
3291.37
3079.56
3337.66
2253.4
2631.97
2613.65
2358.81
2438.27
2854.19
2903.85
4567.97
2599.15
3195.51
2969.14
3503.75
2447.58
2739.89
2591.49
4002.17
2289.07
3225.5
2521.11
2934.12
2551.68
2308.81
3164.22
4147.7
2619.21
3205.36
2550.21
2996.68
3257.41
2933.74
2647.54
2929.99
2928.75
2403.36
2711.77
2315.93
2322.05
2395.64
2494.48
2942.36
2725.81
2010.53
2257.93
2264.63
2500.68
3580.5
3373.13
2838.16
3759
2607.94
3002.33
2496
2736.75
2743.27
2452.28
3120.34
2333.88
2615.07
3704.31
3098.29
2702.82
3406.93
2791.57
2695.54
2505.32
2893.71
4395.32
2480.18
3269.87
3032.49
3383.66
2905.34
3269.36
3025.59
3024.36
3295.8
3234.14
2914.55
2955.18
2388.89
3352.05
3121.96
2655.82
2641.18
2833.48
3344.18
2704.45
2296.96
2306.22
2194.8
3757.97
2697.54
3105.87
2572.53
2377.35
2806.56
2533.7
2607.34
3764.31
2459.08
3098.93
3604.49
5676.45
2482.89
2556.96
3079.48
3033.97
2265.68
3356.39
2295.79
2348.42
2475.57
3279.81
2803.93
2961.65
3402.88
2033.66
2687.1
2974.2
2374.91
2153.44
3322.53
2545.05
3229.9
3152.49
4589.7
3172.13
5795.22
3120.86
2544.64
2828.85
2480.12
2913.53
2187.97
2750.96
3522.72
2942.36
4313.91
3007.65
3160.71
2975.74
2576.99
3068.21
3130.82
2346.27
2946.88
4321.31
3388.7
2826.09
2805.58
3499.94
3473.85
2679.89
3246.4
2371.43
2715.42
2171.51
2958.77
3501.09
2629.05
2416.19
3232.27
2131.01
2606
2483.79
3178.92
2391.89
2961.61
3217.65
3107.03
2904.94
2483.35
3289.23
2632.81
3096.82
3299.25
2760.75
3367.33
3307.62
3346.31
2829.64
3594.77
2405.46
2963.98
2835.95
3293.25
3566.19
2645.44
3114.21
3501.85
2657.7
3264.6
2639.74
2791.52
2298.83
2763.87
2958.78
2558.07
2965.13
4333.58
3060.3
2491.56
2748.22
2395.71
3135.73
2466.26
2603.4
3498.89
2575.57
3007.44
2459.15
3821.33
2893.99
3326.86
2808.55
2222.98
3209.84
2315.62
2770.47
3632.66
2402.04
3319.97
2642.86
2810.81
2872.45
3472.22
2548.76
2630.21
2862.74
3657.79
3361.74
3817.06
3095.52
2606.13
2623.38
2444.8
2934.74
2785.15
2763.47
3152.25
2506.23
2420.34
3331.16
2970.01
2237.61
2728.23
2576.12
2574.81
2547.8
3543.87
2096.42
3182.12
2292.09
2952.05
2715.86
2678.71
3184.22
2944.8
3232.93
3110.8
3147.76
3691.36
2244.56
3478.74
2728.5
3360.7
2738.4
2818.14
3937.66
2663.69
3505.62
2483.82
2827.13
2963.33
2551.68
3228.03
2666
2495.72
2717.59
2626.09
4475.54
2851.63
3639.47
3399.96
3172.89
3703.18
2666.56
2974.41
2382.31
3223.3
3430.05
3407.33
2155.69
2829.41
2536.61
2764.82
3004
2271.61
2641.94
1857.2
2142.08
2909.4
3976.89
3710.1
2730.23
2729.03
2341.01
3500.06
2026.85
3047.66
2298.98
2945.35
2749.29
2756.35
2701.29
3603.9
2895.46
2824.51
3813.32
2437.86
2490.68
2306.98
2627.57
3720.83
3586.98
2797.5
2879.29
1990.74
2953.19
3061.59
3212.38
2615.98
2642.59
2736.22
2460.63
2258.13
2522.76
2709.69
3231.64
3414.52
2720.18
2238.89
3204.74
2938.88
2271.41
2878.94
4537.78
2911.34
2960
3355.78
3854.85
2553.13
2568.28
2746.46
2301.24
2118.24
3350.77
3410.44
2918.75
2815.33
3531.97
2740.11
3945.66
2622.34
3031.93
3322.09
2726.3
2721.7
3079.93
2860.62
2564.67
2613.4
2442.04
1979.55
2644.48
2549.45
3571.78
2938.71
2548.52
3285.58
2680.03
2488.19
3386.22
2495.31
2640.19
3066.76
3649.49
2890.44
2891.47
2391
2581.77
3128.03
2975.65
2508.58
2802
2665.98
3004.64
2610.73
3285.88
2459.9
2798.54
2294.78
3178.17
4423.66
3390.03
2740.84
4153.39
2282.79
3129.24
3083
3495.8
2650.95
3107.46
2927.11
2594.68
2823.16
2780.21
2761.67
3664.6
3036.02
2682.83
3084.28
2630.05
3177.89
2786.19
2153.23
2884.21
2607.76
2678.87
4256.57
2297.02
2310.47
3512.64
2576.42
3229.52
2643.29
2938.83
2687.87
2903.41
3525.42
3220.22
2585.94
3073.66
2470.59
2977.89
2536.96
3350.57
2837.96
2841.09
3420.9
2717.99
2861.64
3035.36
3090.12
2637.15
3556.24
2947.07
2451.55
3541.14
3094.24
2461.85
3382.98
2854.98
2878.21
2811.25
3769.03
2677.31
3117.83
2726.93
2566.5
3300.7
2711.45
2070.31
2853.38
3328.54
2741.62
2864.67
3744.89
2747.74
2743.34
2834.61
2493.67
3121.28
2962.34
2730.03
2818.97
2818.29
2469.81
2603.99
3475.4
2016.99
3937.09
3061.68
3741.99
2853.68
2891.12
3370.95
3239.59
2775.67
3292.38
3907.47
2698.49
2449.89
2374.36
2294.22
2103.16
4241.87
2522.11
3263.68
2606.19
3751.91
2998.93
2604.37
3351.96
3736.55
2688.64
2492.4
2969.24
2343.7
3727
4101.06
2922.59
2574.65
2928.96
2793.43
3836.78
2768.94
3107.12
2591.23
2381.27
1932.66
3168.4
3123.55
3214.48
2744.14
3894.61
3008.03
3114.74
4256.59
2904.78
2040.43
2417.77
3165.87
2902.81
3050.29
2741.13
2541.39
2065.35
2821.65
2010.65
2531.62
2859.85
3066.31
3041.89
3678.24
2789.21
3132.75
2775.66
2766.82
3164.94
3606.51
2992.27
2834.98
2495.03
2423.64
2992.15
3220.02
2522.94
3040.43
3301.41
2702.81
2625.4
2376.55
2950.05
3100.56
4330.5
4133.48
3001.23
2328.65
3055.77
3540.09
3197.35
3035.6
3451.66
3177.7
3340.58
2382.68
2461.91
3022.6
2770.45
2935.69
3262.92
2212.97
3769.29
2653.28
2441.25
3146.7
2753.69
2633.44
3019.69
2346.31
3562.68
3328.79
2647.02
2711.58
2728.41
2917.41
3825.21
2323.35
4087.49
2464.9
2648.38
4800.92
3686.13
2428.24
2153.61
3271.68
2534.61
4161.36
3374.93
2687.36
2813.11
3513.4
2733
2896.14
2400.24
2909.36
2857.97
3188.14
3005.69
2716.39
3672.03
3225.69
3740.68
2791.29
