2874.15
2239.65
3025.07
2747.88
2237.67
2447.28
2839.88
2742.97
2762.75
3579.07
2624.6
2492.27
3004.74
2573.11
2768.18
3249.05
2425.76
2269.27
3189.86
3028.43
2369.69
3612.89
2988.83
4897.93
2006.21
2423.65
2405.37
4064.98
2083.85
3061.36
3184.45
2721.16
2905.91
2447.95
2018.1
2343.53
2697.89
2705.58
2659.92
5935.53
2611.27
2522.92
3299.06
2927.72
4724.83
2089.72
2761.42
2320.6
3889.45
2183.88
2967.83
3074.75
2257.55
2478.61
3253.65
2367.62
2581.78
2759.72
2332.98
1979.73
2401.47
3183.55
2829.73
3048.22
2583.44
2292.52
3157.75
2868.21
2702.94
2038.11
2720
3219.07
2545.3
2769.67
3509.91
1899.6
2776.01
3670.85
2520.75
3397.5
2260.92
2119.01
4620.91
3056.1
4076.55
2276.86
2373.64
2963.79
3264.33
2309.86
2681.56
2502.53
2696.02
1990.85
3257.3
2391.98
2010.76
2451.47
2354.95
3074.16
2340.32
4302.82
3157.12
2557.77
3475.19
3052
2778.17
3142.04
2733.46
2968.39
2796.84
1939.82
2734.55
3160.37
3131.81
3379.43
2121.04
2616.82
2614.8
2907.09
2406.13
2501.7
3360.33
3174.09
3656.57
2973.77
1956.32
3520.25
3433.99
2884.02
2543.73
2447.86
2453.79
3725.75
2213.77
4052.02
3039.94
2764.17
2138.11
2498.43
3429.14
3163.34
3138.23
2075.65
3306.55
3647.81
2727.83
2644.57
2120.16
2692.02
3722.9
2786.19
2366.4
2469.91
3563.14
2762.17
4227.38
2802.89
2335.32
2659.35
2810.06
2734.98
3500.63
2556.79
2429.48
2485.13
3155.79
2840.26
2728.3
3088.73
3136.94
2870.07
2623.75
2541.38
1878.73
3539.58
2380.54
2248.29
3434.8
2352.99
2500.82
2884.92
2965.27
2611.62
3207.81
2593.99
2444.17
2542.77
3072.16
2296.81
2815.61
3730.26
3166.83
2800.66
2733.2
4915.84
2363.6
2664.71
2653.32
2576.64
2395.23
3483.75
2695.37
4991.49
2172.36
2117.61
2716.06
2703.84
2447.77
2529.87
3251.55
2187.87
2533.62
3462.63
3778.85
2367.3
2652.74
2035.32
2633.06
3836.75
2639.98
2736.18
2875.48
2996.9
3350.86
3446.34
2933.45
3375.06
2613.88
2812.05
2525.51
2462.23
2468.2
2142.5
3254.93
2321.73
2196.05
2681.6
2559.56
2774.25
2404.63
2356.91
2413.08
3087.53
3043.49
2582.48
2987.89
2260.73
2630.58
2785.06
2515.47
3015.14
2797.9
2648.94
2480.28
2500.53
3109.03
2409.98
2122.96
2252.05
2652.19
2925.79
2749.8
3451.22
2412.91
3688.59
2844.56
2714.65
4347.34
1990.1
2334.6
2525.01
2467.71
2533.98
3140.32
3447.64
3528.34
1885.16
2472.64
2103.71
2134.88
2494.04
2457.67
2297.84
3033.78
2462.02
2267.42
2098.09
2438.92
3131.72
3406.22
2375.97
3596.21
3505.69
2478.16
3108.17
2397.71
2002.21
1957.52
2505.4
2606.08
3254.98
2761.25
2568.77
2474.71
2288.39
2669.95
3150.54
2720.12
3462.91
3090.57
2459.82
2184.14
2557.69
2705.52
2798.42
2287.59
2385.83
2991.72
2796.53
2849.17
3142.8
4654.18
2062.11
2314.8
2259.14
3347.71
2763.27
2151.1
2681.67
3255.93
2971.77
2242.32
2111.97
3151.27
3054.83
3255.25
2541.57
2311.6
2537.58
3042.09
2934.02
2800.39
3235.48
2447.54
3209.2
3337.53
3192.78
2293.01
2265.31
3234.37
3500.72
2660.83
1833
2351.31
2485.85
3113.54
3328.2
2909.58
3879.45
2273.95
2032.07
2461.74
3233.71
2327.33
2828.06
3186.38
2545.95
2758.46
2987.02
4051.37
2056.78
1932.41
3609.65
2066.4
2481.99
2063.35
2902.96
2841.27
2158.95
2617.84
2294.74
3338.3
2442.59
2602.6
2145.77
2916.21
2890.75
3093
3116.36
2958.55
2643.49
2732.91
2446.11
2352.51
2814.75
2749.43
2128.1
2605.85
2607.44
2821.88
2551.99
2573.95
3275.64
3058.21
2894.79
2928.92
3052.06
2205.65
2693.53
2504.42
2193.87
5295.2
2330.59
3623.04
2493.81
2216.24
2640.25
2906.35
2615.48
4210.81
2405.44
2121.99
3128.92
2825.62
3175.14
2897.03
2448.23
3059.05
3455.07
3268.95
2148.52
2630.18
2325.88
2951.39
2634.93
2679.7
2122.08
3084.82
2839.35
2868.08
3274.72
2265.22
2121.29
2798.4
3089.99
2661.32
2109.69
2306.9
2021.18
2954.98
2352.85
2841.94
2471.99
2040.4
2171.45
2729.47
2521.39
2535.3
2504.82
2615.08
2844.88
2682.78
2311.26
3975.08
3281.45
3339.6
2602.64
3242.02
3832.85
3543.81
2584.44
2897.02
2833.12
4127.91
2430.99
3215.53
2451.88
3034.14
2098.47
3263.81
2074.03
3186.52
1810.82
2362.95
2907.14
2517.32
2803.19
2257.75
2614.29
2571.36
3029.58
4103.54
2903.96
2639.75
2705.96
3610.06
2762.92
4028.9
2892.1
3482.76
3039.48
2545.99
2373.98
2777.71
2145.8
2741.85
2688.98
2718.43
2253.74
2924.98
2451.26
3453.25
3551.37
2948.44
2495.95
2374.06
2719.58
2906.01
2074.22
3134.16
2294.04
2969.65
3195.33
2893.74
2677.26
2721.95
2355.33
2603.52
1829.54
2456.1
3105.14
2501.38
2925.54
4521.67
2774.73
2815.17
2468.39
2240.36
2392.24
2081.45
2785.34
2543.67
3102.2
2543.34
2771.29
3353.74
2203.29
2513.12
2786.07
2240.46
2646.59
2857.61
3677.41
3278.61
2160.01
2103.68
3650.38
2980.52
2231.78
1886.02
2764
3107.22
4124.29
3261.22
2823.79
2717.86
2660.63
2962.2
2548.36
2128.9
2818.93
3509.4
2253.81
2382.27
3390.91
2758.61
2535.49
2214.74
2172.08
3973.4
2781.2
3730.07
2538.99
3665.11
3630.02
1891.22
2623.71
2700.64
4270.02
2753.22
2162.81
2500.04
2652.45
1859.06
3416.6
2496.18
2851.63
3262.58
4336.73
3174.97
2563.81
2477.91
3391.53
2251.15
2564.03
2290.37
2891.31
1841.71
2431.25
2556.28
2400.53
4343.63
3486.79
2232.39
2237.48
2309.36
3292.9
2549.19
2965.76
2524.62
3462.86
3172.17
2735.78
2648.25
2143.89
3349.59
2747.46
2470.83
3086.11
3457.19
2847.49
2082.45
2268.02
4206.84
3107.76
2970.65
2458.82
2182.88
2412.79
2476.63
3325.33
3802.57
1945.75
2081.69
2329.05
2903.09
3126.21
2832.3
3987.28
3990.65
3449.71
2869.07
1714.1
3566.81
2443.22
2626.69
3082.66
2797.72
2796.56
2585.07
2590.92
2786.51
3559.55
1927.79
3010.99
3111.76
3363.94
4187.64
2037.24
2426.26
2979.41
2708.35
1831.49
2398.84
2499.4
3166.54
2011.31
2542.54
2580.52
3574.76
2310.15
2088.63
3144.35
3111.46
3175.29
2129.24
2531.55
3203.28
2806.29
3662.82
4083.48
1708.27
2737.21
4089.63
3669.46
2310.2
2166.28
4529.57
2652
3029.33
2429.96
2490.37
2592.09
2748.56
2431.23
3507.86
3010.51
3025
2475.23
2373.87
2863.96
3977.28
2541.48
2750.72
2086.69
3548.81
3701.08
2297.1
2617.85
2912.36
3350.47
2216.99
2494.14
1948.59
3320.35
2585.44
3179.75
2353.12
3312.53
3945.53
2011.78
3269.94
2153.2
3348.46
3632.71
2524.86
2041.15
2846.98
2695.08
2262.66
2731.03
3139.01
2701.54
2210.86
2085.54
2508.04
2399.02
2997.44
3771.54
2770.48
2942.72
1936.28
2471.21
2427.88
2783.6
2642.37
2784.33
3015.28
2822.39
2704.54
2171.51
2243.87
3867.68
2361.8
2926.61
2571.47
2522.32
3971.27
3098.07
2765.66
4526.48
3435.65
2622.01
2646.35
2975.5
2526.44
3129.63
2939.97
2407.94
2575.08
2408.72
2622.67
2751.61
2423.97
3380.41
3831.89
2675.45
2707.71
2505.4
2202.74
3003.94
2970.1
2603.08
2269.37
2584.26
2876
2950.75
2661.49
2636.05
2492.45
2768.67
3382.38
1942.52
2376.6
2537.43
3282.41
2990.99
2419.57
2653.17
3371.05
2793.81
2659.33
3013.49
2210.76
3679.8
2330.21
2441.92
4212.6
2334.33
2667.91
3211.61
2449.51
2867.35
2551.3
2453.36
2600.91
2178.48
2537.76
3163.77
3180.15
2142.59
3135.36
3293.4
2050.43
3018.79
3177.14
2698.89
2982.39
2599.75
3343.48
2041.99
3828.97
3454.57
3333.75
3223.94
2494.14
2283.53
2711.29
4037
2264.71
2604.18
2695.13
2911.33
3159.5
2007.76
3154.25
2762.89
2751.63
3486.3
4331.33
2886.83
2349.13
2508.42
2596.12
2581.14
2575.21
2799
2419.5
2986.28
2618.73
2642.01
2788.55
2867.22
3326.41
3494.14
3053.45
3006.31
2592.71
3816.76
2966.73
2421.3
3392.15
3513.95
3023.69
2479.77
2980.35
2479.97
2140.71
2865.7
3208.81
2108.26
2944.02
2933.44
3019.21
3553.78
2411.63
2212.53
2522.25
2749.38
2831.14
3057.89
2971.58
2225.69
2426.92
3290.71
2230.43
2244.6
2689.17
4059.53
4106.11
2359.59
2949.67
2156.3
3010.72
2585.3
3068.22
2373.8
2569.74
3937.3
2656.29
1963.94
3538.11
2743.1
2133.72
3188.77
2982.94
2681.54
2262.69
2604.67
2450.96
2267.67
3339.46
2328.26
2804.73
2321.79
3039.4
2260.51
2173.71
2377.81
2088.22
2644.51
2149.77
2233.27
2495.52
3242.42
2583.37
2178.36
2722.42
3669.81
2502.96
2608.66
2458.07
2755.26
1840.34
2146.09
2472
2116.9
2315.8
3261.15
4342.11
2969.51
2584.15
2247.45
3034.97
2339.04
4034.43
3407.47
3292.48
2343
2474.92
3493.72
3011.17
2814.33
1716.83
2330.16
2548.67
1904.03
2246.97
2905.8
2411.83
2476.54
2782.68
3434.8
3851.52
2959.84
2689.38
2923.57
2646.07
2019.95
2522.84
2900.51
2124.58
3813.37
2482.52
3065.52
2623.72
3035.39
2407.47
3463.59
2592.06
2825.02
3291.32
2789.64
2689.4
1743.27
2262.03
2395.92
2640.52
2416.18
2195.47
2543.47
3579.26
3137.91
1953.79
2790.08
3713.67
3202.71
2330.92
2398.1
3193.85
3661.38
3318.12
2818.01
1840.67
2359.84
3796.86
2338.09
3292.86
2456.22
2733.98
3284.06
4247.76
2776.16
2831.05
2079.21
2941.91
2079.17
3039.26
2897.8
2296.38
3714.24
2701.81
2394.06
2692
1978.17
3601.63
2495.79
2450.57
2478.75
3570.88
3224.46
2381.89
2897.76
3023.96
2488.21
3201.16
2862.62
3154.7
3102.5
3085
2700.16
3741.17
2664.83
3338.24
3449.45
2679.59
2511.9
2601.7
3020.66
3574.02
2517.13
2671.87
2980.97
4340.18
1978.55
2173.28
2616.3
2253.82
2878.51
2696.51
3370.07
3014.66
2395.77
2931.09
2400.34
2801.77
2644.64
3414.78
2429.74
2638.16
3256.61
1943.49
3026.08
2389.74
3223.45
2173.2
3852.49
2476.77
3139.14
3435.6
2398.52
2596.53
3092.16
3267.96
2436.65
2371.14
2897.26
2690.58
4037.23
2588.72
2578.59
3585.06
2456.47
2215.08
2402.76
2660.59
2533.4
1878.54
2530.46
2262.03
2329.96
2183.86
2816.95
2422.21
3048.03
4476.96
3245.14
2848.62
2658
2614.88
2377.77
2534.96
2139.33
2733.72
2664.78
2319.51
3546.65
2651.72
2543.53
3085.75
2272.51
3145.43
2318.69
2402.11
4132.25
2576.26
2359.21
2310.46
2494.18
2587.38
2742.99
3037.51
2538.25
3158.06
2584.47
4598.31
2796.08
2913.95
3212.07
2406.7
2800.3
2753.28
2768.08
4440.5
2281.83
2409.88
2107.92
3642.37
2719.41
3124.92
2405.22
3187.94
2819.09
3160.18
2310.83
2142.41
2441.81
3083.43
2677.98
2398.11
3073.8
2530.89
3168.94
2316.03
2571.28
2794.42
2298.59
3409.43
2521.39
2589.43
3603.78
3872.94
2284.97
2630.45
3008.75
2683.17
2396.18
2704.78
3196.22
3571.45
3083.02
2887.94
2532.75
2524.72
2674.11
3477.96
2354.56
3110.56
3502.34
2739.16
3074.71
3172.82
2783.82
3538.39
2307.93
3022.42
2907.18
2894.16
2544.99
2360.1
2467.56
2837.45
2879.81
3470.43
3642.1
2690.94
2113.46
2857.35
3174
3017.8
2739.84
2837.67
2923.19
1963.47
2848.44
2735.17
3038.52
2375.08
2778.28
2562.77
2978.15
2195.67
2441.31
2897.99
2405.01
3931.69
3706.86
2521.99
2754.45
2282.38
3376.24
2693.87
2870.22
2727.75
3056.63
3205.66
2608.77
3072.29
1956.64
2492.8
3282.25
2280.54
3032.71
2831.49
3316.18
3180.55
3096.97
2928.26
2729.3
2785.33
2156.19
2763.84
2221.67
3406.25
3077.43
3175.43
2749.77
2460.67
2594.24
2536.35
3014.46
3003.99
2940.42
2661.52
3274.13
3618.64
2328.8
3470.35
3142.43
2387.54
3443.13
3518.62
3642.55
2688.11
2054.71
2698.85
2501.08
3057.61
2214.99
4130.12
2459.76
3167
3434.15
2806.68
3756.1
2766.63
2528.52
3548.46
2917.33
2537.78
3080.4
3717.99
2258.18
2617.75
2533.69
3174.13
2713.25
2379.02
3554.53
3808.73
3318.05
2109.7
2494.98
2873.4
3134.2
2591.96
2294.67
3327.79
3348.89
3293.39
2497.39
3075.76
2633.84
3014.17
2666.15
2275.37
2798.1
3991.89
2915.84
2662.89
2702.66
2950.75
3751.44
2837.48
3742.7
2422.19
2832.46
2813.76
2442.66
2639.52
3067.67
2789
2515.49
2724.07
3391.55
3868.41
3354.16
3534.96
1922.67
3727.83
2047.76
3323.51
3596.25
3527.47
2972.36
3250.64
2472.28
3148.45
3372.22
2658.45
2660.38
3664.96
2706.61
2359.9
2535.91
2639.73
3145.77
2792.46
2161.11
2457.28
2117.85
3372.36
2941.95
2196.23
2399.47
2674.64
2766.91
2441.47
3252.07
2538.04
2494.61
1579.15
2623.9
2301.55
2609.85
2522.9
2541.88
2774.32
2318.04
3189.77
2199.99
1767.68
2319.54
2967.28
1978.68
3370.07
3937.99
3313.47
2890.01
2912.33
1862.96
2707.41
2748.87
2252.31
3201.7
3219.57
4295.08
2876.18
2234.99
2780
2669.28
2901.07
3507.86
2047.3
3352.27
2416.82
2312.35
2998.83
2325.43
2498.4
2548.33
2279.49
3259.24
2780.26
2915.26
2383.73
2784.25
2865.71
2901.29
3848.68
2518.59
3029.72
2926.43
2591
3148.9
2996.98
3493.92
3710.3
2603.06
3151.8
3446.66
2871.31
2917.62
3526.7
2784.48
2574.47
2547.99
2874.71
2624.23
2357.83
2714.73
2691.3
2895.62
2468.5
1820.45
1775.63
2043.55
2493.22
3126.81
1904.62
2337.17
3148.07
3321.32
3826.1
4722.88
2350.68
2762.84
3571.85
3124.83
3074.2
2013.23
3104.59
2417.83
2766.21
2769.49
2291.46
3273.87
2482.03
2717.07
2686.95
2825.34
1989.26
3174.54
2393.02
2627.97
3845.7
2551.85
2357.8
3237.89
2468.3
3091.62
2778.61
3192.05
2479.19
2606.39
2809.27
2737.08
2170.41
3829.74
3576.57
2814.97
2447.82
2540.83
4099.78
2557.16
2756.03
2179.54
2458.69
2589.96
2586.57
3005.19
3344.92
2768.34
3148.31
2596.8
4280.88
3796.82
3340.2
2677.96
2516.7
2773.4
4187
2910.21
3249.52
3022.08
3132.04
2747.54
3692.34
2682.23
2428.75
3018.67
3517.29
2634.93
3441.76
2617.63
4205.32
3501.25
2748.82
2502.06
3971.12
2269.99
1857.57
3145.78
3148.06
2335.22
2500.36
2899.94
3177.12
2669.92
3248.76
2685.36
2473.57
4139.07
2504.29
2766.05
3191.22
2317.41
2621.72
2907.12
3405.29
2342.99
2267.89
3180.98
3227.96
2523.63
2622.22
2128.13
2974.02
2684.8
2081.5
2129.34
2967.58
3126.28
2744.4
3010.67
3011.06
3627.04
4963.36
2942.54
2402.44
2717.12
2702.21
2683.34
2672.2
2527.86
2255.88
3264.09
2697.75
2301.7
3159.42
3183.03
2678.08
2121.15
2534.67
2282.7
3351.77
3103.75
2841.89
3360.75
2368.14
4141.68
3137.53
2939.88
3278.27
2453.63
2894.33
2722.89
2914.09
2684.36
3546.67
3309.77
2024.07
3664.34
2642.57
3007.39
3280.25
2711.79
2262.49
2150.87
2972.27
2824.41
1907.7
2847.98
2670.26
2709.88
2891.88
2901.67
3763.31
2605.56
2242.43
2673.9
2565.74
2185.56
2386.1
2902.93
3707.97
2306.18
2766.66
3333.45
3282.32
3752.31
2798.92
2409.65
3549.25
3111.27
3282.25
3024.08
3217.19
2320.18
2265.51
3468.67
2967.9
3484.87
2599.4
2627.95
2357.02
2605.8
2912.09
2756.6
3874.91
2246.35
3244.98
3917.99
1933.99
2825.33
3413.2
2583.07
2109.9
2239.62
2815.41
2805.81
2715.63
2255.82
3131.33
2853.7
2571.98
3134.04
3565.17
3028.16
3409.34
2522.01
5027.5
2702.75
2695.79
3595.69
2874.96
1907.9
3562.98
3203.06
2471.59
2959.36
3487.65
2689.03
1917.16
3025.83
2394.73
2260.55
3199.28
2994.57
2428.89
4012.8
1629.99
2633.74
2808.7
2491.01
4831.93
3610.21
3554.42
1933.86
2363.22
2808.07
2691.89
3057.09
2312.87
2365.2
4462.77
2238.1
3145.92
2391.11
2788.82
2242.41
2910.31
3642.49
2574.89
2602.08
2930.29
2858.42
2050.98
2503.07
2877.03
3245.46
2960.72
2373.06
3486.81
2611.81
2823.57
3014.39
2215.72
3335.66
2021.65
2418.8
2909
2103.71
2662.66
2995.73
3357.14
3240.31
3091.7
2542.34
2688.82
3419.41
3605.55
2036.3
2899.8
2441.48
2326.27
2655.94
2477.11
6615.55
2848.2
3166.24
3069.44
2690.37
2448.2
2888.78
2806.19
2621.54
2341.37
2271.7
2483.84
3382.93
2853.24
2569.46
2510.99
3617.22
2412.05
2653.85
2591.63
2137.91
3039.53
2587.82
2527.85
2435.9
2385.14
2483.78
3091.93
2348.35
2287.75
2243.75
2308.95
2722.44
3115.49
2604.21
3658.81
3197.58
2369.47
2440.36
2657.61
2228.29
3000.37
2915.28
3080.49
2185.62
2232.62
2154.78
1608.34
2224.38
3255.45
2569.23
2373.34
3098.25
2109.44
2688.46
2423.14
2190.05
2832.47
2098.71
4095.97
2238.66
3085.09
2990.62
2260.11
2304.55
2833.04
2826.74
2442.43
2519.19
2871.86
3400.16
3073.63
2119.9
1901.3
2177.06
2699.51
2718.7
3258.26
2110.72
3318.32
2283.59
2361.7
2944.44
3538.98
2712.63
1954.03
2330.01
2464.19
2228.75
3995.7
2531.44
2245.34
2922.55
2132.38
2515.78
2626.86
2664.78
2963.48
2452.42
1792.27
2926.4
2351.6
2181
3105.12
2804.11
2702.45
3585.44
2623.98
2743.31
2401.02
2132.91
2555.56
2157.49
2736.28
2735.46
2563.16
2981.04
2250.24
1957.75
2981
3404.17
3366.24
2750.22
2839.42
3024.2
2464.4
3268.71
2904.38
3757.21
2371.88
2847.01
3659.52
2424.55
3828.26
3427.04
2369.59
2337.15
3032.2
2949.78
2108.16
3297.76
3271
1781.18
2100.52
2707.19
2291.67
3095.73
2843.86
2720.61
3061.79
4391.09
2009.6
4291.46
2655.51
2640.75
2967.62
2672.58
2841.58
2853.21
2212.79
2982.26
2925.09
2566.41
2956.6
2620.13
2764.84
2677.16
2641.15
2837.04
3075.76
2893.08
2499.68
2734.14
2724.56
2925.62
2381.94
2267.1
3045.37
3611.37
2748.48
2551.41
2350.89
2693.55
4316.71
2830.53
2174.05
2823.15
4012.47
2543.68
2693.11
2548.2
2495.49
2864.26
3346.19
3987.44
2287.77
2232.96
3416.62
3567.38
2783.19
2083.55
2843.32
2499.92
2343.25
1965.87
2589.24
2998.22
1785.66
2947.89
2613.06
3669.33
2180.32
3072.73
2841.91
2367.32
1961.82
2348.22
2948.94
3205.53
4288.43
2539.07
2581.39
4220.76
1923.24
2867.86
3481.88
2052.6
3240.61
2955.42
2494.9
3877.88
3449.05
2504.52
2379
2681.16
2282.53
2497.28
2229.83
3019.78
3223.94
3740.67
3642.65
2056.2
1726.31
2068
4060.84
3352.72
3158.97
2812.36
3048.42
2740.46
2468.45
3126.49
2557.2
2150.72
3799
3323.7
3802.09
3020.33
3288.9
2446.36
3033.38
2762.46
2756.38
1907.42
2670.17
2868.01
3313.77
3345.7
3084.78
2232.24
3450.24
4544.78
2712.8
2361.49
2721.75
3457.16
2629.41
2952.27
3204.37
2963.25
2844.75
2552.98
2642.04
3493.01
2721.27
2539.85
1856.05
2723.35
2275.13
2513.87
2530.22
3075.3
3154.69
3590.43
3482.74
3158.61
2965.08
3232.24
2834.64
3176.17
2265.06
2612.63
3023.03
3250
2466.85
2693.43
2396.35
2948.73
2982.37
2751.21
3199.52
2653
3129.11
3072.91
3983.53
2173.43
3429.01
2906.73
3106.48
3589.48
3264.92
3603.72
3058.69
4472.25
2353.38
2605.09
2913.72
2933.48
3754.4
2384.24
2913.56
2678.4
3483.92
2302.16
2257.88
2631.91
2979.66
2649.65
2141.28
2477.01
2166.96
2161.43
2932.11
1884.54
2640.51
2055.24
2457.46
2880.37
2632.34
3239.5
2856.89
2707.98
2958.38
2307.87
2746.13
2705.61
2440.95
2710.22
3569.36
2926.73
2897.21
3288.71
2420.08
3205.05
3056.16
3899.11
3042.68
2162.44
2748.63
2457.52
2455.86
3307.32
4009.38
2564.56
2858.65
2487.31
2373.99
2590.57
3342.95
3920.81
2467.6
2886.56
3019.24
3006.74
3137.31
2925.47
2893.16
3410.28
2045.27
2559.23
2879.17
3460.15
2423.11
3017.73
2348.43
2282.71
2561.08
2879.08
2749.03
1983.76
4252.17
3380.22
3387.56
2155.66
3098.42
2836.41
2860.08
2440.42
2552.04
2352.92
3939.79
2550.34
2286.32
2642.78
3135.77
2476.82
2684.8
2845.94
2346.96
3482.32
2898.41
4890.87
2113.13
2764.6
2675.96
3202.46
2202.28
1908.71
2782.49
2594.6
4149.62
3148.33
2173.62
3436.97
3278.51
2689.28
2116.92
3072.64
2750.02
2489.43
2451.25
3327.53
2714.02
2087.12
1865.19
2755.36
2172.41
2260.99
2145.5
1993.34
1999.69
3404.93
3253.75
2246.05
2363.73
2316.77
2817.03
2569.98
2159.72
2299.31
3245.83
2539.64
3800.81
2950.35
3059.01
2648.42
3405.4
2497.04
2373.1
3229.63
2437.49
2661.03
2695.42
3179.51
2740.85
2464.49
2416.97
3734.84
2395.09
2348.3
2186.88
2515.81
3466.17
3496.83
2851.41
1911.76
3803.53
3775.08
3063.96
2500.96
2869.64
2289.64
2876.29
2529.88
2174.04
2736.34
2529.26
2964.71
3356.97
2382.51
2327.56
2798.81
2787.7
2465.92
3425.01
1601.2
2306.05
3021.34
2738.26
2586.26
2140.02
2998.16
2353.99
2272.82
1927.88
2524.68
2480.43
2103.47
4366.84
2571.55
3596.93
2870.31
2510.5
3296.48
4305.1
2063.25
2504.83
4027.97
2826.17
1973.15
3074.67
3032.96
3398.73
3232.41
2489.43
3906.43
2611.84
3243.69
2767.93
2672.71
2866.36
1912
2870.98
3198.78
3347.05
2470.79
2613.62
2512.7
4338.56
2443.99
3139.72
2626.43
3498.4
2102.44
2842.28
3016.98
2363.34
3029.15
2750.88
2679.8
1893.94
3642.6
2926.81
2688.29
3465.33
3146.48
2224.63
1916.7
2875.15
1931.75
3262.22
2484.93
2704.21
2514.46
3450.56
2106.5
2875.63
2432.14
2510.92
4365.14
3298.81
2529.7
2416.37
2895.06
2564.8
2973.71
2512.37
2523
2568.14
3020.96
2813.42
2264.38
2641.55
2347.42
4138.12
2207.69
2886.35
2432.56
2645.21
2659.79
2572.18
2949.88
2508.77
2613.96
3569.4
3182.36
2100.39
2384.56
2264.67
2677.16
2511.95
3177.47
3841.62
2711.97
2578.12
2740.08
2464.35
3276.41
2575.76
2533.28
2744.07
2271.28
2818.54
2651.76
2852.23
2523.32
3726.07
3147.08
2741.11
2511.1
3986.96
2338.91
3055.46
3675.86
4311.35
2890.13
2989.13
2823.19
2672.68
4445.48
2980.81
2834.21
2922.35
2696.34
2665.18
2514.81
2261.44
2530.1
3100.07
2791.75
2860.16
2845.29
2086.01
4083.16
2150.56
2789.76
2324.82
3008.64
2258.24
3584.72
2720.01
2811.11
2060.93
3598.32
3069.35
3537.79
2434.66
3284.05
3204.24
3280.23
2186.2
2929.45
2128.41
2961.14
2165.3
2873.56
2437.18
1866.15
2236.58
1984.54
2954.7
2420.33
2366.71
3383.62
2972.7
2173.23
2189.74
2102.52
2437.53
3245.05
2155.76
2229.75
2979.42
3799.35
2465.3
2276.39
2248.18
3093.58
2658.16
3215.64
2891.46
3485.79
2522.97
2266.28
2316.64
2851.82
2920.95
2224.6
4727
2133.98
4084.75
2581.41
2415.54
1758.24
2573.98
2762.67
3134.5
3625.64
3281.94
2460.95
2455.41
2652.58
2930.74
2454.71
2498.61
3104.81
3559.35
2650.27
3280.44
2787.33
2415.59
2032.69
2812.95
2563.04
2624.17
2421.7
2559.35
2379.01
2051.69
2781.71
3022.81
2443.99
3588.23
2989.71
2941.63
3130.48
1951.28
2672.76
3104.07
2944.65
2203.66
2145.98
2664.72
3544.19
2769.39
2788.3
2637.37
2628.96
3289.16
2307.98
2167.79
2809.51
1935.15
3287.11
2781.83
2649.81
4161.06
2815.99
2489.07
2630.61
3109.07
2449.19
2981.48
3015.41
2346.96
2455.49
2720.18
3327.23
3516.07
3164.69
1915.77
2649.94
2758.55
2428.85
2745.3
3404.06
3201.33
3022.06
2542.25
2621.65
2860.79
3017.18
3569.16
2484.29
3028.62
2993.69
2222.84
3055.34
3240.05
3283.16
3378.7
3100.9
3031.11
2672.21
3161.1
2029.05
2279.68
2652.23
2485.36
3086.07
2477.2
2042.63
2295.24
2684.04
2540.57
3541.18
2406.21
3052.58
2635.01
2397.48
2632.23
2032.08
2641.76
3204.54
3202.57
3197.4
3107.86
1967.39
2714.98
2565.02
2972.67
2832.67
2799.91
2539.68
3548.19
2261.54
2605.66
2909.49
2675.88
2755.36
2715.54
2622.53
2828.16
2786.79
2855.27
2592.02
2348.79
3111.31
2315.59
2630.37
2155.84
3254.6
2355.7
2551.18
2564.34
2666.15
3591.06
2916.19
2453.04
2689.51
2346.24
2677.85
3642.46
2673.39
4567.53
2857.63
3048.69
3102.23
2430.46
2492.67
3826.75
2978.22
2570.48
2206.87
2413.12
2605.11
2738.68
2238.31
2396.06
2169.53
3154.48
2031.74
3066.7
2683.52
3290.17
2183.43
3113.11
2232.17
3878.46
2217.37
3176.13
2552.07
2185.87
2496.42
2584.8
2381.51
2837.79
3378.86
2904.76
3067.47
2925.37
1933.14
2114.06
1953.57
2834.36
2853.76
1949.72
2541.24
3483.28
1939.25
3474.65
2807.29
3331.9
3440.53
2858.39
2543.61
2312.36
2562.72
3228.69
2436.13
3610.74
1982.56
2217.16
3649.86
2866.93
2706.69
2491.4
2422.07
3086.97
3352.76
2705.87
2913.58
2758.73
3803.5
1964.13
2698.39
3186
2801.26
2180.98
2587.42
2361.22
3337.66
2971.14
3268.29
2041.71
2310.5
2898.89
2278.23
3067.8
3201.56
2746.19
2636.9
2942.17
2990.5
2680.92
2586.22
3072.17
1950.84
2518.99
1989.56
3743.12
2785.35
1881.79
2744.72
3501.97
2570.67
3206.8
3547.33
3129.06
3041.28
2917.11
3164.03
3189.05
3377.94
3153.37
3455.22
2005.21
3296.42
2185.02
2367.78
4351.34
3338.76
2248.97
2902.12
3266.58
3218.88
2605.16
2821.39
2534.84
2649.14
3032.88
1912.45
3256.47
2647.8
2484.55
4588.46
3590.96
3379.76
2999.74
2305.96
2392.99
2562.26
2844.31
2735.45
2327.29
2719.77
2642.11
2991.72
2248.24
1887.96
2619.29
2473.43
2655.18
2528.36
2857.36
2940.76
3464.69
2231.41
3798.53
3483.17
3284.07
1995.97
2803.66
2704.86
2632.31
2439.45
2757.33
3061.19
2629.03
3009.72
2936.41
2975.17
2322.37
3470.6
2998.31
3245.43
3477.77
2232.68
2946.27
3322.3
2808.92
3513.06
2124.07
2886.07
2230.85
3450.32
2190.81
2100.56
2539.28
3729.05
2358.06
3364.89
3360.55
2396.9
2535.17
2422.1
2198.01
2941.63
2760.31
2856.49
3059.35
2137.08
2304.8
2698.7
2644.31
2460.17
2211.73
2560.93
2522.6
3284.19
2349.74
2488.34
2753.89
2656.67
5239.23
3468.57
2745.76
2816.65
2800.57
2547.8
2483.29
2319.93
2433.63
2718.88
2962.52
1997.32
2018.68
2544.1
2522.13
2498.83
2063.23
2122.9
2846.78
1779.14
2312.38
2763.18
2839.97
3216.22
2588.32
2832.86
2074.56
2834.4
2202.06
3013.43
2806.46
2354.6
3207.08
2816.8
3187.26
2604.52
4902.09
3196.43
2643.69
2330.95
2291
2883.84
2456.03
2587.78
3162.77
2651.33
2597.17
2633.43
3471.96
3160.54
2049.18
2607.31
1986.93
4292.9
2622.41
3459.55
2928.47
3454.14
2680.59
2840.7
2003.49
4270.72
4916.74
3054.28
3091.69
2432.64
1540.35
3040.31
3265.94
2357.26
2941.69
3226.38
2817.43
2456.81
1913.54
2150.14
2351.21
2673.81
2391.55
2401.36
2582.91
1956.49
2991.92
3363.56
2371
2252.3
3559.36
2900.98
2314.53
3293.25
2854.67
2642.51
3087.21
3583.26
3342.7
2286.93
2400.08
3071.5
3214.03
2796.75
3173.18
3560.37
1957.34
3178.6
3278.03
2275.49
2395.09
2408.05
2585.52
2612.66
2211.02
3340.1
2016.06
2411.56
2195.05
2703.67
3723.89
4069.83
2789.14
2637.2
4205.13
2393.93
2670.95
2532.1
2421.88
2922.97
2977.14
2578.94
3231.57
3130.12
3036.91
3300.62
2488.07
1947.86
2477.19
3129.92
2743.44
1885.82
3245.73
3350.76
3013.82
2274.49
2685.28
2376.02
3139.67
2518.24
2595.18
3207.64
2920.05
2296.05
2668.85
2662.22
2829
2850.93
2290.32
2890.05
2248.52
3464.99
2042.21
3151.04
3225.79
2633.31
2555.55
2660.97
2565.37
1855.93
2087.86
3279.3
2846.45
2265.3
2739.31
2399.11
2662.96
2748.2
2347.74
3442.21
2716.66
2512.4
3038.94
2566.6
3222.48
2334.05
3310.77
2338.26
2462.47
2699.84
2389.48
2341.77
3202.79
2315.36
3315.03
3175.47
2745.45
2102.54
2692.79
2717.63
2377.3
3273.77
2219.17
2978.3
2797.7
2831.59
2957.54
3017.13
1916.91
2446.49
2300.98
2345.85
2298.58
2509.75
3191.27
2583.89
3043.54
2420.86
4219.49
2974.64
2156.64
4079.74
2501.18
3067.3
2417.93
4355.06
3181.03
2599.52
2772.3
2589
3081.46
2909.08
2883.97
2952.81
1898.9
2491.6
3842.38
2954.03
2507.85
3084.05
2581.31
1786.22
2226.87
2881.43
3259.69
2760.13
2918.03
2445.77
3723.21
3210.15
3162.63
2266.87
2791.63
2637.44
2603.62
2529.46
2675.08
2254.95
2586.91
1862.5
2530.69
2376.57
2768.03
3856.32
2514.41
2674.78
2712.96
3071.3
3039.8
4204.85
3184.19
3086.17
2966.55
2711.63
2202.83
2223.92
2810.47
2926.51
3303.03
2660.32
3613.1
2219.4
2532.88
2789.5
3039.36
2621.53
3751.17
2873.81
2314.3
2404.7
2610.44
2284.59
2915.77
4328.5
2282.4
2111.8
2721.53
2268.82
2894.96
2824.74
2411.68
2417.56
3489.75
2354.48
3873.81
2650.51
2739.59
2166.66
3869.93
3264.11
2667.94
2004.14
2798.08
2483
2750.7
2461.43
2588.86
3916.74
2382.22
2391.3
2077.24
2633.52
2327.53
3194.15
2758.78
2529.15
2431.29
3006.33
2703.22
3137.7
2603.1
4076.76
2423.05
2339.19
2742.97
2508.81
2898.07
3278.26
2039.01
2972.27
3548.36
2100.5
3825.04
1978.38
2064.89
2348.61
2463.99
2831.08
2434.05
2433.22
3356.15
3336.59
3130.35
2975.19
3109.46
3046.44
3152.88
3025.95
3133.61
2292.56
2958.24
2278.97
2935.76
3121.12
2268.51
1996.3
2416.2
2492.7
2911.31
3878.05
2078.98
2073.14
2683.34
2233.95
2437.03
2438.95
2561.41
2672.73
2611.57
3531.28
2982.94
2210.39
2616.36
3217.5
1967.77
2665.74
4281.71
2076.9
2813.06
3725.76
4158.14
2929.64
2286.98
3197
2678.89
3641.71
2726.68
3519.97
2810.77
2579.44
2864.75
2476.53
2280.67
2636.79
2291.12
2846.3
2685.73
2262.61
3487.07
2772.59
2289.56
2845.75
2311.25
2937.55
2098.16
2906.5
2449.71
3020.59
2653.11
1994.12
4537.31
2121.76
2739.63
2377.96
2534.3
3035.37
2698.5
2948.52
2791.34
3775.45
2241.44
2218.99
3228.77
2859.16
2645.46
3593.33
2634.84
2371.34
2254.12
5043.98
3641.77
2574.03
4557.63
2684.26
2490.75
2511.84
3179.17
2133.97
2601.09
2192.08
2425.34
2308.97
2909.73
2408.92
2901.68
2431.29
2759.77
3090.77
3068.45
2556.02
2653.39
3715.62
2682.39
2851.97
2722.72
3507.89
3081.43
2714.4
2761.01
2993.26
2151.51
2867.13
2873.01
1935.58
2271.32
2314.72
2359.95
2582.39
3443.28
2683.69
2374.16
2331.31
3370.71
2320.27
2908.32
3017.46
2879.92
3579.32
2484.16
2443.3
3102.89
2640.72
2872.73
3101.96
2719.55
2966.51
2901.28
3259.74
2148.08
2650.01
2744.53
2159.44
3322.13
2023.85
2292.04
3630.26
2355.84
2438.16
2737.12
2778.31
3458.82
3188.99
2554.18
2995.24
2614.75
1920.85
3329.93
3196.74
2314.86
2713.96
2835.64
4052.48
3045.59
3142.22
2674.85
1850.54
3055.21
2416.28
2604.66
2443.72
2591.42
3587.11
4145.58
3052.26
1852.64
3067.03
2403.16
2929.72
2147.2
2971.22
2757.85
2593.23
2481.8
3484.07
3022.74
3117.62
2819.38
2731.23
2208.14
3415.97
2389.64
3303.99
2058.6
2667.01
2177.16
2851.21
2693.72
3914.72
2309.56
2459.38
3244.8
3274.7
4297.25
2106.95
3739.7
2342.99
1936.61
2634.58
3394.9
2779.42
2582.92
2674.34
3164.97
2916.93
2681.72
2728.58
2344.43
4585.71
2310.2
3557.89
3508.7
3733.26
2907.47
3426.65
2587.51
2388.08
2759.54
2686.97
3952.86
2997.79
2663.84
2830.74
2647.57
3564.33
3304.11
2896.7
2804.54
2551.43
2569.96
3197.07
2335.23
2632.92
3168.5
3799.43
2469.95
2948.41
2291.61
3278.03
3187.88
2644.01
2086.08
2045.53
2740.59
2669.67
3308.94
3961.93
2311.24
2597.54
3088.76
2395.22
2996.43
2985.74
3111.04
2882.39
2675.08
3539.92
3173.01
4005.24
2456.86
2310.66
2184.04
2891.77
4234.31
2244.39
4160.67
2674.59
2293.33
2527.02
2407.52
3602.64
3209.71
3008.39
2559.67
3297.08
3709.27
3208.72
3277.23
3022.31
2293.97
2003.54
2577.57
3641.01
2447.19
3362.26
2608.41
2810.35
3367.33
3493.47
2105.83
2999.83
2916.6
3732.28
2646.67
2093.2
2486.63
2209.67
2640.28
2222.14
3486.14
2719.94
3261.97
2467.33
2220.69
3450.68
3017.31
2445.18
2276.08
3175.95
2728.99
3354.72
2728.59
2534.84
2154.54
3098.93
4396.05
2003.03
3126.81
2741.97
3662.24
2089.68
2720.45
3305.87
1875.69
2978.6
3375.5
2541.9
2614.1
2436.81
3177.26
2889.93
2008.8
2866.77
2917.65
2756.67
2714.29
3123.91
2300.79
2951.44
1536.78
3198.53
3311.11
3213.28
2193.86
3868.59
2233.11
2362.63
2738.76
2793.14
4432.8
3752.79
3182.8
2724.51
2479.93
3262.29
2009.85
3618.33
2860.08
2978.53
2427.67
2706.55
2088.15
2462.12
2671.93
2567.19
3396.17
2436.91
2741.4
1661.55
2340.93
2352.42
2967.55
3538.46
2293.88
2545.86
2769.03
2440.33
2374.02
2208.12
2781.53
3375.41
2635.94
3291.9
3829.17
2622.43
2403.23
2570.4
2613.68
2338.33
3057.69
2654.15
2402.27
2125.86
2502.1
2808.98
2431.63
2764.97
2589.11
2715.22
4033.68
3842.53
3353.38
3030.89
2927.33
2515.03
2816.12
3498.68
2685.02
2388.18
2227.45
3483.62
1880.58
3110.39
2624.79
2699.34
4685.36
2877.6
3767.94
2622.67
2862.77
2810.97
2649.76
2037.71
3615.7
2734.79
2062.28
2029.26
2867.49
2148.37
2606.72
2600.05
2691.37
3050.97
2885.23
2292.25
2350.97
2124.14
2146.95
3841.5
2208.33
2991.4
3262.42
2858.21
2712.59
1962.51
2442.92
2519.09
1796.5
2385.78
2338.49
2901.17
3158.49
2649.36
3146.84
3377.91
2611.86
2215.79
2550.85
2197.61
2829.87
3217.73
2448.4
2874.81
2534.28
2370.99
2390
1924.34
2675.72
3212.84
2433.35
2404.87
3401.02
2426.72
3249.94
3568.99
2762.15
2690.8
3566.86
1936.58
2143.55
3504.16
2830.27
3575.7
3231.02
3541.59
2944.66
2459.47
3331.81
2385.1
2963.03
2895.08
2234.55
2619.69
2882.44
3333.7
2344.78
2679.7
3015.5
2985.84
3281.11
2263.17
2521.92
3068.24
3147.38
2033.74
2748.29
2652.05
2835.75
2486.77
2471
2876.23
2215.96
3344.41
2619.59
2283.52
3180.51
3004.5
2249.85
1985.45
2537.6
2553.86
2899.6
2551.78
3260.49
2132.25
3403.05
2238.98
2228.78
4284.78
2235.35
3475.16
3109.72
2358.99
2274.18
4549.94
3176.02
2520.93
3699.07
3102.16
2150.09
3001.56
3033.39
2387.56
2306.8
2895
2503.81
2858.53
2709.83
2695.05
2427.74
2632.46
2726.34
3877.44
2991.15
2810.37
2838.45
2326.14
2637.71
2737.5
2863.62
3567.87
2920.6
3565.25
2727.96
3720.36
2445.03
2445.36
2617.3
2616.46
2841.27
2943.28
2762.7
2720.74
2336.71
2768.97
3685.47
2329.53
2963.97
3338.4
3551.86
2676.15
3098.54
2338.02
2204.9
2415.81
3390.81
3058.76
2666.99
1721.5
3093.43
2782.71
2541.33
4279.02
2393.98
2504.94
2531.1
2083.12
2422.88
4059.33
3349.86
2325.96
2272.31
2665.78
3014.94
2051.47
2329.04
3110.34
2091.25
1966.52
2676.8
2421.45
2505.63
2831.93
3388.51
2469.31
2823.47
2212.37
2753.88
3124.71
3524.21
2429.84
2723.8
3220.92
2996.65
1642.9
3922.48
2712.98
2615.84
3232.62
2359.54
2440.26
3807.62
3278.16
2248
2079.6
2359.68
3495.65
3358.44
2280.49
2346.05
2597.81
2527.24
1996.66
3598.53
2427.77
2224.4
1813.65
2485.31
3475.2
2301.3
2654.11
2894.21
3290
2487.26
2277.56
2321.16
4470.99
3314.1
3799.61
2865.72
2649.49
2187.43
2121.11
2969.06
2764.18
3627.39
3068.85
2557.69
2536.93
2089.2
2824.91
2630.53
2882.9
2363.42
2946.23
3962.29
4207.92
2233.05
3408.09
1839.18
2671.23
1794.25
2595.61
2934.71
2700.05
3081.23
1977.22
2289.58
3010.59
4139.37
2804.07
3494.29
2738.63
2448.01
2527.42
2894.03
2204.2
4643.16
2241.76
3013.39
2392.07
2391.92
4150.67
3012.19
1980.23
2898.6
2867.91
3358.95
3046.02
2289.99
2426.67
4097.43
2826.61
2383.51
3275.06
1976.6
3703.09
2669.04
2959.66
2129.3
2885.19
3249.4
2237.2
2903.31
3367.44
2543.09
3054.74
2365.58
2268.8
2821.19
3534.04
2033.24
3578.18
2714.52
3189
2172.67
2392.94
2889.84
2921.89
2679.21
3081.74
2536.49
2544.64
2375.07
3227.46
1945.73
3477.6
2434.83
2789
2942.93
2664.16
2520.85
2393.04
2585.23
2433.43
3608.23
2849.33
2120.36
2917.27
2764.56
2169.15
3031.23
3891.74
5171.27
2447.06
2353.15
3961.97
3088.82
2585.67
2500.12
4375.79
2236.14
3461.82
2235.7
3397.32
2855.58
2379.39
3003.7
2532.17
2783.88
3383.16
2594.86
2715.1
2519.94
2356.04
2534.59
2072.03
2537.02
3349.71
2601.43
2182.61
3445.78
3444.88
3167.87
2624.84
2302.06
3359.91
2101.39
2925.29
4667.1
2355.39
2648.65
2941.02
2263.11
3134.2
2879.13
2518.93
2566.27
2422.82
2607.71
3242.16
3200.86
3444.73
2315.74
2374.56
1890.14
2708.62
2394.35
3179.76
3031.69
2901.63
2477.29
4009.75
3307.73
3722.71
1925.09
2561.97
2355.09
2983.5
2417.49
2926.32
2834.39
1995.88
2358.02
2999.93
3272.41
2216.99
3004.19
2629.53
3013.97
2774
2975.24
3755
3058.94
3453.98
3345.47
2269.45
2182.92
2571.1
4477.55
2824.87
2505.36
2266.6
4317.95
2696.04
2695.09
4030.64
3313.12
4186.18
2648.78
2768.24
3643.37
3085.01
1597.66
3165.48
2523.18
3015.47
3306.57
2272.99
2738.44
2871.57
2537.48
3095.52
2875.11
3160.44
2552.26
3495.32
4479.35
2390.98
3428.22
2782.08
2338.43
4033.21
2589.38
2174.76
2641.18
2692.48
4027.98
2728.6
4050.19
2640.01
3309.69
2793.88
4407.72
2654.13
3162.35
2889.63
3409.26
2441.47
2315.78
2075.68
2647.21
2788.81
2515.47
2531.55
2335.27
2503.07
2296.44
3044.63
3062.33
2472.86
3292.02
2523.65
3794.32
3153.29
2843.81
3323.07
1970.67
3127.5
2990.06
3498.55
2639.29
2548.14
1924.01
1811.81
3353.1
2334.55
2638.76
2105.12
2538.79
3773.42
3504.9
1981.74
2221.27
2242.98
2883.29
3057.19
2671.05
3743.05
3371.67
2852.96
2867.26
2225
2351.68
3373.02
2313.73
2867.28
2233.9
3703.13
3161.06
3815.16
2474.03
2673.83
2305.48
2693.03
2677.82
3769.19
2744.19
2298.41
4189.25
2852.74
3869.74
2412.19
3028.05
2127.71
2843.43
3025.15
3766.88
3093.35
2157.57
2678.96
1892.99
2893.38
2278.23
2106.9
3639.7
2639.03
4314.99
3169.46
2115.74
3006.88
2132.54
2429.9
2646.08
3372.78
2420.12
2600.96
3305.11
2949.35
3092.87
2852.32
2726.36
2369.47
2895.9
2976.46
2786.8
3017.15
3685.49
3601.26
3155.61
2168.06
1853.16
2257.51
2832.93
2769.17
2457.2
3551.59
2722.09
2877.6
2077.56
3423.85
3151.31
2260.76
3470.02
2682.95
2389
2734.52
3025.49
3431.93
3477.6
2143.96
3963.79
2418.13
2962.31
2606.51
3268.41
3209.9
2722.82
3258.14
2387.76
3656.98
2687.04
2955.16
2442.86
2906.18
1820.69
3466.7
3503.3
2983.55
2141.16
3078.43
2822.32
3023.5
2093.95
3200.12
3087.59
2524.21
3174.44
3953.02
3641.55
2580.59
2247.73
2460.67
4248.98
4782.72
2563.11
2844.16
2169.91
2808.83
2644.74
2346.37
2547.57
2716.77
2489.39
2181.13
2816.21
3222.87
3465.43
3392.68
1758.52
3873.75
3115.3
2877.39
2602.56
4478.59
3434.27
2246.74
3366.26
3387.01
2948.15
2491.8
2274.61
2319.74
2370.61
2567.97
2038.77
2654.72
3274.83
2751.18
2510.86
2631.51
2723.15
2565.12
3348.74
2389.84
3149.46
2579.8
2718.92
2101.9
2976.16
2569.17
2603.41
2288.26
2392.52
2752.94
3169.35
4392.75
3124.28
2822.47
2526.84
2660.86
3311.56
3009.54
2414.08
3128.33
2224.87
3759.25
2693.79
3249.22
2440.52
2537.19
2145.33
3319.21
2561.83
2536.56
3034.6
3967.5
2197.84
3741.22
2972.16
2595.81
2155.87
3178.27
2834.94
4343.97
2214.32
3513.26
2694.78
2239.04
2133.76
3042.33
2754.99
2627.7
2617.63
2607.61
2259.41
2639.76
2633.65
3236.33
2399.26
3531.2
2591.92
3367.09
2912.39
4250.93
2036.18
2718.88
3155.38
2608.75
2822.19
2743.58
2322.47
2517.08
2339.25
1784.88
3062.15
2573.46
2823.19
3264.69
2431.8
3672.03
2981.54
2587.1
2351.29
2242.18
3472.87
3072.13
2872.29
2781.62
2614.38
2930.06
2687.59
2076.6
2858.95
1801.76
2981.66
2091.74
3308.34
3349.45
1876.31
3208.04
2513.89
2260.74
2449.89
2716.57
3850.81
2459.48
3400.32
2101.39
2071.73
3046.02
2945.94
2830.73
2721.72
2974.71
2700.65
2780.32
2735.3
3535.85
2545.69
3488.78
3051.34
2065.18
3162.24
2846.84
2530.15
2689.38
3863.6
2710.1
2691.43
2406.75
2690
2896.57
2504.82
2834
2086.22
3014.81
2911.24
1944.05
2922.17
1982.85
3029.69
3366.31
1931.17
2915.84
2659.59
2890.6
2787.99
2323.22
3582.46
2864.98
3010.59
2046.66
3030.87
3224.37
2604.61
3354.74
2649.92
3961
1863.28
1979.4
3369.79
2378.56
2683.73
3153.64
2614.73
2311.32
2736.39
2524.69
2219.79
2478.61
4059.54
2934.11
2898.28
3307.36
2529.76
3152.11
2074.75
2772.85
2173.34
3753.02
1952.06
2392.1
3161.65
2594.94
2856.7
3377.66
2762.48
2841.1
3325.26
3149.09
2943.27
2341.12
2977.46
2079.71
2374.53
3345.67
3074.16
3160.78
3107.02
2531.25
3122.63
1850.49
2580.14
3068.72
2862.24
2244.02
2088.89
2382.48
2997.43
2714.52
3313.55
1823.89
2655.03
2610.17
2817.25
3970.66
3009.75
2521.02
2525.84
3107.21
3064.17
2338.33
2162.55
3440.39
2872.28
3036.1
4501.56
3824.08
3460.1
3070.97
3158.17
2076.71
3474.19
2921.16
2333.85
2637.22
4423.61
3509.69
2193.16
3133.62
2561.03
2301.48
2675.69
2708.23
2869.94
3516.53
2590.41
2846.65
2364.17
2404.71
3107.27
2098.59
2269.64
2251.14
2853.18
2290.31
3433.87
4049.92
2644.45
2871.13
3355.34
2650.67
2569.27
2482.87
2888.11
2384.07
2890.39
2832.91
3042.13
2916.87
2187.09
2189.9
2453.55
2708.67
2475.3
2487
2694.97
3024
3578.63
2707.76
2538.56
2788.16
3176.47
3397.98
2268.19
2901.55
2075.94
2544.02
3350.89
3103.71
3199.64
2079.4
2164.31
2669.66
2689.17
2683.42
3169.22
4390.92
2747.7
2648.27
2434.6
3041.55
2906.21
2740.23
2812.62
2854.2
2419.43
1920.81
4459.7
2294.49
2833.67
2422.39
2228.7
2419.71
2533.77
2706.67
2423.36
2786.56
1879.81
3587.84
2425.28
2427.72
2679.21
3398.22
2516.74
2679.7
4041.39
3045.8
2171.9
2650.72
2831.82
3139.2
1980.66
3454.05
2352.22
2941.07
2735.15
2842.2
3603.2
2343.28
2947.36
2509.5
2152.56
2140.69
2536.87
2410.39
3366.2
3025.72
3214.25
2908.27
1922.94
1974.78
3369.57
2836.8
3752.65
3329.74
2351.99
2139.81
2791.94
2647.12
2184.41
2526.88
2419.17
2597.11
2672.93
2810.35
1919.02
4537.35
2967.63
3238.61
3273.9
2589.15
2736.7
2166.71
2847.81
2667.56
2701.14
3731.14
3533.27
4496.45
2582.92
3513.44
2497.29
2350.86
2403.68
4643.48
3075.65
2496.8
1798.51
2589.56
2761.45
2580.2
2863.07
2668.23
2601.93
3369.63
3118.06
2159.67
4378.25
2215.79
2681.6
2273.34
2858.36
2341.42
3711.8
2321.56
2823.85
3319.09
3402.08
3139.2
1974.03
2997.32
2079.31
2458.14
1710.86
3575.6
3535.93
2803.11
2707.45
2464.89
2235.43
2647.24
3439.13
3598.33
3141.54
2125.3
4009.82
2222.35
2796.4
2993.4
2119.05
3195.7
2309.62
2365.83
2806.35
2645.01
2763.12
3513.35
2784.1
1877.46
3595.93
2772.56
2016.44
2987.08
2301.11
2288.12
2554.52
2900.09
3039.24
2466.84
2654.06
2526.14
2748.35
3613.62
2891.34
2465.9
2590.1
3172.48
3279.08
2141.78
3194.64
2795.47
2602.97
3501.29
2747.69
2994.93
2662.92
3056.12
3887.13
3329.52
3120.69
3170.33
2687.64
2103.99
2049.3
2587.24
3183.99
2412.78
3216.35
3373.27
2652.09
2710.02
3362.03
3014
2512.11
2320.26
2086.27
3054.04
2512.56
2814.05
2737.16
2593.87
3014.93
2386.97
2401.78
2978.32
1883.65
2649.03
3939.63
2741
2955.47
2628.67
3007.76
2084.15
2903.36
2640.13
3887.69
2952.08
3749.36
3205.02
2633.31
1858.42
1939.26
2904.06
4192.6
3367.85
2851.91
4608.6
2785.15
2416.8
3572.2
3138.67
2171.15
4357.81
4056.84
2262.35
2809.03
2852.39
1933.54
2391.43
4079.24
2600.9
2728.83
2586.12
2192.03
2018.48
2157.89
4237.64
3231.38
2633.52
2656.99
3998.3
4068.49
2871.32
1936.05
2877.54
2719.63
2554.29
3554.4
2367.63
2314.51
2608.25
2913.59
2995.68
2883.34
3191.71
2413.72
1942.11
3095.71
2833.06
3480.17
3869.99
2224.23
1870.85
2949.48
2206.18
2338.45
2832.91
2212.3
2827.56
2494.23
2939.59
3588.95
2958.12
2703.44
3449.24
3016.76
3123.04
3589.64
2866.47
3780.95
2880.01
3183.56
4403.79
3653.2
2092.08
3149.54
2664.36
2401.3
2216.72
2827.52
3497.23
2141.97
2736.7
3537
2833.89
3692.71
3316.42
2751.38
2423.96
2452.7
2660.3
2662.28
3345.02
3122.8
3119.09
2325.7
2299.38
2401.38
2744.83
2726.55
2930.55
2573.18
2829.31
2904.83
2794.27
3083.56
2717.6
2772.28
2856.42
3171.38
3427.32
2333.21
2471.16
2794.38
3715.82
2966.18
2278.34
2295.03
3949.36
2034.79
2723.02
2205.07
3793.55
3529.38
2995.39
1911.57
2605.03
3500.86
2559.24
2651.66
2657.91
2644.34
2912.46
2742.67
2166.94
3171.27
2408.6
3128.08
2790.08
3169.74
2596.23
2529.52
2356.31
3423.17
2286.37
2175.95
2814.17
2367.48
3331.25
2173.72
3808.97
3564.96
2485.19
2429.8
2627.33
3110.61
3125.84
2776.05
2915.51
2108.79
2657.02
2289.34
2589.86
2289.41
2357.42
2706.31
3375.51
4143.41
3187.39
2446.31
2655.5
2157.26
2382.92
3337.33
2709.56
2626.87
2450.75
2313.91
2261.25
2325.55
2519.74
3150.17
3021.68
2291.59
2440.27
1914.64
2816.12
2701.78
2592.21
2964.82
3806.18
1841.12
2641.45
2980.9
2703.69
2629.67
3434.53
2503.95
2741.81
2470.24
2211.21
3474.65
4454.96
3605.76
2633.17
3227.55
3089.75
3410.28
2006.95
2449.08
3379.32
3392.05
4273.47
2910.31
2566.11
2753.68
3617.72
3019.02
2961.01
2950.07
2621.07
2337.26
2750.81
2336.42
2088.58
2658.14
2368.91
3010.7
2762.57
2906.23
2406.36
2809.88
3826.86
2886.67
3474.97
3821.79
3137.54
1990.84
5218.2
2811.57
3265.63
1774.92
2555.28
2901.49
2874.28
2987.54
2302.46
2236.24
2818.41
3011.49
2258.23
2379.82
2126.21
2444.37
3508.59
3426.46
2604.29
2811.09
3448.25
2558.84
2895.81
2126.68
2920.47
3599.33
3583.99
3092.4
3288.93
2553.53
3305.81
2663.12
3559.55
2732.4
4970.05
2590.93
2395.57
2757.62
3139.8
2953.2
3030.44
2925.19
2601.59
2837
2398.51
3595.11
2583.22
2746.94
2205.76
2165.26
2645.38
2898.19
2493.95
2831.31
3539.42
3467.1
2253.48
2440.2
2616.11
2940.78
2814.63
3533.97
3545.28
2868.72
2842.34
2514
2284.97
3532.05
2256.42
2611.68
2512.26
2348.25
2640.22
2950.74
2513.75
2618.1
2343.62
2743.36
2309.81
2393.93
2449.99
3000.72
3339.11
2722.54
2358.47
3855.18
2186.43
2261.09
4691.93
2411.96
2539.81
2237.36
2301.17
2068.75
2372.2
2981.22
4107.6
2557.84
3562.51
2444.85
3417.39
2292.11
2524.71
2979.79
3782.4
2088.38
2814.83
2043.43
2456.96
2492.47
3037.07
1920.7
3209.62
2855.16
2912.4
2803.22
2375.4
2358.77
3056.13
1754.7
3213.69
2778.36
2646.42
3907.92
2230.04
3865.07
2359.41
3274.04
2438.38
3676.46
3866.47
3720.43
2596.48
3267.76
2722.28
2083.41
3508.79
2473.62
3775.3
1781.16
3499.51
3462.14
3369.82
2031.61
2662.34
2562.9
2433.76
3054.82
2597.91
1944.93
3339.26
3095.22
2234.17
2711.35
3125.66
2844.66
2821.31
2292.23
2340.39
2758.59
3697.68
2280.78
2403.41
1956.57
3416.29
2290.7
2948.98
4149.25
2748.84
1950.13
2475.12
2497.85
2686.12
2841.17
2628.11
3368.88
2363.74
2262.75
2243.24
3056.83
3664.25
2529.33
2521.54
1870.62
3894.7
2457.98
3390.57
2477.63
3452.71
2800.78
3396.41
3677.12
2278.05
2814.82
1957.04
3003.09
2866.77
2212.16
2747.17
1832.32
2691.97
3141.2
2700.39
3415.22
2313.13
3569.48
2708.14
3178
3148.01
2844.13
3242.1
4429.04
2176.17
2696.32
1843.07
2842.47
3814.17
2805.16
2864.01
3859.9
4210.37
3331.46
2574.36
2110.37
3112.77
2843.54
2575.09
2163.52
3241.98
3549.33
2823.8
2131.26
3162.66
4571.17
2334.11
3551.02
2430.46
3191.99
2945.04
2451.11
1891.88
3630.02
1903.13
3259.22
2607.36
4289.71
2298.03
3106.48
2495.05
3334.29
2884.09
2782.71
3146.26
3061.22
2413.14
1845.16
3301.58
2860.15
3264.34
3336.9
2379.75
2121.27
3703.73
2404.41
2603.35
2208.29
2688.8
3036.74
3612.81
3052.66
2752.06
3371.94
2321.48
2829.87
3580.45
2663.84
3644.19
2620.8
2082.03
3012.7
2939.26
1700.03
4337.4
2858.13
2787.3
2276.23
2347.71
3904.4
2342.07
3028.19
3064.32
2448.05
3025.33
2627.09
2917.53
2022.04
2653.98
2406.89
2912.62
3574.81
3086.06
2540.19
2622.6
3042.63
3419.73
2502.68
3054.7
2096.13
2388.68
3449
3213.08
3559.65
3322.25
3314
2251.32
2887.84
3378.24
3568.41
3515.91
2674.26
2210.54
3004.34
1817.76
2517.96
3658.03
2465.62
1862.68
3180.33
3738.89
2734.32
2069
3378.86
3121.84
2318.77
3203.89
3579.15
3825.01
3010.68
3298.22
3655.01
2751.06
2473.52
3173.68
4204.57
3100.48
2798.32
4096.85
2216.05
2102.03
2832.07
3258.97
3036.29
4296.05
2607.9
2534.95
2260.1
2160.49
2731.56
2941.03
2888.56
2931.25
3365.3
1969.57
3419.7
2461.38
3327.27
2950.34
3484.21
1782
3942.96
3171.15
2825.26
3082.27
2414.15
2194.82
2153
3372.07
3188.88
3400.62
3025.89
2086.35
2657.92
2419.39
3117.11
2705.85
2921.88
2639.86
2538.18
2098.87
2683.74
2715.88
3016
3756.86
2915.14
3694.8
2319.91
2599.58
2434.88
3603.85
2408.07
2764.87
3350.42
2212.41
3036.81
3020.15
2922.69
2350.69
2414.91
1977.43
3605.08
3644.76
2372.02
3184.26
2742.79
2778.81
2763.38
2323.81
2606.75
1973.1
2674.7
2394.73
1880.69
3285.79
2828.14
3974.82
2522.05
3894.31
4299.99
2416.83
4183.5
2364.86
2460.03
3174.98
2837.73
2099.52
3138.04
1856.97
2332.98
3149.67
2614.12
2877.85
3341.63
2038.96
2365.18
2176.27
2271.88
3528.14
2564.21
2341.71
2562.46
2538.42
2428.57
2481.1
3117.98
2356.93
2818.19
2427.86
3301.83
2415.37
2603.87
2209.31
3319.47
3972.76
2680.37
2586.42
2248.9
3299.51
2553.77
3310.63
3162.78
2737.32
2987.03
2705.6
3821.14
2928.47
3038.94
3493.19
2550.29
2732.74
2584.75
2170.1
2587.62
3354.74
2391.09
2373.72
4454.17
3548.11
2666.24
2285.77
2148.17
2777.68
3311.13
2904.14
2857.79
3364.44
2332.32
3336.87
3038.95
2029.91
4224.83
2639.37
2082.87
3408.93
2890.64
2388.99
2883.57
2147.19
3963.18
2043.32
3866.72
3804.71
2005.97
2771.21
3426.26
3203.17
2108.81
3434.25
2980.82
2904.07
3060.28
2373.07
2577.93
3074.68
3184.66
3509.33
2924.42
2811.4
2701.59
3679.74
2393.66
2373.21
2620.97
2898.63
2682.39
3751.44
2052.3
2133.44
3514.34
3485.43
3310.49
3206.23
3103.43
3462.22
2163.37
3460.07
2109.24
2347.55
1889.14
2308.02
2295.8
3198.26
2625.37
2333.8
2557.77
2534
2898.01
2208.79
3238.23
1723.22
3299.77
2172.11
3076.94
2244.49
2184.61
3119.95
2464.82
2739.7
2435.04
2422.85
3426.82
2929.1
2544.65
3152.34
2111.1
2379.91
2869.12
2521.85
3920.93
3620.29
3325.64
3055.23
3167.96
2956.6
3000.28
2488.49
2391.19
2187.44
2807.44
2362.87
2312.25
2436.6
3491.87
3783.09
3196.95
3440.44
3217.6
2597.04
3386.87
2545.15
2266.67
3204.48
1993.4
2062.82
3337.66
3206.08
2876.85
3245.92
1749.81
3330.85
1864.27
2296.4
3055.34
2663.23
2996.04
2771.95
2098.81
3247.08
2569.2
2190.12
2516.89
2491.94
2829.15
2572.6
2264.67
4025.86
2182.01
2947.79
4143.75
2914.54
2989.97
2389.64
2500.83
2396.07
2457.42
1954.08
2378.18
3828.22
2777.64
3622.31
2749.89
3936.79
2092.38
2235.1
3546.63
3344.86
2887.73
3002.06
1766.77
3359.9
2697.56
4400.46
2880.39
3647.14
2091.84
3483.81
3083.01
3424.42
2783.75
3351.58
3312.9
2956.65
3687.13
2989.85
2573.3
2639.06
2660.73
2178.2
2333.68
2805.35
2644.81
3013.65
2079.33
2460.49
2532.93
3044.78
3693.56
3128.21
2990.99
2428.54
2526.83
3458.2
3555.87
2501.26
2688.04
3551.71
2886.42
2736.04
2884.91
2583.01
3241.34
2054.55
3554.7
2664.84
2680.97
2233.22
3372.89
3090.35
2982.16
2450.46
2874.88
2401.37
2313.35
2733.06
3456.4
3636.57
2535.52
2718.72
2951.17
4820.56
3399.46
3868.28
2415.7
3191.54
2702.18
2583.64
3317.49
2801.23
2611.49
2628.14
1985.49
3023.4
2362.37
2315.4
2420.31
2379.27
1924.81
3485.78
3378.28
2709.09
2558.87
2496.87
4468.27
2974.96
3606.17
2538.12
2673.57
2962.32
1972.21
2445.64
2460.61
3824.2
3110.15
3469.55
2883.18
1955.38
2759.42
4069.36
2750.78
3689.51
3056.89
3135.63
1677.99
2728.36
2600.54
2706.64
2358.36
2668.76
3119.29
3246.73
2272.13
2387.44
3080.22
2557.89
2136.05
3040.2
2211.39
2180.2
2499.75
2443.43
3063.71
2052.26
3629.67
3057.64
2275.38
2329.15
2778.93
1852.44
3006.13
3040.37
2213.83
3110.5
2748.01
2598.93
2805.02
3607.27
3806.03
2683.52
2609.87
2310.3
2447.92
2356.87
2609.94
2652.58
2542.72
2231.98
2255.05
2767.46
3138.57
2709.23
3668.56
3041.3
2636.55
1920.34
3758.7
2885.3
3650.01
2423.54
2925.5
2643.45
3105.65
2667.88
3236.27
3138.29
4024.81
3531.69
2440.8
2724.41
3112.78
3041.59
2738.24
2434.39
2363.87
3143.47
2283.92
3221.82
2277.1
3346.07
2679.03
2847.19
2861.15
2648.66
3542.39
3082.56
2985.78
2782.61
2667.7
2258.84
2944.88
2772.08
2808.71
4113.49
3039.23
2482.84
3687.24
2849.28
2545.76
2494.06
2899.01
2929.79
3014.43
2686.26
2365.63
2543.71
1978.21
3055.76
3033.46
2652.4
2990.32
2369.73
3264.59
2877.02
3711.99
1858.49
1907.67
2512.01
3132.44
2995.42
2130.61
2304.33
2465.07
2902.09
2420.24
2332.68
3495.89
2958.55
2150.17
3003.2
2211.99
2946.68
3356.67
2673.37
2951.58
4611.67
2053.86
3381.59
2669.41
2939.08
2640.82
3045.82
2785.5
2111.99
2557.94
3124.31
2060.09
3028.57
3599.75
1685.17
2840.04
2655.5
2789.59
2889.64
2527.98
2800.74
2791.55
4417.99
2365.71
2328.36
3209.26
2556.49
2838.29
2779.53
3136.79
2226.14
2739.06
2128.37
2589.34
2795.57
4074.39
2704.88
2401.28
3626.62
2364.22
2948.64
3530.49
2388.56
2444.06
3061.2
2348.19
2797.47
3034.12
2221.61
2057.03
2558.28
3523.98
3050.23
2833.12
1955.26
3017.68
2831.11
2383.8
3082.11
3050.76
2292.3
2731.51
3059.66
2917.68
3352.97
3537.46
3198.64
2225.56
2111.3
3001.86
2449.76
2858.33
3259.39
2183.83
2499.33
2722.23
4084.58
2600.38
2605.53
2841.2
5319.81
2604.8
2730.87
3534.93
3378.23
3215.45
2808.64
2513.34
3990.32
2936.22
2592.19
3656.75
2315.18
2691.35
2763.93
2762.49
2596.76
2543.93
2635.09
2924.6
2095.33
2257.36
3221.3
2276.42
2015.89
3931.4
2711.79
2671.61
2735.97
2946.56
2440.63
3201.93
2863.37
2046.88
2177.39
1869.81
2867.26
3104.67
3134.68
2430.04
1670.37
2664.11
2921.12
1984.45
4125.55
1804.38
2461.13
2298.48
2828.23
2414.86
2580.34
2569.09
3019.44
2590.87
3048.06
2241.18
3759.15
2923.07
2642.09
2736.41
2985.42
2477.98
2281.93
2345.07
2362.75
3215.49
2237.79
2103.21
3702.3
3402.12
2979.74
2696.1
2149.44
3039.68
2402.05
2608.41
4060.04
2978.58
3116.42
3768.3
2863.15
3298.61
2509.67
2259.16
2168.81
3081.7
2864.77
3262.35
2075.18
3244.2
3116.56
2502.8
2336.73
2623.37
2175.75
2733.6
2973.34
2022.65
3289.89
2824.05
2442.67
2710.04
3921.28
2943.35
3793.38
4154.52
4097.1
2026.65
2469.24
2308.84
2866.16
2742.65
1995.13
5128.82
2543.84
2319.31
2403.22
3001.3
2816.41
3585.56
3093.56
2869.48
2220.87
2786.16
2807.91
3572.81
2665.5
2366.79
2283.9
3230.74
3057.94
3829.52
3090.19
2413.06
3410.9
2562.83
2880.7
3342.53
2513.09
2867.61
3561.08
2500.11
2352.9
2195.2
3162.08
3311.33
2582.81
3054.44
2885.76
3437.43
2149.66
2972.42
2914.01
2813.56
2846.07
2126.54
3175.62
2885.37
2409.65
2639.79
2326.1
3306.61
2858.3
2054.03
3416.31
3847.57
2657.25
3056.34
2582.2
2818.23
3092.07
3215.63
2288.64
2448.86
2910.73
3625.4
2743.58
2306.68
3690.45
2238.26
2749.51
3422.13
3569.57
2274.61
2404.54
2253.43
3761.88
3124.02
2767.88
2643.64
2428.96
2238.77
2665.84
2414.13
2371.58
2424.86
2313.51
2427.84
2933.32
2357.38
3116.41
2883.72
2687.35
3043.58
2816.38
3206.23
1986.51
5256.09
2319.05
2667.53
2833.01
3542.22
3468.49
2064.77
3750.65
3895.05
3638.5
2889.58
2414.04
2373.53
2427.01
2156.99
3394.72
3564.41
3024.73
2393.33
3188.43
2771.39
2496.44
3539.53
2305.53
3127.47
1697.35
2925.65
2654.36
3331.55
2343.79
2785.07
2525.73
2699.52
2583.61
2761.08
2522.43
2076.75
2810.84
3220.27
2180.75
2435.42
2196.22
3049.66
3752.3
2418.93
2388.65
3455.02
2466.31
2419.72
2753.01
2449.38
2087.18
2847.75
3350.14
4376.3
2968.54
3045.67
2379.25
2805.21
2586.64
2173.9
3043.08
2733.02
1738.76
2656.85
2322.31
1932.91
3560.62
3196.44
2598.2
3385.95
3660.15
3171.02
2877.5
2126.64
2486.99
3453.34
3325.42
3696.38
2050.85
3129.55
2456.88
3354.11
2351.21
2906.72
2624.29
2369.05
2258.34
3001
2747.66
1982.27
2030.78
2883.63
3926.1
2157.19
2554
2483.16
2307.58
2744.14
2232.39
3059.64
2493.18
2877.18
2975.43
2419.76
2428.24
2698.25
3634.67
2203.52
2849.17
2855
2601.52
1839.67
3319.92
2639.53
2003.85
3674.69
2447.78
2636.32
2740.56
2677.79
2270.42
2416.9
2935.34
2884.6
2470.5
2825.11
2585.28
3029.71
2687.73
2688.17
2123.74
2592.51
4371.33
2032.69
3381.28
3229.33
2864.91
2066.23
1962.49
2731.63
3221.63
2326.44
2508.02
4160.8
3088.46
3428.22
2066.68
3077.55
2507.94
3390.08
2591.86
3191.87
2893.86
2181.12
2956.99
3214.72
2666.24
2382.48
2915.77
2439.12
2160.09
2539.04
2332.79
3002.94
2780.28
3022.22
3042.25
2573.33
2801.06
3906.52
3437.74
2593.92
2971.16
2594.38
3657.93
2509.95
2547.12
3019.02
2917.68
1946.88
2381.29
2530.79
2886.05
4323.65
3417.13
3085.99
2716.94
2741.93
3114.67
1618.63
2208.97
2376.12
3078.18
3590.37
1986.6
2399.73
3108.16
3980.57
2241.31
4409.96
3137.21
3568.49
3786.71
2130.03
2542.99
2758.71
1871.16
3328.34
2777.79
2829.03
3361.96
2397.33
2664.99
2657.34
3600.68
2588.96
2871.45
2957.21
3874.2
2447.4
2153.47
2754.49
3093.01
2688.41
2704.91
3220.35
2397.69
2561.74
2558.98
2079.45
2867.19
1990.16
3022.66
3062.58
2611.73
3246.52
3307.36
2489.99
2481.11
2122.19
2438.85
2402.49
4533.77
2165.41
2686.52
3403.19
2360.45
3611.28
2813.61
2846.91
2506.84
3055.59
2453.47
2125.4
1970.06
3828.79
3076.68
2121.95
2072
2162.45
3782.83
3236.08
1968.04
2003.07
2112.07
3989.5
3295.82
4073.24
2473.24
3081.59
3117.48
2208.72
3315.91
2458.48
2429.33
2380.96
2763.6
3052.85
2471.08
3037.64
2474.01
2765.2
2400.43
2218
2299.86
2507.87
3093.46
2527.89
2859.98
3352.51
2862.84
2736.42
2324.22
2054.74
2551.85
2888.45
2709.44
2713.29
2457.99
3325.41
2703.77
2357.87
3045.09
3438.94
3228.15
3305.34
2784.37
2576.28
2165.5
3512.12
2624.22
2759.15
2420.06
3361.97
3150.2
2049.79
2380.59
3468.42
3106.42
2503.83
3351.62
3021.94
2332.24
3107.35
3190.59
3547.11
2989.45
2927.27
2532.31
3040.27
3815.41
2739.96
2232.97
3471.7
2740.56
2605.56
3113.32
3438.6
2584.83
2149.97
2352.29
3067.47
2759.38
3552.21
3090.02
2720
2765.97
3188.06
2051.58
2280.69
4310.6
3262.14
2824.74
2417.87
2494.3
2087.53
3200.21
3318.71
4050.01
2681.32
3943.43
2875.75
3033.31
2634.23
3937.92
2962.36
2376.72
3571.74
2565.68
2177.97
2522.33
2269.71
3347.95
3936.6
2055.37
2349.83
2481.06
2691.26
3658.81
2424.26
3229.21
2488.87
2384.6
2562.83
3732.34
2269.37
3564.69
3182.27
2687.25
2459.16
2480.45
2728.37
2549.56
2150.73
3075.07
2748.22
2924.16
2014.62
3120.57
2864.23
2973.56
2214.6
2258.33
2826.69
3079.63
4001.05
2852.89
2335.2
3158.29
2525.22
2133.08
3394.28
2286.32
2470.71
3204.39
2960.23
2995.38
2571.55
3044.89
2780.35
2588.94
2726.68
2513.34
2875.75
2733.96
2800.02
2532.16
2880.94
2805.18
2436.93
2794.47
3385.28
2485.86
2652.91
3779.53
2173.48
3120.64
3464.11
3833.27
3147.85
2267.79
3409.94
2724.02
3236.23
2485.98
2618.25
2977.96
2976.91
3172.12
2705.16
2861.6
2522.5
2814.45
1846.33
2542.97
3051.28
2468.13
3543.45
2143.75
3027.67
2883.8
1994.14
2447.93
2753.02
2374.53
3553.34
2296.08
3729.5
2097.44
2786.07
3177.67
3822.08
1978.4
2416.31
2944.04
1963.33
2139.31
2588.17
2539.67
3668.09
2273.81
3241.04
2430.63
3028.4
3502.27
2463.06
2149.46
2234.53
2372.16
3262.14
2774.6
2737.49
2364
3431.4
3066.63
2646.61
4655.8
2471.88
2552.14
2513.31
3392.55
3130.01
2232.71
3259.23
2227.99
2525.91
2859.4
2293.18
3120.27
2875.39
2654.57
3263.35
2243.51
2812
2511.5
3072.66
3011.9
2297.16
3008.38
1965.8
2350.88
3489.34
3627.81
3733.85
2694.24
3095.01
2562.41
2788.03
2260.04
2133.16
2442.92
3139.58
2803.74
2653.53
3349.62
2939.22
2562.94
2323.32
2774.41
2745.88
2335.71
2339.63
2419.32
2521
3374.56
3064.68
2682.89
2476.36
3505.56
2459.47
3031.54
2686.35
2973
3977.8
2890.21
5606.88
2669.77
2390.12
3049.95
2441.66
2653.24
3057.03
2880.88
2413.76
3159.59
3087.15
2534.03
3281.55
3206.28
2609.42
3512.45
5705.11
2399.08
2627.57
2009.3
2850.59
3830.69
2351.01
2096.42
2361.15
3508.65
2467.69
3888.96
2850.38
2973.02
2151.97
2743.73
2979.51
2200.33
3864.88
2795.56
3161.67
2415.63
2958.23
3411.7
2439.52
2718.17
1974.23
2817.38
2376.33
2439.75
2998.82
3144.82
3466.9
2804.86
2825.3
3322.8
2364.13
2087.13
2591.57
3136.24
2051.89
2156.46
2487.08
3138.53
2639.68
2876.32
3392.96
2642.49
3953.12
4494.29
3193.68
2197.9
2861.51
2298.71
1978.02
2960.13
2107.27
3041.99
2815.31
2311.83
1888.13
2947.32
2092.16
2861.73
2549.17
3044.19
2420.24
2443.83
1920.93
2501.76
3004.24
3247.34
2472.49
3854.69
2474.43
2388.54
2591.53
2770.75
3194.44
3528.33
2847.13
2399.12
3092.89
2694.63
3062.03
2412.34
2237.7
2368.85
2639.48
3738.66
2511.18
4259.38
2888.08
2169.38
2068.63
2144.86
2828.07
2793.69
2959.87
4101.85
3028.29
2320.12
2343.85
2211.78
2704.48
2554.62
2371.18
2468.16
2626.32
2762.28
2929.08
2361.81
2238.81
2444.44
2347.41
3099.85
2449.01
3044.84
2193.15
3964.21
2599.11
2338.9
2775.33
2515.9
2387.89
3632.51
3555.72
2974.87
2596.29
2693.65
3039.83
2642.59
2869.2
3811.58
2292.8
2429.99
2733.66
3508.35
2488.72
2226.72
2140.75
2682.37
2905.01
2356.88
4123.39
2880.08
2601.42
2017.14
2553.19
1971.89
2446.03
1894.55
2916.58
2098.93
2914.28
2518.99
2865.96
2051.17
2810.72
2980.23
2538.22
4606.3
4546.01
3638.18
2242.81
2960.11
2790.81
3221.12
2819.5
2247.53
2704.17
2802.04
2832.13
2323.21
2953.91
2396.25
2970.53
2678.67
2936.72
2601.31
2539.48
2096.74
6060.91
2686.58
2886.73
3157.02
2790.75
2314.82
2512.06
2899.73
2762.14
2915.64
2567.77
2986.04
2931.73
4051.19
2351.54
2451.33
2534.57
3344.47
2340.68
3907.43
2118.28
2486.68
2469.34
3631.1
2782.58
3048.76
3913.48
2739.95
1853.12
2402.49
3527.51
2306.38
3971.7
2903.03
1985.67
2070.07
2063.95
3105.48
2239.33
2583.86
2397.14
2373.24
2647.26
3048.16
2586.15
2768.78
1939
2695.13
2368.76
3216.74
2664.67
2948.59
2717.51
3716.46
2268.84
2539.18
2757.03
2081.57
2636.09
2275.7
2771.78
2691.05
1795.39
3454.38
2683.12
2953.48
2850.76
2934
2766.2
2863.86
2542.54
2661.68
1945.05
3093.57
3720.84
2384.67
2418.25
2309.59
2236.77
3618.95
3945.61
3435.02
2914.83
2105.29
2575.95
2677.34
3630.85
2606.44
2350.95
3089.09
3406.44
3637.24
2363.79
2716.28
2314.31
2913.59
3367.78
3005.28
3138.73
2317.15
3315.95
2436.44
4219.25
2123.44
3170.91
1918.61
2598.44
2255.19
2669.61
3402.82
2624.48
2387.97
3432.26
2440.15
3052.12
2904.13
4222.46
3061.24
2509.29
2364.16
3487.27
2726.21
4193.27
3586.34
2949.85
2674.38
2495.39
2657.3
2812.27
3020.75
2898.98
3209.71
3738.56
5428.38
2759.35
3013.47
1945.08
2635.41
2745.79
3678.4
2674.17
3185.6
2224.32
2681.97
2720.74
2613.24
2393.11
2730.17
3042.18
2867.39
3311.03
2719.62
3128.08
4339.38
3111.71
2787.81
2231.23
2371.88
2228.77
4120.2
3280.1
3615.85
2751.88
2284.16
2732.85
3201.18
3574.07
2540.63
1988.57
2290.48
2693.1
2124.56
3056.77
4415.65
2834.92
2229.09
1954.92
2185.46
3257.32
3877.59
2729.29
2483.42
3129.82
2320.61
2078.4
2735.5
3772.92
2468.4
2666.49
2281.11
3460.89
2980.19
3148.35
2718.5
2618.11
2891.07
2693.28
3131.19
2235.07
2577.63
2621.28
2161.89
2889.75
2608.81
2287.45
2255.82
2170.99
2376.04
2539.31
3467.49
2211.36
2757.95
2417.88
2988.49
3286.49
2707.25
2980.45
3096.82
2500.31
3150.95
3134.67
2951.02
2649.27
2485.84
3313.1
2678.48
2019.39
2813.97
2687.74
2388.53
3668.53
3581.44
2156
3128.57
4045.6
2352.13
2444.36
2246.3
2035.49
2169.49
2258.49
3561.47
3065.58
4277.17
2510.31
2919.16
2793.81
3799.33
2599.01
2647.51
2620.23
3747.19
2585.05
2813.27
2397.34
2737.65
2549.74
2761.11
2983.79
2801.98
3690.64
2696.65
2567.15
2066.78
3157.87
2485.57
2632.21
2427.75
2519.9
3213.96
2865.93
3718.86
2671.32
3673.65
2132.17
2392.67
2516.2
2859.77
2515.79
2594.79
2244.58
2695.79
3523.96
4439.2
3094.14
2897.36
2390.94
3562.82
1991.34
2645.23
2236.91
2363.63
2591.41
3270.67
3793.25
2505.98
4981.3
1658.96
2626.52
2367.23
3402.77
2501.91
2621.5
3287.95
2234.65
3360.64
3034.6
4632.7
2493.75
3382.06
2596.83
2823.71
2599
4100.69
3111.42
2466.39
2425.4
2929.96
3377.24
2386.68
2724.36
2639.64
2478.29
2065.37
2428.42
1599.99
3116.87
4108.03
3107.69
2630.63
2822.36
4114.38
2048.56
2511.18
2947.22
3084.69
3055.98
2761.29
2050.87
3341.4
2804.76
2048.17
2278.84
2493.38
3010.86
2645.33
2946.54
2484
2573.52
2371.65
1980
2735.83
2362.42
3197.44
3372.87
2302.57
2332.27
2695.62
2318.82
2823.87
2941.47
2818.26
2930.56
3387.4
2758.36
3933.07
3289.62
2958.05
2623.3
2804.92
3667.61
2994.46
2592.08
2978.11
2638.29
2300.28
4813.77
3528.39
2399.54
3668.87
2005.21
2297.33
2657.59
3615.87
1956.49
2799.59
2309.86
2539.21
3302.85
3208.98
3997.88
2109.11
3265.11
2605.37
2736.25
2362.18
3051.42
3557.62
1938.19
3890.46
2413.32
2481.89
2379.19
2960.11
3003.36
2677.47
2982.77
1877.29
3609.55
3861.77
2803.81
2746.35
2791.42
3287.62
3136.17
1691.04
2704.22
2022.97
2597.99
1979.82
2654.47
2256.49
2560.87
2595.66
3384.52
3565.95
2647.84
1951.13
2505.03
2618.14
3850.08
2839.33
2616.78
3003.15
2925.18
3173.34
2510.74
2381.87
2547.07
2601.87
3165.91
3363.23
2815.5
2799.59
3177.41
3090.84
3158.91
2853.21
3016.86
1954.01
2688.28
1883.81
1843.45
2419.39
2773.39
2740.95
2722.21
2643.16
2806.67
2440.46
2231.98
2354.47
3101.22
3408.69
1922.44
2990.69
3621.43
2480.06
2398.19
1908.04
3321.87
2836.4
3001.58
2873.04
2788.92
3145.99
2460.36
2897.6
2666.3
3304.43
2937.37
2371.5
2829.31
4056.34
2573.79
3834.27
2775.32
3218.38
2456.59
2575.03
3341.27
3001.68
3181.79
3685.48
2424.02
2399.35
3834.67
2935.24
2687.31
3300.07
3167.73
1888.63
2260.55
2561.42
2261.37
3098.6
3041.25
3139.23
3834.79
2099.59
3119
2599.71
2299.02
2696.13
2715.31
2370.31
2231.56
2811.58
3167.97
2302.65
2273.6
3799.9
3508.05
2956.2
3073.21
3201.79
2869.66
2559.86
2987.18
2780.2
2237.12
3188.85
3072.31
2588.71
2631.5
2484.33
2424.33
3061.41
3285.24
2809.46
2893.2
2472.72
2795.75
2936.3
2328.12
3598.77
2667.11
2641.24
2276.35
2433.09
1997.72
3344.46
3114.86
2386.98
2213.24
1617.2
2556.61
2380.76
2515.32
3088.66
2365.8
3572.22
1851.11
2732.45
4606.86
2378.64
2607.93
3441.64
3000.46
2088.54
3157.39
2843.51
3221.94
2911.61
3028.17
2882.11
2207.53
2503.03
3215.7
3155.85
3354.72
2610.21
1984.04
2679.95
3248.82
2927.42
2183.27
2103.3
2864.9
2720.03
3040.49
2061.32
2430.78
3146.22
2637.1
1778.29
2142.21
2949.98
2256.46
2554.72
2848.87
3034.16
2778.01
4281.69
1712.96
2843.38
2859.43
2848.02
2734.16
1953.04
2464.35
2754.51
2776.99
2383.61
2519.4
3391.74
3037.59
2289.54
3064.88
3493.14
4300.53
3258.87
2207.22
3107.44
2426.46
2569.3
2538.4
2900.26
2428.28
4041.65
3289.74
3038.44
4465.4
2870.01
2948.82
2662.55
3222.3
2844.03
2567.66
3792.97
3102.24
2746.77
2303.76
2656.65
3162.51
2803.92
2666.74
4622.43
2741.19
2578.46
2468.8
2424.56
2852.3
2764.96
3027.79
2964.24
2924.65
2947.57
2639.41
2984.39
2475.43
2371.66
2175.77
3369.6
2537.88
2599.14
3171.36
2547.4
2642.28
2164.21
3535.82
2820.83
3904.52
3345.53
1752.54
2496.65
4337.75
3560.94
3042.88
4395.41
3880.32
2400.93
2314.43
1897.5
3178.66
2848.99
3063.96
2045.6
5003.44
2854.8
3363.3
2428.28
3066.8
2971.42
3423.29
3817.94
2122.37
3124.16
2521.09
2647.38
3368.56
2359.86
3450.99
2690.89
2699.4
3501.63
2432.9
2127.88
2117.11
2757.97
2766.91
2330.88
3139.85
3494.61
2615.06
3890.94
2505.15
2558.4
3326.79
2177.93
3457.06
4312.09
2914.1
2479.95
2446.26
2026.76
2269.47
2530
5176.29
3124.65
2241.62
2341.89
2291.73
2454.51
4487.84
2683.34
2668.22
2912.66
3573.94
2430.16
1991.41
3265.07
2437.05
2651.53
3026.88
2641.94
3290.21
2414.7
2426.95
2949.87
2915.1
3357.67
2313.06
2626.24
3921.62
3140.71
2429.85
2358.34
3541.44
3486.26
3001.9
2064.79
3445.96
2842.72
2921.91
2826
3598.76
2869.08
3748.64
3361.59
2956.31
3929.46
3242.8
3157.44
3411.08
3135.82
3452.08
3424.72
3052.91
2585.88
2465.18
3824.18
2239.44
3132.29
2638.09
2854.07
2828.17
3123.17
2436.62
3201.5
3257.98
3414.14
2015.44
3151.41
3052.95
2653.1
2260.31
3467.9
2674.39
3268.29
2832.1
3243.25
3464.26
2931.27
2490.28
2407.52
2356.59
2702.73
2762.45
2839.52
4507.94
2243.43
3622.94
3721.26
3292.3
2800.98
1889.34
2130.32
2302.34
2626.71
3087.72
3910.3
2589.33
2938.02
2826.7
2830.47
2746.92
2824.53
2231.22
2232.7
3604.27
3993.74
2687.73
4856.49
2103.48
2512.42
3418.06
2628.54
3002.14
2832.51
3330.72
2639.75
2707.06
2163.77
2285.5
2988.1
2895.57
2524.88
3843.14
3382.72
2932.98
2591.68
2157.99
3005.59
2385.67
1827.79
2321.19
2165.95
3761.5
3784.96
3232.01
2674.81
3096.99
3224.02
3351.71
2973.83
3030.84
2095.48
3059.65
3378.66
3161.32
2196.2
2270.2
3333.6
3576.07
2312.46
3545.19
3171.15
4167.95
2873.86
3798.94
1805.26
2961.01
3236.91
2321.68
1967.91
3328.41
2415.43
3679.29
2726.45
2094.54
2704.18
2638.44
3258.35
2857.9
2527.01
4218.51
2728.32
2699.49
2095.08
2959.53
2393.83
3156.16
2779.62
2597.9
3296.1
2801.28
4493.18
2583.68
2510.97
2497.94
2594.62
2537.64
3336.22
2813.78
3777.81
2453.17
2864.26
2350.83
2910.14
2951.84
2644.06
3465.73
4237.43
2767.86
3728.02
2921.89
2830.41
2635.64
2634.17
2583.19
2464.55
2724.71
2998.93
2741.99
2611.6
2404.52
2310.69
2942.48
3550.71
2215.32
3842.49
1998.3
5255.37
2592.57
2756.11
3279.37
2885.26
2160.22
3032.39
2883.81
2703.99
3578.28
2826.95
2762.09
2979.9
2979.48
3010.85
3311.05
3379.84
2269.75
2780.05
2945.49
2679.79
3675.81
2758.76
2950.35
3151.63
2103.29
3311.27
2040.9
3581.98
3098.84
3994.08
3079.95
2376.74
2418.49
2094.23
3114.56
1709.02
3234.47
2852.44
3181.1
2833.31
2914.79
3115.44
3135.29
2649.67
2935.77
2817.61
3084.22
2970.25
2994.19
2374.49
2986.47
2329
3187.82
2605.99
2908.02
3167.27
3450.62
2715.09
2302.42
3464.49
2625.9
2001.9
3609.97
3346.14
3136.61
2990.77
2283.59
3665.93
3340.07
2913.19
2839.22
3115.92
2439.1
2794.28
2109.96
2965.05
2190.49
4358.72
3624.17
2952.94
2675.09
2337.07
2004.15
3343.85
2774.7
3521.92
2399.87
3220.25
2439.77
2886.46
2048.13
2851.92
2679.58
2185.08
2990.64
3214.21
2731
2527.41
2780.24
3132.59
2468.91
2943.57
3010.69
3818.38
2193.33
2705.16
2928.04
2500.23
3463.43
2712.65
2493.1
2980.64
2490.15
4471.58
2934.03
3636.63
2240.4
2480.56
2659.66
2834.5
2584.21
3286.54
3214.99
2521.51
2187.21
1937.12
3317.46
2408.66
4219.3
2421.7
3080.71
2033.65
2302.34
2976.76
2811.94
3313.57
2804.19
2986.24
2373.86
2775.73
3048.89
2706.74
2665.57
2823.07
2651.48
3542.91
3749.19
2787.97
2936.43
3554.02
2118.57
1868.95
4219.21
2849.76
3307.87
2411.31
3588.98
2388.53
3243.81
2694.56
2164.79
2891.75
3315.22
3872.61
3593.39
2761.79
2372.7
1776.31
2432.36
2652.31
2657.76
2664.3
2547.49
3104.94
2017.13
3389.98
3104.58
2355.79
3020.43
2243.88
2269.88
3232.38
1858.39
2141.03
3166.58
3478.51
1829.28
3440.33
2270.12
2905.99
3557.02
2636.88
3710.42
2619.15
2386.98
2636.08
3351.84
3042.96
3251.02
3347.18
4732.89
1817.8
4544.17
2748.87
3021.35
2849.5
2223.45
3243.3
3318.1
3763.65
2987.15
2745.1
2349.45
2132.35
3601.66
2494.68
2450.25
2123.95
3410.17
4487.19
2525.45
2430.24
2159.29
1914.25
3730.41
2412.39
3140.32
1891.65
2935.56
3777.32
2437.72
3139.14
2811.82
2594.03
3529.99
2639.69
3314.44
2578.94
3400.89
3034.67
3184.34
3566.28
2768.69
2419.43
2597.8
2385.58
2818.97
3089.22
2356.01
2242.14
2988.4
2155.89
2585.49
2575.55
4315.04
2351.97
4254.05
3305.92
2548.57
2296.16
1463.68
2875.41
2630.86
2048.09
2791.23
2503.53
3926.21
2618.27
3451.56
2654.3
2941.34
2475.98
2851.82
3071.95
2951.64
2204.3
2687.32
3220.56
3080.37
2530.12
3448.38
2546.39
2647.06
2419.88
2546.97
2889.67
2713.9
3277.35
2718.28
3280.86
3272.93
3638.41
2307.44
2551.72
4317.54
3820.63
3290.82
3242.43
3403.32
3496.96
2975.47
2957.45
3039.28
2843.87
2220.13
2319.14
3648.97
2283.47
2651.7
3087.16
2630.38
2144.46
3139.13
2988.29
2329.6
2454.25
3200.69
3262.14
3916.59
2824.63
1937.15
2508.65
4352.76
2622.68
2515.11
2292.94
2704.19
2712.38
2338.73
3342.6
2396.58
2506.14
3410.57
2406.5
2645.59
2353.98
3439.25
2137.88
2860.32
2489.9
3218.47
3251.36
1977.08
2420.39
2647.82
2979.88
3635.07
2058.67
2469.08
2372.62
3542.58
2538.47
2877.05
2749.88
2087.83
2509.72
2740.5
3058.31
2572.41
4301.15
2952.71
2381.79
3582.68
3524.58
2640.3
3147.97
2949.77
2650.03
3194.5
2917.3
2660.36
3180.57
2555.26
2830.58
3078.87
3716.77
2460.31
2007.41
2112.96
2854.25
2748.73
2900.47
2546.58
3546.39
2548.7
3696.7
3038.79
2619.58
2075.78
2413.99
2257.62
2085.08
3311.17
2610.67
2930.16
3185.04
3080.5
2707.78
2407.86
2555.99
2137.79
2527.31
3784.33
3129.01
2362.18
3580.33
3388.92
2684.97
2573.04
2968.12
2399.9
2435.26
4270.7
2565.74
3449.74
2711.16
3268.75
2667.16
2587.51
2706.7
2903.25
3387.08
2566.52
2529.11
2999.51
2358.36
2848.99
2327.54
3392.78
3395.37
2777.49
2631.9
2430.39
2413.9
2402.01
2530.01
2892.64
2588.39
2858.77
2668.55
3911.53
2253.96
3622.57
2860.28
2710.08
1726.2
1900.1
3134.56
3528.46
2730.19
2379.16
3022.6
2192.84
2528.18
2944.88
2541.96
3693.2
2933.39
2804.26
2851.92
2407.7
1809.4
2936.06
2685.91
1907.58
2246.31
2141.77
2751.6
3116.39
3533.39
2579.75
3791.28
2656.47
2090.09
2352.75
2386.43
3025.38
2858.92
3754.77
3247.38
2714.65
2907.75
2155.24
3084.33
2295.29
3544.37
3066.35
2502.44
3020.92
2970.53
3098.35
2366.65
3321.14
2530.15
3030.27
2645.54
2006.65
2254.58
2834.19
2866.21
2899.28
3775.59
2218.3
3291.39
2591
2401.18
4278.8
2675.89
3458.01
2719.33
3428.37
2286.44
2760.83
2443.01
2385.25
2511.54
2946.08
3583.74
2236.06
3514.83
2485.92
3865.71
3222.81
3679.2
2801.95
2167.28
4132.7
3379.23
2187.72
2559.31
2860.64
3112.41
2569.84
2210.12
3003.26
2231.58
2606.89
2656.05
3618.62
2384.12
2913.9
2933.54
3458.05
2971.8
2916.98
2665.28
2321.97
2152.7
2520.49
3085.89
3022.94
1998.89
2875.57
2091.99
2324.91
2512.89
2601.81
2511.21
3040.21
2469.93
2753.11
2080.91
2901.44
3367.86
2461.33
3187.53
2716.29
2642.95
3332.41
2359.73
2125.31
3619.83
2939.11
2917.37
2212.47
2335.02
3369.18
3314.9
2679.2
2349.63
2691.13
2288.88
2535.62
2277.9
3305.43
2837.94
2694.84
3306.69
2033.28
3432.09
2477.57
3259.89
3559.32
3656.13
2227.93
2260.13
3890.45
2330.83
2165.22
2828.64
2372.6
2219
2271.21
2004.86
2481.07
2857.83
2886.9
2398.83
2895.15
2052.65
3255.75
2601.73
2277.43
4012.68
3061.08
3308.9
2176.8
2365.95
2014
3518.95
2752.07
2546.35
3687.73
2846.74
3529.44
2502.43
2836.65
3804.65
2594
2442.37
2397.4
2454.1
2855.64
3203.05
4050.47
2327.62
2589.44
3287.17
4339.82
3167.18
1954.93
3146.02
2596.25
2819.52
2344.95
1841.86
2414.63
2227.86
3440.55
2727.29
2008.18
3213.86
2101.57
2753.42
3228.25
3079.9
1799.28
2602.29
2229.98
2772.34
3002.22
2303.67
2177.59
2204.84
3150.62
2368.47
2625.11
2709.36
2247.53
2186.57
3298.35
3740.26
2334.28
2836.11
2206.22
2679.13
2909.9
2538.59
2728.25
2939.67
2788.07
3151.11
2066.77
2021.12
2987.75
2404.85
2394.95
2714.68
2511.09
3253.37
2739.88
2446.6
2385.31
2845.77
2807.16
4241.04
2281.72
2461.88
3330.18
2538.13
3695.31
2231.01
1924.46
2862.94
2586.08
2610.32
2821.72
3156.63
2810.68
2923.55
2759.04
2503.11
2751.67
2493.44
2047.68
3758.92
2542.53
3501.28
2826.48
2576.37
3184.55
2398.2
3476.74
2226.15
2497.55
2885.05
2743.9
3346.48
2578.03
2269.34
2576.56
3006.5
2232.35
2739.75
2621.7
2787.71
2281.7
2023
2518.81
3340.34
2804.23
2819.79
3181.62
2327.58
2931.84
2853.31
2880.08
3030.94
2903.33
2485.59
2813.43
2977.09
2763.42
2308.84
2138.58
2969.11
2609.88
3352.43
2649.64
3065.38
2484.64
3266.23
3184.21
2469.56
3082.58
2066.42
2789.27
2772.9
2387.47
2132.14
2450.93
3057.2
2412.72
4302.73
2439.18
2998.79
2269.78
2556.85
2703.5
3250.39
2708.91
1926.43
2578.36
2912.66
2367.14
2951.42
2757.78
2624.87
2524.94
2553.82
2551.76
2745.09
3792.17
3598.23
2229.02
2790.11
2467.12
2836.02
2893.01
2850.28
2749.22
3017.55
3379.28
3411.79
2603.14
2831.63
2330.25
3373.77
3657.6
2638.77
2789.84
2092.74
2703.58
2375.6
3095.03
3484.82
2797.82
2703.55
2540.9
2465.67
2791.29
2471.74
2958.91
2185.55
2438.25
3243.37
2986.94
3140.42
2048.58
2297.4
2133.29
2266.29
2332.38
3474.05
3201.82
2578.6
3684.94
3182.66
2488.32
2748.34
3021.16
2309.64
2710.59
3174.97
2535.64
3334.18
1982.16
2590.41
2315.34
2979.11
2662.3
2985.34
2168.93
3756.24
2759.56
2165.49
3701.41
2239.44
3787.38
2697.22
3145.62
4157.29
3103.58
2937.01
3504.19
3591.13
3852.09
2566.07
3107.41
4316.07
2334.6
2472.75
3329.76
3736.57
2435.21
2370.03
2350.91
2810.07
2915.95
2938.38
2274.11
2639.09
2356.26
3107.6
4026.09
2014.66
3444.43
2192.84
2846.88
2256.44
3940.9
2767.01
3691.84
3380.27
1972.09
2823.59
3527.22
2675.62
2752.86
3464.1
2423.95
1999.72
2164.32
2955.43
2181.23
3085.25
3213.93
3013.2
3235.55
3051.88
2380.77
2993.33
2666.31
2529.7
3153.67
2264.93
3060.6
2499.69
4090.21
2340.31
3279.29
2627.68
3017.07
2635.77
3449.24
2971.85
2653.37
2784.68
1993.29
2819.66
2396.61
2330.41
3538.2
3257.88
4464.56
2783.19
2740.38
3877.56
2397.93
2353.17
2677.67
3307.65
3016.8
2704.28
3149.92
3145.74
3420.94
2395.6
3120.18
2532.85
1994.83
3309.07
2717.5
3546.24
2532.24
2712.22
2048.35
2393.56
2839.74
3317.05
1791.19
3599.86
3598.68
2989.35
2463.34
2714.67
2150.34
2947.23
2475.24
2175.9
3184.42
2725.51
2392.77
3312.16
3028.2
3606.36
2483.01
2479.22
2282.22
2630.41
2779.19
3093.31
2891.39
4853.64
2799.61
2160.77
2512.23
3181.05
2596.56
2819.93
2280.42
2435.11
2397.97
2342.15
2288.36
4542.95
2903.01
2905.52
2635.38
3053.05
2895.76
2860.55
3053.02
2206.4
2195.74
3045.97
2653.46
3216.03
3720.71
2471.53
3352.64
3242.56
2654.43
2650.48
3045.1
2241.58
3097.54
2827.95
2571.5
1881.65
2083.8
2103.77
3769.87
2402.07
2275.25
2614.65
2990.7
3606.8
2642.83
2434.75
2077.96
4000.91
3014.26
2910.24
2809.58
2930.48
2378.66
2371.5
2429.73
2387.48
2860.15
2640.64
4178.94
2597.84
1951.46
2334.44
2717.05
2619.35
2691.37
2617.67
3072.58
3836.68
3832.08
2248.11
2515.23
2886.38
3309.75
2887.29
2251.82
3550.17
2859.64
1828.22
2772.08
2613.19
3173.32
2052.96
1841.98
2485.45
2059.84
2345.87
3544.97
2329.48
2680.55
2968.73
3224.08
3280.38
3136.15
3142.25
2193.94
3301.53
2556.69
2811.06
2709.97
2761.62
2262.92
1926.17
2708.05
2331.95
2575.29
2792.35
2789.34
3399.56
2798.9
1943.4
2736.49
4176.53
2735.58
2674.3
2479.72
2511.69
2782.43
2246.78
3240.97
2709.33
3447.72
2535.47
3765.39
3547.65
3458.26
2644.01
2364.6
2885.45
3104.05
2453.96
3138.82
2246.82
3340.11
2413.71
4386.94
2564.62
2641.06
3174.32
2145.37
2391.01
2827.23
3340.54
2639.45
4729.52
3376.37
3207.72
3633.61
3115.4
2196.91
2666.53
2183.78
3226.75
2903.55
2313.03
3104.65
3311.39
2614.91
2258.48
1927.28
2805.14
2675.53
3376.13
2346.33
3340.65
2907.95
3946.91
2957.99
3284.56
2672.22
2655.57
2102.09
2721.14
2600.97
2761.98
2914.31
3327.99
1763.57
3286.64
2239.98
3839.95
3097.8
2586.5
3778.5
3857.93
2799.85
2430.4
2424.12
3298.04
3062.02
3082.46
4219.67
1975.69
3220.93
2678.83
2229.46
3296.17
3011.7
3119.86
2744.31
2602.24
3454
2124.01
3596.55
2644.71
3382.64
2492.77
2937.69
1752.44
2849.2
2672.9
1878.16
3498.45
2768.57
2803.24
2078.56
3060.17
2963.05
2622.26
2185.82
3205.65
2813.69
3042.19
3197.66
2641.58
2992.56
2831.32
2733.77
2609.69
2161.06
2265.31
2417.92
2802.42
2482.29
3826.16
2583.08
2268.85
2575.57
1974.06
3507.26
2602.03
2590.14
4048.98
3900.87
2233.83
2552.73
2895.12
2605.89
3902.77
3153.07
3226.78
2791.58
2142.27
2065.05
2064.43
3681.07
2573.05
2013.5
1789.92
2331.88
2165.94
2294.35
3889.7
2172.14
3510.15
3354.42
5172.02
2568.67
2362.73
3208.01
3779.46
2331.28
3448.05
2399.19
3196.77
3194.96
2682.46
2772.01
2506.74
4103
2831
2386.35
2118.79
2420.93
2095.35
2919.76
3044.65
2098.84
2178.55
2297.41
2012.89
3002.16
2460.87
2867.95
2352.74
2699.08
3319.47
2789.65
3018.95
3542.33
2311.79
2375.58
2273.65
2644.29
3635.3
3073.47
2521.01
2913.1
3992.53
3954.93
3475.96
2834.72
2500.81
2330.88
2443.59
2725.27
3970.31
3854.85
2120.4
2492.19
2747.43
2303.1
3046.51
2915.59
2691.97
2403.94
2444.35
2461.46
2613.48
3259.42
3306.87
4142.38
2611.09
2468.23
2551.61
3412.51
2792.66
2501.36
3372.98
2869.46
2232.61
2519.75
2651.57
2988.41
2582.32
2700.11
2579.1
2341.56
2145.03
2840.35
2843.56
3438.32
3300.97
2241.67
2055.99
2703.07
3378.4
3332.83
2604.48
2738.55
2448.39
1906.62
3001.09
1794.48
3387.67
2553.62
2347.6
3269.61
2529.3
3382.26
2798.71
2560.38
2893.76
2987.17
2811.81
2305.82
2618.85
2832.57
3166.08
3985.63
2886.48
4376.72
2171.05
2462.69
4985.48
2638.62
3537.37
2491.03
2562.84
4578.35
4524.17
2693.61
2365.48
2096.67
3800.46
2400.64
2539.76
2648.02
2764.32
3188.33
1805.9
2307.95
2172.05
4410.39
3418.85
2757.03
3620.61
2843.7
2777.05
4206.9
2605.69
2413.25
2999.25
3368.56
3184.43
2346.61
2268.27
2198.47
2818.87
3479.97
2757.86
2879.14
2791.01
2724.89
2962.97
2336.29
1886.08
3518
2598.91
2947.91
3343.33
2771.35
4894.94
2906.2
2194.45
3111.73
2886.82
4802.11
2462.77
3298.41
2947.26
3602.38
2201.27
2325.01
2380.49
1991.95
3111.26
2322.65
2567.76
2413.74
2737.33
3034.46
2078.54
2217.8
2551.39
2733.78
2600.36
3303.94
3258.45
3588.18
1659.44
2289.19
4392.25
3196.85
3017.59
3385.73
3165.11
2380.29
3195.16
2864.92
3081.57
3044.47
2011.74
3587.86
3073.12
2926.47
3954.53
2063.84
2414.59
2528.36
2894.19
2322.51
3048.78
1952.08
3508.12
2685.4
3208.94
2952.8
2723.5
2533.39
2949.22
2985.19
2517.69
3961.57
3446.77
3293.51
3235.04
2024.93
2404.27
2112.91
2061.86
3340.21
1938.23
2438.14
2708.49
2185.63
3197.74
3531.41
2315.46
3925.3
2618.27
2813.08
2924.84
2766.94
3081.7
2166.1
3371.15
2095.67
2800.71
2246.32
3377.42
2680.76
2514.16
3250.12
3035.84
4274.47
2655.91
3044.01
2850.39
3013.4
2426.77
3288.39
2979.91
2053.18
2930.53
3255.93
2731.41
2765.13
2495.02
3170.79
1957.94
2768.74
2967.48
2079.99
1708.98
3498.77
3217.88
3123.88
4524.37
2477.96
2687.93
2609.06
3694.99
2326.06
2320.16
2993.06
2230.3
2715.4
2365.36
2704.43
2565.15
2530.01
2551.4
3166.13
2568.05
2167.64
2622.76
2320.74
3529.22
2279.89
2951.66
2965.21
2970.15
3139.82
3053.39
2557.7
3311.16
2411.21
5161.3
3618.65
2930.12
2784.35
2624.28
4847.8
3101.08
2397.68
2404.56
2580.5
3014.71
2385.5
2438.65
2919.39
2560.61
2720.67
3996.65
2657.03
2532.48
3066.71
2449.12
3608.52
2602.8
2525.3
2505.54
2816.66
3799.47
2187.36
4208.47
2407.62
2783.23
2175.92
2740.8
2736.76
3310.19
3684.94
2502.64
2562.15
4073.11
2554.4
2640.38
3628.71
2496.95
2166.01
2963.05
2115.85
2957.45
2774.6
3449.7
2595.23
2453.4
1814.63
4077.04
2585.1
2562.92
3716.14
2178.24
2363.58
2448.64
2481.34
3178.66
3215.76
2605.42
3195.72
2370.33
3286.03
3358.73
2778.26
3138.82
2488.09
3008.26
2352.97
3077.31
4178.37
2887.96
2511.9
2523.72
3017.75
2683.32
2524.06
2146.15
2507.42
2541.67
2755.37
2916.98
2363.66
2905.32
2331.49
3409.6
2698.11
2890.48
2478.4
3568.74
1733.38
2512.87
2087.76
2567.19
3152.79
2252.6
2676.68
1938.65
2912.38
2777.27
2457.83
2718.69
3557.02
1745.32
3021.24
2426.22
2421.95
3169.91
3040.21
2379.68
2557.79
3252.13
2793.18
2372.14
2496.54
2193.62
2725.24
2535.8
2721.28
2781.98
2699.42
2601.58
2613.05
2291.6
3870.84
3382.23
3117.3
2586.73
3021.33
2494.42
2333.29
3974.64
2789.59
3316.89
3848.61
2107.12
2428.27
2736.62
3009.4
2027.2
2806.21
2017.04
3649.04
3348
3473.18
3074.9
2399.2
1930.46
2818.79
2587.77
2192.9
3488.71
2525.04
2420.16
3518.14
2115.91
2935.89
3651.64
3574.55
2335.48
3135.03
3081.5
2655.29
2255.93
2701.67
2507.31
2227.67
1969.2
3769.54
2202.74
3312.84
2755.47
2825.93
2834.8
2868.46
2407.94
2683.03
3748.18
2781.62
3181.36
3840.67
3276.05
2432.17
2370.68
3365.84
2458.66
2424.04
2873.87
2894.28
3179.14
2637.64
3040.45
2118.26
2519.91
3448.44
2073.72
3311.73
2718
2850.58
2915.98
1974.77
3216.95
2326.15
2847.87
3114.31
2079.9
2542.66
2642.28
2208.15
2295
2480.08
3109.4
2449.3
2305.01
3068.18
3263.11
2973.62
2859.82
2646.33
2359.66
2832.97
2219.63
2190.35
2826.97
2127.35
2622.14
3193.38
3025.17
2471.36
2576.32
3259.45
2944.09
3264.21
3547.33
2249.42
3673.82
2946.53
3067.05
2991.12
2983.79
2272.23
2381.15
2350.05
4142.33
2581.37
3831.36
3809.45
3693.85
2881.66
2952.93
2566.51
2181.24
2263.6
2944.9
2278.85
2209.48
4298.2
3192.48
2903.12
2147.54
2777.36
3267.65
3317.85
3174.51
3032.13
2850.66
2885.85
3487.78
3328.02
3041.26
2614.76
3245.73
3704.04
1658.94
3251.28
2705.75
4371.88
2302.23
3366.35
2463.56
2652.79
4218.32
2240
2163.16
2734.36
3476.99
3057.72
2797.28
1937.35
2282.21
2957.09
4255.94
2489.38
2296.34
3576.89
2957.57
2285.97
3280.19
2746.3
2464.84
2810.42
3410.33
2529.25
2692.86
2337.22
2778.07
2703.99
3704.11
3417.87
2936.73
2527.42
3388.9
2177.47
2074.1
3190.32
2467.72
3339.84
2439.91
3534.02
3732.85
2067.09
2517.4
2249.76
1800.38
2491.09
2628.86
3936.8
1836.03
2835.83
2174.11
2574.59
3514.82
3249.83
2964.25
4279.03
2499.35
3714.38
2621.32
2441.65
2595.91
3160.58
3585.71
2260.51
3371.84
2955.79
3428.08
4268.36
2467.16
3195.77
1850.21
2753.97
2511.03
4003.08
2287.01
3626.79
2143.4
3030.47
2405.93
3920.48
3377.76
3203.31
2358.41
3224.82
4456.35
3710.08
1904.83
4018.16
2483.38
2961.02
3739.72
2601.66
2333.38
2489.14
2717.16
2605.97
3572.11
3156.36
2042.17
2812.5
3001.58
3385.66
2409.47
3383.94
4768.51
4312.33
3063.74
2452.81
2007.34
2439.27
2324.34
2740.1
2510.14
3282.69
2332.71
2182.95
2869.21
3251.46
2754.01
2453.33
2259.71
2745.75
2499.88
3149.93
2838.88
3030.68
2091.12
6065.89
2744.36
2352.34
1994.79
2585.35
2473.89
2408.66
2536.44
2368.36
2380.85
3248.02
2501.51
3107.1
2697.33
4526.12
2499.53
2711.63
2527.4
3901.14
2417.97
2550.64
4618.56
2529.4
2697.78
3246.3
2505.81
2688.18
3311.29
3160.28
3668.75
3218.44
2747.15
2755.08
2604.63
2624.37
2295.61
2233.54
2728.63
2619.13
2402.38
3631.81
2673.52
2490.45
2195.48
2562.01
2522.63
3124.23
3668.31
3019.2
2075.86
3004.35
2970.83
3085.26
2460.78
3050.64
2400.3
3475.56
3077.9
2131.77
2642.4
2930.85
3334.12
3597.9
2627.44
3319.29
2476.94
2753.06
2471.4
2343.07
2784.62
2184.22
2930.76
2576.71
3211.66
2448.82
2948.12
6125.96
2335.02
2781.44
2232.29
3764.46
2707.96
2971.01
2298.08
2925.77
2586.97
2386.06
2349.2
2324.4
3386.56
2372.7
3075.37
2044.66
2592.98
3041.12
2940.78
2055.31
2363.52
1799.11
2559.24
2768.49
2268.68
2689.81
2452.01
2077.63
2498.81
3236.62
2096.05
3084.21
1953.62
3794.46
2861.37
2138.31
2277.33
