760.146
725.751
641.456
745.11
682.686
855.165
858.216
700.634
744.547
661.829
805.32
708.72
940.007
771.387
801.898
573.733
712.174
810.093
760.368
768.255
718.873
734.208
812.192
724.363
856.764
759.481
795.439
733.365
704.311
905.802
761.454
735.093
787.315
718.206
663.824
758.361
811.976
645.109
735.867
732.7
778.659
835.347
591.268
688.466
716.215
765.047
865.722
617.584
869.839
817.319
814.273
840.883
753.844
771.993
739.053
743.988
1095.76
669.918
936.203
854.971
696.012
911.906
677.196
783.859
560.162
891.812
801.887
677.878
669.107
686.256
847.314
792.362
749.565
739.063
706.603
661.998
698.465
735.654
721.922
690.808
898.738
572.105
902.038
800.796
699.796
831.722
759.581
744.412
740.272
546.505
851.54
754.939
644.188
686.413
603.524
721.847
701.525
660.836
830.903
817.02
901.561
748.987
777.337
728.113
883.441
693.821
666.556
678.807
755.671
695.483
601.869
790.101
642.831
751.388
721.981
651.254
673.58
639.764
716.245
772.835
603.998
819.063
785.29
799.409
731.186
676.08
600.009
783.181
674.379
549.95
823.574
659.389
809.797
805.508
712.948
757.14
839.266
770.163
764.839
919.93
685.757
758.911
706.993
665.406
739.488
766.876
706.811
673.932
649.384
731.111
813.518
916.566
747.327
651.679
665.415
601.497
667.451
756.724
734.638
732.197
721.293
822.675
558.234
619.575
736.772
586.352
824.15
631.425
585.895
687.464
732.687
659.25
744.698
772.278
737.598
673.438
809.265
708.612
644.388
681.586
559.507
766.379
642.128
774.748
799.779
768.201
642.37
806.347
632.625
736.387
886.298
731.641
743.251
770.011
939.546
551.231
674.867
670.646
733.902
668.946
647.396
878.013
731.076
654.688
922.053
721.73
663.26
686.465
750.525
616.959
825.36
943.915
892.86
745.705
809.2
617.397
609.087
810.011
644.116
804.21
792.452
695.643
807.696
849.013
678.068
716.21
806.172
650.58
672.565
753.793
694.06
772.402
731.677
646.518
883.748
675.001
769.94
644.517
777.354
814.602
696.449
567.997
670.538
725.021
658.715
755.79
747.937
709.366
770.526
681.129
652.728
856.334
854.42
693.554
695.75
698.789
631.131
804.527
693.488
656.915
707.35
674.924
680.021
729.809
685.693
723.873
876.97
566.7
759.105
694.38
743.892
722.854
771.023
798.87
797.581
572.391
739.966
757.471
922.056
673.533
635.827
724.521
824.12
685.462
740.042
862.02
843.378
772.594
835.802
749.582
766.139
701.223
563.587
658.799
704.985
527.537
748.107
662.484
718.551
668.994
811.056
691.367
831.404
698.61
603.751
670.06
769.735
751.801
774.28
608.031
773.401
666.771
702.334
818.003
947.613
685.649
713.853
797.07
727.344
750.436
724.922
677.566
669.197
683.426
570.042
683.859
766.852
740.127
669.172
792.774
751.67
797.528
868.225
743.786
745.395
698.459
803.226
769.886
763.267
679.091
661.717
638.227
838.502
711.834
743.353
733.043
643.009
821.582
725.001
756.589
717.633
695.943
834.264
746.492
715.219
798.319
601.621
809.45
818.562
722.667
610.954
645.634
722.604
734.72
769.613
801.191
822.894
739.368
674.863
830.563
640.45
809.024
593.272
653.989
633.752
825.7
738.708
680.536
743.332
666.169
600.32
570.114
778.106
723.745
647.748
669.15
690.941
684.715
723.276
710.106
507.816
746.082
797.55
761.426
706.52
710.078
681.035
794.927
815.121
610.791
699.39
576.919
604.596
799.662
685.613
778.566
770.186
780.388
704.832
719.381
544.66
754.114
604.656
696.147
882.603
722.135
595.147
863.228
770.33
715.976
689.039
711.58
689.44
545.152
760.296
921.029
869.402
617.449
756.079
809.844
759.84
709.077
874.603
862.301
820.777
745.868
829.554
924.831
746.217
651.304
632.068
903.107
738.828
807.863
1006.23
656.016
690.858
684.392
846.194
793.954
722.09
651.125
742.496
593.773
1024.66
676.377
711.653
722.198
639.413
664.876
661.342
698.379
671.621
692.804
813.74
648.893
651.193
667.889
704.797
735.736
665.99
714.941
774.46
815.207
623.547
650.843
778.479
777.264
794.755
901.399
570.127
735.226
745.683
763.697
713.437
791.818
675.575
676.175
825.622
735.585
789.022
683.066
688.597
820.904
622.111
719.715
573.129
757.775
803.633
634.936
780.276
616.573
739.999
889.134
653.549
786.767
589.954
726.176
727.358
704.095
810.085
689.917
597.101
754.59
744.853
623.939
768.703
717.457
768.67
730.952
783.459
666.315
682.834
626.151
721.591
738.243
732.536
826.193
789.707
762.587
614.401
705.711
739.485
822.496
803.739
679.33
694.372
732.671
736.058
844.326
786.462
741.934
724.647
929.237
628.01
647.048
863.327
714.189
785.882
822.455
653.382
768.595
755.968
744.213
761.034
661.361
617.449
839.447
748.662
754.088
799.472
811.964
721.605
698.224
689.719
682.811
641.761
651.197
649.535
686.733
583.015
674.09
765.397
732.306
790.974
686.907
647.495
744.898
714.121
621.268
588.855
736.584
709.62
576.761
661.737
837.082
819.378
958.491
634.745
671.271
688.232
704.566
948.461
710.96
796.54
713.49
733.951
820.688
719.127
632.262
805.841
640.099
736.133
783.519
719.165
746.229
733.625
709.658
736.796
748.132
765.532
949.165
680.596
565.714
797.302
671.645
675.293
824.608
628.56
593.995
772.408
672.858
829.881
855.009
699.964
829.636
630.585
632.028
762.754
796.257
758.264
657.788
800.942
784.102
947.16
733.277
706.392
766.729
684.204
779.709
638.005
708.181
765.88
747.625
868.747
526.677
640.035
788.545
835.036
690.701
807.331
652.182
629.771
667.359
718.848
734.193
728.46
784.66
783.954
530.98
603.504
819.984
751.804
582.712
669.772
686.996
610.93
791.101
762.643
752.094
705.343
787.395
811.631
743.655
867.041
865.167
821.155
675.05
706.788
628.323
686.501
725.704
709.645
710.01
611.416
801.313
794.47
922.424
741.823
648.717
612.69
708.134
839.712
635.307
824.265
738.45
662.162
858.594
760.381
757.885
657.007
584.415
595.403
665.092
574.7
790.074
766.016
937.058
677.541
750.896
721.311
764.544
839.421
721.062
924.548
655.994
703.792
693.423
676.458
779.014
741.542
840.427
781.534
543.15
711.868
689.313
831.198
849.301
558.936
724.743
792.419
649.927
702.124
717.511
744.397
731.915
713.993
769.102
690.381
750.752
592.431
778.202
650.262
732.215
671.442
517.815
702.697
677.724
692.678
714.363
786.962
682.715
805.042
664.521
743.584
626.444
681.467
792.782
881.748
623.526
702.91
663.438
667.6
684.746
844.664
735.901
844.213
693.956
779.54
731.386
801.528
788.264
627.494
746.348
660.147
732.655
679.715
768.784
693.6
686.264
741.621
800.89
996.634
608.119
832.398
682.266
674.707
815.161
768.135
569.527
731.731
950.551
684.246
736.175
793.011
731.653
752.295
625.877
698.194
820.455
725.131
626.912
789.639
724.683
825.048
743.547
641.225
679.817
825.063
802.977
812.093
758.347
600.57
829.09
660.922
726.411
812.254
694.488
856.272
745.172
732.833
838.201
720.798
751.524
749.493
673.962
884.021
659.496
1006.98
742.12
637.403
645.191
792.462
799.336
781.137
734.143
651.339
926.697
873.148
777.457
707.58
626.069
856.667
835.172
748.035
602.127
763.152
681.911
650.047
698.985
795.781
705.285
632.414
725.099
679.493
756.988
810.42
565.007
700.825
672.838
883.206
816.883
649.284
695.042
540.782
658.143
891.893
698.353
676.523
913.364
794.712
790.639
666.936
816.629
830.701
650.06
759.273
771.435
644.971
672.645
746.85
642.073
628.958
744.321
746.96
785.551
876.671
647.715
693.526
718.183
576.273
685.843
692.657
776.975
828.354
690.771
854.821
604.022
646.065
582.244
629.376
811.57
711.089
642.308
819.279
765.736
679.195
675.347
664.327
690.354
743.161
596.462
919.6
756.012
586.99
744.724
666.183
732.279
630.751
620.707
764.87
689.99
678.103
628.097
780.125
826.044
634.835
698.716
743.277
758.388
816.101
707.476
838.501
768.456
603.208
819.855
864.316
659.945
654.861
676.452
673.75
732.394
816.906
691.383
729.187
633.26
719.143
775.885
664.525
637.941
698.788
813.728
824.55
894.085
774.778
822.994
690.024
710.682
699.997
788.234
777.763
825.937
918.769
701.972
774.454
720.47
778.34
889.091
597.108
675.311
677.958
810.778
738.577
606.922
636.884
673.186
679.368
736.03
649.555
666.907
674.93
590.37
750.396
787.733
857.2
627.564
809.448
534.006
830.028
849.971
813.255
694.239
729.527
822.422
703.106
683.258
719.757
592.3
812.087
876.869
684.924
719.892
824.504
684.877
815.2
673.593
613.969
810.278
781.154
939.419
767.705
662.078
587.573
895.763
761.575
667.209
689.532
696.624
787.145
694.654
609.413
671.379
802.536
724.125
671.749
645.62
663.863
715.149
731.784
732.754
729.062
869.31
849.781
724.334
605.401
781.409
696.445
916.092
754.032
675.174
622.092
636.894
703.865
615.293
758.605
874.806
920.061
763.824
697.648
666.419
697.381
630.286
644.215
725.142
625.615
576.724
604.928
668.27
734.38
800.05
648.32
981.311
783.916
948.797
768.064
683.991
654.572
659.992
662.945
862.78
664.265
834.3
609.8
697.747
777.719
684.666
739.637
709.747
625.953
842.333
769.79
800.043
675.375
786.686
622.917
626.236
571.781
660.425
927.716
729.371
717.282
614.057
624.316
736.985
627.804
681.953
648.731
763.551
727.275
635.095
972.403
923.26
683.75
713.625
637.535
665.593
667.792
795.594
826.411
754.97
770.242
707.087
661.9
731.797
659.752
749.781
698.685
680.476
580.53
707.527
818.302
762.568
770.367
619.749
710.709
830.481
630.262
672.997
670.876
806.509
787.021
682.494
865.825
808.382
719.077
854.144
735.954
532.267
693.471
756.465
807.309
902.702
643.225
686.957
836.085
727.884
631.669
653.666
693.524
651.924
980.588
672.385
1001.51
642.094
754.115
835
633.076
560.062
712.883
837.203
662.739
801.561
783.294
637.139
794.689
629.23
792.893
577.828
622.421
655.728
656.904
640.613
710.076
686.757
692.974
714.817
712.126
704.757
632.562
718.438
564.48
737.305
766.002
656.009
678.034
622.012
726.528
755.72
692.97
760.627
671.983
792.79
620.646
699.678
607.237
1005.33
892.375
691.477
797.204
685.907
674.274
553.657
660.758
665.189
653.919
647.303
731.749
801.449
657.545
652.946
730.586
889.674
888.507
885.804
728.975
734.609
768.073
668.749
850.973
809.872
798.726
936.339
712.423
764.235
739.392
763.392
736.972
581.885
829.084
790.819
770.011
729.87
606.566
590.615
695.858
623.636
671.331
788.328
657.341
819.412
746.989
720.208
804.574
597.728
622.449
699.161
691.412
569.054
808.241
814.182
673.551
1037.55
642.948
580.988
779.641
780.817
682.76
642.453
810.914
998.909
819.964
740.14
751.155
777.9
799.994
644.697
732.287
746.335
602.951
818.134
679.61
756.038
782.869
634.959
598.129
521.286
763.526
672.648
755.496
694.457
643.283
729.612
721.713
588.872
667.793
703.283
708.692
687.296
788.136
695.142
837.763
658.117
991.486
909.949
696.066
767.85
785.958
927.208
817.604
679.884
728.128
689.56
628.411
759.597
683.158
754.117
748.059
777.806
669.031
663.818
671.661
782.907
576.837
609.794
781.126
788.518
674.76
835.591
711.009
927.064
691.183
584.167
704.202
720.082
667.807
723.039
708.447
787.856
782.261
721.709
710.121
631.438
781.68
652.341
722.25
586.535
827.073
837.051
637.024
704.145
796.974
640.335
634.709
725.245
783.886
850.049
609.556
834.401
831.789
746.387
728.31
712.286
854.523
827.068
731.24
684.855
652.64
665.569
681.854
573.253
753.875
758.004
747.363
718.399
849.757
580.853
855.395
703.797
710.707
773.382
796.412
880.054
700.056
661.837
788.081
782.222
862.43
646.489
803.008
746.167
761.238
835.988
737.816
859.67
697.254
667.869
667.851
846.324
725.714
775.666
604.213
738.296
818.743
709.021
767.31
811.623
916.068
595.524
798.646
901.373
674.539
764.581
806.647
819.213
560.943
800.281
787.689
743.287
738.842
733.884
788.275
715.865
641.875
683.879
739.805
854.636
727.537
676.666
884.273
872.083
901.916
670.897
684.82
727.843
839.936
700.005
769.587
611.759
807.753
831.11
771.522
802.251
856.718
861.272
772.465
635.197
702.834
714.526
674.558
758.651
660.431
642.695
715.8
677.831
686.246
771.501
742.747
868.747
780.957
725.037
617.99
836.362
677.692
810.835
783.138
998.704
640.661
804.042
808.026
641.318
709.069
768.054
730.693
671.614
740.103
648.119
719.004
624.928
642.601
571.028
741.036
760.615
736.626
736.495
645.585
681.289
710.473
598.091
730.403
691.162
649.723
639.6
908.715
899.114
909.132
689.766
828.252
643.552
684.401
603.382
682.552
544.674
878.461
744.252
857.166
643.451
658.2
749.936
760.497
599.042
753.788
698.596
838.218
679.397
720.512
797.781
595.979
552.98
628.096
822.239
862.642
741.473
717.11
806.119
817.342
705.757
647.675
927.003
736.498
672.525
777.072
752.409
713.436
686.935
691.268
705.877
647.914
634.279
958.04
695.156
684.83
831.408
813.125
685.384
583.317
750.601
706.805
599.642
781.296
745.288
670.807
720.876
623.584
740.43
845.705
784.076
753.334
776.632
562.982
814.594
783.898
732.539
683.664
753.784
715.215
700.412
752.167
627.827
1067.21
666.189
641.483
783.383
820.107
719.997
729.726
581.68
629.022
639.207
589.26
709.767
665.781
760.573
663.142
660.73
699.952
898.92
809.079
770.823
707.377
705.469
701.955
774.11
776.486
672.45
822.83
719.83
689.762
813.38
652.808
661.498
698.989
662.942
801.309
627.398
883.469
654.561
926.247
700.349
680.135
729.372
794.049
798.615
804.171
631.777
680.57
698.454
639.564
568.601
759.113
734.576
733.439
640.628
923.11
753.171
731.257
686.241
793.409
679.376
599.583
727.185
674.106
676.826
603.262
764.568
740.446
665.401
673.113
732.977
697.717
743.27
647.698
729.988
732.149
679.41
722.377
655.008
750.458
853.667
677.631
805.609
722.568
605.976
805.009
635.191
825.799
943.925
777.584
783.393
734.869
639.792
780.103
820.504
595.542
713.021
844.148
713.449
632.043
587.36
784.438
650.874
839.848
707.94
797.843
751.352
770.045
788.567
781.916
929.379
840.358
747.512
722.585
757.399
726.879
685.346
737.199
716.724
775.552
752.322
762.648
792.932
644.193
834.926
806.682
718.069
615.055
632.859
661.333
648.149
778.229
710.284
724.468
852.612
704.839
759.716
789.915
706.713
744.11
689.412
678.233
519.929
708.175
833.238
651.616
792.582
882.61
623.417
708.878
720.198
747.16
701.859
744.327
701.438
691.511
720.864
667.352
754.865
819.056
721.111
777.518
742.624
736.278
679.903
698.594
717.331
825.56
733.967
609.403
883.104
630.211
948.068
842.259
747.518
762.735
698
587.132
942.948
693.838
587.935
557.394
782.523
646.008
706.805
695.089
733.829
773.46
751.524
927.696
846.431
608.117
649.749
776.49
756.464
663.961
783.908
734.874
814.925
852.549
710.998
869.993
799.658
555.967
688.209
755.433
747.244
828.463
692.704
1007.02
801.363
655.687
689.467
699.117
793.405
733.401
651.091
765.067
751.039
844.799
979.272
775.17
791.838
795.176
736.26
795.406
691.514
757.767
682.39
648.532
721.096
923.341
762.792
671.268
645.111
613.261
711.847
825.459
778.189
783.329
534.333
771.289
704.829
739.718
990.925
650.02
714.97
767.855
564.532
752.314
711.692
667.283
782.407
521.167
760.719
731.94
734.868
680.499
768.489
782.279
816.373
686.722
674.087
731.156
584.38
869.922
682.541
565.216
830.404
764.274
740.496
864.584
772.618
722.897
624.957
697.816
975.651
746.083
588.502
922.452
491.691
823.242
794.953
707.051
860.154
998.338
908.392
708.323
642.759
760.076
705.421
819.227
766.269
675.743
996.112
788.476
647.878
678.584
741.259
699.312
753.178
924.092
846.788
873.327
744.109
592.898
829.27
700.912
695.49
733.085
824.478
765.281
787.334
709.849
672.716
614.378
661.557
711.641
668.163
828.038
618.01
600.496
704.061
697.72
820.198
606.979
725.856
782.113
865.765
543.92
635.383
691.884
686.382
834.651
777.093
607.115
776.785
688.834
624.277
715.135
745.279
602.665
669.301
744.177
750.594
776.265
793.545
861.08
781.018
610.822
677.067
766.65
906.483
711.291
754.084
776.061
606.38
721.137
654.89
761.979
795.951
771.628
714.324
1007.25
580.145
695.15
772.018
893.906
663.035
647.201
714.918
651.426
886.81
685.334
690.801
844.535
795.727
770.088
789.073
726.351
671.11
782.43
804.086
631.667
686.127
610.235
577.489
742.28
697.192
767.634
717.277
631.954
598.491
829.729
786.521
760.663
741.746
785.153
748.499
639.983
759.353
737.459
592.428
754.476
766.656
623.667
632.133
742.231
703.431
733.947
667.355
773.134
661.261
637.837
633.601
793.078
617.239
646.557
804.595
620.855
840.156
737.884
643.559
555.606
820.936
732.893
660.844
660.121
738.843
658.148
800.72
812.79
879.856
696.969
697.26
731.961
669.993
634.505
663.483
642.217
838.258
699.195
871.953
661.005
748.466
731.278
691.07
821.33
640.39
793.67
668.251
708.823
628.299
703.524
701.238
860.141
876.226
816.234
924.319
709.607
772.963
699.104
729.29
714.969
721.377
634.203
704.313
824.74
708.847
859.287
843.779
750.205
771.936
675.179
588.255
768.267
635.735
881.542
811.393
714.629
671.456
805.963
832.586
881.463
692.973
979.261
707.149
590.753
775.515
835.679
686.879
709.369
729.201
703.95
759.247
702.342
799.973
633.941
819.274
637.835
831.773
686.741
742.138
805.194
679.571
954.559
815.69
811.689
726.547
609.621
901.488
599.912
886.797
760.001
945.095
709.16
843.245
688.865
815.398
700.319
662.477
699.544
713.639
777.335
599.361
907.465
999.626
865.804
676.827
576.281
680.462
849.324
709.612
760.438
743.508
696.141
729.798
737.458
678.469
658.598
661.471
739.902
772.1
809.761
782.213
753.401
608.02
830.809
774.656
711.401
740.552
698.217
721.493
662.322
796.307
497.94
559.1
702.096
729.183
746.896
615.893
672.598
796.551
695.734
667.315
691.941
811.195
601.723
689.126
719.112
712.776
707.907
641.842
593.518
757.413
804.434
742.794
719.827
841.284
662.73
763.193
674.016
889.007
821.302
803.568
785.316
683.761
666.781
668.132
737.342
683.89
559.048
804.015
812.512
790.237
842.786
619.785
687.348
711.269
688.771
745.359
724.221
729.073
646.799
722.493
898.167
632.66
668.305
686.43
819.177
765.304
655.93
655.406
715.634
597.341
779.152
743.626
621.157
800.389
650.832
687.525
809.705
1020.26
677.135
794.869
703.777
600.452
848.505
737.259
739.162
644.126
914.272
559.063
657.189
682.053
838.88
786.781
643.428
796.729
856.793
591.725
729.641
895.451
728.979
845.175
767.476
771.296
812.425
693.817
720.774
776.803
707.806
753.627
756.265
739.722
835.716
737.528
759.485
694.073
838.388
691.016
599.622
729.13
820.865
752.33
571.508
756.415
722.239
594.217
649.947
603.759
518.57
696.048
640.564
750.695
631.623
677.437
734.253
606.293
782.448
579.641
792.665
784.216
773.779
691.396
638.682
683.233
755.55
718.354
602.353
730.791
753.095
700.688
703.003
657.187
689.952
752.016
630.888
723.469
785.632
751.068
714.754
689.24
790.35
693.782
711.115
689.605
688.822
663.29
700.969
864.863
787.382
684.687
718.524
800.543
662.421
848.702
718.837
729.196
745.297
664.968
688.166
861.499
741.884
684.055
871.669
782.677
761.851
589.222
959.797
736.333
672.711
677.083
717.239
619.277
661.951
810.085
626.305
717.517
786.446
625.166
635.521
699.956
676.861
653.925
693.181
761.728
766.705
744.597
633.821
733.47
926.587
743.442
759.251
663.621
759.323
715.596
656.377
685.4
716.726
680.374
645.289
681.923
759.452
586.521
816.278
675.236
593.394
727.932
678.203
568.814
655.896
631.997
730.381
724.932
709.318
707.425
711.049
816.568
672.306
739.302
690.238
601.753
663.299
731.069
800.152
874.752
758.495
917.593
790.322
788.983
763.423
709.297
709.56
746.261
661.843
666.394
824.798
815.915
637.898
856.594
861.483
651.492
780.162
773.326
737.242
658.625
701.586
888.554
678.137
831.266
819.543
722.902
899.189
693.511
820.03
769.496
683.265
759.949
763.792
734.43
665.051
700.969
627.255
674.549
617.35
835.555
771.693
778.886
885.041
814.434
823.275
693.677
710.861
858.914
655.257
610.19
730.281
613.628
752.607
681.947
779.319
829.834
743.301
631.889
810.785
737.467
749.343
776.606
796.741
655.05
918.193
779.621
831.052
729.306
764.86
695.433
614.621
690.806
742.647
836.917
627.186
611.13
789.74
694.085
713.625
858.347
736.901
590.22
617.284
734.732
728.309
696.745
675.966
871.407
823.929
695.723
799.737
804.91
610.829
818.514
727.313
693.314
762.158
711.999
860.903
646.02
685.238
654.823
648.203
787.727
735.685
756.804
904.24
696.493
696.997
788.921
726.227
557.278
705.849
808.812
703.593
904.544
690.26
614.617
562.289
735.747
615.529
657.013
651.885
661.531
652.322
722.018
849.198
714.002
722.776
719.173
705.704
765.324
765.977
782.817
770.637
644.737
825.046
643.119
745.813
691.991
717.986
783.89
735.04
713.919
777.754
679.619
733.101
889.283
705.317
655.068
607.946
847.477
789.455
879.772
701.709
687.708
769.411
582.795
626.243
796.975
711.193
630.463
746.958
785.173
697.713
657.485
825.881
679.84
720.326
734.636
691.584
610.378
781.421
649.168
826.951
679.447
889.919
624.449
831.493
844.863
884.114
765.709
599.839
850.201
797.66
745.187
616.914
744.798
633.797
646.346
847.696
800.097
935.25
719.781
744.098
739.828
751.817
624.494
798.671
770.195
727.644
829.541
876.737
728.991
632.375
828.847
886.907
704.6
658.956
687.949
560.149
660.187
737.143
792.381
925.709
834.145
690.232
559.004
638.949
642.972
689.709
770.758
756.899
712.272
654.756
848.436
771.28
686.841
800.083
799.078
637.745
728.011
858.233
684.82
634.235
739.851
633.801
642.056
635.033
616.281
811.079
643.619
619.329
703.496
686.758
598.465
694.158
761.934
594.305
736.778
792.453
644.982
522.497
681.449
756.633
730.688
728.528
771.89
862.026
779.363
914.884
821.372
916.637
708.427
840.589
798.018
683.606
657.83
654.652
766.848
785.109
729.915
647.309
753.718
790.467
580.443
695.348
776.199
688.435
764.48
674.489
640.858
794.469
649.686
853.95
664.618
822.849
871.192
743.133
858.876
828.248
827.704
757.017
769.618
657.46
745.833
817.003
847.538
683.519
674.235
718.407
753.617
814.802
628.968
675.01
671.657
728.239
754.922
582.646
661.74
635.682
762.706
595.231
737.872
792.786
794.118
836.645
680.902
679.141
731.755
748.28
805.568
781.337
700.127
690.109
825.288
742.872
725.865
611.041
880.313
690.511
603.02
706.02
765.21
733.718
816.629
754.224
742.04
705.66
882.438
837.942
629.993
837.614
650.292
681.421
726.248
934.804
704.736
669.342
812.962
850.107
582.272
769.543
664.58
848.638
699.291
709.597
741.732
665.332
783.661
716.499
780.329
527.894
776.604
690.948
821.767
704.656
876.29
737.135
797.009
716.911
1073.96
846.934
927.376
618.75
601.298
734.886
785.787
606.249
718.569
804.541
732.793
740.828
738.223
731.936
630.212
737.402
630.376
842.881
706.018
785.815
792.121
780.851
710.43
650.253
738.937
720.485
820.002
670.904
798.214
618.782
641.428
700.241
547.913
713.532
745.69
684.318
734.076
841.511
785.517
571.93
774.816
633.29
690.107
739.538
748.093
657.258
743.178
700.127
607.753
943.107
838.681
655.545
767.498
743.573
775.139
720.546
735.741
676.664
669.307
773.875
796.165
907.52
720.112
650.725
837.008
638.041
675.892
849.042
656.961
778.332
783.884
663.455
855.444
870.705
740.705
737.158
722.27
568.359
592.114
651.665
698.057
852.918
748.792
733.458
678.637
671.908
690.872
761.092
747.766
818.245
878.038
656.443
758.212
768.927
760.05
808.181
753.463
701.907
750.281
710.394
894.183
919.126
850.489
752.008
768.08
714.994
625.941
628.657
570.704
818.544
715.757
772.802
717.931
725.313
841.845
806.691
635.377
643.934
739.08
826.915
755.287
702.788
711.036
674.985
600.363
674.087
747.149
848.058
774.291
977.673
644.743
747.258
750.645
717.745
727.484
758.869
617.472
735.005
688.565
679.583
805.138
805.141
829.929
640.525
767.365
731.652
622.649
798.294
691.901
760.831
767.461
784.86
693.719
879.242
716.444
723.878
765.504
720.484
679.727
720.175
659.537
595.569
696.743
777.49
579.742
734.676
613.819
755.569
779.459
580.001
740.124
738.236
586.92
765.813
604.723
917.191
696.845
618.69
839.723
582.43
674.136
780.486
662.092
774.594
668.412
825.881
791.443
682.29
715.959
638.764
686.312
675.179
656.887
935.523
767.343
726.425
753.918
671.344
750.87
608.773
659.691
677.064
801.625
568.834
783.332
628.602
828.815
706.628
736.244
763.561
697.428
656.152
709.851
799.718
636.826
709.47
762.447
632.041
740.16
808.986
724.909
906.686
751.456
606.651
619.38
651.559
779.165
908.412
783.939
819.775
622.94
816.072
750.026
665.499
711.711
714.041
829.573
746.165
684.547
677.147
818.447
867.509
807.924
778.655
755.425
667.699
802.639
764.62
702.875
670.414
629.674
820.599
672.303
834.25
911.483
658.846
739.571
820.728
882.452
632.375
848.5
686.999
604.289
646.418
727.028
682.186
651.737
665.551
578.495
734.647
689.282
697.198
888.747
756.103
661.034
629.132
808.377
733.867
729.951
656.235
801.048
805.578
705.519
704.628
802.667
659.539
717.041
651.501
641.987
716.534
702.854
840.242
666.387
776.359
680.617
751.786
598.634
712.864
662.72
747.517
839.873
933.099
756.669
722.556
787.492
810.911
838.181
750.35
741.591
696.067
743.013
751.744
838.415
610.09
744.924
861.681
635.093
580.981
612.08
569.459
680.901
706.496
674.348
934.775
689.005
898.217
778.683
764.961
641.885
891.537
726.747
824.161
765.277
683.682
830.881
834.565
779.695
688.391
770.925
571.228
765.758
691.752
610.263
816.383
694.942
664.075
798.932
553.376
719.399
659.197
701.855
720.46
747.916
625.796
704.268
835.975
836.625
677.862
818.633
825.516
662.014
637.253
767.665
719.107
692.079
781.779
559.575
672.452
682.683
723.561
892.578
641.88
900.716
572.257
666.183
675.82
737.211
703.269
726.175
690.696
735.113
598.436
706.988
892.628
723.896
574.273
707.464
735.995
802.407
725.733
696.012
792.431
606.233
813.935
617.846
822.192
682.716
582.713
668.711
834.993
595.475
894.08
733.202
723.865
634.17
757.262
806.529
723.697
624.861
752.829
582.807
888.527
713.982
783.323
767.334
634.355
790.129
870.398
774.873
664.786
742.862
738.993
673.753
752.156
666.495
767.755
816.028
741.603
705.726
695.596
745.669
757.979
688.531
711.313
761.68
583.155
653.538
877.973
561.419
776.893
767.579
763.858
697.767
606.315
685.67
737.668
826.063
684.88
751.541
705.127
736.074
739.7
670.753
807.402
651.658
809.33
609.93
585.258
651.298
849.783
795.325
877.139
748.649
772.126
822.09
840.286
856.186
677.248
710.294
787.769
778.65
749.124
899.968
715.357
794.02
612.077
722.204
799.68
778.832
665.78
680.547
613.569
713.591
811.617
659.273
742.949
730.22
732.462
766.089
736.255
679.074
855.736
750.386
831.438
721.382
761.036
769.887
901.719
622.435
840.269
604.245
685.417
655.743
724.006
717.733
768.197
741.518
779.006
802.451
789.414
721.767
665.229
689.631
1134.43
663.17
641.645
759.126
893.674
668.201
660.143
747.857
714.593
763.08
754.497
888.718
724.825
595.118
654.818
611.479
593.389
701.463
816.258
694.619
835.536
770.635
624.047
717.129
747.06
647.337
714.219
668.972
694.776
682.511
701.386
562.446
759.343
731.47
807.213
691.555
680.076
687.953
1118.69
735.417
840.648
729.992
819.902
618.238
762.815
847.873
866.483
686.114
635.6
511.891
834.405
719.855
731.356
764.601
741.888
641.443
826.658
717.269
887.392
694.427
775.645
683.001
754.898
771.079
810.769
743.107
634.316
678.027
711.496
653.838
653.472
744.536
743.236
815.465
860.716
805.901
767.439
757.381
807.681
726.456
762.014
671.753
693.675
614.057
757.355
704.293
854.627
733.6
784.548
683.417
685.921
833.427
764.385
824.096
839.67
729.087
1091.11
715.273
832.274
716.267
619.547
519.153
758.307
677.372
858.005
908.429
706.131
592.895
705.446
799.915
633.756
702.243
721.511
634.31
623.104
938.801
643.001
923.857
623.683
888.392
689.986
606.341
691.942
615.001
773.408
721.014
766.269
844.553
826.404
634.001
699.515
711.022
730.129
640.548
772.443
715.873
652.965
716.243
798.098
715.446
779.361
795.478
697.43
1023.02
647.757
682.206
569.709
850.853
660.203
751.73
746.496
648.243
732.124
772.785
737.071
746.694
716.251
708.964
917.039
669.719
724.654
688.97
698.571
807.141
668.132
636.613
617.757
734.456
641.716
630.367
736.77
709.975
773.03
805.041
832.775
712.557
558.523
790.665
667.32
689.518
753.197
893.32
802.448
755.984
926.094
840.129
872.933
918.494
663.027
711.413
671.535
854.337
637.81
615.042
751.984
732.487
830.534
657.819
718.153
671.251
761.031
818.104
745.305
599.528
664.449
700.355
714.772
734.936
838.735
611.083
718.497
787.868
752.287
783.483
772.295
759.445
609.072
832.436
715.491
802.637
706.868
805.5
723.987
702.477
943.756
960.661
566.481
933.417
1048.11
916.905
784.791
873.203
778.92
659.912
755.562
845.578
1109.34
866.081
779.26
589.488
911.246
732.334
870.588
931.962
667.788
811.426
569.598
707.074
782.007
588.33
614.19
546.839
624.941
697.189
781.904
663.704
797.974
689.958
671.804
802.907
615.961
814.76
721.65
848.684
593.737
858.433
615.768
685.207
710.056
657.363
687.186
720.732
635.701
707.997
757.212
728.27
700.663
926.637
747.986
824.247
826.98
698.212
691.642
799.948
694.352
858.923
669.764
638.569
707.708
845.51
605.156
848.759
696.98
822.833
802.066
652.914
858.346
665.505
841.36
583.806
697.966
769.076
621.098
795.128
712.367
717.312
903.485
896.472
593.132
725.345
862.302
685.558
763.502
706.546
610.227
750.471
835.634
718.581
652.132
816.782
698.116
767.933
811.198
805.606
628.031
710.978
668.892
777.51
693.817
648.67
713.878
717.964
553.831
576.079
725.113
650.637
718.2
618.876
715.503
636.467
875.12
646.079
816.509
659.032
567.184
731.71
820.376
648.058
632.919
790.722
738.771
644.929
674.303
808.5
697.284
663.83
753.794
774.412
740.926
523.907
755.761
749.226
742.204
855.583
755.839
851.242
808.318
803.058
723.204
662.303
664.181
652.381
756.506
774.921
566.034
758.562
929.467
673.535
640.463
855.357
647.699
691.164
806.537
643.997
688.356
837.258
784.053
639.269
725.304
865.174
792.997
863.351
729.457
704.299
832.554
933.098
694.301
711.879
857.769
619.127
774.769
784.603
727.916
673.418
665.915
797.287
808.12
737.46
641.951
742.551
666.039
781.078
707.048
706.739
713.575
769.314
839.38
653.629
750.032
702.398
809.048
590.069
831.53
850.414
746.236
765.998
716.452
583.497
776.102
708.375
600.946
587.46
751.11
710.387
640.373
837.107
705.001
564.042
634.896
828.855
777.954
586.68
802.851
803.346
942.958
700.755
730.587
816.373
748.368
648.167
642.173
739.015
757.874
821.927
877.472
1003.92
729.029
656.406
630.427
850.795
749.45
754.066
689.601
659.377
698.604
804.797
630.809
616.743
792.993
682.685
918.449
615.011
681.358
755.206
785.324
665.632
559.143
674
737.496
840.305
860.851
776.534
638.557
720.037
627.915
568.507
769.183
670.805
737.324
642.244
598.247
690.755
673.404
628.431
733.229
732.575
808.542
692.549
746.199
717.329
776.298
582.199
780.787
917.447
826.127
658.25
730.4
761.016
856.82
906.898
644.005
815.161
679.807
782.728
629.1
687.583
615.028
849.197
571.708
732.432
801.826
689.903
715.631
800.198
744.973
875.545
755.655
690.19
636.742
672.226
738.57
724.528
735.433
754.085
645.621
668.837
620.94
710.851
706.793
663.048
624.678
670.296
652.547
721.983
822.795
801.428
775.995
757.629
760.949
908.619
737.168
602.645
663.901
668.403
696.633
708.456
694.367
797.02
790.272
718.185
807.1
655.046
614.928
876.126
722.486
644.058
863.973
755.689
846.531
691.768
725.304
523.197
771.974
815.221
695.042
777.148
710.673
698.48
787.283
795.644
781.118
742.867
720.979
608.309
634.574
727.494
756.492
784.971
717.391
831.804
747.077
734.355
738.825
730.061
740.778
664.786
768.238
721.94
803.358
550.454
746.827
599.736
719.372
651.983
600.083
759.902
752.374
640.353
741.518
536.445
709.226
743.077
849.107
745.237
666.93
748.976
681.946
762.977
846.753
917.041
782.131
817.133
705.223
921.097
749.255
550.57
810.063
647.616
694.129
794.398
746.263
697.104
720.943
675.35
685.994
707.31
730.999
703.283
763.982
680.279
683.972
671.723
680.197
704.79
589.086
721.022
631.955
787.223
815.838
715.701
860.701
742.897
730.214
764.274
647.114
724.409
642.241
798.688
877.172
720.811
647.51
751.681
757.116
731.277
725.737
775.717
804.518
725.139
915.15
968.081
867.88
560.624
680.213
740.67
847.593
807.973
708.175
657.966
753.688
741.944
720.539
692.733
771.04
857.485
897.566
790.33
936.824
916.296
803.983
743.578
724.114
639.526
791.073
779.677
673.132
851.204
747.47
686.074
825.391
719.066
887.643
849.763
734.728
716.775
663.78
708.023
693.927
667.386
630.209
857.527
763.046
829.884
641.982
663.743
759.023
706.707
694.321
738.618
797.473
734.898
755.646
811.955
766.56
601.452
807.778
630.309
680.571
754.813
690.016
865.39
700.065
772.638
770.781
854.648
750.521
909.567
731.945
616.35
882.9
600.879
575.399
653.176
709.442
673.326
808.139
691.977
770.987
862.157
772.71
807.048
817.045
656.45
668.228
625.74
708.587
828.766
616.751
624.575
885.924
690.106
728.729
643.675
701.301
769.635
750.289
651.467
756.557
731.843
794.819
687.355
733.205
675.517
806.475
796.903
742.24
674.68
724.668
730.476
648.095
634.067
618.735
777.16
741.875
668.316
608.163
739.451
878.317
642.585
707.054
656.168
640.162
665.282
696.556
758.234
584.262
808.696
562.951
607.382
693.305
638.647
772.634
758.957
537.634
672.131
676.617
721.397
768.8
663.286
855.518
713.793
855.756
654.327
615.564
742.989
640.472
691.405
794.368
777.429
739.024
745.657
717.376
566.925
685.526
717.599
698.173
777.489
795.757
893.003
749.838
702.912
676.613
801.54
610.397
695.212
666.288
699.575
698.606
571.098
882.41
640.085
771.345
881.824
774.737
569.953
782.739
954.044
647.143
702.452
750.58
741.815
632.261
834.587
670.99
792.016
659.504
763.346
658.856
698.397
670.098
699.736
606.01
705.851
705.569
811.567
773.08
544.594
731.635
665.052
620.342
573.458
742.652
696.372
679.204
911.064
679.514
799.447
605.631
651.345
672.463
799.685
602.292
740.454
756.816
756.106
725.533
717.698
794.829
613.262
831.379
778.157
843.764
666.606
845.01
719.107
871.137
733.938
659.637
884.845
717.105
692.641
658.476
654.916
636.681
675.824
745.621
769.275
736.244
655.947
642.725
673.804
863.958
609.781
947.679
750.956
731.499
706.559
816.81
820.146
769.657
761.554
904.456
731.377
633.507
713.916
595.769
726.006
697.983
877.287
621.319
614.066
753.624
749.858
659.803
608.449
601.205
826.521
667.826
753.216
794.389
772.528
699.435
763.29
581.477
813.602
793.158
594.448
726.632
875.486
701.45
788.804
679.408
758.584
717.949
804.598
685.68
635.681
787.128
664.354
606.829
670.012
854.162
733.887
881.346
684.05
701.195
863.89
648.249
674.452
737.069
732.759
602.539
813.176
748.552
676.009
791.095
608.202
612.355
773.879
757.891
732.276
800.125
685.231
678.438
699.953
643.395
556.066
746.986
684.705
580.156
735.604
825.833
763.342
788.679
781.454
633.775
672.315
930.366
743.093
635.801
610.475
593.496
552.381
940.495
775.595
580.662
728.929
709.61
773.822
559.073
560.415
647.269
592.257
788.619
860.873
746.185
739.814
778.58
690.441
700.176
712.463
681.584
810.201
705.164
751.528
790.188
769.81
656.13
633.768
637.026
596.532
740.275
787.129
808.765
737.807
1034.02
749.602
801.598
640.743
605.848
712.032
777.939
804.16
692.136
823.654
815.445
655.59
635.88
681.264
778.42
612.074
712.001
617.166
795.604
665.282
630.953
712.366
736.771
615.693
687.952
897.478
527.429
747.368
706.542
643.812
662.972
701.351
639.571
701.409
670.599
742.448
934.31
714.501
674.191
634.196
645.333
776.133
762.879
775.531
805.785
688.499
648.765
530.679
556.058
620.683
632.939
777.775
963.086
834.042
661.613
868.906
656.234
696.163
708.561
760.692
693.017
957.254
570.756
770.05
700.695
763.558
704.696
755.7
663.394
746.482
786.941
898.656
720.149
699.09
653.362
814.827
628.467
811.55
823.656
650.506
677.433
729.056
674.802
607.693
791.766
809.954
1025.51
689.144
721.908
603.558
771.681
646.22
767.144
678.533
720.304
690.649
778.016
616.693
696.317
627.63
702.447
797.936
691.831
675.905
765.786
774.275
745.337
741.716
716.414
672.145
674.563
735.014
806.029
853.272
696.251
811.9
671.656
878.515
736.762
877.567
766.424
804.585
764.183
720.086
760.303
830.467
647.946
702.284
739.155
674.426
712.168
734.136
839.482
661.778
872.266
846.748
677.43
830.034
704.223
665.901
696.536
895.541
659.965
761.572
641.02
801.988
843.268
735.855
732.348
696.38
659.025
660.967
765.56
799.095
680.714
718.206
776.036
710.252
649.043
695.633
650.881
686.548
631.252
910.123
757.829
574.045
798.534
771.693
791.749
598.501
961.201
739.304
597.803
833.051
651.547
742.668
854.175
611.809
684.914
903.152
815.604
696.145
761.182
809.859
692.577
592.952
736.149
651.419
632.504
807.728
846.996
622.778
657.55
827.497
623.124
760.676
646.722
800.921
711.262
642.117
695.543
728.695
810.019
633.712
514.355
696.048
791.63
657.377
660.026
848.704
638.577
696.879
955.647
668.204
676.291
647.788
716.55
700.816
789.615
704.346
746.482
817.321
786.44
708.393
811.13
742.764
776.541
631.788
767.866
788.174
721.516
815.238
814.549
749.591
747.093
741.039
682.652
700.183
549.556
887.393
886.159
939.165
659.212
937.017
617.921
942.461
843.923
782.924
797.58
876.573
832.029
668.474
773.318
800.137
712.624
814.595
714.358
762.876
677.162
703.415
763.574
860.349
732.036
727.2
680.929
658.678
598.978
682.105
696.697
645.152
698.426
804.886
698.389
809.035
800.002
741.316
775.209
725.965
839.04
777.139
649.588
800.806
630.053
622.419
690.301
745.351
616.52
602.764
879.456
713.998
634.957
686.042
675.047
814.192
718.271
704.786
723.9
670.77
806.088
827.197
578.437
653.252
647.283
712.969
752.078
685.138
703.611
660.847
776.036
734.9
583.584
626.192
837.646
712.456
707.136
743.659
747.298
803.878
863.036
830.839
686.709
764.213
635.162
717.314
828.814
1004.13
727.877
939.569
792.268
620.773
799.091
832.332
819.323
602.027
921.134
751.439
606.319
778.617
653.235
652.035
693.351
712.51
670.818
673.695
694.757
853.968
696.413
742.358
699.539
787.669
681.01
782.662
782.937
650.049
912.835
723.963
780.287
772.069
872.006
682.459
741.56
670.263
751.426
684.528
736.785
861.07
640.99
588.047
626.217
746.087
604.442
687.983
680.014
700.049
993.956
661.038
598.905
705.933
708.592
681.965
627.602
667.305
724.039
753.091
671.355
751.169
821.359
794.915
788.207
805.498
691.034
773.157
698.905
789.532
629.246
636.942
758.628
778.671
712.004
696.969
730.958
755.19
686.606
796.404
753.905
782.466
764.109
877.738
627.551
747.195
783.992
792.222
887.328
828.2
666.354
776.887
709.479
744.459
746.892
815.946
714.696
779.594
729.557
892.21
767.662
762.495
644.046
660.856
810.584
697.552
687.872
607.838
582.693
644.348
689.359
689.693
777.28
769.155
722.616
710.256
750.664
712.171
745.63
691.061
830.739
772.521
732.899
675.595
643.488
715.12
629.511
683.616
766.405
626.053
659.998
671.431
850.875
636.921
617.125
829.24
814.797
705.399
554.211
736.768
759.118
844.89
833.426
859.529
672.024
885.342
722.728
632.975
679.425
734.3
761.278
653.606
751.169
671.063
630.407
678.058
762.183
723.884
633.3
758.384
772.073
623.651
816.971
617.177
746.813
730.081
751.568
782.035
735.899
762.501
816.687
806.362
715.932
696.92
704.048
665.317
610.698
872.083
907.517
615.317
650.995
775.222
936.251
584.249
709.897
710.436
815.156
658.255
557.331
746.097
754.216
676.335
545.244
916.512
745.656
780.83
834.021
677.06
779.011
631.098
723.779
759.231
756.522
637.075
783.603
863.051
775.191
766.925
793.206
742.921
705.539
616.627
590.04
672.937
766.595
635.232
726.337
935.039
741.738
639.586
799.945
714.978
640.529
750.271
665.378
815.726
754.405
633.22
810.861
618.236
610.96
748.37
736.137
567.645
819.32
615.097
723.734
788.771
740.242
675.073
833.479
686.457
979.802
734.988
796.231
764.402
746.78
662.117
683.717
892.194
630.23
722.567
847.948
664.403
640.502
786.881
833.956
685.415
871.997
688.318
665.369
768.331
620.014
837.005
658.78
831.557
846.226
772.703
577.989
669.021
679.475
742.568
689.535
777.576
697.789
769.45
672.417
734.872
700.18
1022.59
606.592
685.342
738.174
736.59
696.634
645.453
904.381
650.473
690.257
717.483
668.618
688.825
666.309
631.725
667.14
695.836
981.422
671.704
666.051
718.454
851.71
698.523
696.362
713.69
687.714
640.29
762.953
747.829
737.246
828.111
654.056
696.669
704.171
750.119
976.874
924.171
855.577
723.662
639.801
655.151
707.17
718.731
788.171
686.922
754.518
664.399
693.189
721.736
722.163
587.01
568.123
619.61
661.777
661.502
806.381
691.611
867.664
818.717
706.866
784.548
655.317
684.662
680.139
707.75
661.571
699.85
685.7
856.304
669.891
762.544
806.211
706.164
680.71
691.18
706.934
763.674
714.745
808.092
615.817
721.419
768.509
644.58
781.274
696.054
631.623
845.106
959.181
671.778
717.19
744.468
601.061
970.383
861.46
752.038
832.591
675.741
940.665
799.401
691.955
811.664
854.363
748.062
651.975
889.832
765.066
791.097
837.396
655.585
575.439
597.376
803.729
805.846
598.54
733.83
806.378
746.463
748.817
895.072
759.786
660.563
731.959
808.725
684.887
757.088
657.333
732.74
735.696
618.837
720.182
754.384
724.398
794.799
748.801
886.698
741.812
658.478
656.119
926.669
644.368
848.839
898.346
618.387
882.505
763.494
622.534
738.358
767.617
604.43
671.066
722.056
741.667
714.425
660.717
725.816
805.344
691.795
673.548
747.446
692.549
740.246
767.476
767.739
556.788
725.538
826.83
739.942
999.8
677.193
701.158
761.742
716.263
813.412
746.521
621.219
888.634
788.986
723.686
605.036
793.887
646.739
596.162
741.374
641.462
603.917
616.692
827.54
704.306
788.261
819.67
621.136
778.863
574.818
668.929
655.526
812.548
823.987
634.114
711.206
661.019
742.701
651.012
835.413
770.164
851.827
697.285
648.771
678.964
651.927
709.598
776.611
832.828
698.596
836.944
714.768
563.031
731.628
787.94
803.268
743.504
823.12
737.322
778.173
733.457
784.353
820.824
810.86
674.717
677.623
659.537
632.912
621.451
606.535
756.881
815.922
567.136
815.166
675.581
703.525
777.065
631.573
684.381
628.966
823.231
660.093
793.116
665.026
990.287
729.753
706.597
666.076
709.018
750.373
864.956
673.842
606.29
642.821
628.799
824.372
861.112
755.032
741.835
646.392
629.338
765.422
706.628
667.115
824.06
777.021
764.573
802.119
748.605
616.993
728.229
673.41
816.416
921.024
724.841
802.167
673.013
576.339
706.765
749.489
772.665
822.317
702.243
604.646
734.427
798.357
726.152
654.448
702.564
721.265
748.164
679.348
659.66
861.813
639.611
688.034
746.909
602.832
633.3
690.267
789.622
851.47
770.028
746.37
660.276
660.073
788.703
885.661
867.459
721.836
639.709
731.774
672.987
783.464
858.432
865.146
606.913
617.61
721.862
727.886
684.327
638.099
878.37
768.202
766.763
674.634
810.972
833.742
686.61
748.032
704.117
728.563
686.224
826.698
753.706
606.854
645.433
717.329
730.369
666.748
816.404
639.459
817.652
913.262
773.116
971.499
632.71
881.777
580.386
862.274
894.081
829.168
877.258
748.278
773.617
715.828
799.686
828.058
697.51
835.222
666.908
767.294
768.49
830.689
778.738
919.312
718.304
811.754
755.713
896.025
591.65
596.104
681.918
639.745
783.775
661.551
676.747
868.271
784.989
737.767
756.214
645.911
679.766
648.987
727.362
638.48
916.864
756.883
598.75
734.103
720.848
648.167
809.656
792.431
675.434
645.62
661.223
668.613
689.986
803.376
820.449
667.363
698.215
939.415
989.515
645.608
727.846
759.558
778.701
1010.18
600.405
706.938
736.151
876.887
694.207
736.302
792.023
718.983
680.263
887.629
547.082
759.82
712.721
776.217
701.11
680.853
746.894
675.241
593.05
754.724
857.28
796.307
617.608
856.211
780.627
1017.79
655.798
641.002
586.142
630.842
751.507
645.904
728.166
658.458
659.674
765.394
622.581
606.208
759.686
537.322
702.754
627.689
744.766
790.513
709.265
626.222
791.797
863.097
867.232
667.084
730.493
674.722
678.552
624.006
714.043
751.883
890.581
683.786
595.15
587.028
653.599
603.495
870.6
622.065
740.816
793.833
620.439
671.785
790.439
596.258
668.051
830.295
734.979
748.391
710.815
647.871
719.288
701.521
836.145
774.685
741.579
816.937
585.572
626.26
653.878
748.586
887.93
583.767
716.636
672.848
727.165
899.145
693.524
729.678
842.636
487.747
778.743
790.617
799.761
825.058
751.279
598.566
779.813
678.342
671.383
657.488
671.268
743.511
663.634
756.714
783.989
751.58
811.716
670.974
681.388
676.676
726.005
820.118
853.167
809.395
822.179
856.163
805.481
747.087
696.467
726.837
772.932
742.096
770.145
658.644
638.978
629.961
661.203
861.872
638.842
511.351
849.148
719.587
727.033
738.766
598.803
748.748
842.662
629.891
777.966
579.142
739.558
712.338
584.262
768.269
867.64
739.103
713.742
636.124
760.455
797.869
645.732
628.603
700.75
597.751
565.33
635.01
938.208
887.697
642.064
722.541
652.555
593.678
681.725
567.652
751.175
677.412
625.48
635.263
673.057
691.431
707.817
831.394
657.009
828.933
657.879
714.677
657.292
935.86
720.531
714.675
690.378
846.048
709.365
792.983
848.646
707.572
658.956
1031.06
680.318
781.298
618.795
741.023
739.799
955.72
639.699
762.384
670.714
582.074
696.932
780.649
659.329
678.242
825.296
884.112
662.435
716.586
881.108
738.674
716.387
748
790.271
740.135
743.196
672.739
732.125
1014.71
615.89
767.355
816.888
593.331
893.323
896.001
612.446
709.746
832.72
694.6
732.72
659.459
736.524
589.806
647.482
733.581
689.804
785.874
653.819
730.193
733.064
647.902
695.662
610.309
758.118
765.501
767.66
606.432
714.613
697.174
631.183
845.4
701.523
819.919
750.423
797.914
733.014
863.288
727.002
750.71
736.625
772.094
605.429
729.822
627.463
686.251
737.912
759.729
730.96
727.739
651.649
780.904
664.602
646.548
662.618
721.219
791.367
693.599
680.919
732.526
844.979
718.704
734.218
768.343
678.162
709.149
742.29
653.128
671.646
580.008
815.876
765.505
751.172
741.023
699.156
714.191
775.539
678.342
645.843
689.719
706.083
734.524
893.249
748.335
752.497
752.791
766.083
619.678
783.421
686.814
754.167
768.123
770.925
687.031
738.9
799.66
615.537
570.801
734.751
674.341
679.861
601.815
755.751
778.478
636.758
743.068
697.758
816.469
729.747
753.996
821.649
792.254
750.636
577.425
719.48
677.643
672.94
704.421
750.844
624.455
707.031
610.609
808.289
692.312
744.005
646.784
843.398
889.246
738.766
736.641
694.078
873.202
805.891
595.944
695.89
665.674
774.329
779.885
915.016
718.94
825.282
863.057
770.853
793.741
641.715
877.948
794.286
715.085
739.987
904.227
713.554
646.248
666.679
593.981
612.915
614.201
706.727
677.299
848.367
828.831
712.151
788.006
816.754
806.988
819.492
975.612
736.056
598.892
650.764
858.155
687.01
678.598
722.746
676.775
749.691
769.29
830.356
633.206
857.246
629.74
813.139
708.22
636.501
919.924
553.951
615.331
630.78
809.806
534.693
760.248
671.324
684.731
970.414
809.6
892.063
597.648
691.59
612.892
583.921
703.789
762.645
673.401
666.46
680.634
682.858
658.262
762.045
868.296
735.442
689.096
779.406
758.677
614.907
779.34
771.538
900.9
751.574
816.735
912.589
720.62
786.997
800.162
695.164
931.251
802.482
856.977
773.626
680.957
822.901
671.92
594.114
534.681
725.552
707.49
835.16
624.348
632.051
778.99
765.838
754.444
836.939
644.253
747
593.058
631.518
906.961
686.605
752.592
816.116
749.745
814.276
781.032
682.96
689.958
843.327
709.735
650.635
815.114
759.536
880.183
663.61
579.082
633.861
781.919
732.151
804.735
606.459
791.898
953.299
717.231
760.168
624.072
763.364
792.992
642.408
715.287
719.553
717.839
773
767.739
843.348
600.037
697.574
885.153
710.767
840.415
920.372
699.149
712.353
797.831
809.49
643.077
729.176
592.911
752.24
875.538
666.618
692.191
687.312
824.761
702.287
609.453
609.117
656.315
565.176
951.285
795.197
715.15
647.745
835.355
567.442
730.377
885.671
656.233
688.11
654.181
729.445
910.604
659.794
725.697
562.042
753.639
642.146
639.107
707.469
727.426
629.712
755.939
728.803
708.062
699.978
855.026
767.677
829.602
899.108
699.774
687.897
927.808
712.037
625.13
741.932
781.218
719.169
657.707
779.912
857.345
671.612
820.665
688.651
823.7
683.176
557.316
698.04
642.296
866.495
767.428
624.49
711.219
799.277
659.181
755.305
574.483
673.455
707.854
604.28
648.93
773.493
730.743
818.314
891.591
873.66
749.24
683.795
742.601
826.16
671.434
754.887
628.349
729.879
663.805
846.622
565.865
773.501
751.168
680.303
679.059
699.076
683.302
703.771
891.241
756.26
705.29
800.6
759.44
593.964
777.787
611.477
790.566
684.981
674.689
693.209
649.334
631.017
730.778
741.404
781.821
653.171
616.308
629.429
704.308
806.176
761.924
664.202
709.554
793.748
656.201
808.11
701.837
748.289
695.966
630.294
855.564
599.074
649.602
618.061
676.106
754.846
680.547
737.332
647.338
772.278
766.527
679.909
757.111
662.835
659.384
927.489
962.927
614.989
635.897
807.07
733.327
823.579
776.437
801.837
832.274
652.731
676.381
670.978
802.238
922.39
705.714
675.57
792.978
821.498
803.994
851.951
650.669
779.282
817.119
825.192
732.496
676.026
726.57
714.434
681.274
678.087
856.083
820.163
794.274
848.766
693.996
570.177
894.062
898.074
747.095
632.354
757.746
705.958
830.999
722.183
702.342
643.499
704.612
666.811
634.3
797.031
783.701
669.148
814.808
653.61
778.296
690.413
787.112
681.082
682.068
773.608
665.693
785.668
716.246
760.505
819.672
765.323
645.378
800.378
717.744
796.925
723.645
750.588
796.22
732.901
798.381
863.387
921.075
676.043
709.818
769.068
663.196
881.273
820.63
876.292
677.056
574.364
800.812
703.303
735.27
800.547
736.493
633.7
741.449
621.113
669.658
734.666
603.602
655.795
628.033
793.715
531.094
711.706
865.635
752.357
811.295
653.669
899.333
806.895
668.77
554.512
843.968
730.223
804.501
691.559
830.275
807.885
735.125
648.864
681.175
702.281
699.86
824.928
758.094
756.497
756.068
726.124
724.296
656.129
804.043
569.519
840.721
642.046
683.685
712.885
658.74
770.422
653.485
689.417
765.189
659.035
779.673
681.584
626.117
597.421
724.18
798.292
727.595
835.73
637.898
776.461
736.836
866.718
692.383
866.108
730.86
856.4
717.044
657.699
923.86
797.905
747.908
761.349
699.226
732.925
799.113
739.587
720.578
719.011
826.409
592.155
725.011
677.585
726
757.591
755.321
643.977
831.31
675.908
916.902
623.645
781.677
763.44
641.27
665.13
622.274
605.148
685.322
708.823
795.32
706.862
785.658
595.138
789.036
869.465
618.395
777.167
717.361
849.02
797.687
623.474
698.985
607.744
801.424
779.679
676.69
639.251
611.535
713.877
811.941
700.837
643.424
650.44
732.619
832.344
780.041
804.3
736.944
717.345
676.304
667.92
794.822
709.39
860.263
1037.98
645.275
816.25
730.633
787.618
715.492
597.138
734.875
684.483
701.846
1031.16
812.373
679.951
703.01
755.576
695.207
609.788
536.064
652.929
667.543
786.42
606.837
688.45
586.662
708.458
581.039
822.726
658.152
627.244
596.591
628.843
778.637
834.311
841.663
784.755
649.651
698.906
967.607
631.723
580.525
723.085
674.206
722.155
793.636
679.73
703.695
677.072
673.419
617.815
796.163
848.049
610.171
728.746
711.645
785.326
648.304
681.658
698.924
718.502
829.72
693.129
736.448
673.777
610.284
837.422
766.197
616.463
727.431
816.533
750.309
711.18
878.079
814.005
827.976
830.377
751.35
768.664
669.152
621.613
879.894
833.478
658.301
749.083
704.939
707.265
743.592
680.419
541.27
766.977
754.885
721.783
674.015
672.478
718.972
676.433
710.058
790.379
783.118
662.197
734.165
748.417
481.29
779.728
728.773
621.417
575.77
779.965
835.629
768.502
843.295
722.871
703.13
931.775
710.84
828.288
704.519
636.314
737.321
575.417
748.517
775.83
749.778
727.558
615.713
624.299
676.956
751.642
723.095
726.556
714.964
858.316
714.657
736.87
734.31
723.25
922.483
774.499
728.397
645.759
807.227
864.744
648.077
627.273
692.844
770.856
769.746
746.215
730.381
788.74
811.374
717.668
691.954
647.428
824.002
817.9
750.071
711.896
702.227
736.34
1025.94
707.727
622.167
738.336
620.125
689.448
985.149
720.462
694.946
770.203
805.73
676.407
848.209
802.122
712.172
821.51
733.965
672.98
742.465
925.258
641.025
781.239
537.536
768.597
639.464
714.706
704.516
647.983
638.62
849.493
827.158
672.133
813.56
688.618
767.004
596.047
752.758
745.438
694.486
634.947
791.154
701.525
657.004
599.495
841.771
633.561
605.814
726.606
878.517
622.109
716.679
616.863
669.687
780.241
617.26
632.779
770.002
744.702
667.189
688.4
717.99
830.772
673.179
699.559
771.735
610.655
632.596
784.393
763.308
650.549
747.746
881.067
733.418
749.944
709.746
733.498
649.614
684.017
674.967
711.382
788.726
555.793
700.32
858.083
739.714
715.908
640.707
858.117
728.982
708.606
771.888
807.374
692.585
776.534
712.542
702.766
782.665
825.098
734.267
808.412
688.621
707.113
786.791
842.406
795.372
834.886
762.688
700.917
824.625
748.509
790.103
744.062
633.519
655.226
814.002
662.318
617.377
717.016
850.66
943.461
712.354
685.742
808.137
777.644
666.166
610.411
686.839
739.739
573.695
741.33
629.931
633.706
772.014
722.318
713.934
708.712
651.769
686.383
677.305
798.298
824.172
831.798
878.592
736.995
821.05
947.784
672.945
825.238
697.244
705.082
736.97
677.217
665.349
706.084
588.245
638.578
771.229
727.49
733.691
798.524
722.292
632.786
653.457
873.725
670.635
1004.49
600.916
891.476
950.131
781.603
674.781
710.554
721.498
668.504
647.325
912.932
632.649
733.88
617.414
670.841
639
789.751
699.802
664.989
653.914
634.274
707.958
751.688
648.641
670.058
777.476
692.157
737.787
681.406
800.185
752.702
768.797
618.94
702.297
747.35
661.058
734.948
758.718
712.746
647.507
681.372
701.718
848.043
786.264
881.378
702.307
815.894
819.827
883.449
771.497
788.748
662.73
737.367
830.023
904.426
812.31
859.782
739.821
654.708
813.996
681.2
717.258
653.474
701.813
712.613
625.388
901.693
717.146
707.2
774.274
657.984
726.945
717.324
580.9
625.166
659.966
939.974
590.435
667.483
738.015
791.499
749.668
779.136
682.767
773.036
593.54
644.61
795.443
686.644
772.762
775.88
650.258
788.138
621.764
959.339
661.73
681.268
640.133
891.58
761.865
647.731
660.744
684.288
821.02
699.359
681.763
740.35
590.834
675.535
690.065
678.783
742.368
658.947
586.448
835.709
740.309
873.356
673.373
900.453
702.357
904.378
761.822
819.456
682.74
782.12
881.003
597.374
785.321
757.204
857.362
661.302
782.697
739.763
653.773
742.915
740.499
747.224
570.63
856.797
616.98
573.753
683.478
728.213
684.734
589.059
644.424
752.711
677.656
825.459
701.436
621.227
823.638
589.945
616.758
670.186
709.111
583.608
656.051
686.173
914.265
622.768
837.14
811.603
764.503
671.764
788.024
797.45
775.429
683.902
712.898
837.538
691.993
635.753
695.775
707.216
733.597
747.356
586.003
684.26
803.02
772.157
915.516
866.611
664.086
652.561
814.395
716.326
560.612
715.223
714.123
655.453
772.827
727.467
709.382
683.767
701.748
680.138
642.988
826.088
857.632
797.103
718.21
790.081
905.881
816.918
669.251
796.259
597.398
829.119
862.717
725.412
763.054
640.023
771.075
670.046
791.311
983.239
839.398
835.154
739.503
680.427
715.847
887.066
755.286
717.8
650.453
685.805
624.071
884.782
598.653
989.775
735.159
728.159
711.038
660.188
732.502
712.602
701.22
688.857
870.757
510.384
710.813
843.987
554.761
565.352
817.179
780.733
589.226
792.025
680.737
923.188
700.053
841.6
625.577
745.242
689.116
698.142
698.501
607.852
574.016
606.255
766.222
730.955
629.734
722.966
690.701
883.238
612.717
754.889
651.43
765.34
664.97
678.478
713.679
645.075
576.244
641.507
624.367
690.94
780.104
822.692
720.246
700.91
648.055
728.78
507.944
707.86
674.506
644.123
587.077
687.203
724.778
776.096
591.437
737.361
823.777
613.847
758.959
616.087
764.038
648.543
858.592
540.864
726.164
625.734
615.754
794.044
860.598
926.337
594.64
715.567
740.212
657.471
805.933
661.421
709.045
681.018
753.699
777.831
747.229
649.604
727.101
773.925
745.386
712.927
805.463
592.204
745.794
654.693
659.526
777.851
514.155
639.8
573.754
767.252
700.122
776.082
764.898
859.422
630.181
852.762
681.814
710.811
562.249
755.51
824.26
678.317
736.934
763.638
685.924
722.446
666.389
872.216
779.622
927.063
737.617
884.47
820.184
757.212
721.241
561.089
742.128
885.011
689.039
788.432
785.096
494.709
708.585
736.425
781.682
760.722
729.221
763.565
739.487
660.704
793.949
536.609
669.64
588.415
705.517
1062.07
797.907
799.947
541.222
733.682
742.456
587.548
758.36
565.062
643.596
765.784
736.185
796.629
867.492
740.32
789.307
563.356
659.655
1029.44
715.754
821.626
741.653
683.748
561.455
689.193
691.321
834.166
627.247
1043.98
548.266
679.162
844.9
742.327
588.108
712.719
640.64
691.149
753.759
781.645
841.646
882.462
628.771
685.103
632.603
805.844
690.665
704.575
850.585
653.924
645.001
637.613
707.104
756.438
904.63
606.649
860.675
563.932
663.602
821.087
588.272
834.708
739.667
754.832
767.646
651.713
741.697
745.067
583.916
836.851
739.463
600.362
755.082
632.843
636.157
697.818
806.654
795.395
794.489
719.054
725.85
710.941
630.374
870.163
678.687
627.499
802.974
742.321
611.047
667.075
714.553
901.541
856.918
589.151
613.732
714.001
659.035
731.133
708.751
702.353
754.846
698.382
706.781
727.665
639.267
939.415
698.755
862.96
814.488
696.072
721.625
779.273
669.669
611.983
828.169
611.584
706.427
633.739
670.479
701.807
747.77
989.774
625.363
694.729
866.938
978.474
746.825
851.603
695.768
689.171
712.351
626.745
603.648
735.159
793.794
603.379
638.526
633.981
788.863
758.219
621.986
708.357
677.01
808.108
860.814
756.132
714.246
770.203
549.893
622.94
754.836
619.417
532.823
743.317
800.008
542.765
718.673
676.356
715.662
792.29
648.477
601.401
688.329
725.991
729.703
689.749
783.011
697.251
653.06
745.388
792.875
846.927
698.894
783.229
750.497
750.248
714.096
689.192
758.627
659.316
615.735
809.297
655.891
776.067
674.873
697.369
688.783
694.331
835.461
674.819
745.829
760.169
715.139
665.609
633.959
710.283
617.723
682.568
724.86
832.167
726.13
597.05
707.292
621.54
704.629
856.101
838.893
634.5
686.617
837.544
576.057
829.793
755.358
566.622
751
562.896
905.813
537.659
890.302
832.577
690.922
746.924
634.039
595.687
667.406
691.369
760.29
779.165
711.41
813.2
758.354
956.946
710.687
854.777
694.441
671.905
809.225
690.934
842.226
712.923
571.269
784.965
662.462
820.748
591.119
758.32
789.19
730.887
767.575
709.09
745.897
829.832
655.95
727.13
756.832
823.216
679.707
708.83
723.28
758.337
842.717
834.399
711.362
765.275
744.917
511.733
757.494
655.499
726.835
1059.36
646.391
640.094
832.149
761.847
636.451
689.81
766.821
719.565
662.765
803.447
680.741
657.224
659.563
728.577
620.749
675.3
727.095
805.715
622.889
744.831
768.87
657.341
683.785
856.594
708.717
639.282
665.952
693.195
680.939
634.525
905.162
852.538
690.541
830.972
699.781
646.477
786.953
617.235
779.146
799.735
785.528
721.022
741.093
750.33
717.143
850.837
613.452
903.982
776.422
652.406
634.996
670.022
638.415
705.162
695.831
624.577
716.572
805.578
557.727
853.416
864.268
699.371
675.783
752.05
636.316
807.371
874.537
619.31
738.35
826.754
774.654
573.976
822.644
719.707
613.719
680.344
695.518
851.023
782.017
782.877
714.57
875.736
716.046
728.246
594.625
612.602
606.865
608.812
727.272
823.795
586.94
729.321
808.596
637.627
863.571
838.402
823.598
777.335
723.386
685.973
783.797
540.14
732.363
668.43
639.376
665.155
783.892
703.497
695.461
811.274
843.799
783.528
784.668
795.996
612.558
630.282
565.482
744.205
720.953
671.277
764.789
778.638
722.594
554.661
681.502
665.587
769.542
815.491
651.232
730.042
714.605
749.019
971.038
778.665
718.597
779.18
968.804
940.629
754.923
824.612
770.741
679.953
620.406
809.61
740.487
715.184
677.071
626.403
672.024
956.874
611.397
693.759
657.038
806.158
774.685
946.511
638.359
719.782
792.316
710.013
783.142
772.118
543.794
662.31
739.725
824.804
735.701
818.852
745.909
855.441
753.041
772.643
847.704
692.331
765.58
702.192
778.481
712.65
988.971
666.365
711.025
651.124
705.119
804.465
604.932
704.297
784.313
602.77
927.927
673.127
780.596
717.964
719.064
721.132
674.215
646.402
827.89
833.157
750.53
837.371
733.799
796.806
630.652
846.024
684.197
823.142
642.584
625.638
739.522
643.388
828.791
609.343
743.719
785.009
749.603
626.411
842.553
542.701
772.868
726.992
721.607
625.165
850.917
715.733
1059.66
721.967
712.396
523.469
802.071
630.065
621.786
754.246
667.35
682.988
780.697
742.629
705.065
697.994
689.951
692.217
682.727
769.155
689.391
639.443
803.497
858.881
680.979
668.843
791.573
629.325
828.139
674.447
725.831
740.032
742.213
720.264
688.831
674.654
801.377
754.33
767.263
749.53
806.163
595.414
749.598
571.108
716.132
597.342
644.116
701.576
795.256
665.427
590.668
755.23
791.149
730.567
623.851
839.553
566.11
683.901
617.127
771.263
687.781
578.061
784.273
780.577
595.048
760.045
621.498
709.17
747.68
713.116
746.234
773.734
772.739
597.987
803.575
779.757
668.659
660.547
821.164
691.032
731.507
686.749
817.173
678.504
607.793
745.129
645.783
804.477
642.083
743.834
731.986
729.871
809.422
646.151
903.877
726.653
768.048
641.579
731.304
679.249
710.209
771.198
798.966
676.911
777.764
777.194
617.237
615.158
818.317
735.177
838.712
746.33
665.433
752.615
794.706
836.261
713.468
810.904
661.893
710.694
800.235
606.2
617.818
769.346
799.675
908.839
828.849
819.015
739.318
758.409
751.994
677.002
824.037
739.257
665.663
700.552
755.038
597.342
622.487
747.841
811.893
756.525
647.956
640.225
672.056
810.016
569.294
701.397
565.682
899.272
690.805
637.644
847.104
712.903
732.694
849.237
671.135
747.343
687.775
807.511
664.157
854.13
715.977
673.177
722.555
647.127
848.346
587.273
687.168
769.047
706.933
734.561
694.206
707.232
790.073
720.253
633.48
629.217
654.857
836.542
778.848
786.663
613.257
667.078
749.831
785.187
741.358
741.346
687.297
681.55
698.07
706.07
770.533
794.96
814.67
739.973
629.173
645.745
655.858
839.618
658.179
881.641
697.131
675.139
695.905
704.147
636.309
931.516
724.743
750.967
712.429
710.551
747.65
684.694
699.761
596.511
723.749
729.022
691.667
704.722
634.735
753.107
657.919
881.736
711.038
719.892
563.815
690.304
691.207
811.222
709.257
708.552
704.807
637.851
665.453
663.337
653.198
868.78
668.507
810.598
788.041
599.939
672.25
702.286
688.761
833.83
686.821
788.584
737.753
752.745
772.523
692.331
606.317
762.82
801.489
582.82
673.323
661.129
685.942
746.137
702.526
739.233
870.654
687.757
775.533
1032.84
681.849
609.414
749.354
660.089
755.775
668.633
701.374
695.659
615.71
658.208
783.486
702.296
745.832
796.139
628.508
808.285
1008.03
798.873
710.384
766.045
749.619
613.228
822.187
877.64
655.255
721.989
824.572
719.908
746.675
688.278
670.945
681.017
625.089
847.101
626.359
711.013
698.358
733.523
674.246
842.494
776.044
638.519
783.724
697.974
730.954
760.131
614.322
827.963
660.645
731.484
598.645
807.078
745.042
749.846
688.256
791.639
797.355
782.99
704.132
849.779
792.98
812.438
664.125
730.832
498.133
799.004
766.294
497.029
754.869
608.914
522.873
830.087
792.713
844.732
708.286
835.95
702.19
672.35
648.446
817.041
819.668
665.949
696.366
691.457
686.012
719.679
749.848
799.193
599.532
670.235
613.816
733.978
767.105
853.811
741.164
647.096
752.459
832.745
828.194
696.416
718.159
758.225
784.606
737.59
650.269
863.213
771.899
683.044
721.121
815.085
622.222
698.413
666.462
613.074
802.526
710.233
720.51
729.347
662.335
670.994
689.279
679.062
813.083
676.027
730.149
607.774
654.528
707.618
778.13
909.225
686.427
694.705
814.529
809.437
711.162
645.104
596.197
696.697
677.37
806.743
809.752
794.044
636.489
755.238
744.314
619.038
643.972
729.185
597.803
648.92
715.603
720.846
794.127
751.312
692.833
763.012
672.095
850.422
635.961
687.135
773.378
640.683
687.752
621.239
578.613
682.774
706.011
873.066
771.318
670.088
716.766
682.933
786.691
648.729
673.857
645.509
688.042
822.354
684.709
728.662
654.025
693.32
757.65
775.314
657.503
641.954
822.137
753.071
690.565
867.766
783.518
722.748
710.705
619.048
655.974
742.929
644.649
668.634
751.822
833.312
796.854
879.311
812.829
756.716
688.805
711.892
655.906
633.175
782.806
721.815
911.516
814.169
812.558
621.872
880.989
631.58
735.058
857.783
709.454
795.922
714.85
852.33
792.59
662.827
829.802
730.989
575.278
780.991
890.413
715.497
801.336
623.977
565.402
765.592
632.807
737.744
772.626
726.504
581.106
787.762
776.975
690.854
775.124
681.325
734.335
588.388
713.791
689.297
626.661
809.575
868.97
676.374
970.881
692.21
705.64
701.032
510.359
692.823
751.506
607.116
591.146
732.881
747.217
627.171
912.903
729.65
591.264
701.659
644.834
775.895
653.096
739.246
755.641
674.726
703.356
720.234
727.786
670.092
735.827
728.155
686.3
781.063
794.529
689.087
657.338
698.44
612.547
700.114
795.841
822.73
847.976
698.892
630.348
562.778
673.574
884.728
638.705
596.23
734.469
760.363
664.095
745.646
845.793
691.849
623.633
735.861
694.723
833.379
607.219
656.13
722.987
794.85
729.422
820.881
788.39
812.806
749.463
694.774
715.045
746.952
666.257
660.794
881.665
736.996
671.781
744.908
708.975
680.756
519.501
733.862
868.279
832.055
745.022
708.791
831.858
659.422
689.8
645.93
620.692
600.778
750.487
684.511
807.06
610.151
868.323
871.393
750.219
813.062
700.777
738.95
950.403
710.553
657.709
829.839
712.882
739.117
670.195
689.74
746.476
845.312
705.217
627.687
815.194
720.967
736.888
907.24
874.53
831.093
613.946
671.466
718.197
839.302
831.62
697.126
741.473
659.885
827.473
871.089
814.669
696.781
711.487
799.388
654.887
694.862
660.079
828.098
723.552
801.297
627.26
715.617
827.564
651.093
729.863
743.159
873.101
649.306
830.838
753.139
694.239
691.457
793.742
637.414
701.908
766.608
684.65
791.571
607.33
674.401
689.457
612.258
611.365
669.91
852.764
755.755
664.324
577.118
829.101
638.99
719.719
660.128
737.999
927.076
792.485
814.227
730.307
697.135
711.169
682.588
1007.24
735.625
610.617
729.028
793.231
853.166
749.626
510.677
643.969
716.733
834.846
759.518
725.457
852.562
886.942
869.944
605.854
784.327
775.881
641.896
617.678
762.365
637.113
689.995
733.324
651.037
739.633
691.845
798.819
688.381
780.799
596.359
686.992
628.867
887.839
701.602
768.543
683.429
841.691
738.526
788.373
1042.22
830.523
650.295
682.397
653.134
707.461
830.323
688.068
764.587
622.866
646.451
780.579
649.636
755.778
684.752
667.994
727.622
626.566
608.577
607.274
749.402
592.245
670.429
760.074
675.066
775.529
847.171
709.486
880.89
683.003
736.626
583.152
700.496
694.556
791.265
600.422
724.507
753.628
897.654
659.785
725.156
766.35
740.023
806.611
716.785
617.114
632.115
619.093
651.771
723.727
664.414
781.625
825.959
688.632
853.972
678.998
766.686
763.157
722.971
662.602
779.693
732.52
827.948
599.719
749.19
854.608
634.923
760.075
765.189
766.643
599.131
622.794
850.273
837.838
929.409
808.256
736.286
636.604
874.89
818.633
686.311
804.346
675.82
717.826
695.853
624.1
725.783
672.689
733.501
683.757
761.198
761.333
745.467
839.849
715.193
711.865
721.772
705.027
634.464
642.652
709.168
777.335
721.748
759.593
625.344
832.154
787.173
828.052
685.46
664.417
843.244
792.736
822.636
713.673
761.609
732.458
615.292
628.928
744.337
809.271
891.787
607.829
576.161
872.295
709.723
647.669
714.942
793.094
679.833
814.51
664.39
683.419
700.42
841.326
764.394
514.863
652.693
769.149
630.785
693.948
700.382
748.38
601.512
647.34
615.852
641.738
733.837
582.665
690.305
605.857
603.707
983.591
722.957
654.757
691.171
710.378
674.276
664.048
672.03
847.676
758.369
615.589
751.696
647.084
727.631
871.333
658.156
666.987
702.824
846.185
799.792
834.809
780.338
651.666
761.403
715.49
616.723
653.021
941.426
620.53
550.966
809.029
717.408
662.181
744.746
743.472
707.49
632.876
654.087
523.958
713.185
671.242
691.583
810.255
690.753
750.707
999.795
667.912
770.725
796.309
721.953
662.076
697.196
844.152
835.385
770.48
857.905
687.847
626.968
695.64
855.243
655.076
912.947
606.56
903.189
778.423
722.76
921.73
691.779
677.068
738.525
688.657
723.448
528.413
811.058
765.127
745.223
974.956
809.974
891.022
1003.03
641.754
707.183
723.857
709.866
620.477
676.064
728.957
749.903
749.653
811.243
798.683
825.759
615.999
753.767
637.83
677.665
704.454
788.281
774.213
688.507
724.127
803.373
636.464
716.646
740.931
874.064
656.495
766.911
764.374
774.362
732.906
716.152
669.743
691.444
883.96
577.729
701.605
811.722
738.47
706.07
602.89
870.398
736.05
694.683
594.683
728.846
686.248
731.241
604.476
642.063
830.054
1035.98
828.605
744.547
748.563
739.334
766.163
876.501
676.466
878.93
809.338
794.948
777.312
589.286
714.782
693.616
804.815
701.153
789.313
963.189
782.403
813.462
692.236
724.219
680.646
636.188
738.666
620.898
718.834
859.999
705.423
692.001
609.561
714.69
839.486
671.279
849.508
951.042
644.546
725.221
799.844
817.445
624.815
763.404
561.292
718.261
561.203
725.609
722.579
718.304
814.889
926.261
724.328
647.211
758.528
744.187
731.51
701.719
766.649
621.904
733.822
748.015
933.172
686.248
674.37
850.761
575.716
805.275
802.95
684.667
785.397
722.986
699.445
615.5
628.614
617.07
691.206
656.057
698.762
818.126
743.993
682.872
770.76
760.649
628.56
704.676
849.358
633.596
676.95
647.579
579.688
730.772
920.907
682.527
669.892
610.082
883.793
773.576
625.298
669.586
686.918
727.402
777.673
685.852
700.026
747.776
700.745
727.969
772.467
755.917
675.654
751.344
907.031
740.657
674.896
683.956
672.804
757.177
702.297
630.194
789.079
735.403
905.283
733.963
737.701
753.716
784.35
879.429
811.237
797.467
665.29
654.102
765.794
617.727
692.804
728.631
749.154
678.049
672.364
580.232
715.356
777.351
623.924
677.646
674.651
795.44
603.443
629.98
807.542
600.569
740.299
701.987
746.198
679.729
811.564
782.732
801.315
598.992
708.648
652.216
760.856
797.073
718.338
910.419
740.038
761.924
620.954
856.552
665.204
716.062
714.025
792.444
709.634
871.794
783.906
738.191
693.559
736.985
736.504
693.776
909.295
745.661
743.778
643.895
673.418
651.53
983.68
655.119
714.629
876.556
643.836
621.677
790.694
799.696
684.766
718.009
1012.41
659.852
709.554
744.969
548.934
848.214
526.095
761.988
685.7
764.622
833.057
543.045
715.915
707.285
674.681
747.584
677.995
642.953
755.778
725.936
616.919
772.557
696.813
724.848
779.136
643.775
630.319
633.778
614.234
650.545
802.726
688.582
770.855
717.65
791.634
669.298
573.203
694.681
850.196
792.747
656.379
832.618
822.37
771.501
665.85
559.8
776.264
754.313
719.671
774.605
753.536
733.145
883.928
637.308
680.437
651.958
869.268
717.156
810.073
687.1
714.445
841.154
781.203
755.17
630.567
726.163
833.715
620.212
728.483
717.826
719.948
766.438
733.27
688.304
665.365
725.466
816.805
629.676
628.838
643.761
579.039
831.089
602.864
713.358
697.979
711.996
908.484
774.357
714.909
608.693
700.323
735.326
660.424
748.894
847.949
563.56
719.992
773.388
556.103
721.505
703.26
602.97
678.114
764.24
658.334
715.691
723.569
681.514
641.24
716.141
754.281
754.202
819.682
686.328
777.526
684.343
682.276
886.855
682.539
673.197
623.54
689.291
742.954
652.444
696.635
652.322
760.413
714.464
803.413
622.181
714.876
770.968
824.407
955.937
662.873
698.808
726.623
690.89
907.289
840.548
792.276
787.553
709.231
709.613
725.72
785.749
702.889
902.924
760.671
704.09
639.576
690.495
809.962
680.137
771.993
783.004
908.312
571.317
731.298
732.541
775.815
761.015
780.777
638.291
814.297
662.591
779.816
754.739
791.29
682.867
738.554
757.989
619.134
587.321
695.986
752.19
557.525
830.73
798.259
669.421
783.298
953.882
727.285
742.386
734.422
692.875
748.925
876.253
648.424
760.535
680.832
784.778
811.108
723.272
608.814
563.302
758.88
878.294
679.882
878.948
726.09
764.78
806.508
816.976
798.925
672.649
569.373
673.927
746.054
686.616
758.051
589.726
719.903
677.554
776.814
831.213
875.434
795.186
854.842
568.405
699.342
679.89
661.37
629.479
630.941
687.223
699.984
622.335
767.306
838.555
719.423
902.989
747.497
923.241
631.902
662.489
734.578
625.115
1003.25
688.119
764.449
760.879
585.401
702.586
669.771
764.473
697.15
729.992
644.155
694.294
570.241
703.549
662.585
732.567
653.355
676.457
773.884
678.187
601.59
650.083
719.806
759.12
789.438
601.043
749.705
963.331
704.801
753.432
665.922
833.216
624.137
736.834
652.438
749.622
565.337
621.727
625.843
609.24
564.979
833.69
666.943
735.235
706.889
771.624
710.791
691.903
716.656
744.259
709.665
813.713
646.306
890.263
709.609
632.914
668.871
611.791
613.158
695.229
573.394
657.095
606.357
731.496
794.451
878.404
705.393
840.775
613.773
747.06
830.734
765.537
784.835
621.303
687.998
745.22
694.759
749.7
559.659
649.835
874.618
648.427
721.842
634.596
741.829
608.105
830.589
753.113
797.952
721.707
644.589
737.883
759.2
768.425
614.624
839.723
788.95
616.094
681.601
884.021
542.389
731.276
771.162
585.574
749.486
627.033
577.69
619.322
802.482
630.57
795.509
560.502
724.115
722.204
694.474
721.838
628.797
631.457
722.367
651.84
531.168
853.906
596.595
766.112
702.727
658.215
905.547
718.102
660.214
747.658
790.134
541.605
681.604
858.023
725.354
770.884
624.905
812.725
768.126
714.828
870.976
699.855
757.766
682.314
721.085
651.641
687.393
597.524
860.869
754.201
737.705
922.94
794.215
721.281
733.806
734.589
684.08
618.331
714.491
726.982
913.811
786.441
710.528
847.482
748.418
798.994
835.713
637.797
862.003
790.912
997.561
788.97
684.244
611.271
854.014
717.977
774.463
640.642
653.349
594.954
837.397
769.349
684.833
728.268
904.507
685.059
680.141
596.126
633.342
689.589
859.766
618.213
862.696
646.222
809.154
579.698
791.353
625.977
979.028
591.791
711.201
740.351
862.126
644.593
801.65
797.858
792.11
828.038
756.585
816.002
713.1
786.596
692.757
694.786
807.212
655.219
721.42
617.843
533.536
747.39
859.347
847.877
977.403
785.356
777.033
644.711
715.579
691.528
746.549
649.879
681.115
629.521
709.096
676.442
663.739
835.444
769.658
650.152
695.348
794.861
666.962
653.309
534.794
888.736
686.75
814.357
688.322
676.315
683.809
669.214
688.057
678.599
765.308
667.832
754.049
752.065
737.374
674.925
589.454
811.438
928.192
739.135
646.399
666.951
820.28
700.066
708.179
651.745
784.926
550.879
553.076
861.315
653.899
953.165
765.079
752.281
701.412
757.707
755.788
815.349
876.744
698.33
798.016
660.072
699.706
693.975
655.936
712.534
672.751
743.24
707.385
791.386
721.481
703.767
706.482
652.983
840.22
640.805
705.153
955.408
666.987
890.775
748.557
745.911
639.134
689.514
764.528
681.486
787.178
838.135
729.076
680.119
679.558
639.321
787.388
629.832
675.678
693.788
719.719
800.935
823.436
657.011
760.568
676.897
605.62
683.28
627.084
848.165
751.118
654.79
668.681
749.421
723.376
798.626
630.299
744.318
607.802
710.276
768.997
700.875
750.981
728.179
713.284
948.598
897.094
814.387
718.979
681.048
766.925
668.572
740.768
733.319
643.376
708.156
821.499
656.249
854.83
610.586
686.122
804.822
834.45
675.271
720.26
804.978
875.827
732.577
881.773
804.267
759.469
913.439
659.9
802.424
642.918
827.057
750.41
674.093
763.648
598.696
892.939
733.582
781.175
620.699
615.248
677.474
765.976
722.947
744.5
608.602
726.297
735.433
863.43
731.187
765.066
823.558
713.772
694.906
727.456
897.788
634.088
722.527
624.748
886.77
685.764
648.349
742.116
698.128
760.582
886.681
718.945
735.675
714.046
594.656
744.528
798.542
663.824
665.456
690.939
600.4
757.106
891.218
620.49
719.27
620.55
748.465
817.805
766.795
1005.7
822.166
599.73
735.451
813.485
745.314
783.595
718.265
619.811
762.524
765.138
598.91
740.771
814.547
692.386
691.507
627.154
795.84
786.434
701.202
777.083
688.172
783.498
744.384
784.964
680.512
761.683
704.197
632.65
789.696
731.823
735.731
989.204
633.467
963.75
600.15
730.461
582.24
692.585
758.598
788.78
736.382
744.64
841.835
678.318
650.654
803.38
635.76
707.571
700.661
632.38
783.901
728.687
678.772
671.877
641.578
643.972
687.947
716.625
727.915
660.608
675.945
791.79
756.183
843.629
697.009
666.084
717.829
704.021
800.933
757.721
680.643
631.863
653.194
930.391
639.073
669.966
786.338
558.157
621.623
501.513
624.17
625.55
764.282
673.124
813.01
532.232
679.681
604.535
832.295
741.945
998.725
838.142
697.945
738.146
775.601
847.98
750.532
626.121
711.347
724.285
851.818
677.082
708.694
762.208
808.043
636.679
659.801
710.967
680.888
660.505
754.008
809.392
781.456
649.315
671.698
713.461
945.535
811.705
691.337
678.893
681.607
570.857
794.851
754.946
591.405
670.216
695.46
912.011
561.271
826.911
949.559
622.136
702.654
755.479
649.089
879.984
790.583
815.745
826.252
771.287
794.442
722.522
690.549
696.779
858.853
626.744
645.136
853.115
565.743
703.305
585.656
709.441
725.529
571.806
771.448
741.802
673.337
966.661
587.651
636.425
751.578
782.438
1003.54
596.562
1009.09
689.314
562.367
770.749
688.621
631.581
767.666
643.094
775.519
635.972
653.124
879.313
694.796
681.376
676.069
652.449
681.432
524.754
693.006
678.358
691.346
726.626
714.239
796.826
813.433
667.024
680.582
735.49
682.441
590.638
721.747
599.843
794.27
762.975
709.104
645.76
613.554
580.803
799.936
740.843
609.283
753.57
839.111
687.641
685.045
688.545
663.82
674.605
811.126
758.817
760.492
837.354
783.663
818.057
900.836
866.396
903.056
736.352
728.895
553.347
725.61
819.183
734.227
651.767
724.732
662.748
607.196
700.267
637.244
917.828
680.046
767.204
698.606
708.542
818.258
687.379
653.065
730.751
739.929
738.661
838.836
627.37
600.13
600.273
698.844
635.642
657.927
627.419
685.638
671.295
807.08
828.167
734.897
687.072
797.766
754.038
863.328
713.197
637.006
850.441
675.642
643.131
611.004
721.253
610.268
753.742
634.84
691.303
741.385
704.514
788.692
661.845
738.533
693.542
570.427
686.518
714.417
604.236
692.933
786.747
784.809
881.296
641.124
747.09
810.711
652.993
735.941
699.215
681.92
839.816
827.228
649.822
595.014
701.416
704.77
741.656
798.336
715.287
712.748
661.489
783.161
640.667
770.57
751.818
745.263
796.324
1075.74
599.18
720.788
753.139
772.683
798.386
682.304
778.937
704.165
684.207
867.729
746.559
839.479
845.893
790.315
701.197
772.818
747.916
713.516
691.593
827.091
761.42
793.252
785.521
683.252
686.32
798.798
884.681
812.569
654.105
825.258
627.631
694.469
768.143
679.9
785.943
724.153
795.49
768.493
784.292
839.35
711.597
894.647
782.622
713.828
666.685
846.803
775.743
817.821
715.551
726.97
660.565
671.878
673.839
614.233
676.208
650.158
679.443
695.123
602.31
697.424
626.204
623.493
668.147
590.726
850.107
707.014
788.924
603.875
655.175
715.715
889.077
794.835
738.973
703.661
720.36
815.997
657.006
626.378
791.08
845.465
652.336
687.16
769.366
668.437
627.269
743.229
830.352
878.335
686.032
692.317
650.018
904.524
585.031
703.529
652.021
691.996
769.725
726.492
700.341
836.723
661.306
688.555
756.711
778.193
708.617
749.592
736.45
734.843
683.46
689.004
834.277
620.635
573.631
762.407
601.057
828.402
842.924
681.036
694.661
694.811
803.771
710.502
613.223
739.168
685.474
651.776
673.833
780.19
709.956
652.367
748.839
795.799
923.556
650.117
826.842
588.783
918.673
906.201
859.009
777.303
698.809
697.181
854.656
698.088
521.76
753.414
682.305
727.616
600.335
718.765
863.679
820.051
749.369
809.429
705.288
829.377
587.368
880.266
728.099
806.981
858.785
787.916
711.352
674.606
787.336
702.61
653.66
725.216
778.783
629.919
761.922
747.93
730.696
642.933
790.125
617.541
681.13
618.692
629.507
645.737
777.662
634.612
771.464
765.009
713.295
667.892
732.971
947.447
674.971
727.762
744.573
635.469
829.476
719.83
729.314
730.485
689.13
661.709
736.405
703.557
711.744
827.875
711.695
755.26
777.622
637.741
709.987
652.013
666.587
1029.72
674.396
766.039
793.32
992.963
868.377
827.099
732.946
793.797
667.344
732.287
933.345
865.613
689.65
746.402
679.043
830.163
799.258
821.963
743.256
701.682
581.224
717.873
774.556
740.842
743.23
852.977
603.984
890.709
720.286
740.544
675.576
766.518
736.634
792.922
622.671
903.186
649.321
799.635
698.966
649.268
775.368
773.41
578.048
806.321
803.749
772.139
733.067
700.355
873.829
567.956
732.078
822.228
699.854
803.818
637.465
818.503
608.009
654.094
804.149
563.177
778.825
732.759
749.619
682.111
664.102
671.068
768.981
872.152
683.137
792.786
831.663
717.628
642.579
708.338
734.634
641.285
659.208
713.963
632.918
708.243
621.28
766.348
708.694
679.063
820.39
678.041
835.8
849.678
661.065
702.072
779.252
750.028
763.246
659.238
641.209
739.734
742.452
647.046
678.891
572.457
583.859
573.266
704.256
663.5
888.745
730.746
604.817
678.816
830.599
687.292
742.411
717.111
623.958
731.14
633.487
707.766
763.909
633.758
574.154
835.845
606.217
767.387
687.409
607.86
783.188
780.621
777.185
668.733
651.705
753.308
696.734
928.72
696.249
774.097
736.424
752.027
661.706
875.464
593.84
667.272
593.231
724.914
660.957
629.31
638.853
819.445
671.792
838.387
777.482
765.427
653.165
786.4
646.359
931.752
628.338
629.475
704.517
679.367
683.728
674.307
676.699
618.464
886.074
767.171
702.361
781.06
676.835
538.648
617.294
626.733
746.765
635.359
570.781
653.775
805.426
707.899
761.097
758.003
637.458
693.694
708.91
702.843
716.139
728.722
727.619
484.726
831.491
798.076
633.74
826.09
695.943
676.137
702.012
803.901
650.651
793.353
590.833
569.049
779.809
708.515
721.844
718.17
1034.71
720.651
674.237
970.493
815.997
748.436
801.842
573.02
774.816
654.421
792.801
620.387
757.562
679.437
819.57
731.624
779.441
679.915
745.998
737.229
738.11
571.764
872.583
835.342
692.645
807.32
610.749
614.578
769.423
696.947
646.363
859.031
739.076
594.885
688.408
922.529
739.649
555.845
739.578
814.833
885.099
803.319
587.553
848.659
702.894
