1325.38
773.19
2291.79
1580.6
519.825
2134.56
573.273
863.528
621.849
862.229
1503.62
932.581
375.389
884.184
660.258
1138.95
693.087
1118.07
1423.82
1135.6
498.896
1399.34
1873.52
1892.62
682.982
242.347
984.238
603.323
530.608
905.157
506.535
474.435
1010.31
420.86
749.498
1753.78
472.717
1546.61
1453.07
874.355
1048.27
854.149
393.624
2832.05
1283
1171.71
794.066
378.149
866.009
820.03
4036.16
629
493.269
1110.06
2211.44
733.769
339.081
491.961
676.431
967.183
1012.33
3010.84
1768.06
1583.02
610.282
660.597
821.087
484.865
1932.16
13126.1
459.065
443.347
1256.17
608.241
641
572.523
1111.05
850.069
2555.24
663.547
3372.88
1141.08
858.086
3217.76
1133.27
2118.42
2435.13
1616.1
368.338
867.832
1730.96
1372.91
781.655
553.894
660.917
729.827
2978.23
825.272
3925.18
601.574
1054.64
2209.36
759.804
572.869
437.445
1100.63
626.344
713.176
533.578
1467.29
1416.37
725.224
282.789
409.24
546.881
623.303
279.689
777.485
954.156
969.414
827.503
685.412
1212.9
2246
1087.94
1020.17
659.678
548.753
1506.59
3277.61
1347.18
623.414
3129.7
753.49
1107.77
478.792
583.991
635.045
913.124
453.694
697.263
809.027
666.622
1125.95
677.951
448.55
752.731
2711.23
714.609
2535.78
2049.3
445.667
939.399
1853.04
1143.08
2929.92
555.339
460.387
4088.29
625.598
1969.6
422.37
630.523
1375.9
991.246
917.839
677.009
1006.81
841.08
942.001
699.91
5270.75
223.912
663.523
1935.06
680.268
540.935
811.239
1128.04
1051.86
1514.27
2498.63
1430.38
344.224
1121.2
1085.26
433.296
1193.54
538.943
585.906
303.255
1093.68
437.461
1319.45
1461.92
1085.76
2810.85
746.1
949.065
597.141
884.948
641.403
1664.46
1063.79
415.342
911.942
590.747
620.925
747.364
427.311
823.427
879.799
639.786
1413.6
2146.29
5333.47
685.706
249.749
735.176
778.445
4187.9
419.885
4129.13
2988.87
2342.91
895.477
1749.25
3833.44
699.714
1030.64
1353.8
679.823
899.897
1679.67
827.43
454.372
2842.63
941.354
1586.69
983.051
640.563
856.985
720.216
1204.81
559.575
871.254
719.501
809.219
707.704
884.455
628.601
1525.97
843.231
998.488
547.852
670.944
2475.39
477.013
1246.35
504.874
752.37
2545.71
734.052
3237.09
682.002
2030.12
442.88
5446.18
927.41
547.317
553.711
2156.77
567.272
348.792
905.077
1643.82
1270.43
2516.05
773.727
1565.67
409.199
847.05
1010.76
734.173
1580.83
707.264
639.265
1137.07
501.737
882.768
467.544
1154.28
889.76
2079.75
836.863
1091.09
415.097
830.192
374.684
1166.43
682.482
435.95
653.617
1004.22
503.627
1005.92
591.689
1469.14
1079.81
1223.9
1133.63
1102.16
2163.18
498.008
1312.28
1041.07
356.475
610.857
677.972
719.798
2046.17
876.505
5015.35
824.009
866.764
873.493
949.81
904.285
822.6
887.113
526.797
588.288
868.882
773.771
1581.84
1077.67
585.272
2029.4
814.325
466.677
797.24
455.748
424.871
1417.66
166.421
1216.77
3138.56
1288.33
1035.3
3302.25
627.868
761.949
736.82
469.873
664.225
903.379
1577.99
383.04
1232.12
1356.29
2416.21
1054.91
185.378
414.838
546.916
8766.09
495.908
1161.29
823.274
988.38
315.776
1129.66
405.457
445.67
1656.55
1025.71
718.661
1128.98
444.846
1407.84
690.036
280.804
898.569
2157.53
808.723
1857.39
586.161
967.116
1341.71
1137.46
472.729
598.984
695.219
1001.77
787.678
1019.27
570.458
330.623
1216.76
5205.52
583.222
490.681
413.606
615.202
5858.17
2769.47
2141.62
1102.85
756.165
640.066
228.325
3006.47
703.51
599.392
1791.91
744.976
2857.35
728.897
337.773
966.802
703.591
1581.51
3595.92
468.779
-23292.3
1893.49
922.942
1312.57
1188.84
2561.67
695.997
959.552
2456.06
668.147
1846.38
1747.52
607.098
519.08
613.721
556.982
859.606
643.909
3102.47
3642.31
400.268
810.213
641.267
1004.32
2033.45
543.193
396.801
791.607
1694.48
1517.97
1709.66
4272.1
404.472
1103.5
792.158
1743.15
430.868
996.629
762.44
838.698
733.249
559.657
1206.79
861.649
714.316
2116.27
1125.24
419.359
667.89
463.289
1782.48
711.397
590.999
796.717
955.158
1329.12
884.045
1222.17
4564.14
682.631
1346.41
1889.41
591.181
1286.77
445.826
310.453
835.696
1375.2
454.704
340.743
2977.27
1385.14
1760.61
2527.69
736.62
783.555
1134.9
810.215
462.958
1702.33
1069.2
1100.41
773.754
866.102
1718.95
1057.96
1411.16
3012.67
723.959
1673.46
1007.54
972.372
596.018
395.142
4813.06
418.731
1227.38
1487.15
676.174
2044.08
637.892
1101.05
380.876
769.654
639.724
1196.22
634.122
745.005
1699.28
1946.17
1003.08
377.423
654.801
1138.12
414.351
1602.27
360.293
1179.79
2651.71
350.502
787.522
3267.65
1197.59
1052.65
356.796
558.433
784.329
887.099
2618.64
1015.57
1467.69
923.126
1149.87
2484.67
556.405
603.489
792.819
529.842
1120.28
2161.31
1009.76
1535.12
459.167
2170.52
711.27
2953.81
1600
547.031
2929.73
666.823
1083.72
619.346
499.817
3262.18
605.13
1384.54
917.109
2386.52
506.625
444.673
861.057
894.564
424.343
732.482
1329.83
973.14
762.709
629.786
767.314
541.743
922.531
823.221
925.733
1041.4
834.505
923.103
1173.33
782.473
1296.95
1693.09
807.928
420.901
596.412
434.985
837.58
4912.53
343.884
741.102
682.731
4791.73
724.283
1777.76
1048.15
759.434
2236.89
833.563
596.431
1674.98
220.725
471.767
813.345
927.856
478.584
770.128
520.882
659.207
617.33
671.899
474.994
859.572
4169.2
11486.2
685.008
1473.48
2517.5
857.38
1228
416.527
1371.91
437.556
1129.38
1098.39
712.664
1362.79
486.953
3306.49
1555.3
1057.43
472.207
1601.23
1904.77
628.208
1154.48
907.759
1771.46
3581.84
634.344
677.446
702.306
592.649
2909.03
651.519
665.742
929.262
652.588
840.484
810.383
1452.9
613.898
1407.36
788.309
392.33
1083.13
317.486
719.409
1589.31
788.307
1794.35
1184.56
680.745
483.531
621.417
1284.36
614.9
738.15
701.548
524.113
338.191
1467.27
1091.88
527.539
1008.53
786.149
1354.97
913.613
473.274
668.505
761.766
544.38
634.372
1113.19
438.775
1499.36
778.339
1493.13
878.202
569.284
784.436
761.61
295.981
1611.39
3885.76
401.284
464.277
601.041
932.679
1363.17
1254.07
291.508
1381.43
1112.58
535.501
771.025
492.468
2102.62
621.869
1241.79
1192
1030.57
805.866
1424.45
845.027
660.255
697.934
995.212
1072.36
783.695
773.286
845.244
1286.62
2238.58
456.204
1306.08
564.692
1575.98
2544.28
631.335
495.276
1218.24
1309.94
2069.79
442.398
677.473
496.208
1492.24
665.839
1040.57
1208.22
494.599
786.99
1098.35
1792.84
1038.31
673.72
1466.08
690.07
479.411
1720.66
481.966
3393.82
1333.52
647.134
1659.34
413.401
2634.3
1489.39
1038.03
347.114
1003.83
676.504
975.722
3092.52
2055.71
997.643
355.958
732.695
263.694
1144.91
443.231
2583.02
991.648
413.041
1490.01
1523.87
1121.09
471.048
757.075
464.829
1222.63
742.909
644.585
872.24
506.055
354.718
2507.26
1759.32
6966.35
1100.71
785.115
848.527
1220.43
2258.26
2897.5
547.157
1391.24
799.806
1172.19
1035.97
974.574
383.504
805.584
13229.9
413.269
1983.86
536.308
1985.94
1538.22
1049.21
804.545
488.882
840.064
1424.54
247.334
2341.62
1778.26
461.149
560.098
738.621
421.608
578.099
526.955
413.446
768.298
835.378
364.363
533.14
1161.56
2155.87
455.141
1433.87
1216
554.553
864.347
1013.2
901.264
831.197
3106.77
752.347
437.452
507.53
846.396
1093.11
249.875
1311.47
856.755
1153.84
921.063
1985.13
919.267
537.166
1375.53
2350.17
625.871
646.056
1863.34
1267.07
1884.85
590.393
861.607
738.929
482.816
521.804
683.209
480.834
859.674
1164.4
421.97
25613.7
986.831
1116.28
1110.32
577.078
647.936
43104.9
600.403
753.225
1376.34
909.17
2680.2
1589.07
670.788
938.439
539.045
644.771
1440.7
842.039
701.743
3626.63
1003.48
703.065
414.693
1846.1
570.752
2079.12
2738.21
1342.31
3589.14
1293.08
711.272
1215.96
984.478
724.721
583.033
933.956
661.819
845.139
1597.06
501.038
531.177
742.939
4474.45
698.264
2507.85
741.608
1019.3
764.167
830.116
658.454
965.601
703.807
1432.67
5885.33
5777.85
1141.67
879.525
386.309
2041.94
397.676
767.139
5231.51
1024.83
833.448
463.323
865.166
-31178.4
624.387
402.418
1846.44
2125.48
634.823
1094.84
442.47
214.544
1269.58
1403.72
433.341
1527
344.889
1707.93
670.861
1331.69
2258.91
1833.53
1057.65
926.033
4793.78
915.042
891.634
1875.13
2643.99
1266.88
901.589
2214.47
791.488
717.503
1128.68
494.947
668.756
3185.82
639.082
691.11
659.575
500.454
676.35
470.819
6379.68
594.072
756.621
705.197
1224.82
1259.18
1386.2
1735.75
193.37
791.3
1381.08
345.485
590.032
649.927
412.883
1226.29
856.477
728.932
632.435
1013.29
422.378
12849.9
474.389
1474.35
556.53
8373.37
2678.86
962.052
1584.7
674.201
971.416
1021.61
534.933
1462.22
986.669
560.951
2153.98
825.927
437.866
605.309
605.586
548.72
2203.32
768.379
748.504
304.064
395.99
413.83
703.923
561.922
1813.59
412.933
345.847
295.299
626.67
540.65
13116.2
932.969
468.782
1283.74
584.6
1340.24
1852.01
853.791
355.673
1221.83
436.135
345.792
3033.97
1133.68
722.253
988.97
966.423
757.213
770.435
2159.53
1371.16
742.486
725.034
467.757
1330.16
403.741
722.164
809.904
637.619
1448.49
1789.97
1066.37
1029.16
1757.67
513.374
1445.94
782.312
543.554
1743.95
289.827
3702.44
3167.64
1020.78
564.604
2822.41
1695.95
370.469
535.229
982.862
1648.76
498.301
2190.85
1102.08
694.522
331.071
1468.73
526.769
1523.94
741.465
1436.22
766.25
694.463
1128.83
1534.55
372.681
2337.24
862.171
796.332
521.175
9578.8
1034.37
785.117
1616.93
410.375
1772
336.354
995.352
1007.62
788.98
572.135
644.108
1160.25
1088.22
1985.8
515.123
1056.76
1272.31
745.585
1143.62
547.879
1450
663.607
679.82
798.473
1759.55
1120.29
862.271
536.432
2885.33
844.666
790.042
3650.16
1040.82
574.643
1733.58
746.432
1255.72
1275.98
1575.16
588.254
1759.83
767.585
836.06
640.553
1083.65
494.049
564.911
943.747
692.197
992.045
4080.32
1217.75
896.759
1472.59
1518.07
601.855
839.1
799.547
2613.94
871.189
645.501
628.137
649.844
783.684
2192.01
495.345
914.947
798.858
1212.73
809.373
838.368
3635.55
1417.54
580.03
2002.53
1540.1
1450.06
1224.75
431.926
374.203
1271.79
268.992
1275.75
1653.12
778.971
868.507
1575.87
384.718
419.618
834.262
471.688
608.01
661.25
654.874
542.425
1495.93
503.783
4382.11
255.527
417.291
1210.22
551.809
1463.33
909.572
429.858
613.567
1371.66
546.204
433.905
682.492
782.466
1691.2
2937.97
664.492
224.363
786.762
1129.88
1799.59
597.479
422.296
2489.65
1841.16
2094.51
1320.67
508.943
629.613
3489.15
888.232
231.006
333.68
566.386
1378.68
1798.45
332.47
4848.83
1588.31
633.936
1535.1
738.527
387.682
735.651
796.473
371.482
588.494
678.76
370.968
611.132
540.271
442.041
691.023
653.84
2469.13
865.984
749.986
886.925
424.769
1088.56
846.652
863.49
822.12
910.635
979.796
1489.11
460.052
876.826
350.49
1484.6
710.621
988.292
2111.25
846.639
555.061
954.973
394.89
729.148
10671.2
790.31
789.829
502.765
1371.43
403.549
994.339
106702
1010.67
567.811
1166.88
423.577
856.184
351.823
999.24
867.787
1168.14
979.838
1210.89
1338.6
605.946
387.781
4981.16
463.26
1741.68
1521.32
377.145
878.051
1466.68
1834.3
1048.57
576.579
830.485
1650.43
510.862
809.03
2179.38
677.499
685.512
1650.73
1336.82
855.166
1517.28
546.118
607.39
451.807
476.912
675.294
761.958
988.844
949.736
832.881
775.374
2087.38
470.206
764.346
399.605
626.412
2381.91
414.348
1176.79
581.342
1795.1
1807.9
722.485
1508.01
438.227
784.965
1126.19
1941.32
813.762
626.244
1054.59
423.749
778.225
429.761
753.093
355.978
371.433
795.316
629.775
1398.35
970.044
852.028
549.025
1219.09
894.69
981.713
478.131
2489.76
760.495
464.472
901.028
739.669
1020.39
782.527
14007.5
2766.38
1169.09
1587.92
786.688
669.799
440.775
1547.56
864.633
480.281
495.196
1040.92
1429.87
1098.16
611.893
933.32
816.701
679.688
952.164
753.999
803.253
638.725
10825.9
511.273
1938.27
2946.39
354.428
871.21
1124.5
444.906
598.057
959.69
1142.05
547.732
215.656
370.418
502.722
755.587
1577.46
1216.32
1790.34
856.76
1798.19
3008.6
963.097
639.081
815.635
639.96
300.597
757.368
1308.76
1627.28
361.308
1846.8
1267.35
732.281
695.983
2524.88
989.199
2924.68
609.463
1317.84
1232.6
1279.87
522.005
529.821
1757.22
539.674
847.59
2162.64
577.672
1047.75
752.504
3668.83
745.746
717.084
1118.6
424.397
985.736
1243.35
615.13
734.516
993.229
801.135
651.697
910.965
899.844
712.096
564.31
1908.82
443.666
1173.47
747.803
869.6
953.728
5030.7
581.927
1314.78
1940.69
1619.18
631.964
1019.17
885.785
607.063
1947.93
1413.32
1185.82
748.546
498.116
856.356
1152.48
1077.81
1837.76
1645.64
406.966
492.916
1641.02
741.47
1208.03
395.048
1250.56
643.597
1395.48
1281.62
1516.27
491.89
337.893
825.72
1341.28
1222.33
1672
3743.89
415.256
356.587
1761.7
273.957
1734.23
532.771
1054.59
400.687
3841.85
1618.74
1164.89
835.846
480.566
458.866
846.594
3493.99
614.686
548.88
1630.27
421.83
929.903
553.942
1800.55
1152.31
363.581
628.388
1629.33
3153.72
523.392
1786.02
1232.48
1076.48
720.083
795.046
2562.38
238.883
1328.86
334.488
614.508
996.441
1254.31
1796.61
694.27
473.066
443.61
1134.02
858.637
892.808
287.045
848.203
3852.6
2722.67
422.853
553.168
495.385
646.522
975.113
606.962
505.262
952.869
631.119
973.176
564.176
879.667
896.365
791.678
5572.49
1234.97
661.994
718.995
789.156
443.177
4085.78
1434.66
808.999
1333.61
1002.66
450.038
549.238
482.311
536.301
864.803
587.779
1006.02
565.888
564.595
857.956
773.054
608.933
742.847
616.271
1805.93
1323.75
1708.22
426.119
872.833
580.8
3506.33
414.02
856.78
605.425
1676.21
261.424
1579.55
643.925
1451.26
1169.04
3100.11
847.874
588.512
458.101
898.146
717.528
752.5
782.885
4803.08
1048.05
4106.55
686.61
991.829
952.041
738.467
999.976
1352.61
765.101
1653.3
262.943
1209.28
1776.92
314.661
1545.18
1132.5
1607.94
901.308
2343.28
294.786
626.074
412.464
2804.7
1227.35
651.805
798.153
3746.72
1156.5
515.174
705.024
1306.51
1000.88
1194.14
549.325
949.943
3471.6
1188.26
1378.2
1484.66
627.718
994.134
1146.94
1791.92
621.832
599.355
1618.18
664.806
1056.21
1113.02
1985.66
933.783
527.578
899.368
972.25
688.188
1102.17
1005.07
818.894
619.376
659.984
390.552
582.927
579.812
1009.84
536.991
1047.57
1355.42
1062.42
12843.3
426.824
615.022
774.864
1683.72
2248.54
566.781
685.414
962.674
2339.61
502.253
501.664
1024.17
689.845
578.834
1254.53
597.787
493.974
366.868
1431.79
1977.79
691.45
1262.99
656.426
498.442
407.709
1380.33
1809.64
569.891
698.79
338.788
699.425
1980.73
591.59
684.219
1223.25
292.035
395.105
911.721
1032.81
1184.39
771.212
846.463
8297.7
791.963
354.417
1217.5
1052.49
497.601
1702.35
1593.93
714.298
638.808
635.137
1080.87
1638.27
1282.74
553.305
804.492
468.587
1117.41
578.365
954.99
441.955
606.36
1271.53
3195.59
569.671
633
1059.85
881.66
455.618
638.772
1052.73
2845
1040.18
706.688
1181.65
573.563
306.853
1044.79
625.051
587.465
341.507
456.332
966.545
1572.69
497.725
399.938
263.388
1070.57
1010.64
475.334
816.975
-184280
554.93
1025.7
638.293
661.283
3294.89
603.58
662.507
3466.05
542.234
611.504
738.44
1120.58
1824.04
374.632
2192.7
937.352
203.566
1329.1
454.848
960.574
1012.95
654.476
788.839
639.496
2090.11
1355.4
553.746
505.854
930.156
574.029
785.153
394.394
591.216
776.066
1547.36
503.41
588.171
1186.77
723.414
551.641
1095.23
1154.57
648.714
1179.48
570.359
4008.52
713.056
765.893
541.292
829.748
663.342
763.521
1108.6
1145.12
1416.03
1032.17
319.523
2029.12
838.44
1285.25
464.805
858.827
1637.12
1425.67
343.703
1283.14
1113.75
455.639
1369.2
1368.4
671.924
1504.15
1716.44
552.025
1457.56
852.631
471.085
1130.44
1245.05
897.461
718.286
2277.54
315.746
932.655
602.976
615.957
443.378
964.191
1123.97
823.889
414.945
362.594
400.58
930.395
1201.23
1265.47
779.517
744.781
2376.89
675.127
805.859
1275.96
1073.77
639.022
1400.84
1391.63
950.795
2344.6
316.268
850.21
1971.93
645.552
618.881
1027.26
366.247
490.991
1041.27
615.792
688.613
610.247
1033.26
540.628
1135.4
1794.67
818.101
700.26
3019.02
2684.39
958.535
1643.75
649.268
1547.67
1284.68
850.876
1577.81
1851
772.921
1546.07
44554.2
517.305
1521.98
876.909
1341.77
806.197
553.053
1004.54
1067.29
238.477
1065.19
861.463
296.161
470.626
469.95
815.028
3725.46
557.495
880.93
6813.42
1750.81
537.646
806.339
357.556
1239.61
581.266
610.023
360.025
915.491
679.324
766.548
515.13
1026.2
651.649
931.259
438.834
820.187
773.986
972.147
539.421
699.222
669.688
1331.79
709.27
1479.9
549.029
478.141
723.015
517.365
956.379
1046.59
533.276
2679.52
420.298
2580.54
860.622
638.147
866.904
814.286
668.445
1282
1021.45
470.702
1432.03
293.486
1601.93
1641.41
819.454
1919.05
1117.71
429.574
803.005
669.153
872.17
2041.52
736.135
895.571
1040.73
878.816
2792.63
490.612
1200.58
1133.55
766.859
815.71
2158.9
413.467
1220.12
842.436
1009.42
1403.7
621.354
669.01
1531.28
1546.84
847.467
1167.48
1204.95
1014.67
2406.25
912.388
720.575
295.814
875.948
310.438
755.224
2247.8
1205.57
620.292
549.388
845.523
563.181
437.335
439.521
347.743
673.249
571.457
536.642
703.254
784.777
865.945
761.032
2521.79
4113.68
833.028
670.827
680.414
595.724
337.93
913.506
483.411
496.705
600.84
636.977
2693.74
547.242
2511.22
1004.82
966.117
941.091
1253.42
969.697
605.802
1579.9
537.183
641.321
1232.84
649.094
1670.29
1286.92
1804.72
670.489
593.301
444.842
989.025
738.78
1235.52
1416.62
470.931
715.359
1223.72
532.329
548.732
862.334
685.749
2888.93
661.637
738.808
716.231
1707.21
650.258
413.421
1802.92
1760.13
1273.8
856.566
1777.51
345.834
858.509
414.21
417.908
689.248
668.484
798.704
2490.4
476.67
617.805
1191.84
490.013
508.44
1352.27
443.969
954.458
1042.08
1402.83
952.145
673.699
623.516
1239.59
1868.64
896.934
1018.24
2183.41
567.982
1238.75
383.848
346.631
615.316
789.492
434.067
2914.03
753.931
829.918
868.438
916.077
1299.58
604.121
1975.97
2057.48
568.66
798.03
16217
1329.73
1215.84
1037
746.943
436.211
1290.25
983.517
888.619
1038.34
1026.91
827.406
1075.51
951.626
1619.35
1188.08
1122.33
1280.68
1206.51
769.499
1324.01
796.395
3498.49
1838.99
1252.79
1996.69
1401.47
1829.83
3298.11
409.01
483.025
1048.61
1972.56
1086.77
460.042
1244.99
1003.92
303.887
1258.28
1039.27
1057.64
825.738
769.145
2927.56
7007.06
754.789
1272.34
1287.74
588.175
3016.2
929.438
664.621
900.735
602.944
522.005
774.501
682.253
655.547
1042.7
1370.97
766.109
47653.8
1735.4
814.025
672.089
1396.79
727.131
2557.16
642.819
903.939
1383.88
835.688
776.822
845.548
900.275
361.201
422.065
1033.34
466.307
542.393
757.931
588.226
1030.4
939.298
1059.66
681.472
1017.73
1645.72
435.504
1733.79
858.214
586.988
560.701
586.994
1240.72
547.708
356.433
1181.02
851.821
1660.49
743.398
1724.33
2049.74
697.096
1516.14
372.961
1596.59
441.677
1494.29
986.244
445.118
1309.85
736.679
746.404
1106.28
1049.07
3464.45
4024.97
851.217
1131.14
655.859
4914.3
1087.67
384.46
1280.3
429.367
956.943
1239.54
1571.9
589.366
907.749
607.609
395.676
869.799
531.736
1660.59
282.51
362.914
687.067
2179.48
1306.81
3890.67
740.011
549.277
1125.13
717.165
646.751
447.802
749.218
1677.76
1048.28
618.477
444.31
870.886
364.549
518.199
1789.14
556.65
924.742
1389.09
2113.12
383.544
1570.67
1840.02
1469.25
1216.92
1620.32
5689.76
365.399
456.714
1321.4
797.844
883.055
1031.23
1639.64
2708.37
3233.46
1084.45
1016.64
951.746
1592.59
832.666
672.129
960.757
816.544
630.768
648.197
522.606
773.672
455.292
852.743
387.584
311.32
1214.59
708.61
294.643
481.479
700.383
1265.26
1033.74
969.35
484.793
1466.96
849.309
874.285
901.761
604.329
935.981
728.068
1544.87
520.669
1870.84
1264.94
2471.99
2435.47
643.557
1100.27
668.323
628.151
2376.36
1407.05
921.455
516.413
1016.1
544.834
4700.94
474.89
854.267
4409.37
537.91
1552.82
1909.74
1778.33
555.302
780.21
302.06
700.083
629.464
3867.22
369.367
1741.13
2431.58
604.599
301.914
2103.59
1550.52
1723.3
1366.8
738.193
784.72
2003.09
1612.72
1034.83
1605.89
1666.35
1396.04
878.701
1052.63
536.793
560.201
702.454
1179.45
588.678
1869.28
1131.4
552.29
3035.71
2038.35
518.467
1000.21
1016.2
4229.21
1722.16
608.264
550.115
900.508
421.972
4176.31
420.943
874.323
12903.3
318.46
773.262
465.589
569.306
804.207
279.239
5889.37
503.33
1427.17
581.712
595.761
957.929
884.033
797.04
879.462
545.995
1347.72
715.618
1037.75
1935.45
1510.31
28593.9
2894.07
718.218
407.959
666.416
753.865
1110.49
415.533
358.058
687.264
1123.81
294.194
1455.04
427.935
746.839
1092.64
647.073
2572.22
761.682
587.661
1732.29
662.248
4043.08
1096.34
524.617
865.102
533.135
1353.26
1315.41
684.122
5027.01
782.717
734.534
1142.42
391.335
1517.27
298.101
1016.37
891.5
651.005
1658.93
1055.99
705.568
661.558
414.401
1002.97
489.023
1162.57
464.097
654.018
520.792
554.316
738.495
369.558
1210.82
1014.69
397.373
827.014
540.488
1702.07
6020.77
1602.92
1173.56
1284.3
1324.7
1297.97
1016.42
929.443
693.981
556.228
346.745
303.44
1246.32
507.987
480.832
476.783
426.912
627.783
830.656
2087.09
1472.27
1904.41
530.719
1292.43
485.97
965.42
709.835
455.649
942.258
772.986
1365.96
310.13
446.799
896.291
642.644
-10439.5
948.933
1273.49
2204.81
606.908
749.745
684.86
840.675
919.912
951.852
522.38
751.328
6445.35
567.873
857.975
618.955
730.092
549.872
693.938
581.408
2596.19
773.776
1147.43
1620
455.285
634.962
1052.45
458.944
703.574
790.303
579.298
573.636
939.276
428.6
943.727
574.385
986.123
593.448
992.838
972.282
460.554
843.113
463.661
976.659
475.466
1689.85
762.727
4001.04
689.374
841.135
467.552
1526.46
2003.04
4366.29
1182.71
541.212
1068.09
765.327
1268.71
977.718
789.917
361.794
543.521
1115.95
952.409
626.086
690.279
1049
2051.76
1634.1
1440.08
1063.33
5005.33
755.621
585.633
6054.58
2525.75
496.236
1282.08
1504.22
1932.96
803.036
1224.14
899.21
479.338
531.839
552.602
491.758
650.691
548.12
519.342
1051.63
806.238
428.221
594.405
755.994
546.427
1327.89
892.321
325.439
603.907
661.957
400.951
474.625
462.688
2052.6
679.121
810.681
2195.95
1601.2
637.246
1212.95
860.153
501.416
1693.67
971.59
1056.83
3187.75
1358.04
1337.21
1354.21
620.247
1032.99
1006.07
1160.91
537.009
575.923
28060.8
1473.18
457.506
464.923
1380.37
858.278
1012.53
1128.74
722.647
959.052
982.893
1192.52
894.184
531.242
411.042
532.199
2472.95
1212.1
787.065
1068.3
5210.95
403.401
150.656
373.922
3828.29
629.418
560.67
854.617
1600.81
997.75
425.286
491.788
624.157
896.27
1378.62
8551.63
1196.22
1112.39
3185.72
537.041
3249.78
692.986
4619.5
461.002
2356.88
1387.42
629.413
2635.77
806.545
1341.54
426.454
1235.09
500.053
805.263
1100.48
720.136
979.841
906.664
1106.42
360.191
690.745
809.537
885.584
4766.6
822.233
527.752
284.77
675.631
1350.72
4111.77
4465.42
1336.75
1049.92
2575.3
1130.31
723.065
726.864
236.337
2464.4
690.958
596.06
922.655
373.385
1091.63
2480.49
1639.51
432.189
989.945
908.356
1657.82
513.683
494.113
1015.74
689.394
1440
854.98
1059.14
1129.83
1345.23
8655.6
767.376
666.822
1396.83
430.23
410.017
703.804
563.348
696.05
2093.06
871.881
317.797
2110.77
1629.67
1521.75
726.725
520.654
1625.65
741.072
1006.45
710.974
680.995
1289.37
670.017
842.493
807.781
654.882
799.16
811.351
879.891
1195.99
440.232
852.58
768.324
897.168
1251.33
961.264
733.243
904.349
737.649
895.058
544.303
941.612
1053.62
522.35
1464.67
1738.72
637.463
613.115
435.823
616.05
681.328
501.961
17377
560.582
482.09
753.812
693.73
1700.92
823.59
538.002
629.917
725.145
1047.23
3357.02
799.594
816.684
406.84
683.242
727.678
668.773
347.54
1107.62
614.061
593.76
1242.27
3704.99
597.227
3379.2
1680.17
7439.96
1189.29
2005.62
615.81
1017.86
1913.82
579.236
1402.42
979.495
374.985
2347.49
775.626
633.492
529.028
837.624
650.024
598.881
728.312
625.9
933.425
1532.85
630.204
932.389
888.146
1050.88
13700.3
160.287
3659.88
1158.19
705.498
1227.96
4248.81
792.966
1005.79
1785.02
2193.85
407.606
1398.31
564.522
1040.22
817.924
919.77
1297.77
726.964
1499.98
-86095.5
1057.33
815.77
1817.91
511.443
998.716
591.697
1776.77
1300.48
631.6
794.434
1531.75
797.532
1267.04
612.518
828.349
690.258
634.143
601.188
1302.37
645.596
720.955
2180.38
375.8
661.348
1056.38
585.538
961.535
765.888
534.651
472.528
1385.57
1075.53
2618.22
1247.22
1257.55
973.505
483.478
966.521
619.884
409.953
545.549
2402.13
969.514
856.877
1131.06
791.674
1495.41
581.786
1350.93
1116.81
839.011
597.621
1712.02
367.049
826.126
1004.2
8154.54
958.485
615.362
588.506
1651.76
1128.98
980.154
1109.5
2639.54
956.563
1077.03
1316.76
1320.78
1499.15
673.268
982.165
2054.7
1057.03
987.743
1060.04
1002.83
1132.18
1623.82
809.802
662.525
677.65
445.683
1890.85
1232.92
1009.82
1131.04
351.138
2378.52
3519.71
1072.55
2508.78
1058.31
1948.28
822.399
483.048
904.824
836.815
491.793
1035.22
1684.31
676.027
574.659
1124.41
1884.2
2442.85
800.505
1987.37
1314.4
233.166
666.942
788.999
996.121
1638.91
1357.38
1530.03
683.162
498.498
678.689
3239.37
306.897
665.199
2351.88
320.777
291.821
1444.7
1080.34
564.148
2382.54
569.865
1667.09
735.512
540.484
859.386
522.096
858.496
691.776
1198.02
2319.65
1825.34
565.843
854.199
1053.45
740.914
2108.6
594.215
518.361
6270.17
374.606
719.243
461.56
1674.81
534.852
2162.26
482.977
778.478
1117.71
705.027
902.706
489.949
1203.12
1383.6
556.754
2258.74
1995.79
1215.34
385.077
2699.89
748.12
1325.28
1183.05
453.484
1439.5
854.606
536.916
569.525
1492.11
560.177
913.796
1150.92
746.04
1303.19
628.26
2264.16
2241.43
2389.51
866.887
1049.2
1139.73
1284.09
696.815
658.485
338.386
898.272
417.228
1599.78
928.046
573.3
1794.69
326.454
695.297
1479.65
1454.93
460.516
342.613
3292.67
1056.08
422.796
1399.94
662.657
1938.3
1357.92
330.391
462.38
598.535
1621.07
2373.57
791.712
702.838
754.49
538.803
611.405
936.25
3732.89
713.364
2040.53
3876.81
2287.96
612.653
447.402
501.425
580.726
2290.21
1278.49
1255.66
1168.08
483.159
549.512
948.971
1233.11
381.985
474.494
550.842
858.805
1477.02
1337.64
1475.26
744.457
651.556
444.97
1750.45
595.65
1411.27
775.42
855.449
379.261
845.288
740.78
424.009
728.143
1450.08
2000.23
713.669
1357.99
1327.68
736.752
570.606
978.231
4722.82
1403.87
595.977
597.039
358.39
758.801
940.526
1378.48
1137.53
1021.42
496.945
400.91
1814.56
755.803
489.312
422.609
672.682
1129.81
1999.51
441.058
1461.58
999.227
1227.7
844.474
1016.73
1078.19
776.389
626.292
1106.19
2805.74
567.835
362.057
541.55
437.039
700.707
973.851
595.034
440.328
712.859
407.291
1140.97
432.679
908.609
384.793
414.589
536.833
643.479
1478.05
1022.47
417.91
751.682
732.121
509.946
444.422
1208.11
1549.3
615.135
613.451
945.727
972.063
657.354
2599.22
645.85
782.504
774.246
1026.51
1971.29
837.399
792.69
574.763
406.421
1094.88
1275.16
3007.66
561.298
622.795
772.897
1213.26
900.872
336.749
1305.56
1949.03
785.235
421.33
2960.57
682.236
1000.65
977.385
531.714
624.23
791.12
1323.84
957.887
664.911
568.374
857.463
441.582
531.303
470.571
1292.56
366.764
340.123
1673.33
1910.65
367.378
731.593
1918.21
1959.49
1416.44
2187.76
2877.91
1490.81
1073.22
1011.66
1545.02
393.862
626.291
1442.87
406.469
942.905
819.711
1141.54
1309.98
2081.34
622.522
2337.17
624.646
1169.19
407.617
277.854
990.264
476.36
526.175
1352.64
971.407
1782.56
1004.33
703.329
211.655
1227.37
1279.99
776.563
3363.51
1380.49
1017.62
1434.76
799.323
921.509
464.728
447.579
1109.07
840.696
467.512
620.316
1329.07
910.203
1029.11
471.863
516.26
417.296
875.39
864.036
709.921
395.108
1194.5
399.822
4353.55
602.715
1341.94
688.923
1106.08
1190.4
2158.59
834.039
1002.54
1369.16
2144.41
631.422
1626.51
1396.96
654.636
763.162
1222.3
1127.86
1363.22
1201.32
662.201
591.175
1211.72
595.923
452.599
733.052
1022.35
1003.42
380.823
771.882
1263.57
332.156
351.408
483.954
695.268
800.077
1261.49
-24704.9
1502.79
795.745
742.268
805.341
1367.08
542.534
2566.15
624.855
725.265
902.803
2894.34
2220.18
1822.92
635.466
722.081
801.026
456.534
10946
1231.34
385.855
922.504
812.653
1659.75
1346.75
757.598
1650
628.4
1181.6
1009.18
1134.49
531.236
2598.55
1676.5
1057.79
721.219
1056.28
1722.59
799.616
521.446
1395.66
508.997
1556.23
1401.76
765.799
577.053
1367.98
690.845
645.368
2157.67
508.222
716.016
745.073
328.348
632.39
622.5
1821.3
3031.97
1057.33
3094.17
857.509
1077.47
896.021
1074.77
699.693
623.475
866.983
301.729
348.407
839.567
635.306
393.548
573.598
1978.57
1528.47
2020.19
907.469
1078.07
1115.93
1575.28
1645.02
526.797
1544.39
642.58
1266.85
644.939
908.539
993.05
485.4
938.563
1307.81
676.24
452.748
552.077
4045.46
547.303
362.902
1632.97
495.319
385.999
869.427
542.053
1158.88
674.778
861.512
492.03
1706.28
643.304
944.687
1421.1
660.185
345.586
529.638
599.176
882.699
1265.34
396.202
685.626
1634.47
383.511
451.022
3715.1
824.2
342.877
856.505
7058.53
637.054
467.875
930.339
1124.3
544.871
413.271
1197.15
1104.52
574.268
1083.87
1178.24
1411.38
1473.02
2176.16
528.505
963.071
445.568
595.45
262.088
1257.43
1071.59
1475.11
794.724
1151.3
1210.12
851.461
3813.29
1507.93
886.425
4030.28
494.336
690.639
355.235
615.887
1066.5
1548.79
651.442
515.728
1184.35
873.098
1929.78
522.82
360.504
1457.84
626.416
662.586
882.223
717.221
439.55
729.789
2267.23
1170.23
1956.02
1031.9
1083
945.618
2197.99
1041.23
3611.86
544.389
1383.43
395.048
331.762
2314.14
1606.7
958.241
443.37
822.087
2009.54
1853.98
406.512
569.386
1723.07
668.666
1252.13
606.591
891.12
543.544
473.542
705.774
459.684
763.658
605.919
813.206
627.737
1479.73
710.265
786.739
1146.69
371.048
656.148
674.061
3248.8
1909.75
1010.78
1314.79
823.065
4080.43
646.104
2131.66
1801.04
762.173
560.652
1858.52
633.828
1251.64
620.411
713.304
796.284
504.283
979.629
570.626
1219.55
882.04
263.618
1204.09
975.429
1119.29
1104.45
674.349
1052.89
859.096
5360.19
1468.77
958.569
681.978
419.02
794.285
344.732
1706.56
867.981
1074.1
693.621
3382.93
716.398
7091.53
735.802
501.899
534.55
529.204
933.975
186.617
478.795
1032.39
1460.72
1499.65
652.005
974.395
942.28
782.179
1781.08
498.033
375.364
912.208
5729.07
686.382
731.643
583.438
977.996
10977
1370.08
599.257
477.39
856.146
887.746
705.479
3275.68
1698.62
1404.85
916.752
654.642
370
1451.93
1801.59
627.807
666.8
1955.68
1391.8
732.897
1002.17
1807.97
315.042
1325.06
796.666
338.818
447.724
427.08
1138.57
2623.59
2094.24
728.554
581.464
938.203
532.627
792.068
531.818
465.297
239.255
742.859
1484.24
532.204
747.482
359.816
504.037
724.58
1286.17
1134.07
891.673
2371.49
656.987
932.109
942.316
438.387
497.133
719.809
2186.74
592.62
394.198
1904.02
357.125
813.26
602.586
937.329
533.813
576.949
1037.91
640.951
1121.43
835.896
789.724
6957.8
3305.37
1256.86
1157.24
2161.43
439.408
620.39
847.41
974.723
582.872
762.963
731.633
1111.36
498.707
1595.84
1028.34
1012.59
967.243
512.897
698.239
635.42
3870.58
367.096
428.516
670.463
1481.88
936.663
522.046
2566.32
667.522
648.529
1034.01
557.432
1258.43
1339.17
1070.4
785.743
875.445
923.042
439.233
900.907
402.763
1339.93
721.812
890.461
607.772
360.31
1839.71
535.241
371.597
2514.18
2103.34
1056.39
840.586
797.945
994.438
826.138
887.307
1345.42
692.895
1206.82
525.378
313.775
309.983
586.407
1014.82
396.868
1386.65
709.409
499.09
340.589
579.107
6641.16
673.303
982.291
735.414
517.941
105692
743.863
2548.33
1833.5
544.133
1769.46
1118.58
2509.12
466.8
2322.75
922.612
777.125
2439.58
2095.01
372.085
518.375
504.018
4544.13
1086.78
462.046
1855.69
505.487
457.076
606.636
1417.84
707.042
1393.62
1018.92
4462.14
659.994
1033.16
1197.77
1016.57
16485.6
1060.12
381.094
579.183
666.392
810.9
514.407
1305.71
732.1
1221.42
962.369
792.749
1051.88
1330.65
1392.97
1641.06
744.473
360.473
598.44
1000.2
823.943
696.016
955.205
739.88
521.728
1362.05
1749.45
565.413
535.877
4242.84
905.846
388.986
1596.29
382.764
879.367
594.981
1036.37
3105.72
355.692
560.117
2097.32
1529.37
436.43
7195.26
306.134
346.305
1044.28
275.077
316.784
5824.59
682.355
1043.82
882.925
374.26
965.812
1139.09
965.673
834.107
1017.93
500.982
455.278
1081.89
1119.17
522.629
598.231
617.85
1043.18
825.16
313.095
316.54
1383.02
829.521
327.748
936.991
971.846
1672.79
995.126
1157.43
857.723
545.27
858.723
1674.52
456.127
823.936
822.926
393.399
1137.87
988.061
1244.12
1411.64
364.393
739.36
575.638
936.391
1668.97
1054.15
1431.7
628.821
1545.81
1766.43
1141.41
2528.3
3403.16
3420.52
451.248
4463.63
337.567
407.794
1349.05
305.17
1994.33
702.907
725.943
1439.5
419.062
507.855
1236.73
1177.53
595.636
909.106
925.383
532.564
522.888
359.657
656.105
7347.32
2222.85
1401.55
510.339
420.565
1791.71
1082.23
1139.16
566.141
334.802
1365.48
1142.33
556.82
746.307
1951.07
2462.71
4116.87
947.978
993.307
1285.03
527.585
615.144
3395.44
685.432
672.843
464.691
2100.9
630.623
1828.24
5019.17
1782.38
748.957
2812.27
1347.5
1214.5
699.363
2719.38
1229.17
889.926
1451.62
6241.2
627.059
847.353
303.722
743.536
3275.5
1185.07
1470.01
406.689
656.099
660.072
683.077
416.89
612.805
938.7
1545.65
2148.79
509.953
1423.4
881.085
1774.82
1419.45
1079.13
659.893
707.304
924.683
596.189
1050.83
720.228
774.765
803.739
918.944
902.951
1198.49
1252.86
652.775
581.224
1068.25
659.161
395.228
377.391
526.803
920.713
477.691
612.204
497.685
449.71
1105.02
992.405
911.751
792.931
2671.31
565.259
540.412
611.823
3459.81
1675.95
1115.78
822.267
806.563
843.336
1078.99
913.599
795.521
2028.21
940.131
740.413
1905.88
833.309
1401.05
568.573
734.405
1174.62
2726.38
672.943
635.824
791.311
749.264
645.124
3742.15
827.7
538.392
561.841
1298.7
1486.88
512.677
1194.95
1521.56
2228.41
4400.03
887.991
1971.82
4695.57
343.9
620.435
743.612
2064.3
1039.66
996.697
1583.59
682.427
409.239
508.799
537.815
2962.79
697.921
779.654
942.164
930.947
785.267
618.175
658.048
540.995
763.005
433.157
1148.2
585.862
2962.09
417.549
726.233
2671.09
386.927
612.603
772.127
790.785
3101.39
738.349
2386.35
3423.51
367.701
320.775
541.559
890.388
816.527
1059.89
746.776
1502.66
952.447
2486.01
1445.16
579.619
884.378
846.907
458.735
445.202
227.777
519.956
566.274
495.165
1035.16
918.737
593.089
14138.2
756.958
603.735
987.171
626.765
1347.2
799.521
710.541
800.122
596.49
767.004
893.623
1901.45
1142.1
693.213
785.841
1297.96
644.526
724.79
614.839
491.747
313.454
4896.95
906.272
585.071
499.777
537.45
1492.56
519.307
1606
570.996
858.555
651.225
1004.25
1358.94
8128.04
640.994
659.23
648.152
1925.42
1082.17
715.969
231.194
1825.01
1120.24
1000.29
11724.9
1153.36
931.601
2810.54
1837.03
526.56
422.936
894.942
628.144
929.1
1647.02
655.436
342.672
1317.08
1929.46
522.077
428.944
351.741
1350.6
1292.71
1405.28
1735.85
799.423
402.41
943.538
443.017
378.361
2200.69
790.278
543.448
2117.81
1204.85
958.779
699.815
2701.86
583.001
693.843
518.855
503.761
566.409
991.324
699.447
1042.82
629.514
1053.83
2742.17
10887.8
1789.39
827.584
272.919
472.853
1298.94
1103.26
1184.15
904.337
845.58
712.135
817.064
1283.36
1197.95
1491.4
8560.03
1013.3
737.319
721.089
899.714
401.779
726.016
1706.31
1919.49
619.277
755.98
1143.07
2947.74
1329.97
1074.17
396.22
1051.74
337.133
1327.66
959.995
754.839
1164.17
1042.93
572.707
1729
2674.54
686.848
837.095
762.268
603.603
834.808
727.304
404.966
781.311
812.703
1133.22
1159.29
500.958
409.057
639.436
1370.14
10382.5
539.675
1151.76
1585.21
3147.17
353.23
3148.05
522.495
1408.82
1824.95
2875.37
504.27
3211.83
923.89
769.311
1349
520.114
880.349
1387.74
976.674
885.706
874.745
1138.96
693.795
1667.97
2244.9
807.802
1242.17
412.601
1791.48
1219.57
499.405
386.797
1080.56
1958.41
1383.5
1075.35
683.106
481.429
2702.18
742.904
1100.23
2210.7
1737.89
1534.85
795.073
838.958
1599.94
1284.14
659.485
896.35
875.932
2107.21
746.124
2352.27
837.611
692.451
851.169
610.803
931.873
722.687
1806.11
5930.85
739.901
1551.2
4465.26
903.8
469.425
721.552
1054.32
3330.62
293.047
753.372
440.537
1006.69
2953.07
984.888
659.219
447.477
669.198
715.146
982.122
1112.26
1023.66
473.754
241.921
1255.6
976.305
1469.42
5204.95
1011.62
892.102
445.082
697.054
993.792
742.978
3814.68
3170.05
346.484
1828.6
821.006
533.724
700.499
4374.71
1533.98
800.763
312.711
405.024
781.408
1067.07
2519.25
2742.47
1252.52
1941.77
2218.06
509.847
1435.73
597.81
344.859
910.202
1021.46
796.149
534.519
830.783
714.747
877.556
793.634
853.425
1344.92
1200.15
759.925
750.684
1109.99
668.234
1104.76
2498.31
877.685
405.653
622.078
695.028
513.745
429.778
430.449
892.502
592.595
453.19
753.754
1071.33
655.649
617.98
596.735
742.836
420.462
-8603.25
609.07
431.018
1246.94
1673.1
631.096
1119.7
2525.37
1880.67
1061.16
587.934
968.6
516.124
319.35
868.381
702.418
1955.84
1695.25
291.553
1538.39
507.926
1256.02
732.175
870.823
1690.34
4218.92
529.615
767.524
622.213
663.779
669.908
1826.33
935.819
579.464
1237.85
1339.03
706.947
1655.16
519.143
621.53
4294.32
532.737
1096.74
525.622
412.991
763.031
1174.28
515.294
1029.66
617.493
694.819
1076.32
1181.89
1429.12
576.778
1239.52
897.859
1904.62
1102.79
614.87
2665.69
415.942
740.984
322.628
293.804
399.055
654.631
913.007
983.741
1092.86
747.5
1309.27
1315.16
393.752
1202.57
453.317
1755.77
1560.96
1931.74
524.562
1433.78
912.51
985.552
458.455
2121.77
899.954
875.719
366.023
1002.16
1137.08
1737.05
1045.82
1367.58
1998.03
705.46
1034.5
786.95
1691.01
763.256
633.418
998.26
880.222
2451.74
1248.32
1291.02
964.818
400.339
1087.54
810.165
330.97
1459.15
898.015
964.574
1805.79
698.858
310.933
692.673
611.913
844.109
1151.85
3050.62
1097.07
978.359
661.146
1709.28
1691.26
363.496
1032.73
2077.99
1456.13
1420.09
585.373
2021.01
1061.84
425.036
861.925
612.218
1830.29
1999.88
581.355
7386.21
562.495
1222.04
757.375
640.062
1841.13
3576.87
1849.54
708.238
1266.74
1066.41
746.361
911.115
1602.81
2506.98
1049.78
1998.06
1160.61
1100.14
528.2
1162.65
1091.44
596.16
1107.95
818.156
479.192
291.24
521.175
969.437
616.221
659.685
1718.36
1531.09
350.523
1402.85
685.222
908.968
556.112
1039.35
1132.09
260.297
470.135
654.781
1081.12
886.052
1098.4
490.805
228.821
1211.85
1396.31
1522.91
585.556
549.635
1723.9
1039.36
549.828
652.598
447.919
1118.71
1577.72
1029.64
2477.23
899.659
865.192
670.659
9168.06
385.352
775.967
2418.92
1828.19
353.298
-65980
973.761
605.523
879.47
865.109
1894
1013.88
1915.29
908.44
528.14
1128.41
586.74
578.049
1549.42
708.338
458.042
1793.84
696.195
868.236
1392.19
2309.04
981.712
816.227
981.944
1333.7
323.038
875.14
713.975
2574.3
808.336
1768.04
3400.31
787.309
1828.99
1052.84
3983.5
5461.57
487.332
860.541
970.486
1232.76
1262.51
1703.52
1332.55
922.531
1256.08
768.708
1162.84
717.03
677.597
502.145
10876.4
964.718
2696.08
841.477
735.867
1433.16
4411.7
577.106
746.468
363.523
1564.78
1225.6
1530.52
1552.89
1313.52
825.719
654.529
2762.22
965.477
570.635
1132.4
521.807
473.693
695.404
615.662
301.65
669.709
1993.45
2077.55
1339.4
337.878
1406.72
880.869
489.841
2303.75
1386.55
273.947
1075.37
2265.27
1218.75
219.845
1643.58
486.147
800.253
483.269
896.256
6306.26
760.993
805.838
454.417
2177.19
820.239
621.917
978.956
967.642
885.477
2471.98
886.588
615.661
1230.3
1764.82
1251.61
1091.56
525.731
876.524
636.455
1656.29
1505.46
866.009
633.649
2611.52
1036.26
854.367
5801.19
347.013
681.278
1157.67
827.021
698.285
718.354
1471.69
13183.5
879.883
346.821
530.046
690.487
883.548
467.192
647.618
1279.68
2195.69
951.591
2355.64
437.19
310.973
1538.06
1050.71
1950.01
3336.64
712.754
2066.19
1935.61
617.25
1890.6
515.97
805.005
4418.28
637.724
459.755
904.058
4594.94
585.106
1009.66
1232.69
892.198
915.825
1968.27
595.785
1633.5
484.11
821.975
1184.97
659.857
831.223
934.98
941.138
578.303
448.958
854.188
721.917
696.655
1450.02
2217.51
1692.46
1791.98
767.424
1054.1
1482.07
3172.96
1486.67
479.681
3960.26
1837.2
781.042
2083.83
506.133
623.598
764.278
504.71
542.381
951.29
409.805
997.86
1876.87
453.325
3162.78
461.356
815.731
1443.44
436.714
666.056
472.219
12746
720.2
511.865
1065.68
291.538
398.546
1650
734.167
778.652
800.45
929.111
524.353
1583.35
1833.23
965.956
988.828
696.905
478.204
398.169
593.589
515.069
770.9
823.119
2144.16
1373.79
862.618
925.881
1027.25
1777.01
1045.67
1602.29
626.343
1001.25
1036.97
690.516
698.834
1567.23
304.051
600.44
1410.55
1025.17
449.874
966.843
1098.33
659.369
987.504
1623.21
1289.88
2155.69
972.759
316.339
1133.16
1242.53
2925
823.165
1021.85
6395.85
450.375
943.181
1036.33
1351.84
12333
839.052
491.817
603.381
1364.48
483.785
424.541
1676.46
374.508
2171.27
502.963
1388.03
2559.51
1039.06
867.555
641.331
699.567
783.825
548.082
726.552
638.909
3510.03
836.755
642.037
667.93
1196.95
567.67
543.865
1531
2150.16
676.572
729.435
494.406
358.563
648.183
472.02
601.626
454.65
379.721
655.677
948.254
675.751
1254.94
1059.47
627.788
1202.73
636.02
551.815
1518.53
2257.84
498.834
569.957
473.266
1509.91
890.215
525.754
886.027
716.167
489.918
1100.65
576.476
1196.66
946.813
792.514
1553.8
327.669
466.467
1814.81
682.515
1735.42
1266.51
632.219
1496.57
900.164
630.413
555.753
1311.11
1565.95
673.257
1656.8
1871.48
729.769
2077.45
749.226
2367.06
1250.93
2919.79
716.02
874.359
683.843
960.549
1207.97
1443.16
531.419
2284.28
682.11
721.011
1352.29
1432
412.314
498.299
544.365
812.783
1255.82
1054.63
2013.36
1296.23
1219.33
1461.59
739.291
807.357
1840.73
904.177
691.651
756.87
2836.53
786.616
1523.92
754.07
659.701
347.829
1117.86
714.297
555.365
894.032
1069.15
496.703
878.384
506.638
911.262
308.441
4842.91
1155.53
2280.73
437.818
527.074
1251.36
652.477
761.406
294.216
1719.09
390.714
798.053
1391.57
683.941
496.995
1089.84
865.498
502.014
1079.94
802.073
2279.37
273.127
1285.43
595.188
502.653
924.578
596.368
532.657
318.068
2336.96
3786.8
641.565
1159.4
749.47
655.081
1143.63
368.514
892.544
2083.32
1114.36
1227.42
3212.34
1137.09
264.827
767.53
568.259
2494.92
597.445
1296.48
771.222
497.77
863.177
1914.53
761.152
366.662
1618.84
364.354
880.825
426.26
774.935
337.156
703.27
4997.79
809.001
2033.88
948.04
668.437
677.474
770.049
700.609
2004.18
677.327
971.114
1479
747.131
6989.92
576.972
773.752
726.942
635.89
1154.3
354.713
458.521
622.257
626.912
1575.98
910.145
840.161
4794.29
559.92
1448.21
1325.12
1459.18
396.929
590.353
371.897
1044.62
1175.75
2349.62
9513.72
498.301
1595.86
930.882
2896.39
940.427
1867.1
645.341
1314.91
1630.11
604.552
1884.16
563.927
612.805
1749.64
1190.3
685.604
534.603
1704.01
864.378
693.089
1794.55
1370.36
1238.81
396.538
824.107
557.538
1386.7
1016.86
467.715
576.087
986.834
1064.88
2008.91
547.891
3402.54
955.935
940.281
1909.05
630.86
1014.25
2766.6
4420.77
1720.22
919.74
1437.24
2662.14
400.892
503.876
1527.79
738.659
353.444
1298.88
1170.81
504.334
1865.94
9207.81
671.574
4167.18
1339.61
676.371
588.019
786.491
885.009
1110.53
570.681
606.252
618.004
701.449
570.564
1441.48
1024.98
358.527
612.816
2101.63
1927.81
3931.07
4346.07
762.443
930.437
921.938
2282.92
1097.43
615.755
2021.95
1983.76
854.421
930.008
491.459
593.041
859.345
232.768
530.475
1445.22
1438.98
816.262
1692.93
549.542
925.757
1486.42
1162.46
975.149
1047.48
605.653
1303.57
2818.8
467.683
845.324
1720.5
689.099
1667.03
1692.11
429.517
1520.93
894.235
2307.51
835.302
689.831
700.303
488.616
582.384
484.515
628.845
976.162
456.093
1067.62
604.221
957.49
647.901
818.473
5560.01
1055.48
2110.76
620.482
1351.47
813.197
3049.54
637.155
678.548
1778.66
473.015
1241.76
1232.54
982.455
465.225
1016.09
638.499
1239.31
1161.83
642.932
1230.51
419.643
867.954
1155.41
712.073
863.288
3639.73
626.047
484.634
1117.68
517.984
1485.32
518.194
468.28
906.53
638.503
2156.72
585.747
1292.22
390.673
1174.66
566.716
656.293
466.598
1873.44
357.425
495.259
596.795
333.934
796.654
792.207
720.247
998.151
762.212
485.035
664.575
1579.59
673.327
1229.14
435.168
326.516
5728.44
378.133
349.637
417.171
2488.73
420.731
547.231
612.893
809.867
537.951
979.248
603.454
1082.7
624.275
728.246
870.991
511.866
565.133
1352.78
715.406
470.271
517.669
670.852
1055.74
702.8
788.487
725.456
1424.11
1637.52
791.576
322.286
2681.71
2231.09
1001.2
962.743
696.635
777.73
656.016
1332.92
690.014
514.773
290.141
967.352
1270.53
790.697
796.103
1299.45
1769.85
591.272
804.618
2692.81
1350.97
1544.17
341.573
1460.81
3906.63
538.783
595.692
514.718
786.758
735.672
862.483
1118.61
1072.2
1624.15
936.82
1023.3
857.411
927.722
381.396
2978.47
1182.16
1406.56
603.324
855.55
419.186
963.33
214.804
672.346
701.37
892.616
919.717
1046.24
531.346
2339.67
662.052
658.809
3450.44
833.86
406.262
516.435
629.685
1439.24
1057.45
1633.4
682.104
900.115
532.976
852.363
1064.65
2231.07
716.732
1147.97
343.01
2141.81
715.302
1279.93
504.014
351.407
1178.5
616.504
743.492
1366.5
965.778
530.998
549.895
432.209
620.469
900.953
328.307
480.702
692.463
804.904
979.264
2607.19
893.204
973.334
464.656
447.459
2012.18
577.47
443.185
1018.35
233.716
2194.15
682.298
513.915
1120.02
692.496
599.939
724.977
706.933
711.614
689.039
3543.88
2633.92
716.469
343.7
485.095
2609.3
1722.03
860.235
598.259
1177.08
756.433
727.939
918.309
423.361
1235.1
673.435
1226.72
416.476
2867.27
421.582
615.145
1044.91
799.265
974.035
1162.45
898.497
489.535
403.707
1040.99
1327.89
5023.31
539.842
1893.7
475.261
1197.7
926.635
633.901
661.228
1324.92
416.163
1293.02
382.613
1317.17
752.5
566.164
1457.62
1876.19
1214.37
865.341
754.274
418.248
350.663
1449.45
672.724
685.605
750.634
521.435
438.734
1205.06
1703.96
605.685
2841.53
1192.06
1890.57
823.617
355.377
802.106
458.435
2038
557.941
2674.59
5854.53
1057.37
680.838
1487.15
1003.07
2255.13
752.66
1472.75
763.333
698.428
400.043
1073.54
1408.17
829.255
900.496
1300.49
672.623
920.685
1261.59
682.92
370.052
702.415
1454.43
2510.49
912.997
606.693
690.494
543.889
1939.31
367.994
1430.85
999.962
476.794
570.492
545.038
401.573
645.933
594.887
490.089
768.601
3555.6
1458.37
713.735
609.935
905.576
1564.25
1086.19
2176.58
1080.36
1255.28
657.398
1629.54
767.691
1248
773.787
1212.4
1356.07
321.699
720.92
1083.12
725.239
505.015
498.544
1512.89
520.422
613.312
711.007
735.461
935.25
1262
567.681
915.259
5390.54
1350.48
1460.8
951.038
421.653
731.451
707.132
447.366
1729.93
1122.53
522.597
416.726
1176.92
603.263
652.613
537.789
1775.98
3399.25
830.37
681.313
807.653
545.052
593.493
1347.89
914.285
603.399
523.322
935.028
1005.8
701.419
1127.6
3136.67
313.427
776.308
-503840
585.312
1438.39
1193.28
669.484
1768.45
679.541
509.869
2439.71
584.936
1286.01
583.128
863.575
815.662
934.398
554.46
279.472
842.637
2059.69
1669.69
692.258
578.164
805.277
1757.45
6527.19
2751.26
1376.79
516.607
1693.53
911.969
4653
976.662
505.693
548.367
639.702
484.285
748.784
2269.15
703.321
1305.32
941.278
439.424
936.105
3891.4
695.141
1394.54
1128.81
576.862
2079.52
863.594
696.557
918.709
925.716
1553.77
602.217
1821.06
1840.36
861.35
2086.15
1052.81
799.75
2040.86
917.011
738.999
700.695
646.282
772.161
532.845
371.798
1056.31
1727.42
768.307
1178.02
507.758
2373.36
1104.63
1320.45
3819.08
1063.42
488.696
1317.96
294.915
1533.18
1062.54
975.78
1039.57
1571.41
625.73
652.86
379.969
637.325
504.015
240.025
681.256
1337.83
1728.71
956.545
816.519
604.407
642.265
4037.98
747.521
622.416
860.184
151.078
1747.1
1138.74
427.197
1041.3
1036.35
499.301
779.835
761.366
602.928
924.323
543.952
572.832
625.673
380.355
1333.61
1145.2
1599.03
501.445
770.172
835.028
551.336
494.299
475.296
574.509
2952.15
714.486
1257.05
635.583
1519.88
673.392
739.417
2181.9
1699.54
1150.63
1104.7
1693.06
675.245
1520.44
1218.87
1614
1668.41
675.898
775.265
1039.25
2220.02
827.012
2311.8
928.794
1876.67
820.392
640.5
259.072
1648.69
814.951
508.27
463.228
1380.09
566.18
787.797
1036.37
1076.13
368.205
918.534
1026.66
780.388
606.075
713.373
849.68
598.689
296.281
753.079
421.821
529.237
558.561
1917.37
3156.22
1644.74
380.124
832.898
633.945
2016.06
752.958
730.134
525.24
1066.88
880.141
1100.06
499.063
546.21
849.347
1886.76
894.59
605.656
339.185
1883.87
1655.44
1169.95
728.3
528.74
776.077
533.115
780.378
1091.65
1252.01
1119.01
685.994
544.513
1608.47
953.797
1053.6
1178.57
2084.13
4306.57
1382.97
1377.85
1109.92
662.619
637.349
660.415
1323.2
791.099
493.81
504.8
510.394
944.047
1255.46
5951.8
1488.13
517.504
340.543
636.585
1695.57
1043.86
3275.65
376.693
835.724
575.534
711.248
691.613
1443.24
1357.12
1356.73
1660.05
578.82
875.819
592.966
2963.08
1033.71
1248.02
483.34
748.809
1985.47
-11631.4
563.954
699.481
427.853
874.326
1046.68
1164.17
1211.7
1120.03
1120.03
2128.8
667.733
840.131
509.454
5264.81
1015
7742.54
978.31
1133.31
1523.35
393.726
1457.84
1542.43
439.762
1285.05
433.537
555.041
733.755
3015.61
555.172
1884.61
1623.35
1238.22
398.956
1096
1158.14
960.224
1527.56
717.984
1128.74
3004.39
627.404
346.646
1464.66
1304.15
781.005
383.201
266.579
855.61
2755.9
977.172
1599.19
485.155
1167.24
1506.14
1367.33
10062.4
305.594
713.672
1420.42
2117.71
730.096
1444.68
805.514
359.052
9616.38
390.785
4293.6
2521.26
1477.7
526.561
316.03
909.295
2103.18
847.033
292.851
423.462
1024.93
687.463
2073.84
1642.25
686.724
1321.23
1031.06
834.671
1421.73
1880.79
507.997
714.257
621.873
1547.13
651.123
333.452
509.236
725.522
562.836
686.435
358.218
483.193
701.584
1121.79
707.506
1773.61
1494.07
422.798
753.276
966.444
612.391
444.784
764.77
871.09
1641.2
1157.73
462.116
534.48
2415.03
722.889
5853.98
1052.14
4159.64
715.375
902.808
852.128
496.423
379.765
1107.12
591.037
1124.61
782.546
600.231
427.112
962.142
690.64
1989.25
2239.88
470.311
835.522
672.004
648.107
926.557
563.423
600.152
555.278
995.155
2244.56
1684.09
964.416
2759.26
507.569
675.115
516.89
1613.95
4039.16
4458.94
1200.12
394.892
520.572
1023.58
482.236
578.428
395.779
930.591
592.424
621.094
1370.83
938.661
813.674
500.367
576.702
743.058
556.564
1000.19
642.08
423.773
598.774
336.59
996.107
455.388
1385.14
803.638
2214.67
1164.56
635.851
502.965
496.449
756.519
5507.12
427.465
1405.14
608.535
1715.89
869.819
1998.71
1343.4
1840.46
885.154
675.534
1083.91
1425.38
483.445
1702.8
855.632
228.439
2189.78
426.029
719.688
2403.15
430.212
657.759
397.238
1076.86
963.239
441.567
741.543
490.139
1121.83
287.378
995.098
687.273
1321.05
548.593
710.888
1567.15
992.296
397.189
986.161
646.146
3853.1
428.045
519.369
841.538
1974.59
516.887
469.139
666.109
221.983
864.616
600.936
2756.35
2478.61
477.699
1952.66
404.648
1410.91
1188.4
571.566
15880
2020.49
2262.13
718.43
477.636
410.085
2129.78
6616.23
422.479
379.677
609.952
794.946
1956.09
1562.09
1201.01
749.482
2056.73
2274.86
1463.35
1451.31
687.986
527.17
1135.93
487.311
815.736
775.505
1384.53
996.672
1603.34
577.002
747.995
561.116
689.909
658.056
1645.38
1094.12
558.929
944.25
1218.18
580.115
752.909
463.501
498.138
535.88
389.972
1766.7
538.331
585.724
626.988
1577.38
524.02
797.794
1146.31
387.393
1563.83
1786.02
951.657
518.692
496.022
439.096
340.477
673.279
644.676
866.782
715.977
677.807
4302.67
463.888
396.76
2236.64
487.719
820.782
1158.99
848.542
335.839
3671.51
773.944
1103.01
999.003
1552
1206.49
1252.39
430.248
1153.68
884.786
1486.2
393.441
1414.95
772.501
636.78
785.899
1206.19
1066.42
444.405
1334.78
960.751
642.232
431.727
1648.24
1536.48
358.476
759.66
792.239
652.641
863.344
772.949
838.054
1943.19
393.361
882.536
446.651
653.914
620.78
784.703
299.248
1029.25
503.38
1642.82
312.985
972.316
814.307
1658.69
630.985
866.975
655.105
1067.49
736.116
957.606
864.487
691.712
785.704
380.706
2185.72
1011.63
311.543
835.481
1056.7
1350.65
840.92
3140.61
1319.19
2549.94
567.311
2452.58
488.5
943.655
604.801
796.795
646.054
1007.27
1671.94
946.094
269.841
8070.05
2236.3
1597.45
837.36
906.148
1002.29
546.196
794.68
1143.13
686.93
739.369
6295.13
416.111
792.484
467.824
1381.98
739.027
680.69
1078.66
455.625
2614.14
837.733
2816.03
975.97
1280.24
386.504
1939.17
556.181
759.628
487.743
1365.07
398.827
595.971
1296.52
481.201
2618.78
2867.63
2597.68
784.296
490.567
1622.54
984.316
523.211
2931.63
833.18
972.408
2234.55
774.295
2658.67
2385.03
696.954
808.211
728.185
510.241
1966.29
523.259
1217.2
576.863
482.546
678.823
466.267
642.432
708.057
1431.3
2213.14
1851.18
1204.3
1194.43
4826.77
458.481
2298.4
1327.87
1600.75
1081.65
857.312
1897.77
847.976
654.61
465.636
724.16
389.477
514.152
529.715
5945.15
774.083
676.025
994.045
1124.66
1035.67
759.752
853.529
574.688
1309.43
1225.68
792.288
778.54
1148.57
1240.18
1939.04
446.465
2299.37
2275.16
668.759
703.823
859.037
890.777
1271.84
533.856
523.438
995.053
841.333
542.273
865.271
1830.28
1103.75
2017.71
632.619
1054.31
482.434
362.061
812.494
506.27
1013.63
1161.06
825.037
1549.75
1096.62
1254.87
965.524
1129.65
837.085
636.361
796.81
1519.19
891.678
549.945
642.848
1040.01
2233.32
1780.86
2242.99
1068.28
963.225
1486.43
685.227
460.354
950.706
1006.38
976.305
1925.35
3246.69
764.052
1073.06
886.409
699.715
690.958
575.651
417.834
1773.04
850.288
470.911
573.115
396.02
765.836
1030.64
543.244
525.471
2385.56
2092.14
449.045
612.104
1424.69
405.555
592.827
2199.19
2039.94
745.673
1592.32
1079.93
808.725
625.667
405.018
548.492
641.692
709.507
918.446
725.873
422.123
557.544
821.166
844.082
1658.83
609.631
831.71
1987.84
802.205
4492.09
651.609
1051.06
941.641
1185.58
366.647
5345.83
1037.1
991.792
2081.25
862.586
840.426
605.656
1140.16
686.316
1657.6
1735.21
2396.15
877.931
496.953
2130.64
3175.54
1100.9
683.975
483.835
988.031
818.187
504.717
1150.84
1068.38
966.8
710.895
1176.82
1563.11
863.962
2152.05
950.767
1856.74
439.799
1072.04
1416.32
432.824
1543.56
507.121
1310.75
2757.02
1149.37
2658.8
657.402
1613.25
535.499
731.573
953.65
1727.43
568.727
491.143
1096.63
1000.89
834.321
597.205
1570.87
613.47
724.653
3354.56
1050.95
467.828
618.958
1292.52
703.812
651.116
656.785
508.207
2248.96
1207.14
965.404
531.54
719.711
739.917
1147.14
704.971
9668.6
3253.73
1498.12
722.632
814.335
1321.43
4781.24
984.544
1483.71
1438.7
1123.22
2125.55
1016.54
558.131
543.526
526.36
820.455
638.629
492.931
1433.79
742.002
1365.62
2197.39
957.184
1080.75
-12920.2
725.893
800.121
584.412
711.314
901.438
637.7
2743.77
701.753
604.278
872.318
1530.45
1958.16
306.158
626.002
1868.4
730.85
2049.6
665.836
252.171
524.598
604.157
1059.03
1833.18
420.074
860.41
5698.06
3622.2
918.241
873.316
1266.04
2707.76
638.349
736.801
841.589
1156.42
1762.41
544.311
1441.35
740.306
650.083
522.605
771.919
1524.31
649.491
790.049
1054.36
1451.06
597.559
2269.05
1666.94
902.138
571.744
1509.38
377.217
20819
756.746
598.504
1962.44
495.658
813.591
764.317
998.086
2384.56
816.652
837.563
1277.4
498.311
912.587
1247.59
1786.62
3196.62
1056.35
1912.36
580.033
935.323
2123.2
1184.35
547.713
503.681
565.414
1119.59
949.914
551.102
639.364
1154.25
660.001
1011.02
526.68
654.214
576.197
674.473
2333.12
348.295
1150.94
786.128
724.685
690.654
761.698
1167.59
1370.33
659.74
790.3
697.114
1688.17
1038.65
515.728
478.704
1435.46
872.072
1679.64
1507.86
1676.48
1152.37
566.101
783.003
759.578
674.522
12182.6
333.084
630.15
1016.09
685.271
862.224
368.671
491.309
3358.57
524.551
439.291
1069.26
627.635
462.638
1033.3
548.503
1087.83
1475.91
1329.79
1537.16
1710.09
712.563
417.986
629.03
485.714
300.63
1298.45
641.48
1163.66
1116.61
1614.24
1023.69
3050.92
1634.02
1300.22
691.811
949.177
3319.57
1207.23
2724.65
1477.42
996.13
813.715
2155.16
637.641
1220.82
1446.19
790.69
1645.45
477.377
1839.65
860.99
2609.79
1047.47
528.915
1436.23
471.794
458.866
1929.16
542.328
691.261
1254.34
743.274
1896.25
549.967
1376.91
547.747
713.781
514.384
415.232
895.812
427.346
2045.61
932.402
655.239
667.523
910.1
734.947
788.274
444.259
474.104
535.812
310.388
1274.03
918.464
375.991
1119.19
1385.33
587.447
638.329
6125.08
448.547
1292.26
730.56
790.886
1075.13
1040.79
349.471
860.691
1405.28
987.028
1558.32
5987.74
372.429
601.112
668.688
1910.42
452.419
1087.29
451.57
392.62
1103.68
713.864
1216.49
640.194
473.29
1514.84
807.696
841.491
850.374
852.131
1819.78
1238.76
422.188
516.96
782.774
605.034
626.562
972.715
857.578
1531.32
744.453
1497.08
360.235
528.223
1782.22
878.217
1857.51
494.514
456.954
351.553
11955.7
901.485
554.129
1992.68
2462.4
520.243
2345.81
709.935
511.721
1793.14
993.68
654.972
1326.8
1151.23
540.611
2074.74
253.335
569.755
553.11
673.567
3321.25
3141.4
1734.79
870.826
732.883
931.944
1020.01
309.375
753.86
577.47
522.693
907.535
6832.26
914.378
924.908
1133.67
966.51
1070.5
5405.58
1177.07
521.223
410.018
281.668
432.185
718.036
429.78
1839.47
1240.63
462.263
527.285
1438.92
2884.48
644.928
2011.21
810.555
680.639
1039.04
2521.96
2337.93
1215.49
569.577
1075.66
508.339
722.973
658.279
1527.21
590.628
1534.39
696.732
724.826
754.844
1267.43
730.888
806.987
403.274
596.134
1008.21
806.464
1537.75
483.86
818.546
1643.68
836.74
773.017
667.061
1478.22
1055.93
609.125
787.957
1460.38
455.748
1240.37
1038.07
602.804
475.782
844.404
598.221
1130.71
1960.58
873.384
637.048
442.771
397.321
897.35
437.433
642.068
422.1
726.171
664.329
840.571
1181.54
1587.38
184.564
2444.82
1846.76
1322.94
499.159
832.499
341.742
2631.7
439.626
702.162
2407.28
752.255
1015.06
487.216
1597.01
1143.56
656.081
2008.86
1695.89
999.403
506.559
954.322
559.899
589.008
600.35
814.834
1531.07
258.262
878.688
794.012
3890.64
926.7
1824.72
542.887
828.739
2198.89
359.103
506.507
3099.21
494.719
651.787
480.906
2078.15
432.117
1066.04
656.384
1720.77
995.174
424.104
1437.67
489.603
942.036
747.244
604.473
339.01
2611.62
590.599
640.441
721.379
10209.6
121432
515.656
704.475
442.864
614.884
1392.72
1079.55
1010.93
474.493
1163.34
870.05
779.276
603.242
1214.74
997.361
3011.36
379.029
601.852
1178.19
561.577
1066.06
316.111
2741.38
1331.35
939.065
661.25
625.457
1267.1
1093.92
3323.97
1787.6
1174.08
834.549
543.542
668.917
945.77
778.734
1024.91
651.56
846.527
1967.36
669.31
594.183
727.148
3502.18
1829.69
968.608
512.147
2271.63
1857.73
833.727
652.425
1437.06
1203.31
254.436
349.129
717.826
632.331
484.686
655.082
835.774
8008.26
1985.4
1267.27
10080.5
402.523
801.412
1103.74
544.81
564.67
1155.27
1047.52
1356.55
1109.25
808.759
1460.98
2121.18
984.802
508.838
1500.98
1925
982.092
532.821
1950.94
2981.48
636.587
572.494
712.925
735.509
839.332
979.72
1097.8
533.164
4497.61
1091.84
736.645
465.657
645.17
405.102
725.288
476.729
943.255
890.264
888.55
3230.78
1082.99
1679.83
332.011
1195.81
508.769
2868.67
641.789
813.503
1202.26
437.887
646.049
454.115
1046.91
642.407
869.079
951.476
371.097
709.579
1459.5
468.657
931.569
9849.36
1420.4
875.267
891.943
492.627
11713.7
697.329
1075.46
887.184
690.91
1189.7
235.346
1794.07
568.264
963.41
364.496
1342.49
869.686
1204.57
254.089
634.119
1575.69
1113.48
554.86
1046.54
1145.31
665.579
1515.9
1550.02
1188.69
681.395
3318.04
1735.48
900.208
12118
654.948
969.897
385.082
2399.23
528.824
1030.8
835.483
2073.49
4670.84
4394.08
1362.64
1063.64
1027.87
1408.23
232.843
1055.53
644.196
1233.08
579.781
835.457
1814.88
497.607
694.148
871.46
886.76
2750.89
471.809
945.21
1215.87
535.636
18009.8
644.544
735.995
1414.77
591.869
486.476
1807.02
368.674
863.705
393.64
2097.34
757.693
2866.75
743.559
368.391
308.761
-11519.6
996.553
2287.91
577.349
652.618
644.75
852.322
342.869
873.674
407.067
875.512
309.921
646.444
1348.34
596.185
1569.71
724.834
3105.71
753.871
578.63
510.416
1034.07
2851.27
1373.05
933.246
812.66
1498.78
1946.35
785.517
1739.65
30612.4
4427.69
373.783
669.844
574.345
2506.19
465.814
1177.21
1650.52
571.849
393.695
1157.17
676.636
1291.31
1560.78
834.273
1157.12
701.323
8733.18
604.469
699.923
843.654
1087.06
834.516
1504.1
1208.69
636.128
2091.51
430.873
428.673
381.785
381.825
834.899
879.146
745.19
1053.96
890.808
708.679
1097.33
625.552
617.969
1526.57
28062.5
483.232
1248.32
1053.77
802.636
1315.66
607.963
809.721
696.225
926.832
2666.63
943.715
415.983
1674.29
291.468
924.872
1369.65
4310.94
1447.81
1473.86
869.405
551.968
639.04
658.448
1694.45
1079.81
673.355
560.638
681.628
605.3
993.644
1467.34
796.834
1323.73
983.03
646.206
723.054
1110.92
386.271
1544.22
652.386
977.826
3126.76
633.222
4875.55
628.995
390.325
2314.57
542.292
1076.79
624.304
670.58
681.457
1576.62
453.499
1956.65
596.052
277.001
831.272
1795.28
1387.8
545.677
678.426
980.077
353.085
1935.61
714.018
1859.98
741.665
2256.26
427.814
1641.21
317.841
1180.01
2442.06
634.52
838.879
300.163
2601.16
960.865
939.61
520.772
2395.37
877.922
2619.68
1104.88
3097.43
1399.68
545.345
669.296
399.541
1530.3
1098.02
445.773
1565.22
638.344
727.653
625.839
1120.96
436.612
4313.06
775.869
732.137
997.315
1046.92
1415.26
607.029
2902.23
371.951
1875.99
3314.68
1040.12
795.218
504.963
11839.1
3051.42
1063.89
565.68
3784.97
558.073
415.934
573.159
682.387
498.095
653.568
1243.9
1874.46
1396.24
329.73
964.084
487.658
596.409
401.033
1013.53
800.165
597.328
1469.98
726.924
746.948
395.939
761.06
1448.13
1848.86
692.534
1071.47
594.258
315.387
1190.36
1145.1
605.3
686.013
673.789
816.138
1063.62
399.373
678.948
501.769
1567.32
791.214
741.576
895.515
615.987
1117.28
626.615
1315.52
680.294
513.663
1929.17
326.266
939.944
1127.42
478.544
361.004
927.624
314.602
471.385
8222.8
1275.78
984.164
1122.43
1198.74
370.768
2390.44
1240.6
775.039
807.329
928.965
1013.41
495.127
1750.29
2623.32
2436.93
1306.09
964.251
648.933
515.955
438.917
422.913
1203.73
1430.84
1214.13
2023.54
626.344
1596.71
432.599
779.074
681.233
1593.73
1456.62
607.108
631.924
380.071
438.292
1126.32
1106.96
890.93
1944.19
729.486
538.85
2331.96
434.403
681.757
3877.43
707.282
958.078
739.087
1808.82
805.801
589.361
741.145
470.322
1299.05
319.05
680.31
1281.56
1019.04
2929.23
848.699
1074.12
1235.19
1035.08
876.213
466.891
422.598
3626.64
306.162
555.495
1122.23
374.638
976.21
1588.63
650.149
1221.5
1156.32
1464.39
453.002
880.673
869.186
908.786
704.171
964.44
1088.13
670.204
865.909
745.852
575.576
1883.6
1002.06
996.926
907.804
587.405
1091.07
412.642
1769.69
967.203
740.691
6346
936.761
721.753
1056.91
968.581
278.054
755.747
440.534
818.823
1432.46
1094.01
1448.11
525.371
1576.92
666.925
672.22
1851.84
537.825
951.528
918.447
684.553
865.911
703.279
2163.13
482.688
1536.13
758.957
593.825
1113.41
2621.79
1219.24
1406.75
707.176
759.705
645.681
466.776
1448.79
1264.15
1000.35
1170.31
1444.72
647.579
3978.75
952.205
484.151
636.097
378.319
1228.08
1586.05
507.607
531.661
566.09
324.35
500.628
725.468
2262.51
1138.06
1260.18
385.719
570.822
19825.9
502.621
355.367
1768.06
4102.5
1242.13
606.484
1364.86
1741.08
479.016
716.582
1438.33
762.611
987.523
932.575
706.6
937.416
450.601
1781.15
1150.89
939.68
1456.29
517.074
1560.2
1407.1
1332.85
1324.06
336.312
352.401
1138.69
637.785
606.893
801.175
731.599
1509.98
1722.37
1288.12
577.701
1049.98
964.473
1425.65
999.927
916.581
1184.37
569.335
803.378
1299.89
442.566
792.128
1051.68
1161.52
2522.37
610.133
808.9
627.259
1891.12
474.292
170.875
703.261
888.495
4365.07
703.956
665.717
4969.35
3392.17
351.595
613.523
470.686
4893.01
301.203
1445.48
659.662
650.423
875.809
709.31
1617.8
1037.04
876.266
1956.05
911.518
590.683
668.313
892.221
848.773
853.119
476.229
2319.12
-28781.1
6552.52
355.495
2677.76
1912.94
1675.1
1238.28
735.948
705.528
1152.11
1131.03
503.929
1064.33
1902.48
269.342
1911.02
871.793
674.812
657.874
698.056
972.827
1369.77
611.975
648.855
411.041
687.155
815.914
628.333
885.852
672.861
1065.54
561.496
396.156
660.761
7489.87
2497.51
843.101
838.089
3183.87
1192.64
281.076
1103.57
445.213
981.515
1029.33
1115.41
269.62
2682.26
1985.32
1402.39
1163.85
4517.95
358.26
1667.51
311.13
784.349
1076.37
517.45
1002.87
508.378
832.812
568.978
7223.65
1137.73
1925.75
2471.19
1029.42
2281.14
848.066
516.701
347.91
2375.92
789.793
1469.87
3172.16
740.131
1053.16
2351.78
671.234
3111.34
261.669
651.475
349.75
368.964
282.947
847.866
1400.38
1034.7
826.892
841.005
591.521
376.225
763.023
571.954
454.218
915.872
787.666
510.426
436.003
1753.56
476.353
613.925
885.878
1000.63
1557.17
744.444
762.719
428.984
1389.8
547.499
1365.47
1292.95
452.015
690.102
915.019
1755.05
577.42
1628.94
1409.5
559.919
436.426
883.797
1635.06
714.141
1107.96
857.28
1042
1077.02
1219.39
511.631
722.213
308.636
553.326
720.918
567.434
863.306
1061.62
1469.21
1130.61
1147.09
722.261
1268.35
829.035
715.193
1015.95
2389.4
713.304
892.3
2096.6
2608.51
963.1
671.242
490.012
781.551
1271.77
3643.79
1400.56
1233.22
3256.9
1101.59
837.627
1094.17
643.541
713.66
1051.83
695.425
1112.53
1725.3
849.767
1953.68
789.066
1801.35
628.566
1177.92
702.335
528.681
757.187
1443.48
576.435
996.52
3188.32
2025.38
711.19
2495.81
1245.68
2299.79
486.979
432.402
413.993
1258.12
1351.48
744.116
403.629
413.021
1518.27
1217.16
793.897
619.25
469.411
1187.27
929.507
473.097
961.385
1710.46
774.815
504.003
1021.89
994.398
621.148
622.099
437.043
706.468
882.273
918.578
421.724
634.822
1224.14
431.66
2762.44
1944.96
718.421
541.262
382.466
827.266
647.428
2671.3
1024.29
1317.89
480.995
840.242
749.052
549.483
722.105
450.681
799.094
598.819
682.834
1274.3
1712
1861.99
758.257
1612.91
947.283
442.848
914.386
2077.77
432.951
728.192
700.162
971.929
1154.26
661.181
486.337
874.39
644.547
1097.6
7260.14
1124.74
1594.13
2624.73
737.755
747.505
815.903
1427.57
758.984
575.644
1457.38
957.44
528.063
1182.97
883.112
904.584
979.205
2163.22
998.027
519.093
1196.04
2498.08
689.339
585.779
771.413
1619.26
1756.8
848.416
706.943
906.333
961.844
1654.9
5630.68
3970.35
1559.41
1039.14
1250.61
554.43
1156.1
1158.73
895.575
1065.39
1017.13
837.287
809.584
994.021
1582.49
536.465
676.694
439.464
4308.72
1516.51
1361.46
499.963
537.341
1345.14
1214.79
621.417
371.543
1983.9
810.222
797.38
986.655
687.292
1662.94
655.526
1107.86
1565.16
1027.65
1051.02
1410.91
243.958
425.602
903.097
455.364
487.056
1913.85
653.327
1639.58
905.089
3733.43
1782.1
896.572
1567.45
412.293
310.867
980.247
436.324
357.936
771.311
1365.82
706.449
1091.37
1131.26
1126.89
748.454
837.901
427.881
414.677
1101.97
750.954
981.674
506.493
885.512
778.388
772.35
1577.98
806.216
760.365
8165.4
833.762
591.078
584.23
634.013
767.709
1289.26
1250.4
691.166
314.652
375.439
984.646
695.284
491.821
954.677
1334.3
870.438
921.139
481.905
2626.12
1400.21
768.725
695.996
2966.25
1280.17
422.739
1458.16
642.156
1009.92
812.55
813.155
702.575
595.668
1556.6
892.682
362.822
1667.16
435.495
865.925
446.998
1017.55
1304.33
946.715
484.777
3472.81
549.984
1845.44
1909.45
2171.36
1022.43
1346.33
1279.68
1838.76
1036.27
1282.09
959.601
528.393
2038.95
1414.25
898.908
1087.84
850.844
1260.22
1420.41
512.417
469.84
439.694
11448.4
3049.33
661.248
1055.39
1041.67
1570.67
330.272
426.193
694.518
673.81
431.687
1501.96
597.812
1015.53
542.779
1495.34
392.866
4453.74
2409.19
1108.27
758.803
328.501
1215.51
1230.58
1094.74
488.303
689.443
765.564
864.975
870.457
1138.75
885.561
4124.86
1164.58
2597.7
566.365
1270.86
505.948
484.278
593.835
412.05
1242.59
371.869
549.265
642.887
2090.14
817.88
965.236
8177.7
4435.31
920.522
1423.56
462.863
1289.97
713.866
1124.88
1390.39
4574.35
672.1
1393.69
936.007
1768.53
1095.79
623.026
732.688
1659.42
688.431
2974.19
1676.02
548.038
817.736
2492.67
1441.91
607.241
1640.98
1886.33
875.587
789.67
1018.37
1146.88
607.15
600.567
3317.82
422.387
1035.5
516.824
2435.48
761.615
5525.47
431.877
1321.45
828.856
726.091
2304.32
478.114
707.412
345.593
614.281
1885.3
813.088
790.709
1932.69
1110.29
2142.2
3584.81
807.911
1159.99
678.981
2069.62
627.876
1575.54
2208.34
430.472
747.813
929.545
1798.15
841.611
2948.04
1474.84
549.765
929.273
734.372
2761.63
838.532
286.487
1069.11
828.709
1069.09
729.644
936.292
1112.15
871.701
741.778
855.943
1095.14
575.79
2724.04
636.309
1107.48
993.684
1328.71
433.966
531.389
690.446
1487.67
1364.1
522.329
412.519
387.362
557.599
2429.8
479.165
775.677
880.871
491.16
670.633
1670.25
927.387
980.859
3097.36
1417.62
3853.7
963.554
4256.92
805.636
1317.27
1044.9
1351.89
1425.14
520.508
1594.11
516.521
995.361
842.893
587.791
327.409
2816.25
6382.21
1032.8
1974.9
342.101
293.352
1690.37
573.359
1903.58
706.553
661.319
1018.28
752.686
2017.98
1294.67
573.868
1143.95
370.352
984.719
847.949
934.183
823.212
522.398
1809.67
758.415
377.989
787.976
2036.67
294.854
1284.26
897.837
519.815
621.336
536.059
942.384
462.731
576.872
585.276
3742.76
505.364
2292.83
1199.15
2952.45
643.711
969.393
881.498
1876.28
1114.77
531.762
936.609
2789.41
1250.59
1444.52
541.101
988.029
1350.61
512.718
914.539
833.201
1907.73
1120.83
1332.45
1037.32
1472.01
1924.22
873.41
570.191
632.386
634.047
573.093
777.928
7827.83
2552.38
1758.66
5056.09
2086.02
740.216
604.543
657.285
971.682
1155.55
216.458
1007.44
685.715
472.746
1426.92
608.132
742.907
914.641
1263.65
904.626
235.128
488.121
546.197
1593.35
865.146
519.501
608.329
999.414
1044.68
924.21
639.078
411.239
1637.04
274.753
553.346
1054.9
2588.99
1169.6
581.779
1088.8
898.947
757.319
366.071
659.284
950.94
4820.02
1280.5
1885.55
1500.14
1148.83
832.882
681.954
501.355
655.313
940.926
972.646
895.74
1881.42
3964.1
548.408
450.801
612.144
429.446
1103.24
643.988
577.396
800.786
323.537
1505.87
1153.22
492.66
1240.35
872.357
1584.93
1043.18
1343.76
507.832
675.297
280.265
3784.65
1426.12
1077.47
705.055
1463.75
1799.57
916.38
373.74
816.399
950.851
569.806
1184.65
453.321
771.427
626.577
851.325
983.24
833.434
570.539
988.392
493.063
736.631
929.5
329.003
484.615
1837.27
473.726
964.445
5666.89
606.028
611.589
1324.77
902.365
1220.03
678.944
14796.8
1360.56
3349.67
637.042
610.025
607.306
2772.1
1096.74
638.584
1185.88
1055.42
1836.89
491.717
528.096
1141.82
1730.15
1226.48
753.108
1142.43
3291.66
890.727
1141.14
3704.02
714.665
1542.69
926.146
1393.88
1341.17
788.57
1078.22
1689.41
549.101
686.468
710.645
6708.93
1251.41
632.339
3419.86
481.989
1022.07
968.595
707.856
1771.86
1183.59
748.123
819.065
2303.13
695.744
828.732
692.128
468.46
530.093
496.919
836.961
628.547
1154.57
670.072
5903.66
1788.57
881.309
797.594
571.513
1600.19
2980.5
656.889
596.331
643.292
948.515
1115.95
817.769
1463.6
649.463
925.607
1081.43
961.336
627.817
626.614
1781.13
575.945
1620
4404.61
507.376
1280.73
760.007
427.706
1151.32
934.127
1717.93
201.953
888.533
612.378
623.428
1205.64
711.18
934.079
777.33
1392.44
1172.43
1365.37
627.918
1103.27
2031.05
864.207
850.444
841.929
427.721
493.531
802.858
1010.18
2612.17
601.801
688.821
589.129
754.039
752.726
1704.33
10196
2157.36
804.783
628.006
1389.76
1252.7
2858.13
440.047
811.503
640.086
1091.98
755.532
941.195
616.38
464.254
1075.12
4914.4
733.518
416.586
-29283.4
658.698
1829.09
420.886
1275.14
3582.82
562.985
1007.76
407.281
1476.18
763.044
399.798
624.134
1106.05
1277.36
1487.4
790.179
571.135
1552.7
878.371
536.571
1724.98
1188.21
715.373
1059.92
354.941
818.702
863.342
1462.19
445.746
2148.81
1288.78
816.381
2090.05
1116.59
971.571
658.746
1718.95
798.849
4179.13
470.784
967.795
491.63
516.055
496.394
2643.37
1741.03
736.245
390.282
734.873
1204.42
1621.15
3855.57
495.87
623.081
1220.72
399.477
439.082
1768.62
770.274
1047.29
814.904
855.284
3013.22
1137.96
421.418
1025.43
494.939
583.735
19349.9
927.779
2471.97
986.793
998.723
616.197
550.867
906.956
1227.87
2884.3
771.682
1971.17
816.903
1794.83
844.968
579.282
623.107
1252.98
973.826
3592.15
1746.78
1278.06
520.231
1274.33
867.142
290.946
3559.28
1671.9
827.672
847.885
790.545
1907.39
680.244
681.242
867.209
1273.69
1704.19
597.176
2352.41
1109.07
655.282
877.823
1334.39
926.647
411.477
621.377
872.638
700.579
982.536
813.918
587.816
1190.78
871.282
670.367
510.111
547.119
776.818
624.352
1360.88
804.987
762.837
1084.78
854.307
1333.23
512.409
2796.19
575.247
696.158
381.064
773.871
1173.03
409.065
393.102
5558.74
650.045
511.564
1073.25
821.184
527.967
1174.26
1084.01
2219.44
1003.19
450.124
523.37
1459.02
879.593
742.466
700.188
648.984
4000.74
577.944
1538.2
314.451
1365.61
375.345
1029.65
869.187
561.509
1209.25
2599.74
704.778
858.521
271.743
310.294
6533.7
371.019
1196.46
1164.78
1068.15
537.464
1277.68
675.52
475.061
1529.65
770.66
429.705
1737.43
596.062
287.036
2272.48
761.047
942.066
1491.12
6885.93
1117.75
7396.46
541.332
677.687
425.167
566.709
410.957
800.426
638.657
913.97
1101.93
524.307
1392.75
469.001
508.194
798.654
1319.05
703.481
650.888
1171.54
272.112
617.273
1102.75
960.593
1242.11
525.015
1387.86
2382.6
841.635
394.238
1402.25
719.431
323.419
999.887
689.643
1896.24
668.214
556.082
781.084
620.554
1545.19
400.999
571.897
537.697
2125.9
938.3
413.974
2480.63
514.146
1305.46
1076.21
525.103
1665.31
733.179
1325.84
475.846
2233.89
854.84
578.922
456.784
611.364
1930.39
380.718
677.222
562.474
2724.31
1133.56
1126.45
849.562
986.471
402.14
604.592
763.221
945.875
1041.36
546.168
1878.14
400.974
1943.95
1226.31
508.568
776.277
503.868
1170.59
599.539
692.987
508.561
876.069
1156.79
1605.09
674.215
653.766
759.043
2425.94
1731.47
504.021
865.317
511.099
1497.91
749.782
1379.52
773.725
821.525
629.473
2979
1381.94
1243.22
488.899
3273.63
394.626
945.828
1100.41
712.632
1274.8
2835.91
763.833
706.324
817.459
561.88
1221.13
765.688
801.288
495.107
902.087
520.933
475.851
363.273
2075.4
2424.62
995.659
373.635
505.636
365.559
803.471
355.683
610.257
298.137
654.392
795.059
1212.75
1590.63
715.921
1505.5
1335.44
7234.77
626.87
633.881
2210.78
953.509
701.066
523.727
916.264
1198.04
646.976
1234.69
535.999
1834.99
2035.9
655.344
793.297
834.528
677.702
1988.66
1170.56
533.863
488.074
1036.11
1558.09
1182.03
698.016
293.011
2694.98
391.984
1600.33
1075.75
306.307
562.404
813.759
608.882
785.115
1121.36
630.279
558.037
2021.09
717.553
576.13
444.412
656.059
551.445
1188.34
1302.95
2282.89
1569.51
355.108
1483.45
1670.25
541.91
958.764
541.709
450.94
1772.73
318.955
1281.65
731.064
1296.66
318.581
1057.35
528.929
790.987
388.876
551.477
440.7
593.122
2112.62
708.428
718.301
625.558
914.238
617.466
477.399
577.567
683.28
2361.62
4064.79
1424.55
368.154
1281.75
915.738
920.666
771.644
264.803
877.35
456.565
474.25
1132.19
1006.76
2131.45
1809.41
3194.3
625.186
698.224
575.016
642.013
1164.48
4535.32
728.754
904.593
860.908
697.744
465.091
597.992
1401.86
2022.47
864.193
666.71
1021.63
1449.47
972.417
329.491
1192.83
1950.16
868.303
1705.02
959.863
961.709
1237.63
1156.57
598.559
529.248
4201.42
728.928
1119.35
350.071
1357.59
754.202
1143.65
1083.88
1947.66
1187.39
1746.34
641.512
416.324
630.17
794.916
558.811
882.98
1442.14
1346.54
2045.73
645.371
2765.09
1004.29
414.065
289.225
389.39
1054.67
4142.88
372.645
2019.07
1315.83
446.99
1876.54
1053.6
414.656
259.871
597.211
2557.85
1261.47
2625.18
876.512
2023.17
2797.89
1217.19
3248.43
1075.77
1076.48
1473.44
1009.35
1.29814e+06
1005.04
1235.01
1043.52
1026.24
554.078
1172.15
1286.99
1081.09
749.473
374.674
452.536
2676.1
875.032
10736.2
2503.44
3013.65
623.178
999.091
1728.17
65523.1
605.77
906.414
350.819
403.998
1192.06
1269.15
2008.05
923.215
1339.24
972.699
1424.17
1090.19
556.434
460.467
1605.54
1101.12
1170.59
1222.58
503.542
752.681
2809.62
350.339
703.415
643.961
871.515
754.461
2471.23
977.065
828.776
1368.05
717.913
934.274
757.182
1990.49
748.736
533.439
1151.98
739.256
340.952
751.902
1284.1
4768.39
1030.81
1142.93
597.632
512.579
2618.28
903.203
895.07
1390.56
1351.38
548.644
1687.18
553.627
575.023
496.249
1184.3
480.868
660.237
1555.36
1195.81
2256.55
3409.39
3989.44
852.933
1150.86
2734.17
499.875
563.261
718.44
814.147
659.369
908.266
1138.95
1443.15
759.068
683.483
2034.24
1069.2
1041.2
1956.67
254.881
1757.21
870.966
815.281
850.437
1641.72
1333.35
2465.29
504.047
343.459
623.565
716.728
694.006
649.162
822.348
569.024
660.205
927.841
887.006
966.286
817.967
681.019
1296.83
1054.8
956.653
858.192
261.355
1815.89
1687.45
759.292
955.075
1025.78
713.052
458.509
1645.77
895.257
942.303
1419.9
408.387
1127.74
2724.89
878.622
1244.88
294.487
388.797
1386.25
659.56
479.665
642.351
555.334
1069.48
2098.18
408.88
669.824
942.45
770.696
384.245
2000.71
929.702
404.936
1099.26
2315.29
852.282
599.869
1315.8
623.307
616.732
1472.71
632.867
558.722
314.487
1294.76
990.173
1234.86
916.092
968.665
1653.75
576.461
787.07
1010.84
1056.88
5614.77
155.446
500.251
1653.42
1953.02
1267.79
1737.73
310.676
610.198
728.942
11046
373.573
3385.23
815.137
1259.12
571.943
985.02
946.481
378.809
953.393
459.37
1235.59
1151.38
638.008
590.238
864.711
692.59
1503.74
685.618
2134.19
1119.35
2615.85
539.532
5326.53
617.496
1459.03
620.112
697.435
481.48
536.347
791.632
967.097
1222.36
1047.36
970.55
566.484
2717.34
960.37
404.455
846.456
807.386
761.531
916.933
5814.41
1032.14
499.706
727.073
661.558
843.385
755.925
2867.14
581.204
690.984
272.017
628.013
1887.56
1297.19
1926.73
1555.77
1378.16
2087.92
12365.5
341.727
548.914
771.592
870.818
1412.26
1531.2
900.704
778.437
680.624
7451.6
1744.37
466.771
607.022
1039.86
694.335
1341.11
1184.29
375.024
3484.07
881.398
798.194
1310.05
2030.11
762.313
495.876
922.208
1022.13
482.408
639.426
638.229
1115.29
737.807
1493.67
1027.17
319.143
1209.8
10547.2
389.577
321.008
2257.89
1214.1
810.79
374.254
2062.42
558.738
1983.05
1383.29
951.943
895.538
1766.72
876.846
1373.88
684.71
1129.22
1158.5
2205.5
1228.58
1041.78
1066.84
846.521
1125.57
258.15
396.637
1034.56
919.611
1291.71
292.761
2088.99
1934.17
816.054
2081.65
2870.31
731.282
1085.19
763.53
393.877
850.446
1010.36
1431.48
1498.34
827.634
3707.93
379.523
1206.51
286.791
774.964
1390.48
1117.82
2034.77
672.445
502.425
628.107
418.055
526.18
1532.51
3655.61
484.425
943.52
528.615
460.616
913.126
942.839
686.349
845.776
1724.69
1058.99
409.268
611.328
594.61
1953.12
2081.98
708.113
775.514
934.747
942.807
1361.24
1125.57
2541.87
1811.98
1048
1207.46
1606.98
609.872
920.112
629.612
1204.46
1393.4
925.881
984.759
661.521
216.849
958.986
5764.91
464.859
711.75
1006.78
1051.68
4951.14
504.65
1146.91
1150.6
772.236
3198.47
458.095
351.687
1342.06
1494.94
1376.19
678.262
930.981
1283.24
3195.66
451.144
1244.61
548.787
490.468
1314.6
1136.49
1434.3
2576.28
1533.75
718.941
1037.53
667.148
312.026
635.294
633.462
3064.88
311.753
1061.79
937.667
778.995
953.934
617.787
528.496
1253.72
588.546
1584.91
697.781
1529.64
1173.91
1682.57
573.301
1096.87
2982.1
2885.69
1226.08
629.299
884.537
1980.69
988.012
1245.72
2133.92
765.068
531.089
1898.35
477.686
663.815
572.148
678.488
889.242
296.011
435.182
3778.17
1739.95
1255.35
721.303
1056.17
2273.35
2097.54
431.707
695.281
343.717
2870.97
5237.09
946.12
1039.17
394.868
1732.83
590.718
1229.85
1373.35
1425.15
792.832
643.452
621.525
511.222
945.173
1041.36
331.305
870.78
787.147
534.906
784.15
882.496
1045.54
829.646
539.213
1113.73
977.541
591.19
869.383
1212.4
927.694
2250.49
407.347
863.975
1118.74
596.38
828.393
744.287
454.695
564.192
347.603
1538.82
3052.63
859.786
741.7
529.797
414.5
462.842
1056.88
1135.96
1244.11
1411.15
1440.41
832.54
1084.37
872.901
634.498
543.136
421.201
1040.19
1046.57
499.663
356.032
439.236
824.906
346.136
960.09
1551.69
354.419
2181.32
519.813
736.787
735.034
1045.31
1395.94
2732.25
1813.38
837.561
816.809
2121.25
796.984
431.205
7296.25
677.687
498.511
1411.82
1954.64
658.496
1115.71
2417.12
562.569
1458.1
739.457
1513
10492.1
682.317
1116.44
689.546
794.309
1054.91
2304.58
1424.73
251.633
1593.83
1193.05
1452.46
763.796
1513.94
1968.51
1161.85
347.983
890.709
466.313
1585.36
944.021
770.54
2657.22
468.784
436.077
2015.9
2151.92
549.334
3301.18
548.732
1425.7
1367.68
2192.32
1177.68
702.872
562.709
627.067
1194.81
947.985
1108.36
277.053
727.453
1011.38
518.2
547.875
1332.67
1075.8
397.743
565.072
628.566
2979.58
577.235
964.021
485.901
1193.5
951.163
647.343
664.986
474.514
1538.52
915.819
636.376
477.013
2306.43
619.332
914.592
949.547
554.426
1662.02
855.708
1213.84
2441.81
2636.14
1237.69
463.928
2217.74
441.883
1388.36
755.765
624.759
862.843
1308.8
2053.09
808.926
637.9
1267.22
1572.19
651.827
452.972
1201.57
472.693
1528.01
5044.89
6588.69
673.277
1002.02
1066.36
384.342
2165
658.371
520.583
1376.56
1391.09
1148.2
1152.14
896.264
930.892
2505.54
527.327
1090.77
1978.46
582.911
682.285
947.157
1221.79
364.738
858.58
686.645
1323.49
10080.2
819.005
695.788
846.941
1059.69
448.358
1284.34
619.433
637.871
628.843
916.862
418.694
1137.91
1579.05
999.351
1178.21
780.107
720.527
1002.05
1538.39
734.838
1849.94
1072.06
728.949
895.281
906.891
1428.37
575.942
1846.39
486.204
1291.29
1597.16
640.903
542.718
2766.75
2075.84
1245.94
848.45
1309.04
1603.73
703.661
938.069
1130.24
739.161
991.366
1375.25
512.321
768.271
1510.16
1018.59
1103.93
8906.75
652.708
1638.85
921.803
584.959
631.922
1651.5
2338.58
1784.58
765.626
495.918
806.641
579.309
966.104
479.626
535.119
811.133
787.457
401.126
835.784
2295.96
1342.55
1338.47
410.667
1448.61
650.075
504.165
1093.13
712.94
658.143
1250.47
718.26
2330
747.303
483.009
1876.61
629.682
1072.65
593.063
1206.3
588.819
