872.595
765.606
690.52
670.334
724.655
825.728
715.624
815.82
715.313
870.148
868.746
815.832
818.095
711.542
741.82
764.316
781.406
799.801
687.986
572.538
817.187
758.277
906.843
820.576
693.535
949.927
679.336
672.466
697.528
652.014
759.355
824.775
650.866
640.922
701.282
931.492
793.689
741.238
679.199
863.177
776.904
834.182
673.165
693.643
585.335
780.935
701.614
543.068
665.964
672.829
609.185
783.498
664.036
737.721
615.885
755.743
801.761
695.184
855.777
611.97
800.798
747.959
764.318
667.184
734.504
681.087
958.049
751.042
1027.04
713.333
608.571
783.65
689.939
739.154
696.805
749.473
623.183
749.771
900.845
626.238
795.904
735.46
749.538
834.526
713.062
612.032
661.421
963.474
534.175
670.115
620.499
643.616
848.445
753.774
880.973
732.015
797.608
634.92
620.763
607.834
685.205
714.797
653.815
812.691
691.071
805.218
658.242
632.159
685.375
722.624
834.832
875
767.223
696.977
616.782
819.886
653.071
803.329
877.108
787.653
659.321
629.871
697.275
808.975
785.928
871.518
820.931
691.327
665.143
766.038
730.578
661.294
808.15
760.084
610.019
691.679
655.134
600.697
664.697
793.765
655.489
909.695
630.894
707.773
640.56
833.412
635.451
729.644
609.83
670.542
638.284
712.066
867.34
575.712
1054.42
701.726
738.036
816.973
683.35
742.955
598.942
999.102
765.897
756.974
842.448
710.885
846.438
676.523
732.398
715.436
648.037
829.754
830.202
712.813
574.616
734.01
815.779
674.852
611.616
621.392
691.404
645.466
660.029
844.249
701.22
708.268
966.946
763.02
770.477
647.975
603.627
774.725
717.539
656.818
894.301
928.891
699.02
705.267
719.56
630.677
678.589
715.827
645.139
817.234
635.168
859.737
675.773
795.232
622.334
812.093
599.519
557.239
619.376
821.58
754.28
701.73
782.779
926.982
743.472
690.612
640.362
573.842
871.492
614.955
946.036
537.479
768.846
740.079
724.061
637.947
660.39
694.43
599.055
751.071
821.748
770.804
723.012
603.077
655.516
783.383
597.019
623.8
857.052
817.178
535.544
653.334
728.335
650.562
603.461
494.973
599.161
884.947
631.356
821.103
672.914
803.071
902.655
840.53
793.869
676.798
619.492
776.026
697.251
735.422
606.996
736.029
735.451
707.561
826.435
746.607
712.445
770.171
835.898
775.014
684.794
768.243
731.727
730.559
619.837
678.355
602.029
732.948
654.831
770.526
677.549
716.349
633.624
688.47
882.195
604.226
714.125
812.677
627.278
750.344
699.786
775.63
685.538
642.55
685.625
654.005
613.268
766.43
750.459
736.138
646.643
643.756
856.649
706.624
805.527
803.074
668.379
762.742
655.85
599.071
817.367
645.418
916.415
651.736
850.052
738.001
694.071
761.768
584.208
674.262
746.418
721.886
836.948
823.581
785.862
857.151
734.429
751.439
732.753
671.647
664.236
689.123
772.386
535.07
853.405
784.134
710.535
730.691
831.752
851.614
678.448
614.484
710.158
661.879
714.138
902.922
856.676
612.505
769.766
630.527
794.646
613.199
725.312
758.692
814.567
686.773
593.332
645.908
686.353
772.537
632.508
818.511
623.124
771.013
835.666
694.973
853.419
757.516
655.377
737.711
749.14
743.742
864.705
1096.53
736.158
902.542
633.352
989.521
579.34
675.622
751.625
644.197
784.908
692.413
633.154
705.228
690.451
691.131
710.674
667.796
665.208
834.438
723.89
771.931
677.145
665.4
719.206
745.482
650.138
739.939
697.687
754.57
733.761
796.809
776.583
745.429
686.081
738.838
743.923
707.644
674.48
648.136
759.119
527.962
724.029
662.939
829.323
582.618
602.052
866.754
786.686
931.545
709.659
639.189
711.09
701.625
751.336
650.219
794.62
743.4
726.168
703.428
566.079
648.558
900.285
786.29
941.147
824.064
551.796
779.79
775.521
768.965
774.169
765.577
757.211
896.276
916.12
874.512
626.327
583.006
838.562
785.004
628.934
726.289
1209.98
818.34
803.003
714.586
717.65
679.82
726.859
845.882
862.567
602.516
676.437
747.798
782.325
706.092
664.978
636.922
707.391
626.044
604.487
628.286
747.007
740.861
674.383
771.097
750.341
480.613
638.577
827.778
660.625
839.565
753.49
765.24
703.048
842.522
753.265
629.832
779.785
659.293
859.37
567.32
659.681
741.895
672.012
799.675
796.334
672.465
643.161
1079.66
637.202
806.351
707.056
787.608
818.041
734.958
850.822
821.282
729.916
655.138
700.445
720.391
611.407
763.193
722.762
706.597
864.578
791.278
672.462
707.218
624.107
683.947
775.471
736.206
637.525
549.081
733.788
792.528
738.404
685.801
879.589
868.701
541.489
689.474
883.572
742.694
873.936
844.022
655.145
760.3
561.958
800.027
761.321
893.742
576.011
751.046
710.754
782.71
733.475
871.47
681.798
645.463
694.243
734.129
748.581
700.757
718.23
695.693
637.936
698.793
667.491
722.345
888.879
721.754
776.657
789.892
752.745
737.653
792.513
727.612
557.985
661.088
885.293
820.609
639.53
586.677
630.835
855.921
799.387
682.834
761.655
649.423
771.979
730.876
670.986
841.623
583.825
634.993
704.82
757.48
922.792
626.999
708.612
573.152
610.034
657.834
573.3
838.69
748.171
682.057
724.293
669.244
923.441
898.205
761.544
754.529
649.273
691.769
748.678
812.633
597.544
836.207
861.556
693.519
629.095
771.166
728.234
574.589
743.324
716.384
797.183
883.665
776.233
766.791
718.927
603.829
776.487
663.833
543.518
770.52
681.796
633.561
918.296
870.476
738.395
784.192
739.69
611.798
729.02
606.251
970.389
725.058
787.257
869.174
821.871
597.213
774.286
746.363
619.383
636.51
888.066
712.903
744.088
698.252
654.877
817.49
884.259
718.189
801.508
713.407
794.154
591.216
756.992
713.077
749.54
725.386
596.33
666.414
807.177
649.057
755.002
721.558
616.273
985.144
620.446
706.976
696.911
638.398
685.716
758.599
808.732
685.839
881.271
686.476
735.224
596.538
751.78
862.651
893.031
566.837
658.805
798.361
714.581
642.189
774.489
789.427
701.49
592.258
600.334
612.472
633.746
699.154
829.974
624.161
704.12
828.728
741.594
751.818
693.9
707.825
593.503
770.028
662.348
693.264
480.112
693.566
738.772
646.478
815.204
815.8
709.236
647.185
695.04
680.772
726.051
569.497
613.381
572.628
829.313
667.967
789.586
705.628
839.982
779.675
661.11
594.898
747.583
610.458
679.3
802.056
691.325
566.213
661.304
767.569
661.955
755.2
864.622
637.185
768.124
869.679
675.775
661.365
666.026
867.338
841.346
686.252
798.276
738.179
690.538
552.438
640.919
628.202
721.329
903.421
772.737
673.796
655.669
736.995
678.835
942.529
877.059
664.304
804.276
593.868
812.964
674.895
659.405
700.626
701.371
931.977
987.598
907.866
728.467
692.385
892.427
737.442
562.196
808.713
704.646
600.808
717.987
669.894
558.791
659.926
727.709
591.344
652.158
691.914
700.948
653.313
651.356
606.312
642.59
733.246
741.97
852.851
696.62
754.155
619.509
796.7
733.024
618.882
652.724
792.257
810.843
579.51
680.071
698.91
779.479
740.775
668.43
668.634
690.997
613.628
854.393
664.811
652.855
676.326
738.06
788.675
614.01
762.072
597.035
902.131
752.383
689.951
602.248
725.691
779.796
778.572
742.066
791.427
776.91
686.408
766.929
719.557
664.922
675.497
666.06
668.35
720
624.092
634.31
763.187
696.02
695.556
637.328
640.13
622.488
854.017
639.627
525.609
673.801
727.637
685.686
621.775
734.4
625.726
948.625
726.081
951.095
700.797
780.17
767.786
594.058
787.546
605.675
920.881
783.215
768.302
688.124
761.465
731.095
787.347
701.824
622.22
680.274
737.272
733.14
585.489
678.494
723.436
748.949
615.564
817.742
678.205
988.696
576.542
622.934
621.348
643.767
563.739
868.184
627.128
647.449
745.214
572.417
797.858
706.65
632.001
563.786
810.486
742.512
667.262
633.311
788.943
726.342
740.321
798.484
662.215
863.965
781.205
682.867
725.431
670.654
868.986
838.667
681.084
777.178
603.534
729.812
727.596
752.132
1051.19
788.991
885.494
898.723
754.186
596.531
749.934
819.856
731.626
831.63
719.324
677.495
673.066
618.707
591.911
607.378
659.585
991.602
683.392
719.319
846.473
796.127
912.958
672.062
634.287
614.166
665.362
765.424
664.54
695.954
756.182
749.986
713.092
693.899
783.21
749.736
733.233
681.52
825.534
676.952
665.145
750.45
809.546
737.504
736.695
603.208
673.337
722.347
779.481
825.232
699.49
781.928
1117.39
593.449
782.044
694.905
919.217
751.118
664.638
753.263
853.62
666.766
665.844
740.007
790.08
769.117
733.568
837.314
732.907
743.52
669.796
815.093
907.918
627.513
806.561
704.966
814.855
736.997
707.332
794.611
642.89
577.36
878.019
780.407
938.582
616.722
716.187
836.088
635.839
625.004
640.282
677.372
548.977
634.609
833.366
750.19
756.531
859.551
688.181
637.354
712.659
709.075
644.418
744.309
795.093
518.694
686.485
716.312
871.182
836.2
556.594
933.557
631.173
605.806
889.106
732.182
627.539
594.273
627.814
863.612
661.769
685.515
565.814
777.584
674.91
631.791
668.383
871.586
707.087
769.613
772.195
743.356
762.407
730.285
625.609
752.794
815.587
597.499
761.05
888.776
914.774
732.902
770.013
721.458
670.146
737.387
776.703
886.848
684.363
668.186
907.098
756.728
659.645
667.003
894.993
595.283
704.78
642.999
719.768
899.825
657.292
614.429
685.319
681.366
618.911
580.209
746.352
647.374
614.231
740.267
850.501
633.944
678.353
706.181
891.373
877.802
763.539
637.635
746.484
841.772
800.666
686.447
791.639
730.808
686.093
580.766
572.484
730.894
624.147
662.984
725.549
792.909
730.819
769.313
692.161
776.172
742.685
736.131
707.885
689.599
631.977
857.878
560.909
805.287
723.882
628.186
647.085
773.894
708.074
774.643
740.871
747.285
695.098
609.06
572.103
613.155
776.818
616.828
760.426
821.268
651.598
816.41
664.303
742.138
810.569
667.408
752.375
1014.23
724.694
835.486
773.409
656.104
811.605
718.175
603.242
666.315
667.518
663.316
744.845
744.78
848.936
931.887
794.696
866.639
723.028
790.177
610.591
822.125
693.845
666.139
734.376
811.197
841.802
703.294
598.924
742.536
707.671
645.562
850.569
719.91
658.316
716.637
861.971
632.598
745.854
744.658
687.258
715.822
757.367
715.932
681.183
708.134
875.086
728.592
802.858
761.782
793.54
744.558
762.602
678.344
721.403
896.839
828.388
837.031
946.927
709.608
809.852
776.211
878.412
728.981
835.468
637.822
584.569
871.592
763.472
691.087
762.398
683.719
864.09
912.548
796.662
707.927
724.246
670.371
699.381
759.16
679.238
651.695
841.587
691.372
602.047
654.635
863.228
772.087
970.991
784.991
707.841
658.065
969.085
704.255
694.716
804.057
921.463
750.654
873.824
707.945
703.454
561.08
613.09
745.037
594.59
672.22
699.205
819.082
929.696
993.113
670.098
604.349
745.895
702.453
942.7
752.057
706.556
725.449
658.804
776.114
717.459
707.398
832.867
677.809
803.886
630.205
760.079
818.39
811.623
628.135
904.795
647.72
624.412
844.884
653.265
604.533
715.662
645.159
763.131
700.84
817.299
804.212
795.117
717.47
702.701
718.363
709.729
855.861
802.892
607.909
861.343
771.036
732.64
679.3
773.358
808.912
648.421
769.176
783.483
752.144
751.434
757.761
863.199
812.788
623.302
762.028
755.202
601.848
887.423
648.188
782.775
689.956
786.985
944.302
792.312
621.839
638.137
718.851
881.671
738.199
724.539
745.724
823.321
752.567
612.873
700.858
950.482
793.225
680.067
593.476
728.985
599.195
672.554
620.42
814.944
667.626
832.781
713.752
776.569
785.344
699.061
801.06
842.756
900.486
662.467
650.714
866.035
817.344
724.729
821.076
642.452
842.113
743.693
965.437
687.279
782.591
757.919
746.191
712.017
741.552
653.028
611.304
725.424
599.528
676.238
813.323
641.49
759.239
630.809
653.331
721.733
618.926
665.347
658.922
814
664.738
695.494
726.111
675.797
770.702
717.165
597.456
597.053
585.728
746.288
630.094
785.714
782.881
560.181
688.474
733.142
770.716
638.872
840.035
680.704
807.499
756.119
760.442
701.659
860.025
764.523
713.619
872.048
634.285
697.484
847.042
838.818
667.581
610.154
641.45
875.133
727.005
742.895
741.808
856.115
696.394
761.489
888.493
747.798
763.48
812.469
845.939
810.424
964.278
858.963
630.949
540.379
660.009
799.433
761.767
863.56
724.343
719.258
749.079
721.61
592.431
747.267
1069.79
714.132
641.453
837.48
738.466
740.001
668.785
748.994
564.632
732.009
624.273
787.165
559.733
780.158
682.494
695.263
723.375
739.471
669.135
604.409
567.884
750.087
699.158
803.627
553.093
635.702
768.678
715.298
712.712
691.116
599.771
773.652
689.357
761.63
702.826
693.851
545.444
776.418
724.685
796.963
729.009
801.191
611.395
618.301
919.923
676.521
578.014
682.563
590.163
584.207
767.948
721.837
977.392
669.905
748.386
629.107
895.164
694.777
780.401
832.787
697.351
642.556
769.399
642.069
862.632
893.434
633.905
670.183
848.398
744.953
585.591
769.674
760.874
654.247
603.353
911.135
615.152
663.856
729.659
731.325
636.567
704.274
780.234
642.529
625.564
650.75
612.082
673.542
634.541
749.667
673.783
698.124
847.737
958.231
928.893
756.399
849.936
714.271
700.95
645.948
587.287
869.798
748.819
797.471
812.416
665.608
674.756
926.388
977.959
609.118
820.436
1026.39
698.354
787.049
715.247
687.075
874.677
656.547
789.373
642.871
642.02
745.031
826.71
660.97
823.367
637.372
702.363
618.741
697.079
850.122
714.391
777.114
793.754
709.965
794.312
689.276
589.882
830.756
587.866
750.018
676.727
762.637
690.728
677.645
738.917
893.341
694.523
687.42
699.418
722.497
667.229
691.336
660.087
656.796
614.91
663.75
780.48
577.827
659.38
632.234
767.725
877.744
546.107
1035.55
705.36
595.43
730.007
579.914
852.064
745.032
916.412
728.169
675.219
622.812
713.789
637.508
645.407
607.327
812.697
714.57
991.493
544.676
815.333
819.703
772.752
683.159
664.183
760.492
722.818
667.68
832.55
708.754
709.486
756.227
674.926
482.475
584.317
806.276
987.362
730.253
826.619
641.455
685.63
632.599
713.377
720.83
712.446
849.952
646.067
768.279
786.924
700.33
638.558
828.667
634.696
678.857
756.007
623.813
757.947
600.268
659.302
655.967
673.416
685.136
770.473
895.504
618.859
697.639
798.827
719.129
705.883
798.276
737.616
1115.52
648.337
610.083
809.343
780.65
678.992
674.48
671.573
595.67
783.15
726.154
730.672
804.269
714.817
725.131
582.008
683.409
649.812
636.026
681.608
666.067
716.234
857.6
684.225
611.85
759.592
617.666
713.441
821.331
652.554
709.826
827.435
814.286
779.463
648.488
826.833
703.069
764.19
784.874
704.052
700.949
797.127
753.007
745.95
903.198
851.226
674.776
644.261
666.989
618.322
760.656
782.232
773.93
610.879
702.485
792.461
733.94
851.802
677.291
761.676
789.735
730.745
668.369
974.954
646.876
830.336
741.258
901.438
723.053
771.711
632.255
612.844
616.562
841.789
625.184
736.053
588.837
716.762
761.789
743.942
774.951
686.516
689.809
781.981
766.544
726.811
816.138
788.34
689.611
873.992
812.705
692.273
751.065
697.129
972.201
610.811
815.154
674.897
782.428
668.158
546.03
689.597
756.808
681.234
737.929
676.428
709.943
707.61
564.387
678.435
841.617
602.06
821.294
819.821
837.798
780.242
721.627
711.753
938.687
648.758
677.944
725.898
905.338
771.223
818.686
776.487
715.846
670.832
682.565
728.225
720.735
676.728
712.319
655.26
784.612
692.507
805.546
722.487
680.796
676.708
646.818
577.647
853.057
669.335
596.747
687.587
610.047
642.348
694.086
745.836
760.741
855.28
765.947
782.04
727.341
694.519
637.89
756.741
760.183
805.565
676.377
825.894
688.412
731.709
650.705
650.48
790.154
878.337
600.201
619.833
602.715
733.11
708.059
699.272
675.072
792.649
678.899
669.86
784.483
632.59
983.358
816.678
768.974
923.807
647.626
556.93
657.338
663.681
590.736
638.495
733.322
965.376
656.734
725.353
640.163
688.394
618.086
692.998
591.126
662.153
789.92
676.054
729.038
671.898
756.185
817.989
977.693
836.527
666.099
687.632
878.299
671.532
843.259
805.423
660.257
802.221
747.878
579.383
749.624
679.528
667.446
812.817
886.692
746.709
766.565
604.36
926.669
701.775
725.888
626.643
668.887
780.254
713.36
757.689
602.97
711.999
783.678
777.248
629.242
799.513
862.455
657.378
604.542
644.11
767.26
715.193
648.169
631.512
764.96
602.015
658.04
716.148
751.454
822.194
712.351
677.359
760.616
700.765
733.913
611.305
857.673
883.256
748.989
795.487
682.971
743.658
724.823
624.427
675.899
751.833
715.52
860.158
686.677
688.444
722.83
562.889
764.558
728.977
660.815
843.116
850.754
774.569
759.789
771.584
784.989
872.495
778.355
773.595
788.201
753.59
774.1
938.745
569.469
686.564
700.882
677.751
721.52
670.081
789.483
780.057
708.947
712.211
608.123
719.64
703.83
750.069
604.736
678.964
542.749
848.984
696.346
689.181
615.982
727.502
739.711
613.668
630.461
753.656
752.515
625.604
737.74
761.622
730.232
661.612
673.322
831.004
718.317
757.297
684.599
628.505
840.008
646.603
805.117
631.638
707.737
718.878
820.476
802.124
826.308
770.344
818.508
752.091
687.055
699.602
700.746
672.251
784.754
715.191
670.771
755.35
807.64
662.687
771.807
534.264
616.169
788.644
651.743
667.895
770.549
606.535
670.829
667.126
736.154
690.613
716.737
619.483
705.285
695.62
601.337
823.827
779.349
759.412
810.581
773.125
800.097
654.591
851.533
706.691
756.76
832.354
572.758
699.357
695.7
814.424
829.156
764.348
661.229
763.839
722.009
688.273
755.244
746.212
883.589
605.536
930.411
864.596
971.991
748.942
806.733
707.677
717.369
849.881
790.882
842.041
822.417
805.026
632.027
638.935
710.114
714.666
527.354
703.244
560.311
689.459
754.462
762.738
759.754
594.884
708.858
731.265
709.777
622.228
745.714
750.02
738.358
688.151
752.528
892.289
763.892
794.886
888.36
673.357
782.331
701.41
818.774
831.797
751.994
665.667
816.11
789.151
698.899
677.72
760.4
686.538
667.574
661.773
757.529
544.579
803.313
614.8
597.919
758.646
875.722
642.559
606.808
764.413
657.45
811.041
677.498
761.693
883.159
638.903
712.898
836.193
596.224
724.843
575.986
564.751
815.058
635.977
737.525
822.259
852.342
885.273
914.8
850.217
744.313
635.809
738.208
767.045
731.621
779.126
567.794
669.469
772.184
915.019
614.31
684.957
716.614
658.422
765.76
626.478
816.675
732.58
667.966
856.821
691.802
617.607
861.338
709.813
916.173
942.361
688.808
928.188
655.065
787.291
879.534
851.469
730.718
737.114
817.982
842.451
826.486
768.599
686.512
758.239
817.988
816.347
653.977
845.576
798.848
665.471
829.782
722.583
736.754
745.882
713.958
703.289
674.827
887.603
570.955
710.624
771.087
719.272
842.5
851.102
685.378
847.311
780.744
886.22
610.81
721.838
723.099
709.09
906.769
840.425
704.023
683.22
742.332
756.942
722.157
710.694
800.582
962.403
726.432
761.672
777.874
834.319
676.392
793.813
704.53
633.361
694.418
963.714
862.209
654.826
745.222
828.689
875.167
695.21
656.757
784.899
585.606
584.214
739.749
539.734
800.975
666.059
638.911
636.666
627.902
699.119
1001.18
732.37
737.445
703.418
757.538
699.683
899.133
698.544
765.602
670.103
622.697
744.533
770.65
622.836
675.765
698.078
866.649
751.453
744.2
825.939
728.177
674.291
703.754
722.759
796.651
912.515
632.414
637.3
832.279
685.858
827.78
770.933
675.929
787.435
793.608
686.495
592.162
553.12
818.078
629.122
523.716
727.836
829.631
591.784
756.614
664.185
732.412
788.893
769.333
860.031
777.106
713.105
758.395
676.086
784.473
630.728
687.8
929.864
828.191
678.811
865.56
720.599
715.392
887.355
712.559
786.027
664.468
717.138
608.675
868.322
830.345
646.071
814.503
709.241
768.074
859.721
655.719
748.819
665.645
897.311
717.482
641.092
918.906
851.012
616.701
800.293
679.739
915.977
647.551
515.353
843.655
738.822
613.469
772.814
806.56
562.791
677.874
652.359
936.896
900.036
660.658
680.086
644.259
770.372
652.491
693.318
630.692
793.31
734.442
667.39
725.739
821.738
929.04
651.453
945.547
697.397
643.122
827.561
914.067
649.405
765.6
764.819
829.949
670.824
707.841
720.581
735.657
768.124
770.464
639.924
619.074
755.065
706.972
819.365
724.666
551.064
632.743
778.428
566.76
621.839
819.678
679.795
683.073
721.046
718.368
711.892
843.392
731.819
758.877
689.808
681.038
551.614
805.57
753.21
730.294
601.391
765.295
675.737
749.966
666.141
664.145
726.659
696.866
755.867
773.963
776.268
769.356
798.304
990.416
695.89
824.463
715.294
732.705
673.418
692.865
650.039
777.7
734.555
818.686
867.464
548.67
621.513
677.267
754.342
735.063
777.365
587.979
861.58
628.177
804.642
857.886
751.188
801.39
717.737
697.88
599.15
862.879
574.291
604.409
796.958
581.443
711.895
760.17
706.641
753.742
670.065
707.012
669.622
573.956
720.656
566.693
833.239
701.027
713.01
701.495
647.564
856.111
644.605
595.638
779.431
716.095
657.551
724.555
700.276
799.918
782.363
620.922
702.512
653.85
860.37
692.648
709.226
777.404
771.606
812.263
671.307
586.5
670.592
742.159
602.299
680.236
745.573
722.744
828.113
663.414
663.672
708.729
696.875
808.227
714.699
590.179
673.504
641.939
724.354
769.604
622.452
676.617
623.263
788.813
853.08
790.84
594.55
670.146
678.832
714.666
718.597
735.301
721.264
708.648
818.637
785.333
740
797.031
986.177
776.925
679.372
712.491
583.258
662.728
677.43
647.316
613.894
703.947
674.133
765.574
710.999
730.868
849.918
700.557
687.669
736.069
775.125
703.066
630.286
899.088
760.833
656.752
852.715
703.444
852.129
723.049
697.711
683.486
597.11
695.765
861.943
760.916
739.623
922.885
630.467
700.613
663.651
803.764
715.55
636.618
807.104
787.593
590.173
543.785
755.382
697.875
856.637
787.679
612.847
719.631
795.89
566.882
708.073
793.28
630.863
775.65
801.036
736.101
661.376
977.263
754.582
686.104
821.421
763.758
670.804
645.793
837.257
674.18
521.615
708.841
898.967
704.933
840.855
766.727
697.255
693.492
583.509
734.81
839.277
622.429
878.486
675.898
616.951
745.36
715.791
841.798
685.395
706.194
840.518
800.651
727.103
666.688
938.827
679.715
727.183
821.455
685.987
713.002
774.682
779.488
703.84
675.338
702.36
803.973
796.675
757.357
648.589
803.102
717.921
987.917
793.682
660.091
637.615
665.789
712.301
770.666
722.584
939.896
691.578
662.316
787.87
666.019
677.221
668.804
869.837
677.024
939.946
638.311
686.19
712.382
646.755
535.703
648.488
684.779
808.24
732.614
658.748
774.619
852.331
531.153
767.716
714.578
732.055
797.46
646.67
658.767
699.716
710.795
607.352
664.92
792.291
870.944
749.724
790.913
619.96
840.871
827.322
750.637
728.964
785.65
739.424
824.353
670.117
678.674
1002.92
773.012
688
632.759
556.68
646.222
802.819
776.125
738.706
758.173
924.631
660.995
760.091
752.988
708.347
760.952
574.376
776.128
622.246
611.599
723.39
654.206
678.397
775.617
751.665
720.658
816.861
774.185
829.526
740.983
1001.26
728.698
650.421
898.629
750.777
661.573
876.46
666.611
732.328
616.947
784.038
976.258
616.556
730.465
708.679
678.262
702.643
877.902
738.764
678.907
780.089
781.553
731.557
770.998
626.668
775.918
893.461
749.023
839.846
734.085
833.021
668.621
655.862
627.252
727.088
673.894
626.386
637.499
673.366
726.245
660.465
757.231
672.569
629.844
862.393
742.755
822.21
809.789
683.51
692.374
815.279
743.579
704.273
863.431
699.167
876.894
987.904
813.657
606.775
772.502
530.751
790.846
777.293
850.253
591.85
736.446
612.183
704.089
653.996
851.621
691.733
765.747
847.044
571.377
891.29
759.152
549.742
760.793
712.408
753.902
615.162
608.056
704.001
852.083
776.744
711.823
658.613
837.478
729.823
714.105
566.751
701.537
616.333
717.153
924.115
697.864
659.06
760.451
664.506
655.855
732.926
749.295
602.905
798.431
684.375
769.389
598.424
587.967
892.45
686.755
840.859
723.446
850.488
959.652
702.234
710.013
754.369
894.944
763.836
784.338
879.739
688.387
1053.73
627.495
615.638
756.838
699.006
669.087
746.962
699.41
957.127
894.436
736.202
665.729
727.705
738.08
855.053
696.163
633.706
627.72
622.574
723.255
694.153
721.29
691.796
704.365
829.343
844.179
595.45
679.571
725.37
771.049
687.16
883.228
808.91
650.935
714.907
681.707
891.911
744.334
685.317
610.286
940.243
641.576
797.164
778.844
830.274
653.48
706.523
722.173
630.34
646.719
755.858
567.366
786.205
755.916
784.747
869.87
883.349
695.298
660.858
762.524
770.824
696.762
780.51
638.431
813.544
680.709
873.685
576.998
684.03
706.633
634.833
763.119
677.25
782.663
617.83
752.42
782.59
755.974
806.15
718.211
466.32
804.684
779.47
633.384
691.414
999.816
741.944
604.142
891.111
682.73
884.037
655.902
746.261
613.701
847.225
687.286
660.008
869.569
667.599
871.566
872.736
761.792
734.139
862.018
809.167
727.526
819.842
690.908
801.161
691.336
855.762
602.67
831.623
660.717
884.708
575.648
755.78
693.953
798.186
695.714
666.27
699.067
693.238
774.78
715.808
783.761
700.439
651.167
820.19
724.889
817.709
802.022
757.125
742.483
924.061
782.088
707
680.272
558.731
684.759
776.719
690.642
790.981
839.015
647.168
665.99
925.467
627.542
683.433
929.322
631.572
679.433
776.724
766.685
960.278
757.833
731.098
944.303
946.555
678.907
540.369
683.802
737.042
761.03
691.373
714.29
863.295
667.582
701.772
706.622
666.229
791.616
706.008
688.599
780.588
830.238
717.425
619.559
771.182
689.834
686.997
713.231
656.244
642.532
673.419
714.418
686.756
703.689
706.261
745.351
775.17
825.502
638.611
719.805
753.659
827.604
763.432
744.42
647.778
940.223
643.351
912.243
762.662
815.743
716.049
722.019
920.002
627.414
873.837
774.078
662.487
859.015
586.692
821.326
635.74
909.421
878.49
752.811
647.156
909.105
712.033
482.793
595.843
842.136
750.175
775.473
594.12
820.913
665.592
947.717
665.537
762.388
741.495
633.757
860.754
666.378
666.283
895.472
661.995
852.379
855.318
814.594
892.31
661.96
780.905
714.239
722.698
684.858
814.449
710.007
801.253
809.303
856.443
769.269
763.931
781.483
644.109
747.344
673.251
667.886
682.739
622.766
648.413
649.693
632.01
721.709
747.758
697.279
669.735
646.287
660.794
543.69
525.496
730.44
613.65
716.03
710.137
652.498
821.915
597.095
797.914
702.273
626.538
582.924
817.199
758.17
688.756
775.824
567.747
770.672
831.013
803.819
680.825
748.21
693.491
691.436
823.74
741.775
653.411
786.967
772.661
686.597
783.436
758.524
626.632
733.695
982.295
686.32
744.864
916.386
607.403
714.213
745.627
592.349
651.222
888.51
661.332
787.651
931.265
676.752
715.072
625.737
744.398
731.701
698.35
773.251
787.293
717.916
711.555
626.023
702.027
744.177
649.531
1059.7
740.703
780.302
763.834
675.056
714.416
704.963
857.283
532.212
771.872
733.138
811.968
584.786
643.463
753.218
939.365
693.883
700.623
731.687
743.413
658.644
759.83
610.763
733.18
691.407
689.095
788.989
750.367
726.577
779.391
904.658
634.845
965.604
799.71
696.573
710.781
632.564
781.215
636.867
762.569
983.69
746.799
913.217
772.805
628.809
883.012
1009.78
678.145
682.03
951.031
723.654
757.9
741.96
825.918
928.778
640.57
744.622
761.884
634.465
674.276
604.682
784.728
685.178
679.638
913.81
704.121
641.071
888.879
813.149
756.667
912.972
759.803
748.223
762.876
761.801
744.307
767.751
711.469
680.592
900.971
716.57
967.456
766.503
668.847
622.793
870.76
580.97
721.254
792.24
718.15
857.981
759.064
575.516
851.727
537.649
872.65
784.065
673.303
681.247
592.097
587.69
689.721
678.204
788.983
613.686
1061.21
584.003
644.197
798.859
621.535
784.563
684.609
708.667
738.565
777.947
704.094
694.29
822.166
821.778
691.754
703.338
732.463
712.118
759.534
624.116
880.822
535.272
847.694
656.481
891.841
663.317
737.581
863.365
640.949
889.068
736.893
711.156
628.153
771.786
666.282
841.828
880.839
688.98
796.025
770.587
619.317
728.576
789.438
544.737
835.558
665.366
668.105
709.844
728.042
559.944
609.893
696.91
667.388
668.168
809.918
638.106
748.844
633.417
815.227
653.672
722.879
568.06
738.887
689.783
628.197
895.925
823.001
682.35
601.305
658.934
779.46
740.96
700.702
612.207
871.888
751.176
742.174
739.051
647.172
591.068
583.804
643.084
632.279
990.466
677.558
738.213
636.703
644.75
683.999
779.849
675.825
703.333
630.094
780.763
773.154
768.26
847.231
694.894
624.786
772.394
734.522
956.628
681.506
852.788
704.11
685.629
635.3
719.754
700.379
849.171
727.627
748.717
638.884
755.848
595.682
920.251
701.523
672.546
752.343
711.114
696.862
672.296
647.147
692.537
669.473
737.177
799.397
869.813
813.868
762.883
853.325
649.715
753.222
661.742
670.443
772.06
708.733
681.377
714.178
722.219
763.117
770.01
652.437
701.688
798.807
777.16
598.308
855.771
628.457
758.933
612.059
778.133
792.885
892.089
659.786
664.405
774.326
624.492
893.266
778.797
812.944
738.066
754.035
537.409
844.26
850.781
813.072
694.216
643.598
714.934
762.943
790.852
798.125
647.822
706.434
814.169
740.962
771.753
761.082
736.715
786.267
735.282
605.514
858.857
520.449
791.183
586.854
606.823
802.608
736.44
725.072
700.446
885.308
788.723
697.988
687.394
677.663
643.756
816.963
749.365
717.396
639.173
804.697
854.053
752.651
787.179
695.826
630.895
620.941
677.111
727.297
732.317
620.145
759.917
839.98
727.186
865.034
640.163
710.572
741.079
771.602
562.545
724.163
729.243
707.421
686.438
755.394
605.996
1066.39
642.893
862.524
559.692
606.466
801.036
701.057
778.907
870.503
739.83
832.95
710.222
654.703
705.563
760.242
869.084
563.347
837.216
667.648
741.85
704.339
854.861
614.963
747.502
813.444
795.408
768.034
782.029
579.936
841.979
632.034
808.819
721.586
806.782
699.644
818.573
588.316
676.115
864.409
629.173
730.221
749.786
634.212
820.424
657.983
836.239
776.365
773.25
769.552
665.949
899.084
740.381
668.474
809.491
652.14
785.496
707.091
707.195
598.389
541.579
744.427
875.5
782.012
681.717
695.368
673.031
727.053
757.018
833.696
705.367
802.581
790.013
711.87
587.986
604.674
684.896
825.62
739.894
783.661
772.191
710.358
758.649
754.347
761.657
821.827
790.875
803.119
828.296
708.021
718.434
775.329
635.619
690.9
850.292
850.542
693.776
809.734
761.534
809.185
658.802
733.78
830.132
708.327
726.1
755.8
699.281
618.717
826.29
792.316
916.376
814.838
655.931
724.023
835.111
852.347
505.521
701.905
788.259
678.608
622.299
591.684
681.226
779.179
758.864
679.903
871.449
792.126
788.816
509.674
750.135
798.524
709.709
587.605
655.296
688.378
629.698
712.006
680.977
564.076
730.413
699.824
602.396
608.31
727.274
747.79
849.686
782.594
810.775
755.719
531.595
564.524
684.772
686.059
884.213
715.223
771.379
634.618
870.719
684.215
770.578
643.975
630.887
765.783
837.307
748.225
717.159
708.423
699.046
677.816
719.546
807.157
822.877
720.53
616.859
714.502
787.357
798.104
657.56
714.818
623.579
864.306
650.621
975.957
829.163
659.513
831.775
737.21
872.428
697.218
631.326
866.568
783.089
584.138
1000.84
654.481
755.084
603.881
747.369
716.124
644.025
531.675
733.446
662.763
900.191
573.75
828.184
633.691
565.297
816.551
709.166
777.7
1004.88
713.635
804.251
597.528
862.968
571.476
722.219
746.021
586.993
663.754
602.441
679.008
768.919
681.327
748.948
802.599
705.998
570.865
750.935
833.013
597.102
641.967
674.078
636.275
871.883
658.74
687.861
754.732
725.756
845.588
672.313
593.304
733.028
759.344
589.846
654.221
801.677
700.147
734.482
705.445
890.857
711.239
730.955
618.787
856.94
623.219
734.104
865.448
815.212
716.631
662.988
646.654
632.455
649.494
655.032
582.61
720.325
878.436
687.753
778.262
848.761
600.805
887.008
606.828
734.299
750.997
790.503
674.209
671.479
736.277
759.684
821.469
709.557
787.447
657.748
758.693
643.047
721.452
710.906
784.223
533.212
656.989
660.41
1046.93
792.372
664.278
726.208
740.789
667.876
756.95
631.28
825.832
624.959
706.247
797.454
669.036
730.726
690.361
678.278
693.568
756.316
662.529
737.795
845.853
647.549
661.793
759.443
720.069
683.191
571.181
953.404
625.35
813.504
598.262
729.975
700.804
735.973
855.605
620.376
819.927
795.293
899.659
652.037
548.309
797.706
756.067
796.461
634.437
654.284
894.685
766.94
700.037
717.196
920.691
671.85
734.532
749.805
881.501
646.018
569.816
580.324
704.997
798.31
676.384
755.426
507.657
698.094
857.509
554.043
708.894
719.818
675.237
643.395
743.386
882.53
703.414
701.755
603.549
687.526
616.94
795.487
699.501
824.935
762.371
826.141
658.025
879.789
787.375
697.425
620.565
879.025
722.327
788.843
745.761
675.861
725.53
842.723
774.644
956.756
737.705
741.985
601.304
623.124
744.663
1096.85
762.696
888.268
661.318
867.361
878.579
816.881
647.827
810.981
700.447
712.104
601.841
672.898
864.873
624.649
853.951
571.271
826.659
644.165
862.095
706.54
639.232
642.742
678.22
708.84
653.663
699.961
907.285
674.839
913.872
637.644
752.365
900.136
607.463
906.443
774.191
937.276
762.729
861.064
720.723
811.047
720.615
610.389
637.781
610.44
588.977
772.555
901.752
813.741
687.72
600.383
593.249
679.551
621.966
739.789
726.391
648.245
806.398
802.09
728.023
913.981
909.073
785.726
661.087
726.013
774.03
842.614
890.036
779.579
816.771
721.226
656.945
721.194
709.557
802.156
659.72
607.053
887.436
653.512
640.279
894.52
845.815
586.049
928.289
927.914
634.122
747.946
784.585
648.309
726.025
749.601
677.145
783.24
656.92
544.314
707.17
710.06
735.384
703.196
729.354
765.858
661.784
819.389
611.827
775.089
666.033
639.587
692.054
569.465
758.243
835.683
709.92
711.265
770.513
524.388
699.669
807.37
741.417
726.793
752.656
740.365
652.619
771.077
725.626
746.179
775.562
750.514
800.183
836.904
888.884
784.343
773.636
622.948
670.182
673.975
754.766
661.428
746.132
632.584
632.729
591.187
739.612
690.76
696.528
657.53
860.437
780.693
853.298
583.242
879.981
855.055
802.91
678.702
658.354
631.013
756.067
683.234
867.239
740.56
638.607
679.998
597.592
1027.29
591.843
871.87
909.829
548.303
709.245
829.327
810.575
876.948
734.82
846.396
698.841
724.427
756.593
767.966
828.233
549.685
739.131
698.87
715.859
704.872
714.728
650.356
682.543
686.787
653.885
839.559
746.463
788.359
627.974
669.835
674.354
956.428
770.669
695.379
758.214
994.829
594.13
624.363
782.952
762.814
812.726
732.056
780.571
714.81
744.856
731.647
814.93
811.712
837.766
770.243
781.916
789.787
745.016
717.404
627.406
873.165
802.598
887.773
599.539
739.118
751.856
666.576
839.742
607.615
579.944
790.846
665.966
881.006
822.696
618.526
835.598
794.752
714.225
815.956
642.756
695.528
689.233
655.295
745.927
671.958
809.617
702.562
716.005
681.415
675.361
747.22
740.01
846.084
620.594
944.126
832.396
781.977
666.508
553.392
675.796
781.661
742.742
909.724
642.619
819.953
738.138
753.402
680.693
820.26
723.863
774.313
778.95
805.694
728.853
826.127
723.372
884.221
670.152
617.051
600.21
630.572
645.791
592.428
719.09
782.772
687.845
603.238
614.267
714.514
823.201
593.311
849.1
655.321
739.464
657.305
651.303
789.799
664.536
654.962
643.29
761.779
672.204
797.797
856.979
825.109
635.214
750.794
676.61
808.968
694.155
787.312
728.834
967.543
679.752
809.694
700.449
757.957
703.277
711.763
607.431
772.29
743.073
562.507
773.373
705.153
680.262
725.824
772.005
610.064
703.353
740.628
697.757
700.309
655.928
719.079
655.547
612.942
698.632
748.944
613.611
751.376
756.358
750.328
901.078
715.068
616.054
723.134
725.253
745.425
573.925
712.401
753.667
843.824
763.119
676.5
737.379
640.96
753.379
764.842
686.865
789.44
785.751
679.732
876.202
586.148
1015.05
632.259
636.312
633.969
787.286
670.187
628.392
800.988
822.104
621.735
692.008
825.191
665.246
688.257
650.31
630.587
607.289
765.068
624.671
777.921
753.241
641.132
900.047
676.621
813.956
806.216
709.26
632.986
724.686
653.527
693.686
792.129
716.666
657.245
607.394
755.997
736.87
725.591
825.395
632.698
766.201
676.618
896.934
809.188
580.711
653.248
754.116
630.004
806.742
658.43
766.315
902.589
636.929
885.842
764.822
670.628
1025.29
755.2
653.041
892.95
617.698
659.708
695.413
821.29
775.894
709.664
892.417
720.362
673.044
612.482
604.281
739.472
795.144
713.028
972.658
633.676
831.905
757.611
903.257
754.737
760.667
617.775
706.99
792.213
622.083
810.901
731.648
532.001
736.382
603.435
773.67
734.799
625.065
697.702
745.544
961.543
805.46
706.017
685.24
592.3
756.534
688.342
875.57
818.674
629.726
753.126
681.671
682.445
728.742
628.092
661.172
851.765
681.126
779.617
722.67
662.362
726.865
788.58
827.746
843.934
822.382
769.137
707.168
716.522
897.845
769.288
748.9
561.367
693.469
660.878
836.335
703.74
684.721
738.412
786.872
764.056
803.251
735.549
793.779
791.815
680.958
913.759
816.84
836.486
733.499
674.33
701.059
561.344
752.659
841.001
678.124
776.703
689.173
864.411
808.486
728.125
698.928
517.171
783.733
713.895
644.624
718.039
630.382
777.16
636.799
982.23
632.833
792.959
805.082
760.878
581.342
696.145
657.759
713.575
718.496
576.283
791.587
614.523
753.59
712.789
792.2
768.466
676.978
601.037
659.744
785.022
699.054
793.532
747.695
876.498
733.665
788.636
723.374
676.933
672.227
848.005
853.052
800.646
697.403
769.838
857.517
766.551
720.174
907.214
872.539
664.266
816.731
715.364
671.162
644.121
736.815
667.689
736.366
689.355
832.261
653.414
734.024
828.066
792.14
695.376
588.561
909.862
554.211
880.911
679.638
706.852
737.753
725.505
706.122
576.686
1012
721.988
674.133
548.656
744.926
818.462
772.945
781.692
840.736
672.515
723.57
770.831
612.077
763.149
926.438
846.199
830.462
787.28
705.062
737.313
761.755
813.819
637.055
771.078
588.941
803.132
652.657
705.667
677.252
589.114
655.255
962.194
751.76
630.772
712.037
788.907
664.734
666.832
726.6
1214.41
624.711
627.874
691.276
640.421
837.667
860.289
665.317
690.844
661.784
831.917
779.888
677.692
740.421
662.876
688.056
662.643
651.406
684.626
725.331
754.577
610.965
756.477
669.907
747.281
600.031
604.603
709.259
733.712
669.396
840.113
773.115
858.978
740.557
677.219
700.1
738.637
776.088
787.165
686.025
702.415
641.269
755.736
812.319
737.659
860.759
779.597
683.643
803.496
806.784
789.333
666.626
836.059
740.669
778.431
891.299
616.971
545.608
846.224
489.658
784.051
716.306
659.974
713.858
758.44
651.428
727.705
695.467
699.428
898.02
612.742
692.478
702.143
849.059
706.103
640.218
723.626
706.094
679.668
754.218
798.308
636.167
784.141
646.621
821.722
745.266
808.017
733.361
716.864
864.263
789.731
680.107
826.854
690.578
651.496
755.11
872.811
687.67
832.177
748.351
653.69
797.736
740.276
866.726
743.846
682.58
535.649
668.451
698.14
680.757
726.447
757.54
602.634
894.465
596.265
564.704
639.639
681.632
837.239
751.641
806.377
689.724
780.84
802.72
766.668
689.255
735.841
890.517
731.003
642.425
602.854
732.708
680.319
636.386
571.201
687.493
777.389
725.603
964.095
829.681
655.237
580.186
621.095
685.967
793.899
829.357
855.563
994.756
730.526
752.487
688.636
768.094
804.104
746.059
568.717
642.598
850.059
677.792
814.365
713.446
676.2
784.258
729.972
741.435
673.629
866.343
903.439
769.274
703.166
703.566
832.71
753.717
623.943
716.444
724.198
666.992
685.21
823.043
622.29
804.933
814.037
773.515
740.722
654.35
686.317
782.116
624.745
719.201
738.56
618.35
607.593
767.363
710.101
664.317
844.39
701.45
726.851
623.16
634.847
704.296
704.422
939.777
657.916
650.107
537.068
724.889
697.82
718.89
667.188
919.733
782.719
706.212
631.364
647.344
835.927
535.113
799.773
682.955
693.911
669.257
701.459
795.285
646.57
591.892
687.411
755.012
787.163
884.18
654.988
871.028
742.161
886.188
740.335
737.2
794.211
618.603
645.338
694.947
748.715
658.669
680.554
841.241
726.817
756.792
681.919
700.992
734.608
599.043
664.225
629.968
832.532
602.542
772.119
816.655
877.732
692.786
722.065
848.974
735.662
782.854
699.91
731.052
743.717
719.794
745.82
638.766
694.858
745.783
689.322
710.752
723.548
780.752
904.797
674.972
783.699
677.748
709.755
683.373
664.295
1077.83
665.367
661.107
562.973
852.732
749.764
834.22
588.862
676.299
861.439
712.435
669.68
628.264
740.808
850.573
718.863
743.793
732.414
590.014
657.049
826.168
939.276
734.4
795.159
641.017
882.106
670.595
660.102
799.048
691.807
658.276
758.841
705.502
701.245
700.166
666.458
717.925
642.262
639.547
707.174
780.954
784.871
720.873
652.375
588.822
791.375
672.062
834.897
893.027
827.18
749.708
892.497
685.199
727.569
733.272
666.929
646.848
809.193
951.989
647.358
601.949
685.288
583.871
630.556
664.062
741.249
756.763
655.177
712.931
558.922
595.148
755.404
745.076
647.646
578.624
949.295
696.346
754.791
660.055
880.571
706.062
642.73
823.956
802.299
770.125
794.938
616.425
597.759
676.172
712.718
832.916
585.658
644.138
700.215
858.081
542.766
697.156
669.062
541.939
609.331
956.718
858.204
664.798
837.364
746.624
701.577
607.533
676.708
808.943
634.846
754.614
581.285
690.078
634.301
613.86
689.741
772.651
624.965
626.249
734.511
801.724
761.874
702.445
606.649
1078.72
737.574
746.093
902.313
628.654
784.61
811.215
821.432
687.037
727.12
718.11
581.432
653.71
851.605
836.075
692.849
706.151
662.09
755.256
767.442
953.608
753.368
739.39
703.765
626.645
587.061
745.17
867.28
813.71
765.78
690.567
679.741
866.668
731.979
603.181
762.05
782.867
918.617
533.961
684.416
818.698
688.901
813.169
697.372
697.513
826.244
619.68
666.865
744.23
858.827
615.93
516.407
686.392
726.011
731.928
582.42
592.349
673.313
638.993
683.194
742.692
791.197
892.247
729.404
809.458
619.198
772.088
733.572
706.331
799.326
675.504
699.14
648.222
746.137
647.976
846.463
608.787
706.532
585.298
775.493
628.172
899.646
649.402
649.805
704.936
676.792
825.716
655.953
775.455
849.013
658.278
809.975
694.422
801.167
623.73
767.422
636.95
801.334
669.207
752.779
784.972
708.4
866.101
731.121
705.905
738.208
784.819
636.303
773.88
762.151
878.458
664.73
675.918
663.997
858.769
747.143
711.232
581.71
797.877
908.294
738.744
788.305
739.698
761.871
704.302
752.322
699.178
697.062
655.752
867.773
685.128
664.45
793.664
622.139
816.464
684.54
596.884
697.854
705.518
706.778
691.992
606.622
594.902
885.319
559.102
723.321
697.816
810.256
858.942
775.731
524.611
596.095
787.321
656.721
616.195
668.967
775.832
759.842
624.892
726.111
669.861
645.107
793.949
713.554
592.005
632.42
774.087
850.381
761.416
888.702
685.748
648.405
683.368
692.486
610.94
699.754
729.676
717.014
582.665
692.282
713.491
668.106
574.342
650.132
629.633
715.697
1125.23
629.537
584.973
546.616
991.347
835.727
724.542
599.819
905.931
712.527
784.002
775.742
782.632
652.474
788.274
732.468
884.612
726.869
687.352
784.476
689.888
657.273
702.283
688.535
690.94
774.845
683.885
882.009
764.646
754.984
829.364
807.79
663.64
561.471
630.021
738.571
734.678
715.402
756.659
790.868
755.905
756.818
527.586
618.886
808.505
809.561
662.023
646.722
686.31
676.183
792.439
612.5
825.541
706.981
625.068
820.361
613.372
626.484
646.031
670.394
851.488
811.448
602.56
783.091
838.511
652.941
863.515
690.937
600.572
777.927
732.447
636.353
818.36
788.996
735.695
801.903
892.82
940.964
730.119
612.035
935.997
802.133
899.654
701.872
740.842
898.147
595.774
754.158
710.516
692.041
574.284
583.089
854.676
599.086
692.462
658.765
773.035
685.044
657.219
730.773
823.352
652.656
1035.13
696.434
701.822
700.005
766.688
547.237
825.443
645.169
603.839
634.045
644.355
917.399
669.374
823.791
567.852
835.34
669.455
625.068
708.149
719.149
637.819
619.144
794.524
797.014
659.158
560.459
801.442
777.114
794.161
684.617
931.679
659.831
677.186
694.904
781.197
666.588
636.363
614.226
793.011
802.476
593.771
685.351
620.593
519.068
672.626
750.365
708.51
768.323
670.359
593.733
630.88
660.425
611.916
614.874
748.374
744.129
607.177
712.711
908.749
656.395
649.48
710.235
817.549
712.011
607.863
708.17
686.816
676.45
913.788
706.779
799.631
987.306
644.333
619.391
648.707
658.719
616.256
730.501
888.41
632.753
567.648
717.888
604.006
638.293
803.969
796.96
651.895
752.081
771.362
595.928
724.253
562.435
691.021
909.306
689.295
531.828
754.245
764.876
646.327
638.954
800.153
598.443
901.47
811.317
583.613
827.848
687.241
690.471
701.294
582.647
763.132
690.224
914.647
684.525
637.353
749.173
925.66
590.74
831.681
868.435
893.475
755.395
651.885
673.453
734.184
720.022
706.266
976.222
652.352
678.076
684.805
587.333
625.671
870.111
622.934
737.171
559.281
647.836
714.066
716.502
709.66
669.274
689.209
673.057
846.039
652.06
621.829
552.977
701.88
786.194
686.482
601.715
864.755
628.097
881.492
824.114
685.461
714.889
691.425
790.268
826.649
799.641
762.845
641.525
735.371
694.207
604.927
871.108
708.277
690.722
843.538
773.171
637.784
749.364
804.468
689.35
615.316
584.275
1015.67
916.459
591.656
815.849
775.855
766.885
640.719
716.547
707.571
702.557
723.389
722.429
795.449
679.581
634.511
852.038
794.628
996.214
801.418
627.213
943.251
845.653
738.612
684.071
696.792
650.2
626.774
689.456
703.541
713.669
801.247
673.316
523.352
764.855
713.573
661.082
862.332
748.624
628.426
888.278
802.718
829.153
841.88
802.77
720.146
726.451
698.344
634.744
746.914
725.025
707.574
855.578
714.479
730.641
633.583
717.154
694.314
814.239
500.923
806.953
647.744
732.661
830.622
737.724
766.609
642.79
709.671
637.488
806.995
729.148
651.879
660.871
736.592
671.829
797.388
666.761
678.269
704.539
740.932
670.174
661.034
597.658
692.833
669.667
621.795
629.199
681.965
760.285
969.899
717.935
611.434
738.184
776.981
580.779
850.656
617.742
719.284
664.778
804.542
746.69
750.737
631.838
757.655
672.21
869.126
554.258
755.631
682.575
778.629
785.189
663.255
831.804
682.772
893.766
728.611
722.059
754.411
751.775
724.708
630.99
788.533
662.577
711.305
753.952
720.122
614.533
840.96
766.801
661.393
795.731
730.251
679.639
860.882
787
640.252
790.056
813.947
821.779
650.297
876.476
780.685
644.855
911.015
805.244
730.508
709.7
686.815
714.792
561.892
685.323
758.309
777.786
834.797
733.982
667.577
657.448
769.733
996.611
699.015
702.682
740.048
853.602
700.512
774.891
745.425
669.508
908.407
579.398
672.717
852.475
650.98
634.607
769.56
794.088
659.37
685.349
796.326
707.597
725.499
604.649
805.913
687.855
702.168
706.448
782.177
980.771
696.656
794.554
896.062
763.851
821.982
642.158
891.274
689.425
698.098
540.793
704.537
654.287
835.881
595.392
834.279
637.707
543.669
735.548
847.838
890.11
773.333
572.507
700.844
729.706
543.607
712.317
807.893
743.224
708.393
868.691
835.786
707.037
756.668
713.248
868.192
665.041
667.644
731.917
570.307
809.571
666.186
642.909
786.176
764.26
615.636
788.766
568.556
792.96
694.884
681.74
770.381
678.21
658.968
849.312
730.77
617.718
673.592
725.697
615.998
796.897
838.787
552.18
768.771
596.496
583.861
641.25
659.924
753.905
782.568
807.217
776.766
719.128
659.614
629.283
744.706
600.176
959.517
708.255
728.586
671.812
707.627
685.97
806.313
692.477
718.376
694.786
981.574
782
1029.83
678.498
802.713
661.865
853.993
809.655
823.613
587.88
741.866
768.35
688.24
740.318
709.232
850.798
555.159
552.69
794.402
703.068
852.715
889.791
895.861
679.962
736.867
760.464
801.902
628.355
844.402
793.774
783.303
678.978
850.115
775.371
916.756
771.743
634.585
748.507
799.51
698.065
675.02
765.63
877.991
605.645
774.408
585.853
736.319
696.372
743.932
614.543
848.123
720.277
746.666
803.915
633.602
938.638
785.889
865.721
711.035
748.701
690.687
689.463
772.674
648.591
862.489
740.797
655.964
720.111
748.734
688.198
843.8
662.842
634.721
688.544
739.571
683.887
803.414
918.694
750.798
661.76
682.444
644.136
623.108
771.196
826.772
718.125
761.25
885.373
902.192
722.095
802.502
709.845
767.058
808.909
707.01
728.572
719.652
730.877
842.964
734.969
759.179
601.11
682.512
691.262
818.518
858.004
652.963
765.476
708.487
637.744
660.581
923.284
754.467
668.639
753.47
834.131
715.695
810.3
712.728
623.104
652.772
704.827
865.815
759.746
777.615
696.302
755.059
687.323
888.777
602.249
670.017
676.26
696.448
868.53
839.485
680.421
735.873
689.013
633.295
929.941
791.527
713.312
719.096
684.156
971.015
713.151
824.596
671.312
773.881
786.416
870.144
752.799
642.348
781.316
712.481
845.944
634.05
672.719
723.797
915.102
580.297
759.727
753.363
828.109
660.521
718.56
819.442
631.129
997.29
860.212
684.38
662.523
573.076
645.444
749.695
720.681
656.13
750.925
838.91
595.525
717.407
683.915
526.42
745.855
637.941
675.808
701.089
564.283
644.226
756.456
788.659
810.941
603.312
689.632
607.052
651.256
729.692
771.936
664.408
818.027
974.195
843.664
601.024
637.808
716.31
651.315
630.572
736.718
858.871
853.711
800.683
766.045
788.447
651.722
757.073
726.658
845.518
651.412
669.832
778.787
737.526
712.012
731.585
734.055
658.42
1003.39
647.454
796.612
645.208
651.537
751.002
992.758
769.808
620.087
659.743
778.668
775.053
707.196
718.025
627.124
641.964
767.542
799.956
666.678
745.698
824.657
691.184
770.504
731.118
739.19
631.287
919.939
658.269
742.829
677.237
672.862
743.231
816.344
694.606
644.31
628.781
828.36
748.626
722.969
648.295
627.654
725.667
678.18
691.794
859.692
598.37
726.668
742.48
701.36
540.775
775.814
628.087
616.18
706.184
764.24
696.183
719.467
674.406
658.796
879.593
694.692
901.363
721.425
584.425
864.446
824.074
695.242
892.026
574.002
742.244
981.103
649.793
717.742
705.762
761.712
757.296
656.71
770.087
713.624
684.451
861.204
587.678
759.58
655.626
826.159
818.003
848.243
869.165
762.192
757.31
762.289
797.45
652.169
718.153
817.747
672.325
671.359
917.996
602.247
718.743
655.735
779.755
791.55
634.037
825.34
615.623
745.971
841.296
608.245
933.198
784.096
793.133
781.523
644.752
677.836
823.301
655.594
674.435
735.221
884.147
822.248
626.34
682.715
566.925
777.097
685.071
784.728
744.41
606.217
699.432
806.947
894.383
744.66
666.449
656.545
750.273
1014.53
633.59
735.928
882.94
615.372
726.589
723.044
732.944
736.016
598.869
767.796
679.907
848.562
752.839
749.011
699.868
687.866
815.601
814.465
698.04
762.654
720.74
644.232
729.127
675.795
779.94
724.27
574.237
638.12
728.185
866.064
624.172
736.214
612.348
820.196
687.589
569.461
710.429
773.025
848.821
701.443
671.974
700.845
800.474
771.723
726.292
790.592
715.445
665.396
758.85
732.063
701.788
666.121
764.827
729.517
617.118
992.64
898.807
742.361
671.074
954.67
748.765
797.708
602.884
854.192
820.753
602.13
790.713
811.09
830.898
732.27
599.565
614.891
827.472
800.503
765.632
628.114
721.29
836.9
893.586
772.006
685.156
602.776
657.924
623.016
560.834
800.46
810.788
698.617
729.697
703.566
687.432
774.511
694.529
637.556
792.376
710.399
804.031
719.169
836.353
721.303
622.503
724.987
760.989
760.136
580.321
618.844
720.42
696.687
883.136
679.369
786.392
633.834
854.548
703.785
772.783
631.615
800.643
880.293
720.967
726.728
1028.22
748.621
652.176
732.425
733.953
780.782
654.869
670.982
751.808
793.856
827.767
712.024
714.926
688.821
777.919
826.498
738.315
568.252
671.763
742.072
710.224
917.793
716.322
585.407
828.37
921.488
861.413
741.31
879.908
561.36
743.112
642.047
806.109
665.439
752.36
809.542
936.126
707.606
893.45
736.488
610.5
817.761
747.643
797.302
739.685
824.441
587.316
720.441
768.003
817.539
665.934
705.698
687.605
953.787
813.542
792.032
820.077
663.353
748.289
588.622
704.362
752.983
717.045
569.677
744.13
966.749
685.067
811.433
701.965
851.531
650.736
651.342
461.701
847.461
592.236
704.324
671.122
617.23
819.616
682.883
969.806
537.442
704.758
634
718.569
837.585
550.702
662.801
598.8
678.551
689.269
823.702
702.819
554.344
742.084
740.893
714.287
788.739
846.917
945.832
712.004
778.43
632.821
667.768
895.388
680.615
799.066
755.394
575.314
723.777
719.883
608.064
782.311
686.434
1077.35
761.145
714.128
761.698
726.552
765.024
667.173
719.976
618.923
612.587
717.612
700.821
958.937
706.462
706.849
825.722
646.942
752.699
628.312
817.552
702.927
766.9
664.207
683.531
796.43
801.788
618.487
737.609
622.385
618.477
840.851
744.038
823.793
693.222
694.924
796.515
665.829
635.34
565.538
657.068
868.903
725.963
714.313
704.146
672.212
792.132
755.29
731.888
831.661
715.008
654.22
631.745
752.596
735.657
763.165
857.385
749.829
626.995
647.151
863.93
917.95
751.936
733.326
861.941
606.389
876.383
844.096
922.543
843.205
763.468
692.43
649.678
697.504
629.303
637.305
601.401
687.052
756.754
823.406
847.668
697.151
700.422
652.76
742.696
654.611
643.106
1027.11
709.387
727.733
638.662
757.117
714.99
685.23
582.652
711.785
703.948
577.149
676.339
564.048
782.88
696.987
583.612
651.455
717.141
690.753
741.828
648.372
640.143
611.342
753.353
652.351
711.55
827.727
771.152
852.214
603.575
612.821
749.42
678.956
672.288
604.514
565.03
604.858
704.77
650.565
635.999
728.692
691.366
748.097
637.973
716.897
558.03
627.408
868.504
789.101
614.503
695.33
688.097
852.411
840.676
935.182
703.889
734.661
655.642
698.228
716.987
607.12
709.248
641.367
789.422
678.246
627.466
720.347
595.662
641.154
829.781
641.43
707.51
726.789
869.887
766.119
746.556
856.692
743.312
710.171
798.764
679.068
755.765
720.206
892.311
701.088
788.788
603.318
781.677
612.105
743.744
661.479
823.625
677.879
785.247
665.874
620.036
737.378
593.263
851.671
723.362
649.974
783.893
728.882
729.184
704.091
680.693
761.887
669.173
744.135
644.749
908.065
658.198
765.132
674.725
664.168
803.205
736.845
626.346
600.858
749.908
702.984
660.844
712.919
800.793
682.8
804.856
711.223
596.021
687.693
608.943
689.174
730.712
695.048
552.449
633.453
635.552
620.545
762.993
778.74
727.078
544.578
621.182
671.536
761.207
760.547
775.667
543.647
759.98
757.43
730.759
731.177
732.309
761.948
705.091
739.205
663.141
816.353
922.527
728.792
589.266
591.213
705.909
712.883
707.423
864.738
791.621
691.491
751.774
691.085
629.312
768.191
775.841
695.933
808.681
753.299
712.101
708.368
794.233
552.302
710.675
620.444
670.953
670.361
781.022
945.345
696.174
713.615
768.073
777.543
757.474
766.595
618.866
615.418
698.298
745.287
779.863
587.93
743.995
716.012
662.843
801.255
639.202
840.796
728.872
732.634
535.814
656.036
660.34
820.013
753.799
673.834
882.205
849.358
652.669
731.399
675.49
794.493
681.483
593.931
637.342
788.505
630.527
677.813
808.705
760.706
631.548
615.864
821.72
569.476
724.231
610.147
830.775
751.866
831.805
826.434
975.092
641.581
640.532
719.09
815.41
715.637
756.758
655.134
824.368
863.594
810.357
737.077
624.5
734.445
642.504
763.202
885.915
791.743
714.998
636.391
944.761
790.825
752.959
768.143
675.001
739.193
980.446
724.691
876.366
855.824
576.089
624.342
721.913
529.952
825.865
645.661
765.704
758.373
621.731
717.607
698.643
728.128
873.871
623.504
697.134
805.472
523.102
641.443
658.297
902.699
662.152
783.588
877.387
801.037
836.329
722.92
556.969
859.593
754.911
789.965
652.447
676.704
738.869
709.442
809.892
694.378
627.541
822.633
622.966
685.487
825.314
615.819
705.772
829.986
764.115
739.248
753.149
847.342
744.853
702.451
753.074
756.76
814.823
738.024
670.622
718.956
844.735
734.999
933.604
851.407
547.218
715.87
586.455
752.372
649.337
611.917
798.253
690.972
724.468
825.912
701.446
765.748
682.474
692.893
754.074
806.506
597.878
638.841
835.732
891.445
743.727
578.717
722.393
840.884
659.547
975.585
821.36
685.068
726.082
825.608
741.314
863.928
630.169
725.904
830.623
643.914
706.026
656.997
607.735
898.393
629.852
942.854
696.261
728.504
914.568
798.477
616.373
810.134
604.256
648.215
761.908
538.711
685.245
763.673
622.715
614.543
749.531
681.551
611.507
765.934
760.627
767.893
792.079
711.25
701.334
739.925
774.193
774.626
727.956
743.617
718.961
1027.23
684.347
657.866
703.145
745.243
983.615
757.865
753.701
726.12
644.553
734.703
739.204
721.455
661.465
780.255
659.814
650.366
790.492
708.503
665.152
761.034
899.568
716.339
693.045
768.144
874.284
696.228
819.167
713.904
826.007
625.392
844.777
705.402
756.811
782.115
537.739
756.293
896.361
658.097
617.139
699.53
720.969
763.142
973.966
792.348
787.163
626.483
784.39
727.775
588.173
750.157
683.036
653.736
711.402
829.104
667.124
786.681
735.015
944.937
1092.16
702.815
694.261
703.855
751.046
914.049
716.445
700.42
777.023
807.765
613.949
746.856
958.033
924.987
784.209
848.97
796.23
735.359
796.167
616.851
625.539
671.25
980.543
777.356
863.382
572.289
718.278
835.777
753.925
706.916
794.144
622.02
982.01
824.679
674.194
669.639
835.833
939.394
795.471
734.78
750.486
681.694
696.553
771.344
1057.66
796.891
704.523
691.443
663.685
894.609
752.552
675.685
679.118
723.331
730.6
716.287
708.938
693.155
623.268
641.873
534.729
754.071
790.98
651.322
616.26
723.138
888.08
620.277
760.264
689.044
670.471
623.679
696.386
858.826
640.453
828.593
633.521
656.522
758.917
701.846
743.569
589.828
706.262
601.74
753.191
652.565
569.106
612.844
824.025
808.579
669.873
895.63
835.809
665.4
687.424
825.07
681.867
679.273
592.903
838.475
757.652
699.14
601.576
712.736
701.683
892.422
726.908
631.585
572.879
690.841
771.623
706.882
802.391
648.405
735.763
890.174
729.991
812.493
739.748
742.342
781.927
777.902
710.797
693.658
726.392
723.333
788.514
615.127
950.628
753.347
605.877
934.537
686.74
775.004
731.658
649.312
867.966
629.768
772.37
867.938
670.752
720.601
679.113
685.722
651.268
611.589
790.452
895.348
708.779
717.105
759.582
625.252
920.427
861.458
782.927
672.858
629.82
547.593
651.795
592.564
569.904
676.848
814.626
668.54
828.871
727.057
900.804
627.904
698.256
600.029
649.689
770.831
707.646
695.19
684.741
698.387
709.749
831.06
745.47
769.894
849.378
1034.6
730.745
717.175
804.32
698.533
887.895
901.945
765.499
733.437
684.494
908.186
935.925
810.045
628.028
701.552
679.225
596.157
770.613
607.172
685.292
746.671
767.274
762.317
791.487
778.44
806.07
800.532
742.833
823.795
769.49
866.414
705.592
757.273
718.754
584.224
881.858
704.636
757.042
639.703
616.219
735.642
679.758
707.611
669.424
736.623
890.694
654.433
706.103
926.643
711.767
694.849
735.151
775.043
799.716
868.428
859.32
664.485
586.258
597.559
681.701
727.546
646.086
679.992
661.015
728.689
787.111
785.596
602.856
797.894
659.814
821.039
683.107
716.407
772.777
864.626
697.968
719.886
749.947
699.762
754.623
788.155
722.422
757.213
544.528
770.295
642.548
713.616
654.623
721.428
725.029
758.535
876.801
602.977
666.12
625.748
597.329
674.682
684.658
857.324
737.419
900.615
696.352
736.174
621.969
600.756
741.075
725.826
768.067
757.805
650.37
692.206
797.515
663.454
843.611
574.911
820.3
684.8
816.577
642.216
508.849
765.006
742.738
608.843
754.332
668.899
707.45
739.969
720.576
737.408
937.269
777.496
690.812
832.75
627.853
759.498
726.386
865.976
704.935
784.315
609.346
639.011
650.55
708.978
647.266
575.913
626.202
807.944
727.309
602.89
703.08
860.551
788.445
796.518
700.42
761.882
633.936
717.947
687.203
825.349
684.401
735.814
718.164
670.625
800.564
702.147
763.054
789.473
579.461
704.15
669.42
709.719
591.59
661.534
791.517
799.858
660.699
779.718
728.103
674.89
725.808
676.85
843.934
804.897
672.172
784.422
687.761
610.957
689.137
787.532
672.848
868.211
886.129
534.788
842.466
658.655
614.969
989.386
783.527
694.072
794.142
846.212
579.821
863.543
720.939
775.346
708.987
570.407
597.096
705.029
593.393
725.451
894.569
688.177
728.491
602.726
608.953
792.938
806.989
730.544
825.662
660.16
726.547
671.766
709.046
611.745
761.689
923.619
698.696
784.198
766.281
762.677
768.925
652.967
826.455
834.021
736.283
587.256
800.262
617.736
775.774
655.958
708.692
879.534
623.357
772.946
550.01
844.056
736.355
780.221
646.982
863.777
719.33
668.167
560.016
734.149
677.073
753.348
827.932
614.834
803.191
710.393
652.442
779.124
753.416
704.126
791.117
706.321
708.698
801.84
782.548
799.146
834.953
702.595
625.305
723.242
700.591
851.47
660.809
889.538
616.535
761.418
839.723
725.988
686.615
803.161
684.903
671.499
881.844
747.461
771.976
868.217
784.432
649.363
761.573
793.27
595.348
691.829
907.784
955.436
760.361
736.583
692.793
703.44
757.208
755.978
804.733
715.681
733.662
826.194
693.467
775.251
702.704
675.258
711.319
784.911
650.375
790.5
768.904
705.467
619.638
737.331
922.114
585.879
888.487
853.465
838.386
633.501
679.076
671.957
702.276
673.676
591.73
673.89
717.736
691.683
641.931
698.261
629.818
751.046
628.739
820.904
684.603
740.917
693.075
834.537
696.115
637.708
642.237
753.558
599.689
810.018
771.699
628.968
660.806
709.816
773.363
702.934
671.642
714.074
564.307
715.336
669.812
858.178
774.618
1168.31
657.028
767.299
763.095
1036.89
815.23
719.849
639.855
788.009
709.663
721.78
571.659
690.121
734.245
717.622
792.53
639.193
829.159
678.586
604.078
704.716
697.835
811.024
803.9
681.431
723.954
722.702
704.745
707.053
726.997
616.396
992.182
770.212
633.847
752.343
770.924
673.23
745.307
721.126
693.431
988.284
876.843
602.516
780.841
713.289
685.466
560.941
797.089
724.658
665.654
647.952
501.518
677.77
752.412
597.447
726.208
772.28
658.406
847.134
654.351
687.907
646.091
559.77
822.938
838.72
908.853
710.613
635.396
660.15
681.493
628.216
740.243
1021.76
748.308
744.654
828.835
632.677
630.978
542.249
630.938
671.566
776.427
890.196
670.047
833.441
718.862
776.433
645.343
560.152
590.434
682.594
672.111
921.755
607.023
641.082
726.637
806.009
772.023
657.78
637.43
876.634
670.056
788.369
788.011
692.798
644.142
773.015
980.564
900.074
685
640.375
635.182
727.909
781.801
585.386
777.428
757.29
947.694
783.939
730.524
694.006
648.812
658.073
610.155
700.544
795.817
685.349
614.323
695.288
577.897
783.408
747.207
706.69
796.367
717.302
937.93
639.785
672.93
879.538
785.473
862.183
815.001
680.439
693.367
599.067
692.558
783.094
993.018
623.805
676.401
637.501
773.759
608.398
623.73
803.633
814.688
688.941
744.119
582.383
767.284
899.176
853.052
826.644
570.974
954.87
598.305
782.17
757.648
681.78
741.105
683.67
808.594
643.695
707.644
659.826
717.211
735.073
740.738
770.787
726.469
740.068
770.729
694.854
648.651
668.797
891.927
791.299
667.94
854.7
799.551
661.378
768.443
963.837
687.817
519.846
662.838
881.238
955.641
588.002
782.295
862.184
634.579
801.849
715.932
590.601
803.158
726.916
509.227
664.284
625.681
825.441
707.49
595.068
782.587
763.096
726.776
856.49
840.437
782.839
616.976
760.454
739.723
742.48
607.493
724.143
846.817
777.377
671.781
836.106
727.102
667.637
642.822
773.543
771.837
797.827
754.606
715.089
750.896
573.69
825.567
630.209
655.224
730.423
720.191
646.405
626.488
688.467
773.545
686.444
791.061
695.623
838.216
522.488
775.793
637.174
772.751
733.075
822.268
680.583
674.889
642.011
830.491
779.196
609.405
769.88
680.919
713.676
706.826
880.857
723.854
750.173
639.411
807.695
818.604
631.419
814.223
790.817
767.277
764.95
613.264
630.898
648.582
758.67
876.077
803.423
663.792
885.324
651.661
675.846
643.004
817.555
607.683
834.375
791.637
633.231
845.578
596.433
681.654
706.55
666.75
721.109
695.569
819.385
788.842
755.952
776.691
739.606
634.463
741.422
711.841
630.666
693.508
627.339
1052.91
646.464
707.866
639.532
702.403
774.66
618.938
846.743
643.535
696.334
662.65
557.559
850.882
595.334
785.705
679.776
639.431
725.127
661.577
959.371
620.195
754.542
635.371
820.71
750.259
739.356
888.102
901.639
759.012
691.186
637.823
911.242
781.133
623.257
820.901
821.991
795.585
821.303
724.569
814.713
899.657
630.825
716.856
714.765
868.758
818.98
768.244
730.31
787.306
764.316
657.104
647.244
620.737
784.109
611.995
606.134
705.204
765.181
580.305
756.464
765.487
644.124
700.569
587.998
725.795
696.371
891.33
617.713
685.712
842.541
663.83
707.001
737.206
597.914
779.586
638.185
743.408
715.216
626.575
764.334
759.549
761.944
703.13
657.439
702.659
842.034
730.091
756.459
691.482
733.614
725.722
694.265
753.234
771.669
879.958
705.721
701.493
766.205
856.609
729.38
645.83
622.697
665.858
657.632
684.191
783.396
741.314
720.443
772.679
682.172
875.471
807.643
638.94
649.056
642.283
585.25
767.989
636.216
847.274
745.414
756.48
837.112
641.144
807.126
765.058
826.105
666.066
765.321
919.907
626.374
700.477
609.808
699.052
732.518
756.747
761.871
822.863
796.075
723.025
783.948
610.436
670.863
704.202
845.258
715.899
726.534
657.535
554.196
587.18
645.425
643.819
607.865
750.309
594.431
800.176
817.028
784.687
600.064
683.175
540.968
725.3
521.945
698.152
807.105
623.471
686.27
769.737
754.984
850.494
942.401
658.558
672.786
522.415
805.495
623.871
684.175
707.464
935.89
658.422
894.846
764.295
646.158
969.903
879.294
709.159
816.052
810.717
739.839
562.399
742.507
662.82
674.609
763.751
666.412
681.789
773.407
735.548
802.241
614.285
733.086
715.948
771.033
851.467
649.383
1052.75
780.062
575.013
613.023
834.226
746.323
775.981
714.76
778.462
609.97
797.37
745.808
703.901
688.455
783.315
860.265
685.523
551.996
570.157
659.615
686.268
688.067
599.462
538.334
867.463
828.989
681.503
633.601
779.505
798.652
634.223
756.868
621.279
722.233
629.626
651.01
852.748
864.926
678.466
788.459
805.734
695.069
791.04
566.892
863.603
817.923
637.949
773.126
724.842
805.38
542.579
1071.66
783.237
696.766
841.195
612.798
611.175
764.706
701.52
762.85
832.206
700.755
667.595
713.06
646.694
632.155
718.152
802.838
780.367
747.601
950.152
738.524
618.005
779.005
681.097
743.312
623.394
642.925
850.348
858.815
659.031
743.184
775.541
769.725
843.666
687.386
784.813
806.976
741.69
752.943
710.105
754.6
721.309
593.409
860.851
659.983
820.245
954.768
730.882
937.613
614.451
747.519
919.41
735.853
857.531
696.706
705.958
770.929
707.977
770.496
889.914
869.756
745.219
900.851
798.272
681.623
689.511
749.581
599.775
656.735
747.96
672.723
754.47
655.44
770.055
641.586
780.449
951.63
662.212
771.153
879.455
711.668
704.631
616.024
961.697
580.273
791.433
926.455
629.409
651.892
785.833
576.41
718.749
712.577
802.605
643.568
720.795
696.558
639.607
920.195
821.872
698.798
731.652
959.437
693.542
588.863
671.43
650.986
678.696
803.813
720.29
756.99
750.562
745.737
697.603
721.082
813.516
900.979
588.069
796.214
922.503
856.514
803.942
769.78
864.869
682.918
795.236
755.045
685.014
664.268
872.684
644.079
830.334
643.495
752.635
739.449
586.26
797.78
810.207
825.046
739.122
749.452
679.584
721.891
751.675
822.126
724.706
825.195
632.435
758.812
618.997
615.979
849.432
889.252
858.832
763.652
784.436
787.847
892.827
730.92
822.099
918.735
728.575
714.378
818.304
623.404
809.936
814.639
668.174
738.055
750.435
733.557
816.176
697.32
743.817
1029.12
712.102
855.319
727.574
617.066
671.414
677.731
736.771
818.168
751.922
749.715
601.434
826.084
663.261
656.869
771.798
726.277
606.245
685.575
706.325
771.63
662.283
649.37
573.403
815.924
576.865
665.195
708.669
748.385
827.737
730.927
704.028
937.769
698.3
653.221
628.867
750.159
857.757
839.605
687.282
904.058
592.068
777.749
829.848
636.539
730.114
695.943
673.025
631.173
1053.39
607.442
678.718
749.904
679.393
759.988
680.986
832.478
782.964
727.959
823.892
665.364
951.991
818.868
600.183
820.131
667.05
713.021
696.162
669.619
870.353
706.943
639.6
851.949
809.405
639.826
663.083
828.227
731.412
635.828
675.814
667.505
656.033
699.766
742.811
739.001
950.624
817.704
660.355
778.209
605.478
794.099
763.32
656.746
778.026
707.075
627.23
758.961
713.128
543.246
647.854
662.238
821.694
600.614
629.123
738.393
759.696
693.791
798.898
754.117
779.836
757.78
764.735
780.225
720.165
757.474
826.171
1054.44
622.249
694.517
959.954
666.863
816.271
769.815
676.824
781.061
774.502
781.794
783.929
742.716
903.554
796.879
697.738
666.389
672.257
710.68
734.331
753.28
762.663
823.35
841.877
818.627
780.664
710.362
681.016
718.364
843.27
644.226
670.29
610.362
538.531
795.896
779.656
590.867
669.801
593.043
698.43
918.997
674.882
646.496
727.104
726.277
829.476
716.242
715.954
622.586
686.85
820.463
895.262
922.045
800.238
802.509
569.597
730.774
1019.47
768.485
849.732
623.346
754.891
809.784
756.08
762.106
625.378
785.239
862.094
779.53
645.591
640.441
741.033
762.468
647.317
738.031
593.473
736.751
714.287
719.896
623.327
707.97
687.057
702.672
776.725
707.214
836.361
866.496
670.803
669.128
706.38
692.129
746.487
705.751
681.077
627.845
768.351
667.419
775.286
736.162
589.926
903.398
813.449
644.25
609.058
786.787
775.379
825.498
721.655
948.958
729.202
888.251
637.852
977.522
871.091
806.092
787.838
665.432
594.576
627.292
748.857
707.957
689.998
901.327
733.376
736.126
728.656
738.722
657.035
523.762
630.772
540.792
842.416
771.568
920.589
827.085
738.13
821.052
745.702
781.613
860.188
726.913
827.939
1076.68
616.717
639.654
713.448
576.641
943.12
666.604
824.765
799.7
849.329
706.072
555.028
890.258
810.753
736.919
536.915
640.551
694.157
867.839
696.908
726.677
560.829
750.526
656.175
645.21
704.455
831.798
793.564
850.557
651.152
776.189
683.59
641.897
810.735
760.12
776.833
805.68
641.852
705.181
816.587
711.149
802.955
623.94
692.199
648.842
800.265
715.693
844.65
793.507
669.605
866.527
554.233
714.299
799.438
576.038
781.931
592.354
753.993
728.277
664.959
697.04
651.01
601.883
843.212
765.656
655.449
583.083
536.3
738.371
729.623
734.211
766.896
885.504
723.955
859.978
686.076
645.267
715.362
774.151
649.478
609.405
873.651
705.914
635.116
933.969
708.388
772.761
652.396
697.839
922.668
892.819
711.35
770.231
765.68
658.048
714.855
792.457
627.33
751.509
671.592
920.903
744.693
731.256
793.175
612.696
831.75
811.789
829.414
795.201
720.539
638.892
754.632
708.566
656.898
788.863
670.936
582.897
797.923
824.685
539.566
744.768
728.632
829.69
769.936
708.591
633.586
800.862
606.169
663.513
790.417
789.681
642.626
737.747
679.883
694.066
724.757
719.999
737.723
694.51
953.025
935.561
657.81
925.375
768.656
874.401
625.892
606.414
793.185
792.706
742.448
767.488
745.055
1109.87
875.288
764.841
704.388
588.163
624.793
702.717
846.382
650.356
721.384
782.971
656.793
629.919
893.068
871.89
702.407
740.119
788.901
591.741
740.731
870.217
745.189
800.404
765.293
783.622
811.128
858.214
638.779
815.206
672.646
766.585
867.747
779.696
634.248
646.909
767.184
775.617
617.14
656.813
723.314
689.969
610.671
838.38
879.988
810.761
790.205
641.619
728.797
954.056
907.107
729.046
739.381
773.87
888.83
692.421
599.795
729.963
741.052
635.89
674.863
807.742
779.836
859.074
710.594
689.158
633.215
755.398
896.643
752.322
841.582
666.555
724.811
633.835
958.103
791.017
586.963
880.517
690.182
517.443
654.712
623.803
760.828
779.091
742.842
892.283
604.092
721.271
763.588
704.815
686.251
731.867
698.626
608.329
570.022
716.494
764.868
1002.45
948.888
779.453
726.757
838.814
858.542
749.509
842.049
595.553
660.34
759.839
744.927
653.925
907.444
750.238
656.667
599.738
708.75
670.501
779.681
785.075
692.509
675.271
664.606
596.871
604.852
700.785
642.567
740.791
724.781
629.525
792.319
666.893
608.516
687.921
570.216
818.902
719.941
1021
747.548
739.879
845.421
654.105
607.36
663.425
950.593
639.801
633.03
850.758
626.073
762.381
732.722
650.239
620.932
752.113
634.073
697.75
628.982
731.534
702.855
843.138
785.4
583.095
835.414
656.477
851.914
639.807
812
745.455
736.45
889.842
720.506
706.029
774.832
733.467
695.318
600.96
651.51
544.696
728.645
769.701
655.559
760.488
620.228
685.845
742.432
690.148
660.349
706.839
773.436
679.146
698.752
742.344
790.553
809.098
810.857
675.736
823.049
575.67
730.339
756.226
698.451
772.464
756.375
670.62
688.36
531.151
712.264
766.777
665.126
913.052
886.805
733.126
689.342
595.943
649.133
783.379
709.338
775.075
722.714
708.713
649.037
618.39
880.564
743.293
788.012
977.218
698.768
738.763
949.44
654.526
659.982
734.97
742.974
887.47
927.149
781.59
908.187
573.922
679.725
824.85
980.321
842.004
672.384
688.774
751.063
870.859
809.191
713.432
875.447
657.879
675.86
836.593
973.892
653.346
660.75
694.015
629.955
749.727
724.855
770.569
823.043
640.679
740.394
736.161
855.105
700.131
757.271
631.392
704.006
645.983
729.396
760.45
667.435
709.871
641.051
714.569
820.933
681.795
818.317
896.858
789.59
674.78
902.549
730.249
697.929
757.78
893.254
690.455
822.728
613.16
754.697
708.06
808.419
800.725
705.777
884.745
748.716
604.711
670.228
885.801
643.698
647.847
670.167
658.072
625.133
576.047
799.581
708.857
870.028
653.504
590.551
680.977
783.891
752.852
651.424
800.985
757.838
796.274
854.121
793.977
754.043
800.099
841.218
599.404
764.028
750.476
704.068
746.5
838.84
715.083
610.385
799.308
680.436
803.389
798.821
677.322
681.271
747.852
663.739
743.591
743.991
633.385
924.257
735.148
707.52
739.988
698.36
629.437
703.655
684.517
759.348
642.355
642.847
634.04
730.696
798.669
806.552
755.322
734.116
729.464
764.884
754.212
804.912
806.662
893.056
680.97
560.256
704.726
686.006
834.899
710.452
797.071
779.038
614.094
602.225
675.355
584.399
676.284
715.707
687.248
679.095
588.518
573.851
707.988
826.667
593.414
824.201
871.873
866.947
715.413
650.35
568.855
964.945
981.158
717.514
735.715
746.27
665.402
799.349
605.132
749.94
781.199
707.998
638.445
670.942
709.801
665.424
706.177
694.333
708.102
719.595
671.615
713.481
885.014
654.397
647.003
680.094
861.379
645.211
833.993
786.024
664.437
779.423
886.293
592.762
717.159
727.534
753.309
679.168
631.956
654.959
781.203
558.697
555.743
701.98
719.258
778.495
750.938
647.291
618.629
893.286
636.432
786.238
783.625
689.234
751.265
664.395
645.306
761.42
698.543
856.176
619.499
658.773
664.499
683.18
594.734
794.597
757.847
697.925
656.087
772.941
633.239
762.41
691.001
885.678
630.043
722.125
695.444
687.242
997.105
644.278
859.834
594.726
720.253
622.385
628.984
737.338
624.203
683.753
942.01
749.553
676.258
813.742
723.097
647.239
808.638
696.479
797.482
731.417
690.103
677.083
792.618
777.426
659.104
856.35
675.62
637.96
906.061
598.411
769.389
689.18
625.219
719.393
938.638
844.716
975.007
762.552
760.231
1037.55
709.561
656.174
682.042
717.988
600.857
805.71
690.382
694.761
749.511
920.371
555.2
685.355
868.335
660.561
565.124
746.33
746.974
777.794
748.762
800.287
673.241
766.876
678.856
739.314
667.945
842.639
750.286
688.53
867.344
774.434
553.215
668.235
786.08
840.357
711.072
800.967
649.025
638.328
677.558
667.417
786.57
583.635
714.336
697.751
867.988
749.54
774.429
722.739
702.498
669.729
957.028
685.905
720.587
747.329
767.371
820.426
694.091
755.804
663.185
663.879
794.035
860.521
784.294
742.143
602.509
584.041
783.163
770.842
712.214
652.909
759.275
746.137
763.886
606.8
740.205
806.196
653.435
646.545
651.105
913.652
692.636
727.092
677.023
681.142
656.042
732.717
762.838
726.622
728.359
656.602
615.389
583.192
791.523
756.316
838.25
731.962
614.449
787.322
732.204
774.1
803.708
698.288
806.276
705.691
516.865
850.368
812.46
849.48
689.727
671.235
811.653
807.363
718.219
633.821
707.713
927.788
715.049
779.1
650.73
845.404
813
742.134
662.71
675.584
853.096
646.626
744.781
702.156
702.089
687.465
881.881
588.102
614.193
722.184
720.512
718.073
584.586
564.472
732.074
850.839
640.742
654.689
809.264
652.708
627.395
672.09
955.421
658.814
765.015
638.072
944.375
723.109
781.168
655.958
681.361
777.287
693.834
637.264
724.435
908.791
1123.22
743.667
752.406
641.342
698.367
777.841
734.965
749.414
730.407
600.086
739.773
611.883
919.428
771.65
666.625
680.279
559.918
687.668
814.631
600.313
691.044
705.658
868.25
602.629
698.3
654.874
621.504
543.802
777.607
673.093
746.239
612.796
672.682
619.492
730.043
574.311
573.061
690.172
820.143
887.994
977.915
851.43
662.142
592.328
846.332
784.771
612.347
638.884
684.462
829.494
936.364
756.587
941.559
877.962
703.269
834.883
699.651
702.512
822.401
801.606
811.239
665.243
640.251
732.566
624.242
511.223
820.701
806.35
844.922
686.372
860.517
701.601
700.44
783.985
772.615
789.698
701.079
939.848
867.24
751.023
806.255
833.163
771.802
802.161
684.284
694.544
663.083
811.118
568.6
738.238
706.515
707.874
712.385
725.325
768.709
663.793
725.622
752.757
720.109
652.479
628.769
774.678
806.891
743.748
670.652
652.234
642.436
783.581
708.626
731.313
803.798
613.136
697.9
644.588
650.681
891.306
847.11
884.9
663.626
719.164
702.911
624.068
848.463
746.355
561.735
559.679
740.552
651.351
812.068
733.191
717.297
675.701
694.562
677.641
869.28
722.056
756.988
678.925
780.284
788.209
777.044
730.543
715.044
700.37
801.107
635.595
649.612
719.75
606.038
572.904
645.299
736.69
688.515
655.175
942.833
680.595
743.82
608.451
824.535
859.614
750.19
808.399
763.444
891.02
676.415
835.665
810.896
666.362
671.307
599.22
712.684
677.659
790.228
700.512
811.414
718.525
625.679
836.386
825.879
682.984
732.98
835.928
750.659
896.841
808.347
651.552
673.729
635.579
704.359
681.556
758.769
671.949
722.666
676.441
663.076
656.426
634.614
670.352
701.331
784.482
917.089
786.081
586.661
566.818
554.88
740.833
645.614
737.361
672.108
717.425
824.936
691.241
781.819
926.78
690.723
875.881
711.557
810.618
669.526
712.346
680.004
617.565
638.083
668.623
741.777
752.58
785.377
690.309
847.318
946.851
569.832
644.778
814.102
717.465
638.317
936.248
657.279
691.928
828.787
674.63
883.634
799.862
807.452
617.948
793.884
779.621
734.228
847.857
792.148
812.013
731.768
665.214
848.218
803.139
725.212
719.966
596.371
593.57
721.745
615.009
526.877
745.504
829.281
714.048
786.349
866.373
553.861
859.821
718.804
676.406
581.649
741.676
874.645
639.241
726.506
907.656
770.255
514.367
714.152
614.801
797.262
658.02
693.865
746.164
717.503
606.686
719.679
652.444
767.537
678.587
727.062
705.206
696.677
674.805
862.801
716.584
684.189
712.669
689.706
624.476
771.796
803.072
626.11
535.431
820.235
735.377
708.091
668.96
739.146
702.602
811.885
740.311
745.101
846.825
824.979
703
537.032
665.909
707.554
720.844
844.01
652.301
757.581
850.042
633.948
822.188
592.288
640.312
720.755
775.685
678.83
731.506
686.808
750.008
704.961
678.5
599.753
868.864
598.483
754.002
851
694.029
742.782
820.577
772.354
691.553
735.81
681.293
813.201
835.143
551.865
643.461
812.612
676.162
746.71
829.784
628.33
795.55
704.172
642.772
688.687
821.067
747.825
745.55
729.367
779.253
610.545
650.363
844.549
694.321
927.834
605.866
821.857
582.245
770.182
799.027
724.012
970.705
930.956
616.652
751.611
656.338
690.033
659.822
586.133
735.638
806.812
719.521
935.293
733.83
698.91
825.273
635.772
603.376
800.431
701.002
756.436
778.493
847.718
657.403
670.202
847.925
789.081
573.908
723.388
747.583
641.622
747.659
788.785
863.425
793.632
664.935
729.332
699.388
630.665
753.364
636.234
785.498
646.829
841.729
800.292
886.757
496.336
622.533
738
719.948
613.229
712.454
653.142
603.579
629.193
722.871
625.908
713.349
746.621
616.714
882.973
697.972
1023.11
850.716
724.958
691.37
654.019
697.725
694.78
769.76
871.91
664.666
710.642
778.201
823.195
792.468
799.592
609.245
601.165
769.028
713.505
745.195
718.32
567.33
678.635
592.337
743.777
783.272
763.013
754.102
822.146
708.591
656.639
660.27
662.659
851.826
829.626
625.466
660.185
686.828
857.725
697.519
823.87
624.881
723.044
651.229
796.284
662.394
714.381
603.677
727.954
797.752
782.132
730.644
725.363
777.849
733.944
703.071
772.738
963.329
740.573
601.464
796.175
1011.86
621.692
621.04
669.206
892.915
821.588
763.699
558.781
658.526
682.002
918.513
796.365
684.296
762.098
954.453
825.249
561.608
626.71
689.326
897.467
644.185
652.429
703.414
650.095
756.918
738.5
803.133
558.843
777.571
722.691
739.296
686.832
950.611
771.22
729.055
879.912
770.971
583.185
728.425
794.382
756.787
968.116
782.563
732.853
798.831
873.568
771.664
747.122
733.346
762.899
843.06
647.482
637.911
640.902
790.005
814.844
744.915
744.515
800.201
718.637
781.725
693.006
534.966
690.905
717.722
684.43
839.342
591.381
831.464
708.234
876.595
624.948
550.325
642.941
666.411
651.724
769.607
654.684
685.483
737.579
726.653
666.197
786.209
792.737
570.635
752.038
832.74
742.385
714.459
930.344
769.919
759.618
689.928
749.302
670.973
676.015
795.318
688.217
706.706
765.451
695.41
701.208
660.69
616.322
626.898
818.895
630.628
644.534
735.258
930.387
739.848
806.107
665.561
665.564
823.588
665.544
720.461
700.455
804.132
590.07
695.816
690.996
828.784
620.34
706.829
621.218
652.676
813.352
879.771
695.586
685.945
694.981
735.728
715.415
847.083
673.895
708.719
851.21
756.589
849.529
890.919
554.18
764.279
775.817
734.211
786.185
603.886
714.062
686.996
677.567
734.372
838.418
675.987
596.725
557.593
698.658
673.936
610.918
937.55
741.056
736.531
652.793
698.116
681.094
761.812
685.425
957.298
689.967
672.891
779.415
840.034
667.297
629.078
561.312
705.518
608.903
808.089
742.112
740.276
666.389
589.458
873.777
735.651
517.01
507.499
639.103
648.999
802.708
671.054
633.026
656.346
693.299
660.332
726.213
866.88
677.057
812.307
548.325
609.817
649.804
736.299
716.698
647.762
763.405
954.935
733.599
692.818
783.13
670.301
835.264
771.829
780.576
700.685
575.522
700.879
774.725
697.123
583.389
709.683
904.455
775.422
1032.45
785.493
767.188
668.52
645.599
662.927
648.602
845.863
784.797
763.755
721.173
840.193
809.089
789.323
614.489
865.383
627.902
632.516
774.056
910.288
717.95
664.339
819.403
807.72
686.658
730.219
678.409
764.051
1014.78
688.375
683.717
777.204
750.56
756.771
1029.77
789.969
661.468
593.431
700.473
736.119
724.651
755.546
666.704
833.482
984.127
827.306
823.825
670.284
666.03
795.449
733.745
676.756
805.918
891.972
804.718
702.237
788.077
711.141
700.929
606.48
821.964
749.771
664.716
675.936
630.926
824.114
774.592
737.231
778.914
668
838.795
648.884
801.142
706.157
665.754
679.08
722.533
712.919
