1101.86
817.977
1104.65
1002.37
867.119
1007.48
970.942
933.424
1006.71
875.701
1048.02
921.735
952.851
1027.37
991.025
1070.28
1033.07
946.643
855.231
984.846
973.888
1005.92
1100.99
993.089
917.52
919.814
859.669
936.449
828.274
963.866
936.36
946.644
914.869
926.277
1088.26
919.295
924.433
986.735
1158.56
1151.34
915.646
757.034
899.534
893.47
1050.75
968.238
960.591
981.039
929.745
905.688
828.51
1114.95
1002.16
887.152
897.976
1016.48
814.917
969.775
982.923
969.72
982.494
1132.32
999.586
977.062
850.055
911.836
943.459
858.182
893.434
1193.32
929.209
839.632
1058.41
910.719
844.844
830.205
785.841
979.188
922.319
914.556
1008.6
1047.72
859.795
843.99
1102.59
894.874
1113.31
1115.55
870.257
837.32
1010.18
926.78
947.269
1230.65
899.552
1150.7
911.807
1014.3
922.07
1231.08
970.125
887.074
764.353
838.189
954.496
889.035
968.874
1092.98
1052.65
944.265
1075.19
797.476
928.858
932.916
1045.69
1002.51
1112.84
946.056
1052.49
1038.26
875.684
1122.37
1015.69
915.903
864.9
947.953
884.519
971.556
913.35
958.286
1014.26
954.897
901.676
999.996
849.759
914.929
847.113
995.21
880.729
942.76
878.398
949.263
804.493
994.533
886.966
883.32
999.568
858.167
764.765
943.455
1071.07
754.703
958.531
916.261
872.072
1183.92
1012.15
1104.6
895.336
916.515
992.729
857.815
1001.59
960.08
835.666
909.938
1021.31
909.63
945.842
846.496
1000.16
780.454
1194.55
864.216
933.242
927.401
770.237
789.117
932.906
1420.61
923.385
851.09
1007.77
1072.33
1008.95
946.27
848.303
885.005
906.557
1103.08
880.38
955.618
1101.98
944.664
1084.74
1010.42
842.552
1042.93
1118.95
893.02
881.857
894.71
1025.27
984.191
833.972
1016.18
980.544
931.088
827.132
814.384
978.386
933.298
830.839
934.277
1060.76
965.458
1221.35
994.908
1002.42
1051.62
1007.14
1022.46
881.547
1215.36
995.809
1015.41
859.007
953.779
917.048
795.423
924.525
838.894
1039.3
1214.25
1028.94
901.551
955.101
871.325
1011.58
830.162
1161.28
917.862
982.397
1143.68
1099.02
978.794
865.71
939.874
882.387
994.634
978.661
981.121
1047.93
970.35
806.878
861.271
990.222
1158.33
981.616
921.312
843.79
937.845
960.524
857.035
939.911
1076.08
852.783
882.265
1028.31
938.883
985.794
836.05
1047.54
1080.99
1030.89
968.838
981.692
937.504
958.945
1122.6
957.526
996.301
1037.11
948.088
796.432
1045.54
871.737
1064.09
944.841
1102.37
1019.21
811.496
956.642
990.077
930.116
881.326
853.599
993.063
981.736
916.236
874.43
894.991
737.704
902.761
956.931
918.084
930.675
854.65
1048.37
880.156
969.155
889.534
1071.01
980.664
841.125
1004.37
992.967
956.727
878.326
968.716
1167.31
963.348
940.244
826.68
876.746
834.622
857.023
845.636
860.678
1078.71
847.372
1037.56
962.843
950.552
972.761
919.803
1004.99
938.9
1207.34
1052.11
882.442
890.449
1043.39
899.168
1058.31
983.762
963.644
811.39
969.92
910.33
890.755
936.663
879.583
908.295
956.867
1005.79
993.303
944.198
863.99
841.412
860.778
790.491
925.418
1042.49
907.454
712.917
932.005
925.416
895.92
842.968
979.667
805.177
856.932
806.791
1052.03
1037.36
1025.21
860.94
1141.85
965.085
948.313
1001.37
1002.23
847.017
897.836
1071.04
742.678
937.52
994.463
924.805
904.114
1021.02
855.344
927.845
978.977
872.054
962.962
958.753
912.308
834.104
959.998
859.427
855.611
940.777
892.551
890.576
1002.54
893.192
964.57
871.752
861.097
960.747
974.54
887.284
894.982
933.099
877.8
934.332
849.344
875.18
991.486
1052.69
1022.42
946.228
953.839
958.042
887.679
903.155
981.007
826.611
932.406
1011.54
897.514
990.175
910.7
920.887
995.543
848.741
870.199
983.923
883.142
1202.08
884.988
943.738
890.419
944.343
926.179
1057.45
866.769
845.905
1051.76
1065.8
978.372
978.739
1049.23
966.09
1026.76
1190.02
775.686
1004.56
898.381
879.835
817.802
1096.83
927.939
884.615
1023.62
991.055
1017.18
1118.65
939.996
1116.38
957.371
919.091
934.494
949.547
994.546
1173.35
1011.26
965.689
956.667
895.437
884.206
841.63
897.792
938.913
826.825
765.586
987.624
909.862
977.295
1215.52
887.37
941.444
1089.94
893.928
998.416
992.06
1053.21
937.138
854.072
1077.26
825.695
987.845
933.515
979.337
1112.32
961.34
988.465
1153.69
947.294
867.494
891.494
932.94
904.856
918.022
831.158
1068.05
1009.71
833.798
1049.1
946.596
860.366
841.144
1028.65
880.334
903.119
869.459
952.878
959.604
1140.85
1034.19
936.445
957.855
945.756
842.492
902.112
906.114
850.389
887.063
864.792
1099.42
763.365
1131.78
953.46
942.619
1109.82
905.232
972.245
1031.65
949.547
1040.83
1045.48
1011.52
839.49
935.61
1095.82
962.664
885.39
972.48
927.539
862.728
924.38
936.538
896.363
1020.49
1006.43
775.532
965.974
931.409
1072.5
897.844
1076.47
961.866
1007.43
1137.21
888.313
1190.4
948.192
884.899
759.659
1083.16
1158.85
1151.07
1041.42
862.508
936.822
1013.41
982.613
888.434
995.281
973.84
1068.03
1041.78
884.545
979.525
925.146
918.866
1153.1
966.781
808.769
937.889
1017.44
896.993
978.518
924.845
963.339
1031.94
1006.67
795.152
994.355
860.076
992.156
1004.06
1125.75
986.803
1185.79
936.105
981.403
945.819
786.383
896.764
928.058
936.158
910.902
1074.4
1067.08
1137.24
911.042
1066.05
1064.71
1053.11
778.122
892.481
1029.79
933.331
877.313
943.663
1070.83
970.252
818.716
770.976
913.733
963.613
908.848
1032.18
1049.58
726.672
960.818
716.366
774.26
1012.1
889.939
1020.25
859.711
816.157
859.429
891.43
1152.14
1026.71
991.15
963.373
938.003
862.662
995.012
869.875
954.311
1025.52
1012.92
881.988
1029.83
870.419
939.212
957.215
970.027
918.765
942.262
968.991
952.162
767.622
1010.07
930.711
894.902
971.347
1005.71
844.941
898.633
890.993
1050.27
865.595
815.788
836.649
1054.15
831.29
1122.19
1065.15
979.24
909.146
859.558
923.617
1123.21
984.034
873.884
1019.82
984.143
1049.57
1141.72
974.91
863.227
920.757
914.343
885.565
852.759
864.005
870.283
1005.73
957.166
1061.37
957.817
1058.25
816.362
1063.1
1131.85
814.011
762.984
960.338
976.637
992.216
883.889
986.866
913.464
932.312
1043.22
1095.87
977.57
922.429
1163.66
972.293
911.724
899.901
1181.1
917.758
1042.17
937.131
970.149
903.276
943.593
815.386
934.281
1011.1
904.544
1038.27
1001.24
926.775
1018.97
1039.94
1041.34
988.445
1042.95
886.797
1081.82
919.496
932.399
1023.89
801.351
976.19
1057.69
981.191
1014.3
884.531
1021.55
933.626
1030.33
1017.41
887.426
936.341
937.536
883.426
839.867
1000.84
1039.37
912.477
847.61
791.272
739.935
882.978
1016.6
803.853
886.356
1213.39
1197.44
1029.85
984.489
837.839
1016.62
929.915
978.554
819.201
919.395
1220.16
922.135
971.498
771.909
1049.44
1007.85
958.111
1005.2
849.151
1071.91
851.988
865.369
1058.97
861.777
943.971
890.325
810.612
945.559
823.232
885.176
923.159
888.767
957.16
1156.46
940.148
818.409
1077.13
971.78
905.252
947.82
908.171
1002.22
900.521
856.311
759.658
987.45
880.969
803.036
1046.55
995.544
1022.73
1032.14
948.416
955.417
892.134
1152.49
872.714
1008.59
939.616
977.252
989.884
848.647
889.492
1036.02
932.993
861.964
909.293
899.214
978.006
1021.46
748.429
970.4
954.793
950.85
1028.56
811.205
1040.77
1126.58
967.649
883.138
938.82
871.543
1068.59
809.213
887.15
959.718
938.58
929.741
962.181
1213.39
1056.88
961.416
809.601
957.598
1150.42
942.352
789.525
912.596
1131.08
1089.99
833.603
943.161
920.962
1052.52
1078.31
924.062
800.651
886.288
984.519
1121.31
909.345
860.316
1045.79
902.653
985.531
993.002
1046.13
920.735
952.568
931.007
1044.57
842.678
842.964
932.267
1035.95
948.828
1143.59
948.286
791.419
929.729
893.322
1117.75
935.784
932.89
764.679
959.334
825.085
917.948
930.793
890.44
1059.91
948.722
914.806
1126.82
977.065
995.897
976.992
997.164
961.896
992.685
956.095
924.677
991.9
929.301
907.158
888.581
1072.01
1013.74
820.784
981.786
922.237
1148.97
835.799
901.713
954.336
1036.07
814.702
1057.47
961.375
972.11
1112.22
1096.82
965.333
1026.67
901.939
1015.09
937.806
1093.96
1022.33
1018.11
1078.14
871.549
822.988
1151.35
875.403
891.194
912.545
818.053
922.234
965.576
817.556
846.28
875.033
1048.48
902.986
1042.22
970.239
797.329
927.042
904.989
905.974
1034.28
924.602
1154.44
1004.89
1045.42
970.005
957.763
1099.09
1258.04
993.158
867.265
799.81
901.747
1041.9
1063.81
974.991
895.079
969.564
884.958
916.115
925.05
1001.29
984.204
955.315
1080.89
901.864
948.085
950.478
1063.75
935.466
992.674
1049.11
927.593
1151.87
990.753
1053.48
935.724
997.158
897.918
930.662
853.151
908.974
1023
1141.92
814.591
1009.58
996.636
1002.04
986.312
910.532
1007.71
962.814
865.356
980.055
1031.27
806.199
932.503
859.709
1017.11
987.97
1054.76
938.714
841.193
1059.95
891.748
943.127
799.053
785.19
895.002
1057.8
853.974
1083.52
1121.29
967.587
1058.93
1015.45
963.21
973.416
1013.36
1076.28
991.57
970.553
988.296
889.924
954.927
910.576
1036.83
822.914
945.215
875.185
773.326
869.37
926.566
829.433
1009.73
1092.16
943.038
938.221
898.724
860.459
942.639
936.645
955.696
964.994
1020.04
1022.29
838.042
1009.12
954.31
1027.36
915.613
1004.78
1063.08
1118.43
1084.86
1086.22
883.724
880.765
955.201
1046.56
896.976
848.184
973.919
868.226
1031.81
1105.4
1040.76
1037.88
857.904
1015.12
957.353
938.327
1144.03
857.1
1063.48
1041.14
854.744
923.543
840.003
891.829
825.344
936.422
869.011
980.826
1086.87
1151.87
920.9
870.279
996.111
934.835
1017.63
1026.35
972.36
766.721
975.928
863.042
1006.03
968.485
1055.09
910.737
1043.33
1064.84
908.187
893.01
840.362
899.564
1125.08
1171.22
1003.22
1048.72
966.624
1100.03
831.79
955.997
1030.2
853.924
1009.81
984.902
912.485
1015.32
903.212
1066.22
923.337
914.061
1046.5
776.635
892.816
1115.43
1138.34
886.876
887.123
877.173
1041.56
1080.31
884.02
989.91
1097.96
838.611
1141.59
935.173
1080.08
1056.28
945.764
1062.26
898.188
1068.77
841.482
867.861
853.157
895.803
805.386
1000.84
891.67
952.04
906.356
800.077
883.715
883.318
1017.77
991.809
1108.59
924.125
894.088
963.703
830.902
918.033
993.194
908.883
940.405
913.097
939.695
1029.42
1026.68
1086.86
992.094
774.531
971.035
879.629
1009.48
956.309
999.211
881.165
933.237
930.711
1045.1
873.816
925.699
854.844
1019.88
995.823
954.043
995.55
938.585
974.528
983.99
957.249
811.363
918.356
948.09
949.67
976.757
971.169
901.908
858.435
887.354
887.006
984.229
852.632
874.361
788.829
949.367
1085.45
908.327
857.692
1069.32
1017.48
1008.58
882.477
955.687
911.589
946.784
1013.54
857.293
990.787
881.649
829.729
836.951
1014.47
1060.29
911.625
1023
926.122
1055.18
836.737
835.522
912.674
1011.57
1000.38
989.24
907.671
940.488
1051.19
872.43
858.652
771.816
902.141
979.538
910.36
1185.67
1048.13
825.683
1190.66
868.543
868.008
969.001
879.191
970.18
871.092
1087.13
852.45
964.226
895.658
897.036
793.463
796.557
981.49
879.288
746.707
1024.62
938.956
836.216
898.882
952.303
1002.88
955.243
991.18
923.008
996.929
986.211
1120.21
954.19
894.682
1110.65
908.76
817.742
903.809
1003.8
886.802
1132.67
978.877
983.904
983.24
1003.1
917.687
857.989
949.222
991.32
967.446
916.519
980.532
807.128
871.116
1076.49
852.089
950.857
1036.32
1008.99
1037.39
895.41
1094.23
888.478
885.49
971.457
915.667
1049.42
1059.93
1102.06
913.095
1012.58
983.709
1081.16
1008.78
943.678
1076.71
952.864
955.413
1080.07
1056.63
1070.52
823.313
820.305
824.836
1004.02
890.743
792.927
952.517
1029.68
1148.81
1063.62
1044.97
1080.28
924.193
841.758
942.783
939.21
1013.54
876.879
757.769
861.947
871.624
1028
985.145
891.281
979.9
1018.67
1106.93
831.41
988.709
975.383
1053.43
1045.13
923.266
893.553
927.982
983.591
922.753
1107.33
1042.51
802.448
791.434
800.618
947.601
768.366
955.739
928.558
845.872
1010.8
985.249
803.372
955.183
1010.65
1051.98
1009.39
1002.54
844.999
877.226
882.421
1020.68
784.502
1015.41
1033.47
953.657
1061.67
913.696
1006.99
961.747
840.263
1060.32
983.779
1013.17
1012.42
1007.28
952.344
907.159
1022.18
974.205
967.142
1023.45
927.022
870.074
903.835
759.148
1043.99
906.031
925.013
929.13
913.768
826.702
858.113
805.577
873.843
1061.81
922.887
855.838
954.067
964.667
863.186
870.926
1014.05
829.515
963.432
806.163
966.997
934.477
989.952
1205.34
849.373
893.385
982.273
884.987
1025.83
1139.78
1016.39
897.516
1039.7
851.139
938.522
997.695
997.737
958.047
866.91
901.363
910.255
945.363
954.078
954.438
963.552
941.521
1050.07
1143.35
1021.2
1040.9
1027.89
833.124
929.316
1051.07
1154.71
806.585
1010.39
975.46
972.349
950.656
731.938
835.257
953.655
1005.29
1038.68
923.312
861.463
901.75
1141.23
920.523
926.083
834.754
934.98
953.803
989.8
979.033
944.066
971.589
822.193
1092.75
989.686
880.874
989.003
917.965
961.503
986.629
769.52
1152.11
940.743
999.236
979.498
970.347
989.931
812.529
964.642
848.857
933.449
1031.09
992.779
1046.59
858.402
913.459
965.144
959.514
910.329
1031.52
912.563
810.942
963.246
1075.7
884.738
942.994
923.355
895.895
838.332
1048.23
885.863
979.019
1023.22
983.058
1002.87
898.286
865.413
828.557
906.832
849.993
946.033
963.05
911.212
950.51
892.257
1163.15
849.82
978.129
953.534
1031.52
840.215
881.368
1034.52
851.482
1085.56
1044.35
1028.12
817.286
918.24
967.276
896.583
999.774
963.668
973.243
824.085
1022.33
957.538
915.163
1158.47
739.583
1051.58
825.049
844.685
948.235
822.042
877.8
994.506
1023.66
1030.9
1068.28
1068.54
1015.26
812.05
1165.65
997.948
964.345
1139.04
1042.12
920.62
1014.03
1120.85
1034.33
830.159
898.567
1017.51
1007.75
1019.1
1031.42
1145.6
916.47
997.564
931.38
929.246
951.548
961.433
925.285
1111.77
936.577
949.149
998.135
804.289
1139.46
1028.4
996.205
981.231
1106.68
919.501
886.827
1075.4
944.823
903.503
883.948
988.714
790.684
1105.14
874.26
959.627
928.253
959.482
965.757
1038.4
1051.73
1044.51
976.189
989.755
820.665
913.264
929.364
924.955
913.031
847.227
1144.59
1007.3
929.415
895.793
938.023
982.175
728.363
945.511
908.892
1014.52
1069.65
1155.72
904.809
891.357
882.31
1037.53
1072.01
856.744
916.708
960.147
994.589
926.789
929.944
1086.65
912.679
1092.17
951.982
1043.09
1012.24
938.22
890.655
840.755
960.038
1020.07
953.068
852.041
884.301
1011.09
966.457
1006.84
927.365
1044.01
1003.67
922.358
1024.89
925.778
879.619
875.294
1005.79
871.136
945.503
1078.9
946.282
1152.08
939.095
1049.44
905.761
965.448
971.223
873.709
958.305
835.847
853.123
996.944
1146.83
959.298
1049.53
981.59
1011.77
979.143
933.965
856.131
978.069
1034.59
829.178
927.226
882.406
866.242
894.435
937.243
811.559
994.623
1023.52
778.146
914.483
840.84
955.761
912.535
923.543
816.848
973.968
1014.18
890.945
956.477
925.01
888.038
939.199
827.202
1084.29
1108.95
806.365
865.663
900.562
1074.4
880.747
905.369
885.884
1066.71
954.651
951.068
821.917
844.654
850.031
880.838
896.387
827.301
854.326
995.638
913.595
859.13
1097.3
905.434
963.898
1033.82
1012.89
1112.22
951.148
900.411
1099.23
867.247
894.069
1111.11
873.243
894.893
885.196
858.995
844.352
1042.73
921.932
808.362
1030.12
889.671
843.563
925.4
995.831
1034.23
941.351
1070.37
1014.06
821.249
1197.31
932.827
904.353
873.158
997.045
1079.39
983.857
1176.04
897.708
922.049
990.914
1032.84
843.348
921.431
808.724
1008.6
964.259
922.134
917.112
952.669
1053.48
741.572
928.33
955.102
903.86
1040.27
1006.1
906.445
911.531
983.109
986.127
1098.4
989.293
751.248
1006.95
1017.53
974.687
1008.86
973.576
948.852
911.113
989.003
890.072
919.558
949.718
967.513
906.456
975.565
1046.12
876.96
875.003
853.953
923.52
859.218
964.199
998.34
1033.15
989.141
903.895
827.219
936.91
896.501
1006.26
1168.66
946.651
957.29
1129.12
931.703
876.433
896.592
864.674
1052
913.829
762.226
956.96
963.558
962.112
864.103
1113.44
1039.75
1036.78
738.955
993.507
833.26
835.945
1047.6
1006.65
1050.3
1100.21
819.236
809.395
867.452
866.306
875.013
858.643
1076.4
1010.79
1033.84
1100.06
950.655
872.275
899.697
1075.09
880.833
803.537
897.682
936.077
1046.39
911.646
862.206
873.474
907.84
958.268
987.526
923.575
925.385
804.899
940.049
1038.54
933.533
872.215
1059.81
815.764
1011.95
1071.79
856.167
829.161
903.632
972.022
1024
985.148
910.628
925.671
960.461
967.354
912.768
987.606
906.02
905.49
877.251
925.743
1066.06
935.349
1089.02
983.228
929.494
1049.24
894.123
874.433
919.364
891.032
750.19
839.368
801.334
1099.4
1053.36
904.298
1013.33
784.01
901.235
983.961
846.949
733.699
1087.38
991.436
1004.24
953.597
1072.13
989.297
984.126
1190.79
918.446
1000
985.293
966.332
840.623
1081.28
920.401
970.535
822.29
877.407
966.396
878.518
902.081
889.589
967.048
993.738
879.465
848.256
894.873
936.475
926.03
835.029
945.52
949.736
1004.77
942.857
988.563
814.359
911.226
952.496
1008.95
856.879
930.428
899.834
922.551
935.78
808.066
1034.18
925.418
976.048
984.085
823.305
1074.82
922.263
1056.65
937.62
832.143
1115.4
883.943
909.897
1041.38
1023.33
925.066
1069.68
916.64
943.491
1169.63
1056.92
1022.56
993.687
977.063
1037.32
793.229
927.552
918.918
834.69
910.241
1027.89
910.036
860.116
928.392
907.884
1019.31
1056.72
811.148
1033.41
1071.3
725.819
868.474
832.066
993.771
998.67
1077.16
913.853
905.522
921.32
1045.25
917.869
877.862
969.878
1023.05
944.887
925.987
905.487
1018.13
803.295
935.898
932.129
987.504
977.349
908.549
944.758
1030.28
1069.81
924.104
905.782
932.111
946.218
861.184
1011.97
1001.19
981.289
998.803
974.623
897.663
1016.67
908.926
978.941
979.545
885.15
949.555
963.121
926.118
960.265
978.217
858.02
1030.19
931.11
928.338
1174.64
868.904
861.87
1063.68
1079.96
834.658
951.41
912.21
848.817
933.98
1115.62
939.196
833.142
883.665
885.697
785.295
928.097
920.785
935.107
953.993
1049.66
946.296
996.411
882.412
977.149
897.911
862.792
954.887
960.678
836.045
919.379
817.633
909.765
882.442
854.904
1031.94
805.731
980.162
913.656
818.228
936.12
1039.03
961.699
992.003
947.316
989.983
920.456
899.572
964.942
936.771
950.817
970.097
1074.05
1086.18
884.002
925.613
952.847
979.444
1025.35
948.465
965.266
904.768
805.413
926.474
942.417
878.877
1057.45
918.999
993.602
929.499
851.126
936.47
935.289
1223.21
870.242
831.504
972.079
966.936
880.015
975.342
1041.25
797.642
902.903
957.149
1009.42
963.496
947.683
983.436
1085.89
934.335
981.347
972.741
787.028
1146.3
1097.8
1052.04
1063.61
1020.28
960.242
828.612
1000.8
811.295
945.031
1033.8
936.072
1106.34
852.133
1004.76
999.001
1002.95
967.798
1012.93
847.791
852.338
1107.43
927.163
920.663
813.01
1002.08
968.307
960.625
964.19
969.069
841.648
901.028
860.519
1191.4
1175.3
869.682
842.63
1111.82
932.528
992.697
1170.21
946.151
914.364
963.414
910.119
1009.22
1165.73
1056.24
945.372
1091.92
1081.33
869.089
960.669
767.155
881.129
939.675
995.45
884.448
1076.83
981.626
852.359
945.51
997.301
934.012
838.305
1164.81
941.496
799.68
1019.81
937.749
1007.88
1378.08
912.858
944.695
953.097
798.735
922.384
925.031
1075.02
892.195
912.552
995.972
938.726
941.394
1026.57
914.856
789.67
986.767
990.406
936.179
963.894
890.194
1015.92
968.25
857.43
874.878
977.932
837.134
980.14
943.433
947.305
912.035
819.351
942.968
947.896
968.27
996.47
947.941
817.654
1005.73
764.129
957.299
852.576
909.474
916.524
948.177
913.515
923.255
991.97
930.722
743.032
950.81
1005.89
895.183
849.876
871.759
831.974
1048.89
868.696
1002.39
1059.88
986.396
885.035
909.131
1090.27
853.111
782.633
912.618
1053.18
1020.29
973.953
1158.25
981.263
982.371
870.349
760.174
1006.13
1010.04
901.869
979.231
866.486
839.024
967.343
974.042
910.807
1041.28
1069.71
1078.46
971.475
1047.09
905.954
1088.32
765.905
965.564
927.146
1101.25
937.344
881.311
971.664
919.639
910.263
875.703
835.421
989.815
905.297
926.216
1069.68
778.063
891.498
938.141
1051.82
1036.99
959.059
893.571
894.605
971.086
862.668
818.243
948.486
1014.95
798.42
953.275
838.012
800.643
1021.42
793.299
968.787
895.795
947.467
960.767
1102.12
1111.99
959.683
926.689
791.108
951.087
1103.75
940.401
870.016
1056.23
991.092
973.1
1018.69
937.414
790.222
894.798
928.875
1059.09
735.103
864.124
849.659
892.138
927.066
921.385
822.028
917.978
1037.55
875.059
1065.45
913.915
1001.28
859.612
1009.01
1161.2
1094.69
847.807
1028.25
926.834
912.521
994.481
1080.77
815.006
928.554
1026.52
973.625
1018.2
888.805
876.147
1056.57
871.795
959.681
958.598
924.489
1069.22
1140.46
981.842
1083.64
926.222
985.585
845.977
1022.93
1035.17
973.215
928.124
963.886
1070.89
1072.94
1033.84
992.432
916.041
787.98
1186.34
1139.19
926.638
1124.25
832.613
1116.88
1091.66
1069.34
909.821
836.817
953.533
921.419
849.229
935.822
1154.27
1074.9
915.477
950.394
1004.94
1049.02
867.813
861.628
909.727
998.344
894.749
882.473
942.844
1027.26
1022.01
994.352
856.173
912.511
1023.6
961.31
850.237
936.983
956.075
920.653
973.864
1130.12
1138.99
974.871
1205.54
1019.28
906.487
890.319
903.128
962.58
936.513
1039.65
1042.17
1172.49
975.144
1108.46
1210.53
1072.53
866.662
977.901
1091.84
863.564
911.07
872.878
934.285
874.531
1038.93
990.102
922.384
951.197
931.143
946.453
995.576
983.258
949.226
1000.17
900.027
807.646
1001.65
843.611
955.265
800.293
1027.87
834.404
955.014
998.021
911.066
1010.45
930.895
917.197
1010.22
939.923
835.595
993.578
796.838
801.373
996.641
881.63
844.733
1226.76
901.002
955.009
966.052
802.45
960.185
1053.5
844.394
1008.77
1010.98
857.436
981.469
946.167
1044.76
883.568
1020.82
966.878
951.298
956.681
878.325
891.319
892.061
994.697
973.286
962.814
984.165
844.152
1035.2
980.455
941.511
963.264
955.504
1057.23
1003.85
972.594
1087.92
1006.38
795.537
798.814
1081.07
1017.23
914.536
927.888
940.072
1050.79
1016.03
1141.96
953.403
1059.1
936.825
912.696
1124.93
1015.2
977.893
1051.77
892.634
1044.47
795.73
897.89
995.841
898.091
1087.43
956.871
942.714
964.964
967.45
917.416
1038.3
877.069
922.31
873.535
986.022
999.561
903.075
1105.64
1003.21
966.656
954.986
930.68
926.248
956.934
883.731
972.984
1035.26
1097.93
886.209
933.34
1035.68
880.252
768.811
877.018
994.729
1044.83
953.242
1044.79
1056.56
896.766
911.659
895.737
1031.12
891.063
1000.6
1004.2
935.271
927.721
928.852
940.063
1050.94
916.126
966.511
887.279
832.441
894.684
1025.21
1052.97
944.623
1011.6
1064.58
861.377
903.303
882.541
918.65
1079.41
879.015
936.721
955.399
846.912
952.58
1042.82
1035.62
850.998
921.301
813.386
786.253
996.695
856.142
895.584
857.248
946.108
885.941
981.029
917.136
827.094
829.609
1015.45
921.99
789.667
1004.97
978.254
874.029
1113.69
874.728
1322.74
916.571
861.329
897.069
958.288
915.809
1032.01
894.123
1027.17
925.369
916.034
853.924
883.873
1007.27
944.237
976.086
867.705
949.725
816.053
1058.79
986.852
805.536
798.443
863.892
1024.8
1090.14
994.081
990.21
1045.83
1009.36
862.867
865.527
835.786
951.406
959.22
832.701
912.822
965.903
1003.97
1066.83
1024.24
977.517
899.843
917.804
1004.33
1097.97
923.225
898.879
945.697
838.046
999.885
830.852
941.32
918.766
975.456
842.786
911.424
986.79
884.304
1093.56
955.975
836.206
1027.53
778.644
953.999
928.907
1098.53
1020.53
933.274
914.023
1093.8
905.393
1013.93
967.558
954.408
873.279
983.734
944.092
974.461
1077.95
1034.97
940.482
904.153
884.232
875.415
1110.71
912.149
1097.68
799.011
881.016
879.153
1013.81
958.27
1063.19
988.922
882.759
893.791
1052.59
855.857
995.918
979.61
1063.24
1035.91
802.719
889.075
977.743
912.481
1189.21
973.134
1029.8
799.629
825.054
1052.23
941.754
937.572
887.213
835.861
942.021
899.362
899.467
1145.14
936.776
956.761
961.538
840.657
1080.31
1056.75
896.863
1014.17
820.031
893.452
894.573
899.828
1095.76
989.829
895.164
815.743
1043.64
1071.42
926.92
1010.04
986.099
917.051
1061.65
774.534
875.15
1053.47
858.037
916.866
1081.29
845.642
964.122
901.644
987.774
834.305
1155.84
994.164
856.169
843.315
1128.22
945.679
866.776
971.211
928.494
1100.34
980.711
797.834
1004.88
1028.81
985.208
875.045
827.138
867.238
1040.26
1027.83
1142.03
801.52
1071.93
934.495
1097.07
983.688
822.751
841.68
911.108
871.357
913.683
787.462
837.858
900.322
1000.54
879.423
974.477
1110.84
975.304
974.835
978.166
961.218
1037.67
891.411
983.969
911.726
776.284
907.121
834.1
1005.76
1058.11
897.52
857.68
750.98
958.603
943.951
896.093
949.718
905.067
900.327
899.118
1034.69
984.318
1083.05
1010.87
1062.72
805.623
1018.76
1015.63
913.46
1052.16
986.171
913.583
980.84
1076.74
907.032
842.955
958.859
1003.03
852.873
986.728
993.292
911.503
915.644
883.942
794.108
777.595
875.956
967.512
830.711
974.261
1018.84
1012.36
809.084
950.026
793.368
985.846
877.067
1037.1
853.873
864.785
1169.12
1046.47
1030.37
890.438
981.239
984.058
985.583
957.334
779.454
1114.27
857.197
977.34
1011.77
933.62
880.656
1043.01
914.479
866.693
935.897
1033.28
831.508
1004.24
983.404
1086.95
915.556
970.224
955.735
955.089
971.069
1121.05
1013.92
951.768
1016.4
1152.65
985.944
1066.77
1062.72
1094.82
841.392
955.82
944.469
947.446
780.487
842.081
947.015
822.136
855.701
815.662
935.219
1111.67
998.786
846.837
1014.59
902.976
1009.89
907.096
892.165
823.018
1002.11
1098.56
895.377
856.644
872.466
982.474
867.532
944.508
900.057
869.803
1043.1
994.302
992.262
960.001
994.8
997
860.89
1002.27
928.858
1042.27
1045.9
810.953
1008.89
801.906
925.877
1021.87
1103.78
944.985
1008.6
1148.21
1113.64
998.973
1056.71
996.818
952.839
1261.74
1013.54
983.062
906.973
920.702
940.078
844.548
833.642
940.563
912.9
997.726
969.172
906.978
901.947
1137.63
1035.3
898.642
1068.63
956.767
892.793
885.367
933.292
1004.62
866.795
970.586
1042.39
946.993
937.365
926.039
1082.43
903.907
903.163
850.455
803.331
891.909
800.646
864.777
914.117
1044.65
942.921
1026.43
855.904
989.255
930.78
969.006
1038.5
979.883
973.225
901.849
907.441
899.223
1037.51
1074.21
769.237
993.778
1054.98
932.549
865.306
983.904
842.762
972.467
968.219
994.426
943.674
992.524
1328.37
966.11
864.821
1059.44
921.145
952.344
1208.68
894.87
1052.07
849.921
926.861
1023.42
883.216
1020.65
952.351
954.162
1005.96
953.918
913.762
956.626
970.277
922.642
1205.35
1099.9
862.927
891.047
915.465
869.728
944.936
1022.14
980.144
1035.27
905.511
922.197
912.843
1109.7
1015.23
916.223
1033.84
934.251
1132.68
914.209
894.636
991.784
978.136
863.713
926.43
869.968
945.533
857.404
915.812
946.242
878.582
895.218
1137.33
991.856
953.51
948.219
1024.32
1070
1012.12
932.387
890.698
969.738
1071.53
932.582
883.512
1107.1
904.632
845.911
817.056
954.268
1000.18
888.382
1020.43
919.784
1160.82
1124.56
768.524
879.669
959.222
901.565
1008.93
971.626
1024.29
1042.57
996.543
993.65
764.897
1014.21
1018.01
1012.15
856.606
862.691
1174.97
915.315
877.642
1001.46
920.641
832.777
1033.05
895.789
856.497
833.159
861.763
983.89
848.686
978.263
1099.95
1104.78
901.985
872.056
893.532
931.207
887.197
852.343
1022.69
1084.27
1045.94
968.961
841.488
961.731
816.218
874.825
983.683
874.537
943.655
867.05
987.001
928.056
912.971
852.632
991.164
827.687
976.147
1040.74
1231.93
1099.27
1012.31
863.799
1047.75
924.634
1007.67
842.833
864.892
835.495
818.792
800.124
912.54
1054.85
1060.73
794.535
990.497
880.588
941.543
930.815
978.359
886.054
1059.51
908.376
1017.18
946.507
857.632
892.544
932.273
986.657
862.971
875.654
1045.15
930.597
919.769
1044.2
1114.36
1094.34
1072.09
1096.5
911.944
1013.43
956.27
929.125
843.022
823.321
886.279
1026.43
864.711
1039.48
877.63
992.364
1018.57
932.751
919.833
1001.7
1118.78
902.902
1001.08
987.71
780.352
848.101
1080.37
966.58
830.902
1034.49
1095.36
867.803
952.978
1197.86
863.15
1035.1
968.647
1036.07
1335.05
832.077
909.155
930.332
979.201
970.221
812.793
790.942
955.462
1000.42
944.365
916.971
893.377
794.807
906.519
836.249
1056.18
916.771
1176.52
941.525
927.405
919.386
888.108
948.999
918.649
992.619
975.134
806.737
988.066
998.292
915.105
1053.64
942.219
847.451
999.033
989.522
874.699
866.676
1014.46
933.764
993.021
765.96
988.087
1027.04
1180.21
825.612
1001.61
942.448
943.99
884.496
1073.5
975.21
1050.96
929.942
988.211
888.178
1047.11
927.075
909.977
1111.23
840.877
930.715
950.701
921.144
1137.15
867.976
916.236
948.5
941.505
893.13
1069.05
868.653
1055.09
1071.99
958.345
927.829
994.701
941.255
1056.7
888.406
883.134
1033.62
1030.29
983.878
878.826
1148.73
842.215
874.222
1027.08
1049.12
879.598
1229.39
954.394
927.104
950.474
1024.68
814.748
1108.96
934.392
813.808
941.081
1055.21
976.934
851.751
1011.1
1004.5
927.963
1025.42
945.209
1037.17
996.591
973.301
877.423
1020.79
842.531
998.055
1085.37
909.639
849.843
953.316
1002.27
1153.34
980.357
987.137
845.381
778.845
826.869
1170.62
865.685
771.275
849.651
1010.52
901.724
996.241
1034.45
969.64
741.729
1021
918.086
1022.14
992.151
871.738
829.838
879.01
1086.17
951.461
999.531
803.398
976.822
1039.08
1189.73
868.193
1039.16
787.658
1038.19
1039.4
880.354
985.657
974.042
899.437
961.149
960.817
940.35
1080.84
1022.51
1127.91
881.582
749.549
1013.04
788.989
906.8
948.31
879.815
950.67
958.129
994.621
978.772
819.346
837.258
927.864
941.446
1020.69
943.058
816.345
1139.59
1038.56
1065.25
1029.55
858.776
886.311
953.466
1126.81
1160.99
1006.08
784.201
1053
935.877
899.052
840.107
1024.61
858.603
985.937
1057.82
1056.73
1061.82
925.963
917.01
1072.98
975.736
994.759
990.653
898.197
886.305
928.49
929.058
964.138
1013.82
999.877
956.511
1027.4
942.939
1113.25
993.19
1146.24
1039.04
789.035
928.187
956.322
902.537
1029.39
990.081
996.462
1097.38
823.235
903.676
904.183
916.155
911.837
865.553
924.176
1168.47
877.987
893.434
917.558
970.154
893.202
1128.47
884.596
953.218
956.181
880.142
1196.11
904.634
971.833
948.08
938.497
922.091
1012.03
1054.14
1185.88
909.069
911.145
1109.28
1028.15
1041.78
948.009
781.66
811.981
1052.56
995.452
1143.94
1073.21
895.462
948.066
940.83
951.197
1144.71
800.018
984.458
937.514
903.013
861.624
935.636
981.805
1210.12
1025.46
1084.8
955.175
1000.24
855.512
857.412
926.053
807.097
946.767
918.882
1076.22
944.718
831.121
988.112
946.192
1036.41
1239.41
1107.61
878.861
975.954
998.777
1086.8
838.038
926.223
823.34
849.271
1050.35
927.213
936.478
948.652
968.801
989.289
998.64
926.019
826.713
916.281
1138.87
889.115
979.387
929.714
1086.7
950.121
991.278
1149.22
989.602
966.385
952.804
968.174
956.818
898.04
950.386
942.169
964.89
955.064
877.489
948.479
835.956
1037.34
1061.39
1077.45
907.336
838.61
915.171
919.448
911.015
952.79
1018.23
918.42
881.838
1273.42
836.923
915.411
967.036
1034.78
1239.2
842.421
1183.21
948.566
981.411
910.996
923.39
924.012
965.689
1119.34
892.351
1027.46
794.336
820.864
1143.98
984.489
944.9
910.665
1094.02
918.886
1050.17
838.886
860.886
922.48
932.456
1053.63
943.608
1029.27
1016.6
911.307
1018.41
966.573
959.694
1019.83
921.783
1017.95
828.895
857.12
905.908
992.915
876.457
935.922
906.918
939.275
969.597
1005.62
824.097
916.832
1189.01
893.961
893.756
1084.65
862.261
886.486
864.355
1007
987.668
903.917
1053.56
984.313
926.64
845.592
1130.72
986.843
912.113
1040.83
838.961
928.38
783.897
934.462
980.592
924.916
930.249
830.275
1000.05
924.966
1046.42
910.398
1088.26
964.394
921.773
827.727
854.6
983.954
1047.01
924.844
998.497
891.671
1037.05
1021.42
890.246
664.852
846.746
1125.69
863.35
860.504
928.871
856.298
901.759
1124.81
870.017
1012.21
945.354
1134.39
963.581
991.294
762.063
909.606
872.146
1170.38
1003.3
1119.07
863.757
827.982
954.567
877.339
1055.11
1014.7
814.275
1001.72
1002
894.998
858.105
877.644
958.469
1006.82
752.588
1067.21
937.295
780.38
1003.68
837.852
1051.97
885.509
946.787
984.313
826.816
975.282
884.327
931.546
972.805
928.237
940.966
877.732
864.072
860.444
857.507
941.73
939.136
973.214
1009.9
1003.21
923.206
1054.49
958.231
1105.89
942.181
855.207
883.218
776.713
853.1
996.338
895.461
935.177
891.388
942.462
1063.83
884.311
887.129
1012.65
861.328
1209.71
973.089
966.714
812.187
1021.41
903.621
859.219
1065.58
909.926
916.418
1037.26
855.228
1127.74
838.436
883.235
854.646
1141.56
1114.56
1081.38
1081.44
959.867
951.733
952.242
973.67
968.02
953.032
833.53
895.392
823.773
849.57
1086.34
951.253
942.136
998.527
843.012
1001.26
980.475
1039.48
1131.64
1031.51
876.949
850.938
963.488
950.515
971.183
1171.19
991.026
1063.49
1038.57
924.88
890.289
1064.71
984.278
854.158
798.086
931.233
989.05
1110.1
873.761
856.094
1067.02
997.277
900.951
927.408
968.995
915.753
898.789
970.303
1002.97
903.774
1168.06
1086.04
970.617
859.498
928.822
875.286
896.297
910.13
860.819
902.003
801.727
982.262
1105.28
939.442
787.283
938.776
1091.35
914.404
931.597
790.002
1038.86
957.022
1009.61
1146.6
782.737
899.108
1018.69
1034.76
1006.82
984.624
772.615
907.215
902.914
857.209
929.15
947.405
995.648
800.349
853.931
1030.68
942.988
868.223
892.089
1040.09
934.461
953.809
914.48
929.422
909.047
839.617
1054.15
913.718
1014.83
790.651
1058.07
789.468
1022.6
874.749
1093.38
1112.09
888.618
1084.43
946.911
829.97
1138.07
1014.02
989.385
899.127
1029.93
890.162
1042.77
913.795
985.414
1049.23
922.906
992.371
845.257
1120.8
953.967
956.737
952.874
1015.92
963.324
956.618
883.916
999.956
994.206
953.269
880.778
1063.53
1033.22
994.106
1161.75
965.868
881.94
1006.17
890.921
951.691
930.893
998.972
985.655
1092.89
896.856
893.212
927.992
1078.61
1030.1
1202.52
1032.08
1162.82
760.898
887.402
954.678
948.403
840.378
795.666
846.303
935.601
913.156
975.124
888.52
876.354
903.394
901.536
1161.13
1083.36
1057.47
1037.75
931.538
997.526
926.928
928.056
930.394
1011.7
1065.88
982.01
847.32
974.21
919.686
928.672
1009.51
823.386
972.858
880.474
1018.13
918.021
868.762
867.745
1042.1
948.154
851.822
999.769
800.966
1033.35
1106.18
972.576
1201.11
902.35
1085.26
976.872
876.6
1064.9
991.68
932.055
781.621
981.59
918.295
1050.27
1020.12
935.843
933.656
952.583
852.504
818.725
1012.17
838.941
910.051
1179.98
884.64
827.933
810.521
934.154
1045.99
815.745
924.695
861.357
923.577
858.299
1029.84
844.515
1142.54
838.885
986.045
936.386
1190.66
879.346
993.199
1032.25
890.926
1172.13
1025.34
1118.62
1026.43
920.051
1037.38
847.318
876.682
877.466
840.348
982.004
958.156
1003.09
910.254
877.444
1102.75
1065.04
914.257
1073.12
920.144
1065.03
1022.78
1005.85
930.177
838.047
832.721
780.448
931.657
915.852
995.754
895.823
870.282
870.022
1010.15
994.248
1002.48
832.753
1012.44
917.927
1097.25
949.204
1065.65
778.133
1030.56
852.933
882.547
1048.57
909.671
957.167
898.233
986.032
940.47
1062.95
874.818
997.808
1056.95
802.1
808.941
987.589
891.396
887.196
967.962
899.315
861.923
946.077
1088.75
1140.8
775.675
881.251
851.859
933.765
848.053
838.295
767.803
881.675
979.463
999.945
941.911
903.979
941.638
958.976
798.163
938.883
1003.15
996.77
898.761
968.946
982.144
880.529
848.444
765.957
987.325
953.987
990.11
861.994
1029.86
939.782
1042.04
959.397
877.487
968.359
940.169
815.662
1030.5
943.134
871.547
1000.99
1017.65
950.323
1037.02
1004.73
771.705
883.906
847.213
1008.19
1027.91
1053.17
963.785
907.81
899.653
827.804
859.837
928.609
894.245
1027.65
974.371
795.787
933.236
923.503
865.239
960.677
913.943
995.835
984.825
982.437
887.807
882.032
976.221
860.604
969.494
1095.01
884.88
942.004
930.357
850.576
884.013
864.349
927.495
1104.52
981.835
982.313
993.442
816.52
898.912
1107.78
939.856
986.879
916.089
859.565
874.425
1210.26
968.585
809.148
985.454
952.766
975.299
936.606
933.73
912.415
873.321
807.153
1094.87
939.149
956.323
935.459
942.591
904.387
906.504
1064.06
1013.48
1072.42
882.049
924.822
1043.78
850.934
1101.89
881.817
957.672
964.021
785.917
1025.92
853.6
1005.32
945.411
1050.19
988.083
980.218
912.895
806.917
1038.44
912.258
983.748
898.148
762.524
839.761
976.782
924.862
817.108
894.027
958.113
982.578
1021.78
863.815
985.918
891.363
808.893
934.703
1060.83
845.98
803.782
945.531
1112.5
822.2
965.405
919.915
1088.12
946.741
866.792
1083.42
1032.95
870.781
1060.2
947.77
860.446
849.63
897.12
917.929
854.257
866.512
929.45
970.514
972.549
1100.93
1010.19
1018.29
867.904
946.418
837.742
930.847
1002.26
1123.72
973.905
911.526
1064.67
856.192
843.529
895.004
934.719
1079.28
1016.99
1074.34
927.937
960.8
990.369
921.528
983.796
887.512
937.881
1043.38
919.961
948.972
1010.05
866.908
848.823
1165.27
921.609
932.38
975.537
1137.15
926.479
792.652
988.94
1004.91
787.205
1137.57
943.624
1043.47
993.1
983.874
847.739
1059.75
1110.77
932.385
945.025
875.064
923.122
989.072
986.282
935.43
957.65
966.341
915.247
904.446
939.142
907.022
967.081
926.926
890.703
1081.94
915.435
1023.11
988.259
1219.17
960.698
962.645
875.767
857.564
998.925
1189.93
1310.4
897.156
1081.81
981.297
897.685
990.574
819.744
942.071
958.961
943.988
966.884
1014.47
897.345
941.202
880.438
1110.47
921.722
953.284
873.123
993.63
790.976
853.074
1042.93
876.434
955.384
848.328
931.017
994.164
1086.68
967.846
900.371
977.31
948.407
786.897
1031.48
833.359
831.348
902.914
973.77
1055.75
1082.23
1246.21
959.275
1031.1
926.013
885.969
1003.25
909.944
915.702
966.318
936.629
990.46
921.582
883.333
903.897
1005.19
859.052
915.609
976.119
979.454
993.702
962.455
962.85
970.054
779.354
939.515
978.008
1050.09
1128.84
1024.78
1018.77
904.422
1012.17
848.488
967.095
1045.83
1067.44
892.197
1045.33
1014.93
991.689
834.33
1053.35
1022.11
1106.67
988.616
885.402
850.816
842.083
974.915
906.441
1142.56
835.283
954.662
810.161
1014.2
1015.21
1024.13
914.114
1032.44
987.475
864.685
829.376
998.749
1001.72
981.526
999.97
923.683
818.993
1195.88
994.066
814.159
864.576
939.16
1092.82
1143.28
1013.66
776.966
893.332
909.763
947.943
936.784
998.608
915.285
929.09
931.509
955.938
1030.17
1074.17
961.746
1132.73
949.628
867.233
969.08
850.229
974.065
1005.6
1023.54
1068.52
979.775
1052.09
982.218
779.282
931.2
807.483
842.83
863.15
953.448
988.592
925.849
954.329
914.715
852.099
954.414
925.313
895.423
955.786
953.414
946.054
990.889
873.833
873.739
848.462
926.61
765.815
891.369
920.905
821.755
978.008
1034.86
898.498
992.038
875.928
953.884
874.401
1027.64
990.414
1038.34
970.682
1092.85
1198.89
998.18
832.78
916.444
1122.58
985.714
952.023
974.089
948.223
953.216
936.209
994.415
989.053
866.066
1162.91
1024.87
897.779
929.964
881.284
847.053
922.538
999.05
940.89
977.978
1137.14
845.943
850.162
977.578
883.23
1087.03
908.141
1145.07
849.186
988.391
789.746
1016.01
801.427
849.196
953.321
1085.89
1094.58
918.338
1088.91
836.652
905.25
907.668
1007.51
942.174
923.931
992.196
1122.18
869.408
1085.55
906.515
935.629
846.738
816.667
931.409
1120.17
1057.51
881.558
919.19
1049.93
919.317
954.162
932.662
866.955
952.307
842.04
879.733
953.328
811.514
872.468
750.09
811.529
841.338
955.891
1037.06
831.877
1022.95
950.305
987.24
1192.82
1046.4
1072.11
1035.79
1000.85
973.789
937.409
918.659
1085.61
844.791
990.718
1090.46
1056.12
984.716
921.954
1044.8
1012.72
1016.37
1090.3
1162.93
976.578
856.088
1077.76
1040.57
1000.44
1044.56
1091.54
859.521
1199.59
976.649
1081.44
911.168
895.192
885.488
1051.46
922.354
801.795
1141.64
918.118
946.825
935.707
1087.24
849.677
1149.7
1130.88
791.22
1000.08
1002.68
986.718
900.993
873.216
855.238
895.755
1022.77
1153.13
994.258
972.436
1003.99
1077.45
939.016
1121.56
913.262
940.89
1026.71
859.419
914.591
877.633
1016.93
988.639
1051.14
1126.46
983.891
871.772
1043.79
926.573
859.22
928.763
962.529
986.78
996.076
1097.61
1023.16
868.521
881.092
933.148
983.909
949.506
1070.82
1019.25
958.778
940.309
851.532
932.784
889.048
1088.62
927.955
905.073
931.825
846.954
948.795
865.043
911.271
935.17
920.087
1058.34
951.445
934.702
970.861
1003.19
974.88
1117.45
854.196
1112.17
1001.32
911.73
977.54
929.877
1042.61
1177.28
906.874
918.377
955.335
1058.11
913.589
938.482
1040.75
822.13
795.513
902.799
982.181
915.801
1157.57
1135.3
918.604
1009.92
939.673
906.716
874.764
945.198
1115.8
960.989
891.862
934.124
897.347
1094.63
1047.24
1057.99
1051.12
1175.3
983.116
1052.11
891.888
1062.9
827.378
858.991
1020.9
938.309
865.645
1024
950.224
874.155
788.143
894.688
910.039
867.436
1024.64
1059.71
932.493
1006.25
1101.16
978.923
1046.14
1068.38
880.628
839.588
888.878
867.673
1032.07
912.149
947.222
930.615
847.553
842.527
870.576
1115.51
922.39
891.687
838.423
800.679
866.793
969.733
955.165
980.916
925.718
913.092
938.808
968.396
957.943
1021.71
1157.12
1015.75
897.168
1096.52
862.67
997.141
1105.39
969.084
777.792
926.399
902.591
943.348
1063.9
910.913
912.256
929.202
990.977
1006.55
906.454
1081.79
1062.23
871.39
1051.37
909.409
849.511
973.372
807.276
908.357
888.451
812.371
965.724
874.871
971.234
1030.71
1132.34
867.667
893.641
828.509
912.613
999.439
957.288
904.576
776.926
837.217
866.56
1051.31
882.036
1046.41
1002.18
1064.14
825.325
918.92
1032.31
872.472
1085.32
1005.04
997.793
885.702
864.146
971.758
979.456
959.368
881.607
845.514
889.837
1013.76
719.783
1018.1
914.305
998.686
941.657
926.274
862.33
1059.92
819.046
1006.45
1022.28
891.676
911.627
935.209
894.979
987.049
954.381
953.88
942.607
1008.23
853.101
875.987
965.37
959.092
1113.24
797.647
857.571
1045.21
1041.06
887.419
975.249
1152.01
926.294
831.871
864.094
956.941
1040.05
1197.09
1032.85
1033.5
849.966
971.192
922.029
963.262
863.925
925.992
1066.65
873.711
992.378
1000.23
1001.2
1115.78
1092.54
918.721
1020.54
1085.96
977.541
804.629
1067.14
917.628
911.452
1069.32
993.451
906.98
952.936
957.144
971.585
1090.72
1041.05
825.58
977.535
1043.64
1056.97
865.904
945.783
953.468
796.577
1051.48
925.214
966.888
851.793
820.409
964.468
966.783
971.681
889.434
1080.9
996.107
868.64
887.886
924.595
902.454
1049.84
869.232
944.256
915.553
765.805
1024.57
896.855
984.787
943.582
1070.41
1072.29
931.619
856.455
1020.02
895.721
919.64
817.625
824.273
966.953
1106.1
1144.77
1048.08
1119.12
921.769
892.86
951.895
1030.33
832.082
1001.08
1012.41
938.949
878.938
1085.45
1060.53
914.2
931.974
919.398
936.476
951.328
865.332
937.172
996.653
1032.76
866.697
976.548
1001.9
1057.22
972.572
982.874
891.475
905.659
836.29
809.851
711.7
908.993
854.759
989.073
807.804
1054.12
891.411
962.109
993.464
961.934
1054.03
1014.85
975.242
877.979
1014.07
1039.99
937.013
1016.77
887.683
995.506
786.397
957.96
924.074
831.694
1071.32
873.773
876.329
976.156
954.424
1025.6
904.028
893.106
889.85
977.299
1002.05
908.958
997.812
759.875
1040.63
1035
1005.91
943.844
817.395
1131.96
940.283
990.555
1032.36
1047.26
883.54
1227.03
772.616
890.668
883.918
946.377
939.484
862.125
788.388
972.019
962.583
1012.82
913.216
941.565
868.299
878.75
927.908
1040.21
820.224
874.615
1119.11
1047.28
868.782
1095.49
924.158
943.643
847.485
1184.96
795.276
979.457
1029.6
966.393
993.741
984.364
958.847
936.493
931.201
1031.93
937.434
945.756
954.125
978.131
965.812
1027.72
905.327
845.263
932.332
849.229
997.771
919.864
1089.56
882.99
1020.54
922.012
896.412
973.909
1028.87
835.851
892.161
1120.02
1068.16
939.678
1047.23
1026.71
866.348
1116.19
1151.14
1214.38
1088.99
958.682
1095.83
945.916
901.626
1043.49
1056.97
1074.59
1015.01
859.138
985.259
948.565
1056.33
889.588
908.862
1135.93
1000.87
846.839
984.685
847.069
1004.85
906.298
1043.47
954.249
951.928
1072.6
907.98
1059.92
1024.34
955.033
1024.65
951.309
856.039
775.559
951.95
940.276
905.484
790.708
983.583
1092.46
988.566
964.866
1012.39
919.087
943.185
1048.82
974.76
1006.69
868.226
1000.42
773.013
858.851
947.22
882.964
986.49
1083.95
983.13
924.803
986.099
1018.41
893.751
964.365
969.652
948.952
766.196
886.275
1049.3
983.92
925.375
830.261
1009.01
1087.57
1029.58
858.739
949.33
943.713
954.152
987.735
1112.44
1066.52
772.654
1077.13
1128.28
930.975
1046.8
1075.16
1042.63
1025.24
938.301
1116.8
893.547
953.507
946.995
828.8
979.759
824.691
864.746
990.739
878.865
1015.09
952.96
940.514
889.538
964.329
953.959
988.97
999.851
956.806
814.662
875.55
1104.86
997.322
792.211
939.735
889.024
935.958
836.364
1018.88
851.933
883.898
953.611
924.801
819.243
990.04
1086.49
1004.38
727.427
828.7
850.075
1065.89
987.525
966.217
832.912
1105.4
798.041
1081.59
899.274
974.461
921.153
934.118
916.669
750.755
986.086
732.332
836.88
1006.82
933.733
893.44
954.207
991.544
1038.09
1238.26
906.213
866.122
1076.84
884.319
989.55
891.162
1013.13
926.773
1091.5
972.986
857.085
988.421
794.975
1031.9
986.528
917.921
917.342
927.088
1125.3
1124.59
965.171
1025.89
980.56
1039.4
892.731
1002.32
913.598
1015.33
920.183
1152.34
803.248
1067.21
962.668
1037.88
983.363
1044.32
1001.51
978.224
965.977
975.286
1005.79
1028.46
944.865
912.799
889.405
1008.49
913.773
975.619
830.186
1088.84
863.912
928.968
911.015
1122.64
950.868
1051.56
870.095
958.506
856.867
1014.21
952.126
1230.55
998.656
919.932
862.776
962.873
982.845
948.789
927.427
1087.91
1014.57
831.044
1029.18
1047.4
839.421
972.777
874.565
1045.37
842.927
906.693
986.383
859.503
1016.9
850.123
950.235
872.152
849.284
985.927
811.439
993.943
925.946
803.136
941.115
886.473
815.853
820.908
907.905
875.942
1133.65
923.234
980.355
1163.65
1005.87
1078.98
955.524
910.163
1068.28
906.382
920.988
916.139
922.484
758.445
1013.89
979.73
978.956
932.146
920.696
998.569
924.721
1012.5
827.208
962.097
864.758
1077.15
791.655
1008.04
1105.1
972.051
967.757
941.974
1066.15
1059.18
991.474
957.391
1029.17
984.428
835.445
1204.34
1012.6
1074.14
928.637
792.429
1039.61
969.501
948.381
1021.88
904.793
839.513
785.488
905.348
832.393
972.25
874.668
859.172
831.387
1151.16
966.458
897.93
1041.84
994.199
1171.21
848.272
1087.61
940.947
943.261
868.069
868.773
971.19
953.422
906.324
993.938
918.857
1109.18
924.017
1032.21
1028.87
936.735
882.922
901.181
871.269
841.775
971.333
970.946
814.324
873.434
1043.31
942.838
989.559
1022.84
863.054
893.199
881.158
819.52
886.836
949.206
789.712
869.703
903.273
800.325
932.28
904.739
828.203
937.194
1131.49
756.089
877.565
750.532
1051.82
1014.84
922.122
879.484
1056.33
966.305
995.185
868.961
1061.53
972.462
916.822
1031.86
909.794
1052.35
1043.66
910.704
933.322
956.689
1058.04
1057.42
1034.33
947.256
1095.44
916.788
1092.21
892.616
853.131
1068.73
966.594
887.053
1081.37
939.286
950.909
903.597
855.08
783.694
994.428
896.379
906.885
965.299
1054.1
839.822
821.559
919.9
1182.32
855.528
844.134
822.419
1044.16
889.641
837.546
1111.34
1114.92
853.108
972.012
955.447
861.681
974.401
789.927
1048.05
851.579
902.727
883.165
1138.29
898.924
854.019
931.546
1004.23
928.696
885.28
960.399
894.7
931.377
884.46
921.717
839.085
931.747
1049.62
960.399
1100.9
950.006
825.442
946.184
922.997
1069.95
1046.48
831.506
1044.66
964.623
1096.6
822.793
914.325
949.009
971.839
1086.37
880.121
909.516
1053.98
976.835
825.029
874.779
999.261
909.126
1004.43
977.084
951.367
994.938
906.863
928.579
898.953
858.943
1018.41
938.398
1080.1
844.516
1170.02
969.071
934.571
891.855
881.45
1027.41
1047.05
949.147
1010.77
1020.06
856.508
1105.01
987.946
1017.07
929.844
978.518
1173.56
989.893
848.551
853.45
1018.84
1161.12
898.448
961.814
956.231
935.178
774.71
809.007
1148.09
931.313
1026.65
920.811
890.257
856.511
1026.07
876.288
935.7
1029.94
817.535
983.172
928.221
1049.63
920.067
1165.83
1011.19
1057
955.591
1059.77
915.929
943.63
987.986
988.415
866.509
1092.71
972.266
1054.51
1018.93
855.938
876.363
952.5
890.553
1023.33
937.717
982.712
1044.22
1016.88
970.498
916.13
907.392
984.384
998.817
1048.66
925.092
901.55
989.056
955.324
865.221
1031.57
953.243
1207.61
979.422
978.693
1038.98
844.651
954.423
849.085
986.63
1036.36
953.586
980.328
883.815
835.445
964.856
833.175
1005.42
942.342
831.579
869.811
1092.85
919.771
1188.54
935.203
1025.3
911.777
1066.99
878.178
1083.09
987.945
916.823
1019.61
928.67
974.534
897.158
908.246
935.151
1120.67
960.761
1223.7
894.878
1094.75
875.312
896.136
789.636
975.506
1093.68
988.777
917.878
1003.43
822.605
862.434
840.129
1091.53
833.494
1012.52
889.142
1086.65
997.403
1047.04
975.569
983.083
942.957
906.242
977.034
838.884
925.296
975.473
883.962
945.986
997.701
930.498
949.967
1025.5
1018.48
939.976
875.831
1113.94
965.377
1074.43
1158.91
875.775
1070.7
1001.78
966.956
1104.14
899.296
787.454
1034.72
1041.81
858.174
1083.16
954.061
858.316
890.603
942.569
1082.76
1203.61
966.232
900.95
977.326
761.064
1051.76
1031.38
899.469
907.973
1099.92
1020.05
1040.05
883.649
1057.39
976.176
1008.47
942.768
932.276
1118.28
1011.95
836.953
980.125
1020.34
854.603
996.752
1075.28
932.63
1095.46
842.133
1008.97
963.102
887.54
924.955
996.064
845.69
910.874
1273.77
982.172
862.135
933.554
852.818
986.937
1025.98
1093.76
1012.83
1048.35
915.64
1074.39
1028.06
812.947
901.146
1012.45
943.691
982.282
891.942
1044.21
976.415
842.721
926.752
883.402
850.582
979.68
980.014
1091.85
1002.42
982.273
937.233
1053.69
942.214
767.076
820.795
886.269
840.878
971.377
920.304
883.555
923.092
1105.14
964.822
930.501
953.701
1025.43
1008.55
897.719
997.066
957.787
1076.49
1070.37
868.038
887.55
946.404
977.007
891.309
990.432
892.373
1130.7
1077.81
1030.04
1022.77
966.991
1023.89
1002.74
947.091
1107.95
932.872
871.643
974.966
934.837
1233.81
898.318
993.671
1049.11
925.186
817.042
1022.12
949.913
1047.17
1175.99
858.828
1081.34
936.504
1036.26
920.325
986.365
1031.62
955.706
884.058
867.361
948.697
869.699
921.393
876.578
1135.26
924.878
864.961
979.553
943.782
1036.32
939.78
877.921
979.821
1139.24
1051.36
1082.61
904.715
915.064
1123
783.013
933.788
870.815
1060.8
1036.57
993.107
1112.41
815.664
991.304
1170.28
884.732
1095.72
949.36
974.237
912.528
1112.88
1178.42
943.851
1022.91
874.614
843.259
804.37
997.809
1124.11
1068.1
875.096
963.398
1016.09
916.187
946.025
928.525
929.36
1002.75
1033.78
984.755
1026.6
945.241
994.914
993.339
812.894
958.344
903.313
892.859
846.64
972.975
784.307
1082.47
1050.67
875.249
834.045
867.429
1064.18
1073.87
988.611
1102.52
1113.31
1044.89
1018.26
884.825
840.366
1144.47
1043.75
942.737
1099.68
1144.94
973.058
771.401
944.309
1038.95
981.299
971.934
1091.83
820.839
864.478
822.334
940.93
962.976
1015.03
922.23
1029.83
906.812
868.791
977.003
967.055
1108.06
857.19
853.324
921.326
1431.65
890.137
903.602
951.696
865.73
886.286
965.835
966.412
1083.48
1074.53
884.313
981.265
1000.21
978.892
908.956
986.782
931.551
1056.86
1006.06
914.32
1070.17
991.737
905.132
860.312
835.583
947.108
962.189
890.737
882.775
908.078
909.222
924.868
869.39
971.572
1055.52
905.579
957.825
838.562
1043.69
1010
868.999
990.251
993.977
954.711
1138.45
1079.61
895.968
987.696
1001.57
981.037
818.524
980.17
1184.37
920.916
833.686
891.238
972.728
1019.01
1039.47
839.326
907.735
1054.81
831.778
1035.77
1217.88
955.119
802.633
877.912
1100.09
935.398
929.626
989.639
1138.12
865.009
919.234
981.822
967.469
1006.08
849.198
920.98
866.694
1015.15
908.121
979.691
757.533
888.482
800.405
894.415
1168.06
1014.06
1003.41
1094.59
974.418
840.378
816.165
947.819
1003.69
855.88
994.917
949.795
953.01
1088.87
898.286
1028.25
937.666
919.16
827.386
889.715
922.126
1001.52
1005.4
952.469
1030.22
937.306
874.421
1043.84
990.884
794.313
824.478
1056.52
979.946
805.575
1020.93
918.549
860.325
988.431
952.698
923.789
976.383
1053.39
979.956
940.97
1041.96
935.533
944.727
1029.3
897.682
817.376
899.174
919.191
784.849
937.85
990.485
769.977
993.148
869.045
918.33
1027.52
906.464
956.241
1097.59
910.35
933.807
1050.37
1070.45
847.132
934.858
1051.65
890.57
900.378
900.35
998.138
799.036
896.776
1084.12
1067.12
892.593
944.442
977.334
889.828
865.835
960.752
999.447
895.413
979.022
947.629
994.63
904.51
844.763
812.057
927.961
1008.79
830.405
1174.03
1074.86
1020.77
969.883
1120.65
956.944
949.677
1156.17
994.882
1055.34
995.224
1022.36
920.389
908.752
932.764
891.884
865.934
992.081
867.907
1137.74
1016.4
979.593
1100.13
954.311
1124.5
1026.6
1103.14
888.415
1080.41
959.478
857.977
848.096
829.179
1133.97
931.431
971.908
1018.53
1019.6
989.486
988.61
894.85
824.296
863.303
1100.66
897.352
879.324
872.778
1038.21
977.109
988.273
911.916
894.271
877.02
850.719
858.717
946.912
981.582
1060.04
967.873
998.715
798.539
859.132
933.114
995.823
1119.6
1039.73
965.527
980.779
995.843
1160.2
1066.94
1035.45
858.161
960.373
929.184
852.372
821.092
819.762
838.535
957.25
1051.11
907.911
859.324
847.181
944.601
904.454
957.845
1022.99
990.61
961.705
1050.9
1249.18
896.465
1013.66
1021.13
950.151
993.357
1050.28
999.161
854.611
1032.28
1006.22
1160.32
928.675
836.167
917.867
927.981
919.068
971.883
917.406
1041.71
981.827
1011.15
1053.41
912.343
823.906
1003.08
991.118
992.966
751.798
1000.06
798.614
919.721
833.527
1088.16
1006.2
1002.46
934.913
848.862
1126.79
1019.89
970.034
880.869
932.19
936.065
1205.05
1129.62
1124.71
857.822
953.204
1047.72
814.221
1011.88
824.704
1021.67
1018.02
922.037
903.097
957.565
850.598
977.122
1050.12
1192.48
1052.37
1059.88
913.474
1016.59
1063.8
844.385
901.747
889.899
849.075
1018.81
1006.08
830.185
971.539
994.534
914.736
884.003
865.461
1003.08
909.179
820.096
956.538
1009.21
951.874
817.537
952.445
974.842
959.113
836.835
1148.2
926.065
860.916
970.573
785.13
952.217
955.009
981.901
902.482
804.043
995.919
1076.82
932.449
942.97
1040.61
967.304
992.715
1022.99
1001.43
958.178
1118.8
790.886
909.429
721.999
1023.73
871.234
846.819
978.078
1176.27
964.218
1005.26
1081.81
949.652
938.421
962.688
1057.19
902.209
1109.32
912.597
878.705
830.14
892.309
1022.84
1066.41
898.576
870.325
985.27
1009.19
977.198
941.814
874.923
980.035
961.29
1008.47
918.564
917.552
1115.58
958.005
828.532
899.228
953.321
859.068
898.215
1035.02
1040.44
828.439
1022.83
951.247
1034.12
826.279
879.502
993.658
870.636
1047.2
1095.61
958.735
811.301
1008.92
854.689
1033.27
865.925
912.293
946.033
1114.06
958.626
1012.8
1052.65
1058.12
918.621
953.091
1037.2
1030.91
956.443
911.265
858.147
851.489
953.247
915.48
963.097
991.37
864.483
877.626
953.895
924.989
755.544
1010.26
1099.35
849.056
923.248
1036.68
913.38
929.13
840.821
871.263
916.978
907.139
984.213
952.061
1054.74
908.344
868.841
978.875
940.098
990.228
1038.41
947.8
989.827
1049.87
915.098
984.101
1093.63
1004.22
1018.28
899.314
933.513
929.972
1023.89
947.34
808.61
972.579
1098.41
837.013
825.174
1029.72
891.545
848.349
812.878
1039.84
1054.22
956.025
833.527
929.431
945.984
887.649
828.255
963.347
1014.35
1012.35
969.986
951.168
986.419
1024.61
919.863
1036.44
845.945
917.725
923.627
958.47
971.182
1081.78
823.835
751.11
1137.48
935.099
955.106
958.138
1000.82
963.57
1047.46
1035.42
996.753
894.326
1015.64
947.652
894.789
986.6
922.256
1123.83
937.656
1079.26
948.159
1144.17
913.813
834.887
1066.1
1113.44
830.418
979.262
1260.18
841.94
751.729
1049.98
974.825
901.986
892.508
1006.83
1060.44
949.604
977.435
907.497
892.395
1002.56
944.141
938.347
1000.84
952.693
956.102
817.145
1059.5
956.26
932.508
912.168
923.708
754.481
950.702
991.302
933.968
817.952
893.405
805.602
1037.59
961.653
1162.3
954.863
934.719
1099.72
885.616
936.511
1040.64
939.768
922.874
1101.54
866.393
894.406
935.267
1030.76
918.75
981.771
916.001
1062.64
1041.78
1080.83
1048.37
968.023
963.929
883.793
1000.75
972.161
841.855
855.385
898.656
904.239
872.26
789.059
1063.56
1054.64
916.257
1050.63
908.711
926.44
811.814
1217.91
866.129
840.284
856.392
933.022
955.546
1067.34
861.761
862.961
935.092
1028.97
906.379
847.325
1030.12
970.637
1109.44
996.496
834.719
848.482
986.663
857.849
830.529
928.576
996.718
955.932
1029.82
907.665
927.395
788.866
944.856
809.029
946.997
924.779
982.26
993.752
945.279
925.53
974.814
814.492
924.366
1073.13
1055.01
884.669
908.306
860.995
1012.62
1060.95
1004.79
891.232
870.462
935.21
1007.11
936.605
1037.56
898.656
1066.08
1101.52
868.45
988.643
822.029
870.175
933.739
927.362
976.841
973.701
936.167
1002.96
1067.58
926.576
848.336
864.864
965.623
981.723
801.62
1053.91
926.597
1144.87
870.683
1120.4
929.899
724.5
935.589
814.635
1045.67
966.548
1162.8
853.804
961.855
870.935
874.409
918.768
1040.26
780.2
875.056
1022.84
813.52
964.152
863.106
947.078
1061.4
905.471
1053.37
968.35
1239.51
993.409
832.09
975.226
891.491
1026.64
991.937
1031.58
974.641
1013.97
862.959
1027.84
1142.06
931.823
1063.79
914.842
896.493
985.173
870.5
1011.5
865.595
1068.58
1027.83
954.207
828.311
977.494
913.352
896.438
893.685
869.081
828.441
976.412
938.075
885.142
934.62
1053.83
893.55
960.77
975.446
1059.8
1024.32
870.898
1029.7
887.544
871.716
976.486
917.899
996.692
1096.74
991.124
881.693
997.834
1003.51
917.056
1160.01
1071.7
859.53
890.685
807.426
984.227
939.518
866.176
859.841
1050.34
875.631
830.13
939.893
895.747
930.538
914.926
1067.28
997.948
1139.13
846.613
962.878
902.888
1116.64
854.226
869.331
819.931
1112.56
874.663
893.262
898.629
843.494
1059.05
888.451
1012.09
892.838
894.767
926.913
891.586
1014.55
949.771
946.971
956.318
925.709
1007.47
819.145
1054.42
1005.62
865.283
725.733
1102.43
850.834
1018.13
863.535
1100.04
1007.24
995.088
808.533
1048.03
1022.31
917.249
911.661
992.899
830.063
1160.25
860.902
1127.78
1043.34
1087.91
1006.92
843.561
881.345
978.191
909.454
854.481
969.79
914.852
1281.54
819.122
894.618
942.649
877.2
945.468
951.026
984.884
916.058
900.393
891.436
978.01
1087.29
902.262
867.272
988.003
953.299
892.894
829.015
1055.78
854.557
977.563
936.981
966.432
907.198
1055.39
1045.09
1104.14
1115.54
1081.78
988.426
875.819
934.741
1015.61
957.853
981.298
848.141
857.777
831.315
881.491
846.789
907.015
922.191
964.543
859.319
953.278
1054.14
899.662
842.092
1012.76
970.931
837.799
888.697
936.29
1024.73
1104.76
932.039
933.516
971.563
793.593
864.191
972.25
851.531
1050.5
884.482
987.911
929.329
958.534
871.529
934.489
970.546
1052.28
1008.53
1020.72
970.441
948.36
877.696
916.639
989.51
968.01
1043.16
925.198
1016.24
1005.74
1085.41
1141.72
939.076
888.971
1023.65
820.58
1016.8
975.275
976.879
1018.71
1072.93
805.969
919.075
954.057
927.181
895.773
905.096
881.031
878.502
884.1
1128.28
1043.14
849.757
1036.68
798.245
906.222
1027.25
897.604
883.65
876.943
976.046
1091
888.457
865.98
914.002
1071.08
1023.36
1069.08
847.389
1000.33
1020.19
967.629
1152.7
1037.74
1041.76
1043.28
931.312
895.727
975.167
951.169
1021.69
1035.95
916.182
1086.92
1116.68
855.152
923.497
917.292
867.962
917.316
1003.41
847.819
879.719
964.475
870.223
910.324
950.853
917.996
978.391
814.401
1233.87
1048.58
1052.23
878.733
958.447
1109.7
1091.95
898.726
990.53
1082.7
877.097
797.603
1016.59
911.045
894.508
834.829
844.751
958.582
985.125
905.84
958.027
925.962
1115.78
873.515
778.695
1127.75
1043.18
920.521
1011.02
840.254
1026.09
1002.08
1078.84
1101.34
856.362
1056.05
972.87
978.7
1019.52
1059.65
1036.18
1114.71
938.206
943.553
1090.27
1033.6
998.416
879.498
1035.14
1021.94
1166.1
910.041
938.726
851.966
823.818
935.716
1059.31
978.44
1086.21
941.239
861.521
858.598
958.186
976.737
1035.82
961.797
866.493
923.113
1012.46
906.542
956.013
835.576
1062.23
949.842
1062.59
942.921
981.411
925.584
994.002
977.342
837.818
996.383
1089.67
849.269
1009.22
1088.37
1033.45
939.934
1012.54
821.182
1067.52
942.189
989.453
1122.73
952.731
866.969
945.274
1248.43
1067.14
1198.82
980.045
1039.45
981.264
994.944
843.524
968.136
952.884
984.047
857.262
909.907
891.515
848.072
893.511
1072.12
956.919
940.957
892.514
967.714
1025.76
893.022
1080.07
942.521
1025.96
1000.83
919.336
926.132
996.298
862.556
957.842
892.748
948.947
977.844
1137.95
1023.54
983.375
758.69
1030.6
899.117
892.658
848.939
1047.88
878.768
843.905
1031.51
818.084
860.447
965.161
945.788
958.407
1014.07
1014.68
1103.58
859.884
976.825
1146.88
830.808
885.156
877.828
873.28
965.545
1058.14
1144.53
1231.04
980.345
873.531
1168.72
966.042
797.607
999.311
1028.26
810.516
804.837
866.716
1023.79
1053.73
951.79
902.111
958.311
902.725
880.406
1207.17
1050.68
964.746
1015.53
949.314
888.479
932.89
903.811
1062.79
899.209
935.366
900.91
1016.46
1090.09
898.001
937.439
1139.6
899.341
958.415
872.532
971.44
905.198
972.249
940.111
1068.36
802.563
974.27
973.189
962.898
923.599
927.668
797.338
969.428
905.291
960.887
957.643
1026.75
760.67
923.935
990.992
949.823
868.46
1011.97
869.998
901.25
949.625
997.678
1059.77
982.053
881.264
1069.16
885.259
971.454
1162.49
851.788
878.055
824.157
901.89
922.059
961.405
986.414
882.487
1261.36
1002.72
879.691
943.624
974.877
898.802
914.772
971.03
909.822
874.025
859.864
1031.75
910.527
849.072
910.965
964.242
1044.87
877.522
887.488
861.891
811.832
1060.08
903.936
1024.8
980.257
1100.3
959.074
1018.59
921.026
993.144
864.318
1121.73
962.199
983.889
1086.89
1012.08
870.274
982.218
867.494
991.497
983.871
880.997
939.687
931.691
1065.1
1054.34
795.035
954.244
974.505
936.522
1014.93
839.045
759.625
934.871
766.975
1075.03
1012.12
1053.95
920.438
885.409
953.743
906.623
890.569
991.045
912.076
1000.49
955.84
973.71
989.906
960.588
940.974
981.688
904.565
788.995
952.688
909.263
930.882
963.974
959.775
994.043
894.525
1035.8
901.098
858.824
985.779
833.781
948.132
1004.23
865.495
992.475
991.194
837.372
879.432
961.471
990.829
1155.19
949.658
805.919
1130.58
905.779
1252.29
932.105
818.869
966.614
926.46
884.266
1081.03
963.312
885.399
1078.82
890.638
1054.47
956.154
820.901
882.764
850.181
1069.52
933.32
974.109
1007.12
962.329
943.033
1079.61
917.818
947.364
886.756
877.581
1008.57
832.241
823.044
957.863
986.759
1110.29
955.018
963.81
918.147
848.743
940.899
860.862
1003.06
950.793
755.306
1039.14
878.854
1042.86
900.986
1064.98
901.723
954.416
950.106
1049.68
926.36
858.343
1085.05
1041.6
830.923
895.917
934.608
1000.91
942.58
850.584
976.817
991.207
1064.9
867.736
978.693
925.604
998.862
1070
858.938
1096.75
868.684
898.495
1009.69
963.401
977.119
924.111
976.82
1058.17
957.993
826.203
1028.06
925.544
897.437
858.02
830.531
801.545
909.083
1099.05
894.025
927.348
1023.18
878.734
808.036
911.635
855.885
788.707
799.613
771.304
819.637
854.581
925.145
867.886
1065.17
1110.7
925.101
880.727
868.929
743.974
890.755
1052.18
855.49
801.791
953.365
834.213
995.683
936.066
1039.57
893.991
840.51
1174.11
757.867
946.501
974.882
1079.48
988.541
727.495
911.108
1009.77
961.873
877.525
973.226
1071.37
1022.9
1027.87
954.688
905.309
974.98
1090.93
974.524
954.68
890.862
994.01
1093.11
985.346
844.697
860.589
938.044
954.368
866.938
946.465
1017.32
875.172
1009.94
978.877
895.167
925.61
878.911
911.032
894.975
1016.37
979.911
990.693
984.785
923.117
777.145
976.123
960.611
926.329
812.662
1210.42
867.56
960.607
778.789
899.524
994.097
978.657
1028.07
816.685
1059.99
914.414
914.086
908.751
859.654
975.053
894.488
932.268
1003.91
862.516
965.835
990.699
961.973
1018.6
899.988
1131.27
937.502
859.724
907.879
844.098
1054.32
915.581
1036.48
993.041
920.699
859.109
923.753
989.105
901.534
960.012
1009.19
936.878
866.858
998.535
959.781
845.752
1090.49
918.7
984.684
961.152
837.107
838.667
893.004
1061.27
1018.14
896.956
906.839
959.199
1040.55
801.045
957.647
933.886
996.823
1071.12
1010.72
1002.53
900.451
811.429
1007.94
958.057
920.3
851.537
979.553
812.519
1015.41
982.709
1016.13
816.147
867.811
1067.25
1029.25
929.935
1081.27
1000.42
888.137
969.965
933.532
1077.02
917.122
890.367
1134.46
876.319
944.906
947.073
1011.25
872.223
943.625
816.301
1024.21
893.786
1008.45
956.599
869.355
1113.21
972.176
1088.73
1006
845.762
978.591
990.838
910.954
844.834
1088.32
935.098
941.528
1113.48
953.241
819.483
1023.66
923.41
906.789
1060.9
910.03
974.693
1020.42
1005.59
1162.63
932.62
1043.27
957.98
991.451
871.503
946.815
1013.44
1019.68
1105.29
980.906
957.184
898.713
922.826
1018.02
1079.58
971.548
834.452
790.67
915.713
1123.2
932.686
1157.63
942.689
967.991
919.969
784.499
1052.61
921.999
938.913
950.899
899.349
929.282
1081.95
1045.34
981.949
1124.43
1050.55
863.482
841.741
912.727
898.632
821.809
964.271
933.138
938.55
1101.15
991.505
996.504
802.711
1006.48
943.347
906.107
927.459
893.37
898.952
817.483
922.796
1096.83
1042.1
977.682
1187.35
918.979
856.739
995.166
802.505
924.514
959.959
1002.3
1020.19
899.1
1086.07
1014.52
992.878
862.927
959.256
1018.21
1021.79
814.867
967.906
932.713
897.936
947.669
906.502
917.331
971.832
903.226
829.203
832.311
924.572
925.102
904.925
1083.1
869.663
872.235
921.64
822.777
837.945
958.895
765.865
943.067
1115.61
993.543
901.097
1086.23
974.351
1204.2
1070.13
893.255
823.696
895.839
931.974
852.153
927.36
832.05
920.19
1050.03
946.463
1024.48
958.419
999.827
859.301
882.667
1000.54
908.497
895.23
856.523
885.994
938.752
963.389
967.286
897.464
996.58
894.534
935.111
872.263
1065.99
892.877
890.777
1195.33
946.812
897.635
1010.53
1023.65
945.963
969.564
933.476
927.481
879.107
969.984
1004.07
911.367
1059.86
1031.23
1000.4
1099.36
991.9
1090.35
906.654
977.092
1166.7
941.257
797.188
1017.59
922.635
708.045
962.601
1079.18
891.273
946.677
757.269
1028.47
799.109
894.407
922.439
906.82
1004.64
936.265
953.714
1070.02
1085.67
889.938
1057.01
1094.48
1134.24
879.203
994.652
922.918
904.77
797.056
879.703
1057.01
862.378
829.727
952.191
792.836
1050.82
1075.08
981.163
1000.16
1065.91
1063.56
964.991
798.066
1065.21
1007.96
977.832
908.603
924.858
868.556
1010.07
921.813
1036.94
941.955
986.995
1004.22
902.719
1019.9
1052.57
927.837
931.181
1080.92
948.816
1032.55
934.602
898.563
874.105
887.558
955.373
949.775
995.928
966.668
758.724
1025.77
1038.16
971.362
939.301
914.965
811.027
1062.72
972.054
1059.64
1003.58
920.562
924.369
892.865
995.15
831.615
988.348
893.191
1012.45
1039.7
982.826
946.662
823.924
926.511
990.195
1037.62
896.069
801.273
934.511
977.447
1063.48
865.874
834.099
1005.59
1141.5
1032.9
896.359
994.974
996.303
831.263
1000.5
759.287
1048.63
924.721
829.108
945.754
984.968
887.574
1085.05
1005
1034.24
962.51
982.314
989.996
983.749
1012.89
1006.65
946.001
916.805
941.718
1029.89
942.883
1009.57
880.804
887.542
848.099
942.116
864.63
859.88
869.252
948.994
1051.65
872.35
856.267
1041.43
911.866
1062.29
956.914
898.707
1005.31
921.992
960.428
1204.53
958.761
948.245
1034.69
941.329
827.919
936.413
971.087
965.189
838.389
1058.94
926.785
971.251
901.357
995.303
851.314
858.052
1005.21
951.427
958.476
752.147
961.199
1030.84
998.1
870.836
961.356
974.689
887.363
1070.83
1028.55
925.299
1079.22
811.462
1116.95
985.075
918.382
859.537
1042.13
957.485
855.424
1009.38
829.12
942.443
928.536
1031.09
933.206
891.957
972.915
1082.13
919.205
993.455
914.012
859.735
791.953
901.313
1064.9
994.83
865.142
962.788
948.607
1033.98
798.161
1036.55
1028.73
1099.27
1176.41
892.28
998.816
1139.93
831.479
863.64
895.586
1050.76
1085.77
905.686
949.801
1088.28
940.852
893.595
981.458
874.244
1012.55
855.798
836.04
809.003
944.209
1046.74
977.693
969.001
887.705
864.846
1025.68
1051.71
828.892
1052.89
970.896
1109.46
844.424
1124.69
761.486
1011.56
929.232
857.269
1072.11
933.408
1002.73
984.497
814.852
981.912
897.403
924.688
950.436
1008.34
942.44
985.488
997.376
932.366
985.936
872.417
1057.93
917.049
955.617
1048.39
1133.54
1014.18
829.454
1019.35
1083.87
977.88
1022.7
805.627
962.535
955.951
898.289
875.695
915.684
896.421
941.817
1165.3
1054.01
1054.94
979.168
959.594
996.634
942.658
937.636
1099.38
948.883
1003.16
913.63
1150.94
954.776
893.223
936.356
936.056
966.812
990.981
1053
811.664
982.665
944.946
1004.23
1072.92
908.96
927.369
1014.55
1121.69
1022.08
949.071
968.159
970.269
817.309
920.967
961.324
931.224
835.893
928.667
1026.76
935.281
918.276
1152.64
919.297
869.788
1137.15
902.798
830.668
1024.19
918.86
1032.24
934.819
907.734
910.403
815.119
872.573
974.277
832.064
851.582
875.265
1069.15
844.27
1022.7
968.378
779.579
956.744
924.252
916.462
1153.25
979.461
787.033
972.478
1078.46
934.898
886.686
926.173
1059.01
1043.76
898.663
1103.86
862.851
979.12
954.45
907.431
923.716
1153.92
826.645
1007.77
958.836
1200.57
933.545
1110.38
861.239
1004.72
924.007
940.479
851.31
958.176
863.912
928.188
862.442
865.155
893.726
922.99
1052.65
1073.72
906.652
986.067
755.381
1149.61
910.857
1126.47
1049.47
1005.18
1065.64
793.817
919.61
797.929
974.072
1039.81
928.018
967.122
871.708
1114.39
1031.17
833.322
964.763
913.356
887.197
949.804
954.864
1035.68
898.568
933.334
986.214
921.409
916.485
1084.35
915.729
1019.64
932.508
990.599
965.337
785.228
1077.25
922.769
1119.24
863.933
731.625
974.009
874.3
1202.8
940.495
980.797
953.405
866.016
924.558
980.266
933.588
899.444
835.493
958.236
1008.05
973.24
857.488
871.134
1059.19
990.154
880.939
930.019
990.164
862.451
948.293
994.655
1062.72
1335.42
1017.23
927.713
1105.71
910.796
1027.85
848.148
965.81
958.23
1128.45
757.784
951.143
975.859
952.273
856.644
943.571
796.553
951.922
941.197
878.126
966.949
947.007
983.949
977.617
957.074
839.082
982.273
956.028
864.01
920.474
913.51
1013.09
965.632
856.799
948.709
975.12
999.415
925.905
993.223
911.392
847.069
853.174
1011.34
1025.97
1002.63
841.257
940.483
893.115
990.549
989.71
949.104
884.021
948.688
925.043
945.668
982.14
1308.62
1037.39
922.412
1061.69
971.706
963.834
1068.08
914.005
869.633
1000.89
884.704
856.545
838.213
941.172
814.357
976.184
957.477
909.292
1073.05
982.694
919.315
793.171
1159.31
915.167
1081.9
835.39
1019.95
1103.1
1047.87
933.497
929.67
929.889
1018.79
932.749
1103.95
854.233
747.416
986.064
924.808
931.414
1046.88
953.428
886.414
853.539
839.64
1043.86
917.778
816.928
1201.57
841.148
977.325
1074.79
937.205
976.913
985.447
1073.78
993.368
1119.54
1013.05
880.415
897.17
866.273
943.955
906.131
876.674
826.805
1056.55
998.668
970.579
1010.14
1015.69
945.486
716.385
915.808
868.334
866.423
952.064
798.858
965.443
869.188
1037.02
927.392
1005.01
1033.73
960.527
1007.06
840.802
857.283
1028.01
1037.98
928.206
860.23
912.133
810.126
816.244
919.953
969.42
1125.2
857.854
988.982
835.582
1041.88
970.357
882.858
847.404
923.066
816.32
1171.62
886.252
923.699
969.116
1043.57
849.22
936.796
1016.18
900.021
947.674
886.073
941.695
1008.13
956.987
860.283
952.458
1043.29
1029.47
902.376
1054.19
953.303
901.001
848.788
972.604
1047.46
1117.01
915.66
982.912
981.044
889.253
1012.5
857.383
869.257
891.35
1054.88
887.313
1009.43
1041.99
884.33
1088.14
866.163
985.37
899.442
1080.37
930.182
1000.88
1010.25
826.568
897.604
1042.58
988.166
875.91
917.904
826.509
1003.95
952.271
1046.16
969.4
986.479
984.055
910.817
823.973
936.173
1038.56
912.972
982.313
966.292
947.804
1016.86
1105.43
1030.68
908.313
1092.57
968.441
961.355
1006.82
1185.01
912.805
1036.71
1048.72
992.328
1076.95
1066.64
932.139
1040.05
1091.65
964.127
1041.82
941.915
964.385
927.676
1085.13
886.898
868.516
913.672
989.427
1020.51
857.769
896.703
981.052
866.272
944.052
825.903
1095.23
881.914
1038.67
937.694
994.669
1049.8
1139.74
1018.31
894.031
936.729
1043.01
914.699
935.742
1112.52
1149.12
842.424
980.26
948.573
909.499
1020.34
922.864
1190.92
844.864
1134.01
946.441
881.06
1028.03
995.621
1011.37
876.077
901.51
902.425
857.485
1225.28
1052.52
942.908
892.759
1132.96
947.344
1008.3
1022.19
1014.82
807.461
953.331
1119.97
832.118
966.826
1047.05
1008.33
887.238
890.213
837.684
906.137
1015.07
816.2
1044.77
863.974
909.394
878.933
1010.76
1043.11
1011.14
989.405
1064.96
881.505
909.832
929.862
781.933
1058.55
995.03
1033.97
1041.04
929.09
947.909
906.317
931.05
713.948
918.293
1034.26
996.288
1023.78
879.95
945.576
1018.24
966.801
987.901
1025.22
985.623
1071.94
1163.97
952.56
955.025
973.618
846.623
942.199
922.957
969.182
878.046
1071.89
977.549
882.173
1002.25
974.144
890.994
794.131
1011.82
924.05
1009.9
1006.13
880.175
903.414
1044.97
923.301
954.816
1075.61
945.053
993.588
1004.07
934.362
961.184
970.331
981.119
919.797
1023.74
1074.8
865.995
1022.73
937.277
907.638
840.193
765.121
959.883
1009.01
923.152
856.265
1103.27
930.634
957.755
978.86
902.632
927.824
1037.77
1046.09
1141.78
899.943
1073.66
986.883
944.474
999.073
911.141
870.108
925.968
877.098
934.524
908.89
957.959
915.134
937.46
867.397
857.817
862.339
775.034
1041.24
933.792
932.667
977.424
1052.78
1160.01
910.995
913.456
958.469
892.007
840.342
927.927
1033.91
958.967
891.8
775.063
914.861
1015.44
918.453
850.838
821.917
1092.69
850.616
1016.42
952.631
981.196
892.253
1001.9
985.159
914.346
924.448
1217.62
1036.07
927.622
984.783
1050.38
717.081
866.447
1066.53
993.104
979.101
997.583
1128.94
951.711
904.896
933.56
1115.55
760.1
874.253
1022.21
1120.19
857.483
902.771
951.396
1022.05
881.898
1012.2
908.586
1007.9
970.361
962.912
961.339
1103
818.403
1092.64
908.091
927.754
1099.52
918.237
1125.43
933.44
880.477
1245.94
974.832
1121.51
1142.68
1025.42
1016.62
880.854
930.473
890.32
935.987
977.016
1010.21
875.076
1096.24
949.832
1111.67
889.233
979.999
983.575
894.138
948.332
908.83
935.878
1012.08
1002.97
867.278
1085.61
1075.44
896.72
963.451
888.787
941.488
1031.25
834.027
785.928
944.944
1062.55
856.707
792.939
1088.07
925.346
852.117
945.647
947.628
979.772
1020.67
960.027
972.624
922.749
878.929
931.615
869.994
992.447
817.892
930.39
930.822
974.604
967.573
938.406
883.857
880.667
1038.84
1031.79
826.212
950.694
1054.5
930.535
984.189
922.275
1002.87
965.567
792.388
1053.25
865.99
830.692
1031.02
898.881
950.03
820.453
959.958
1057.88
834.591
1091.98
959.772
975.247
1110.91
1053.01
869.468
968.717
968.665
1004.64
820.334
1002.44
917.883
1076.8
1006.94
853.918
911.458
1106.88
922.662
1015.15
872.864
891.289
885.671
923.642
986.434
977.053
1068.22
806.969
852.679
1001.19
1054.97
918.478
836.845
998.01
1194.7
835.688
966.458
976.493
1102.9
915.984
911.021
1052.85
991.1
1049.96
1080.84
919.338
924.254
1150.47
823.332
983.42
908.379
914.184
1071.9
851.196
1165.42
917.022
983.333
919.444
860.822
835.332
880.948
891.492
965.392
926.54
882.606
1110.79
1002.91
966.368
1006.37
831.023
898.186
870.01
966.163
950.665
1075.33
1103.93
927.278
1042.48
1178.54
844.267
776.743
1096.56
997.357
935.374
862.408
888.019
924.033
940.188
901.105
1044.85
920.293
944.564
1047.35
949.774
821.026
977.003
1137.82
1026.83
1098.35
857.653
935.887
1142.14
1008.31
1066.66
974.568
978.24
1032.1
1097.93
937.822
1152.87
1032.36
892.128
1002.11
1028.13
857.17
1038.05
968.185
1037.35
907.52
890.414
1093.24
849.082
1008.37
864.696
932.613
915.51
1218.76
978.911
973.151
1053.28
913.404
1045.59
1037.23
834.047
917.97
958.614
964.806
793.535
852.583
1085.71
883.812
778.947
1146.04
985.525
958.608
850.352
856.73
988.654
973.155
987.613
965.881
983.732
936.814
914.901
1002.64
941.272
1008.23
957.607
891.941
1009.63
1111.44
834.546
843.439
823.471
1049.65
1035.19
1159.64
1122.92
1017.6
1001.77
791.556
988.383
998.854
851.218
979.025
980.67
818.481
948.923
918.973
947.639
994.991
1042.81
920.467
762.779
1097.2
965.75
1006.38
878.927
852.401
1118.75
1030.96
1023.55
937.45
1001.86
1076.71
872.293
832.294
999.454
1025.09
1037.44
805.386
945.764
989.491
1127.41
903.269
986.516
1151.96
895
986.123
859.519
856.616
927.875
843.451
882.763
928.203
978.875
986.107
880.834
924.008
1025.91
1170.85
939.404
947.29
901.019
902.728
1106.16
1092.7
992.015
1072.15
940.044
928.506
1099.98
988.135
1106.82
955.247
1075.92
918.585
1086.7
1067.15
859.586
1102.41
909.406
898.298
956.246
1032.08
1035.76
855.642
958.663
944.521
807.34
798.724
1086.62
926.324
1122.13
964.433
1017.18
902.767
843.863
1010.62
1054.71
974.541
922.265
948.13
1046.85
937.753
817.251
1051.75
977.104
883.753
787.325
1134.2
1045.01
938.173
959.173
1058.66
980.163
1011.09
938.295
949.957
950.435
902.661
850.832
1046.52
763.168
959.323
977.913
858.876
860.794
998.899
906.849
1011.14
942.367
1022.69
927.88
909.758
919.458
865.711
923.951
853.547
889.637
1020.87
976.431
980.266
967.827
933.276
936.869
948.697
903.402
1141.82
1042.7
832.767
898.359
1099.28
924.522
989.308
886.092
953.091
904.916
899.601
1012.42
915.297
1056.27
1012.42
884.933
872.504
884.618
1069.13
832.287
1007.51
1007.44
1035.36
939.575
1003.01
1011.5
1043.72
909.189
1032.03
1074.95
895.081
976.621
1024.65
870.292
835.001
982.062
1145.39
954.359
746.259
862.852
1017.74
914.664
857.998
961.377
1064.93
966.943
1070.19
995.827
785.878
1144.73
886.474
989.377
1074.19
1075.47
1005.92
839.141
986.899
963.098
830.786
837.201
1024.8
1099.53
918.367
797.085
960.946
907.416
971.123
1044.77
986.106
754.255
1003.86
989.378
912.355
924.085
987.944
876.222
944.754
888.051
848.379
857.708
903.986
1002.41
872.87
1058.79
880.507
1004.36
957.383
1181.64
889.557
1018.9
1016.58
814.4
840.162
1039.11
1046.16
880.955
927.774
963.541
957.183
750.101
943.941
923.968
936.245
971.234
833.381
877.665
1039.76
915.486
1030.9
965.048
819.365
942.467
935.621
866.467
1007.45
967.874
1095.92
1001.58
910.61
943.986
986.527
1001.61
1037.75
835.241
948.608
810.741
900.769
797.032
1009.45
998.925
791.557
948.885
886.07
880.905
885.021
817.207
991.842
853.369
1005.96
726.156
991.483
855.497
1003.9
861.298
942.215
989.304
1236.43
884.789
953.837
793.122
870.375
1033.92
987.341
966.58
806.595
999.147
981.817
908.684
939.114
866.361
936.547
989.889
895
919.509
891.967
1035.96
910.48
1172.12
990.495
834.321
1067.34
957.964
1113.63
934.916
939.975
907.77
910.783
1009.55
907.738
1009.38
1016.9
896.446
942.811
1035.47
1003.68
972.444
1144.69
1053.3
928.624
1068.97
916.799
1058.82
1057.78
1070.58
863.978
931.176
931.331
1014.35
1000.26
876.746
873.553
959.98
1136.66
945.467
879.183
1127.44
1059.63
804.503
860.413
851.411
974.018
927.305
971.755
833.551
886.651
1169.39
842.187
914.859
928.956
948.77
964.234
816.856
967.096
927.903
1026.01
1147.06
788.216
937.482
896.616
909.423
869.539
862.987
979.338
1086.71
920.111
994.519
893.968
929.067
1053.25
1057.71
1071.72
982.003
1047.37
1018.82
986.623
1180.22
971.753
1041.51
804.162
978.348
900.93
867.376
945.105
844.538
930.805
1007.31
1073.98
950.504
899.253
834.585
877.431
796.869
828.543
865.383
924.899
881.352
931.535
947.711
904.532
878.943
981.892
1102.66
962.977
996.753
861.661
837.981
889.41
1123.05
933.939
898.875
963.393
961.389
880.203
1024.14
813.406
1133.73
935.806
971.739
913.63
829.116
958.146
849.531
888.817
998.65
1023.72
974.912
1001.12
952.064
910.254
961.828
917.046
985.976
980.091
1014.49
938.531
1109.36
966.165
975.941
852.965
1173
954.478
936.072
974.091
896.728
1029.7
882.28
901.959
1168.81
970.721
877.42
946.509
944.534
695.907
930.273
1088.6
965.875
1037.28
822.041
1173.45
1191.5
920.732
892.041
1028.07
791.087
900.078
940.63
1053.52
939.391
1023.15
756.918
988.053
945.462
1019.95
965.59
925.063
1034.3
891.167
1076.32
1071.44
882.508
1032.4
913.027
1089.75
927.011
908.465
1010.37
851.3
983.102
785.816
972.966
1013.81
822.489
1196
903.443
1030.51
969.179
899.789
840.908
956.593
1073.12
976.203
795.214
1045.19
944.246
1029.98
1034.95
942.853
903.275
1054.78
920.477
929.247
924.642
1005.24
927.053
959.611
973.386
930.293
939.027
1044.52
976.805
803.906
901.216
872.822
1003.9
843.591
960.216
1004.17
1015.29
939.322
1028.48
917.281
1118.32
959.399
913.929
931.339
979.063
851.925
928.089
988.327
857.051
935.136
1089.27
827.795
812.928
868.863
1076.15
904.781
930.066
1017.51
979.588
973.203
802.52
1024.17
722.658
899.669
880.913
888.614
788.271
889.426
930.519
941.4
813.387
949.372
949.037
1008.96
831.772
812.343
1229.35
914.823
940.878
912.674
939.821
1066.63
937.76
1196.02
859.146
1009.3
853.014
927.772
842.185
1034.96
966.37
995.442
1068.62
875.086
936.564
1109.27
1122.01
927.613
778.973
1038.32
988.255
1075.11
1037.36
1006.89
983.966
1037.5
943.58
930.077
908.941
925.141
974.685
1028.92
973.489
914.563
956.206
904.786
995.156
1021.84
1025.48
919.349
1007.47
888.801
945.741
854.686
1027.93
987.306
870.569
1111.28
928.608
986.435
1065.39
815.501
883.179
850.817
1076.54
817.347
1010.03
971.6
978.727
1023.68
910.457
909.492
961.191
843.467
1178.75
1041.8
947.618
933.891
1143.42
987.932
833.391
1105.96
846.385
972.848
914.021
942.312
953.556
953.634
919.698
894.635
873.295
936.446
1090.66
868.788
1059.11
911.097
940.705
884.77
1055.5
1062.33
968.529
945.706
1025.58
904.997
1032.83
989.766
871.445
1030.43
1026.87
956.428
1060.71
878.42
868.531
998.625
1093.35
1048.82
1011.91
823.761
931.948
955.829
1100.24
917.955
875.331
1047.31
959.354
810.897
932.176
884.122
935.079
950.761
917.511
1001.54
847.121
854.768
951.137
874.645
844.753
777.096
983.643
990.96
900.991
956.863
969.883
979.327
937.741
1035.3
965.29
997.219
1119.46
993.43
911.793
806.788
956.14
918.889
912.272
989.862
858.845
1082.78
903.98
1073.55
929.154
1005.22
976.127
972.696
1133.31
846.072
973.559
1016.21
1053.45
857.261
893.713
836.698
1008.43
946.308
895.996
853.137
981.918
879.151
937.758
877.333
1026.72
950.483
964.128
797.792
891.452
799.3
945.247
945.729
1221.31
936.86
1016.07
1083.35
949.166
898.517
916.397
1092.46
903.854
943.658
967.049
1083.56
958.517
1004.84
1118.05
962.191
994.952
853.062
1025.35
979.722
1079.04
946.881
945.278
877.429
750.389
888.531
863.86
1037.52
937.647
854.159
948.505
1130.76
800.615
1057.96
1180.76
887.146
960.286
1018.09
1261.49
862.199
