99.6647
100.981
96.0712
98.1782
99.3725
99.6095
100.443
98.8262
99.5466
100.97
98.1382
97.6094
98.7984
100.093
98.5234
99.86
98.1344
95.5293
98.1032
99.6015
99.4486
98.206
99.719
96.7635
96.6375
99.7294
98.8164
99.3253
97.6274
100.521
98.2621
100.605
99.8295
100.078
99.4563
96.5205
100.424
101.838
100.072
97.9895
97.0351
97.6839
96.9387
96.7133
99.2367
99.9644
99.9714
97.1474
97.9322
99.3844
97.3554
99.014
98.0444
98.6194
96.057
99.0568
97.4271
98.9331
99.9114
97.7077
98.0477
97.6695
96.7722
100.96
98.1877
99.996
98.3394
98.3037
98.4536
99.0215
99.1642
99.248
98.7674
97.6847
98.7608
98.4594
100.584
97.7323
99.5693
98.6285
99.6574
98.0224
94.7593
100.694
98.6587
100.053
97.7456
98.5628
100.254
100.287
97.8352
99.0497
97.2488
98.7249
99.1708
96.2441
100.999
95.6472
97.1687
98.1425
99.0747
98.6083
97.8681
98.1318
96.4196
99.3797
100.091
99.7577
97.9751
97.3632
95.4957
101.22
97.9138
100.032
100.639
99.3841
101.25
99.7971
101.523
97.2783
99.0037
97.423
100.022
97.9228
99.8632
97.1911
97.6911
98.7162
100.079
99.4857
98.3952
99.0069
98.4517
97.0493
99.0665
97.4897
98.7666
99.7368
98.4758
98.4053
98.9422
96.9737
97.4911
98.0857
98.8979
95.9589
98.1079
99.8494
97.0815
99.2834
95.9137
99.728
100.044
96.557
97.6502
98.6551
99.5977
99.0033
98.2349
98.0329
97.0864
96.7684
98.7266
100.182
99.9759
99.139
99.8522
98.3752
96.3608
97.4276
98.9677
97.6315
96.9438
99.7551
99.4344
97.6598
97.379
100.165
96.3367
99.5572
99.2176
97.5933
99.483
96.8693
97.5077
99.3813
99.753
102.198
99.0553
98.4901
98.9693
96.2194
98.4827
97.2763
98.4261
98.6728
97.8814
97.2901
99.7064
99.1791
97.1248
96.8583
96.9584
99.4521
96.5414
97.5084
97.8784
100.725
99.0719
98.3495
98.5642
100.496
97.2302
99.0653
99.9243
96.0537
97.5573
98.1957
97.0536
98.6074
99.0984
99.0249
99.128
99.4545
97.1212
99.0859
98.7604
98.2768
101.763
98.9718
97.714
98.5896
98.0101
99.4996
95.9871
98.2632
98.7113
99.459
97.4287
99.3817
99.2423
98.5787
98.4004
97.1628
96.4032
100.485
97.65
97.7729
96.6144
96.3504
96.0618
99.6922
101.428
97.6741
98.7343
98.7654
96.8486
97.9187
99.5577
99.1019
99.8458
99.2004
98.4713
98.3256
98.8601
101.359
97.1251
96.1099
98.1198
98.1641
95.4053
97.1341
99.0893
97.6874
98.8996
98.9872
99.5344
98.2053
98.3369
98.2151
99.179
99.0832
100.402
100.16
98.2628
99.4293
98.7365
98.2144
98.8933
98.7494
97.3412
99.8532
98.9335
100.615
99.1358
96.8724
100.031
97.7331
99.3167
99.0975
98.4328
99.1585
96.2333
98.6371
100.483
98.5209
98.2044
98.2335
98.4656
100.17
98.2931
98.759
102.23
101.126
99.6819
96.1072
99.0839
99.0709
99.2198
98.6216
98.6813
95.8795
98.0623
97.9589
97.8533
99.3837
96.9569
96.042
100.439
99.874
98.6571
96.423
95.4622
101.33
98.5777
97.7938
97.9138
96.9159
97.7087
97.9376
99.3505
100.196
98.7781
99.5163
95.7472
99.5874
96.9724
98.6128
98.1024
99.6375
98.4172
99.9982
99.2846
101.462
98.795
101.163
99.8979
99.2984
100.587
97.4161
98.6062
100.76
95.6005
99.656
98.9988
97.0925
99.0679
97.782
99.0002
98.2823
99.6042
98.66
96.6399
99.7069
98.3908
95.0227
100.265
98.2463
98.7647
98.2021
99.7415
96.1033
97.7317
98.122
98.9152
97.9257
98.3085
99.6194
97.4231
99.0791
98.0426
99.3758
100.262
101.352
99.8947
99.1553
99.7698
96.7996
97.8263
99.6067
96.8554
97.7964
99.81
99.0392
100.12
95.5071
97.034
96.4204
97.7533
96.1335
99.3574
96.3567
99.5189
98.4031
98.4244
98.0775
97.7436
98.3323
98.4333
96.9342
97.7341
97.1331
99.0262
100.001
97.2638
100.164
99.4574
102.039
99.4153
99.3905
99.8945
97.8301
98.6128
100.129
98.2218
98.7654
97.2961
99.3461
96.2349
99.1956
98.3768
97.995
99.3129
96.7
100.447
98.5712
98.4152
99.2802
99.2098
100.111
99.3628
97.6515
99.1655
99.9879
98.9627
97.9165
97.2868
99.7665
99.1636
97.8197
98.9952
97.8757
96.9428
99.5918
98.0319
96.5257
96.3443
101.159
100.478
99.4967
98.0132
98.5312
98.6236
100.079
97.7148
96.972
97.7058
99.9889
98.44
99.4317
100.121
98.2995
96.7702
97.3966
100.58
97.8565
98.2401
97.4142
96.7756
98.4924
99.607
98.3012
100.961
99.6852
97.0124
98.7275
100.043
96.5316
99.4117
99.3381
98.3725
98.9919
97.3608
100.149
100.067
100.883
96.8672
99.2184
97.1123
97.5305
96.7572
96.6566
98.5599
97.7252
98.3304
98.5767
97.9058
99.3928
99.832
99.9411
97.2004
100.393
100.082
99.624
97.2107
98.7558
97.5685
97.5734
98.9491
98.1597
99.2828
98.8217
97.1317
95.0628
97.791
100.301
96.8602
100.43
97.655
98.1956
96.8722
98.4228
100.761
100.635
96.7031
98.2068
99.2642
99.5511
100.248
97.0433
99.464
97.3321
100.159
98.195
99.3756
97.5331
97.274
96.4127
100.035
101.861
99.3701
97.2717
102.594
97.4756
99.2697
99.6812
97.3605
98.4897
97.1582
98.1312
99.1763
97.885
98.3953
99.584
97.8794
99.4899
96.6433
99.319
99.1535
98.0149
97.8601
98.0737
99.5728
97.6009
98.0652
99.6581
100.133
96.2224
97.7493
98.0746
99.2827
100.217
98.9147
97.445
100
98.5441
99.2267
99.2901
100.799
98.6991
99.2951
99.677
96.9582
99.127
99.0108
97.5989
96.7045
99.0149
98.073
99.4078
97.4421
96.0507
98.3615
98.1727
99.0082
96.9863
99.5733
97.6143
99.2659
99.1353
98.2899
95.2541
99.5388
99.0663
98.1665
98.8561
98.6805
100.794
98.3874
98.1373
98.9951
100.449
98.6776
100.442
99.891
98.2103
96.9198
96.5159
99.9048
99.154
97.9211
96.1337
100.023
101.005
98.0588
97.9971
97.2785
98.5178
98.5785
98.2163
96.047
98.1633
98.698
99.5468
97.0499
97.0341
96.4542
97.7472
97.6081
99.509
97.2334
97.931
98.0687
98.0749
99.1651
96.5254
98.1404
100.039
96.5975
99.2363
97.4551
97.6643
96.2773
96.9732
98.3008
101.859
97.5413
96.7499
101.516
98.6937
98.0249
97.8313
98.8983
99.2713
98.7133
98.1103
100.566
98.0668
98.9433
99.7692
98.0974
100.431
98.203
98.6534
98.7382
98.8794
98.9635
99.0296
97.4563
98.3641
100.53
98.0902
98.7568
97.225
98.494
97.6732
98.3988
99.6959
95.8643
97.1053
99.3572
98.9514
98.7041
98.9587
101.113
98.1042
99.6677
100.263
98.7201
100.936
97.7518
98.1904
99.16
99.3227
94.5852
98.8719
94.9567
98.1059
98.7757
100.405
97.6193
97.3844
98.6698
98.2792
98.9844
98.2867
100.142
98.0237
98.0669
96.3459
96.7769
98.1766
99.5912
98.6932
99.1155
100.57
97.1704
96.7638
99.8666
96.4557
99.2383
99.1944
98.5363
97.4428
99.9412
99.1922
98.7131
97.6081
98.0464
98.5551
97.5253
97.2742
98.0219
98.9443
99.1435
97.0714
98.8006
97.0268
100.608
98.1558
96.4019
100.501
100.187
98.7824
101.788
99.233
99.8031
97.3826
97.3357
97.7273
99.2004
97.4297
96.2127
97.343
98.3324
99.0628
98.8824
98.7049
97.8125
96.7598
98.1749
97.7132
97.6905
98.4333
100.577
99.8655
96.3559
98.5837
97.486
98.0421
99.4602
98.7312
98.2226
100.145
97.6273
99.1887
97.19
100.075
98.6602
96.4274
95.7016
97.6972
97.7447
99.3829
97.9387
98.2788
97.8135
100.061
100.544
98.007
95.0716
98.2466
95.0744
97.9523
98.3996
97.9098
100.036
98.0409
98.7709
102.42
98.3445
98.0669
97.0982
100.62
97.5776
97.1866
98.2839
98.128
98.3197
97.4247
99.0207
98.5703
99.9346
99.0586
101.063
100.524
99.6905
99.0149
97.7537
97.959
96.7864
99.4189
95.46
98.8323
96.3545
96.9578
95.8895
100.217
98.991
97.1813
98.3844
96.6802
101.414
98.6292
98.0791
97.0422
96.3665
99.0812
97.4371
97.9168
99.3885
98.5927
99.0416
97.2899
99.0519
96.1681
98.6724
100.235
99.6667
99.3582
98.6385
97.1844
100.92
98.7674
99.0087
97.8802
97.6738
98.9653
95.6011
98.0696
96.3631
97.126
98.4239
99.1277
97.7542
98.2945
97.7242
95.6722
100.529
97.0025
97.1058
98.8747
98.8999
98.5223
97.7896
100.671
95.8023
100.698
97.5956
99.8521
98.2614
97.5735
98.7879
100.991
99.4654
96.65
98.8267
97.8633
99.658
98.6093
99.834
96.8133
99.2022
98.2598
99.2584
100.036
99.2019
97.4646
98.5235
95.7698
98.1031
98.6861
97.8889
96.8683
97.8468
97.7892
97.8904
98.0053
97.9957
98.11
98.4384
98.2269
97.5668
101.136
98.9734
97.6058
97.487
101.467
97.8542
98.4183
98.3796
97.9445
99.3295
99.5293
98.6973
99.1986
101.713
98.4167
95.6025
97.4589
97.8697
100.241
98.6108
96.2282
99.0341
98.955
95.5098
97.6073
97.0317
99.4814
99.763
97.5209
97.2439
97.4162
97.1868
97.9168
98.5939
97.9956
98.1482
99.225
98.5484
97.0579
97.9329
98.3011
98.7678
98.0732
97.6139
97.9133
96.8954
99.1837
96.0244
96.0859
97.1654
100.083
99.8603
97.8665
95.6081
100.101
102.355
97.9553
98.9821
101.65
99.9801
99.782
97.3905
98.1253
98.4781
98.1831
97.8934
98.0527
98.6843
98.1836
100.194
99.04
99.071
98.3068
97.1486
97.5685
101.107
95.5012
99.3345
99.7374
96.2529
99.0953
98.158
97.6312
98.6228
97.087
98.4899
96.8211
97.8805
97.9608
97.5934
97.6996
98.6658
97.7721
98.6615
98.9643
97.526
99.4706
99.1132
98.885
98.0803
98.1218
97.806
98.5004
99.7473
100.486
97.7553
100.042
99.4232
97.8631
97.6093
99.398
97.7298
97.2071
98.6621
98.5486
97.1282
99.5506
97.3236
97.8151
96.9791
96.7525
97.2981
99.2665
96.8437
98.7474
96.0087
98.7876
99.5018
99.7306
98.1455
98.9336
97.1372
97.919
98.4358
97.9786
98.5957
97.4217
96.7318
97.1475
99.4432
98.3741
97.9368
97.63
96.3374
98.4503
98.1719
99.0104
95.4306
96.7229
98.7987
97.184
96.4713
98.3626
98.5818
95.8628
97.8662
98.87
96.6484
97.8128
99.6159
99.7043
102.581
99.6556
97.1326
98.3791
101.166
97.5952
100.835
98.3872
99.424
97.4838
98.9536
99.1672
98.506
101.544
99.5292
99.4542
98.3454
98.7548
98.1639
98.3853
96.3042
98.8078
99.5193
99.3133
97.9936
98.5266
98.7142
98.5931
98.6041
100.87
97.7492
98.7616
98.3771
97.4798
99.1874
96.5584
99.9086
100.12
101.385
97.6554
98.8021
102.053
99.4546
97.946
98.635
97.2974
98.5419
97.4877
98.3604
97.231
97.6392
97.0946
100.971
100.803
97.7343
100.572
100.341
99.3109
96.2902
98.0552
96.2216
100.156
97.6912
98.5156
96.7438
101.247
97.8748
99.4269
99.6738
98.7243
99.1491
97.6025
98.5551
98.9605
97.1394
99.9499
96.963
98.3856
99.043
99.7755
98.7286
96.623
99.0214
96.5014
98.6199
96.1309
99.0054
99.7959
98.0649
98.2805
98.6433
98.899
99.2429
98.3809
99.0245
97.261
100.248
98.038
99.5632
100.073
98.5735
98.6319
98.4467
97.6545
99.925
100.247
98.598
95.4916
95.1023
99.4882
98.3302
95.5824
97.0715
99.6993
99.2363
98.2961
98.7022
99.0596
96.7994
97.691
100.221
99.4891
100.643
101.039
99.709
98.5015
98.2851
99.199
98.181
98.9549
99.7056
97.959
97.048
99.2709
97.5932
96.2055
97.0714
97.1865
100.294
98.8464
100.239
97.4095
102.909
96.8832
99.8918
96.1623
98.6857
98.3784
98.8718
98.7436
98.2198
98.6769
98.4685
100.252
97.2208
97.3436
97.7564
98.8332
97.7368
98.5626
99.8805
99.8719
100.776
98.4871
97.4362
96.46
99.3346
99.622
98.5385
97.5543
98.4837
98.9371
98.079
98.1587
97.991
93.5528
98.3407
98.0793
98.9219
98.7108
98.1305
99.0234
96.7276
96.9604
98.9114
98.1281
98.0752
96.832
96.0573
96.3797
98.5699
98.0032
99.1187
98.0675
97.7753
98.4902
97.974
99.8683
100.202
100.034
100.523
100.397
97.8394
96.556
98.1795
98.5655
98.0046
97.4156
96.0035
98.9365
96.2394
100.601
97.9553
97.1388
98.2372
99.5802
97.6591
96.8143
99.0679
97.3536
97.873
96.0866
97.4307
98.6054
99.4165
99.2048
96.5623
100.252
98.447
99.8232
96.6284
96.7318
98.1868
101.364
99.3426
97.2545
97.1469
98.1752
98.1999
95.9373
98.5344
96.8396
99.0427
98.3685
98.3193
97.8478
99.8184
98.886
98.9306
96.3127
98.3404
100.983
97.8446
98.8099
98.437
99.1554
98.5872
97.5821
96.0865
98.0743
97.7743
98.2142
98.1716
100.239
98.0834
98.8126
97.4441
99.0798
98.989
99.2426
100.542
98.1601
101.364
96.7401
98.1053
99.4938
95.1727
99.4329
100.606
98.9916
100.358
98.1877
99.2897
99.0629
98.3103
98.0567
97.3003
96.4081
99.1464
99.0054
98.4784
96.088
99.7892
95.8901
96.7957
98.7047
100.921
98.7471
96.6547
97.9289
99.5159
97.702
98.2368
95.8833
97.9345
97.6081
98.6233
97.4697
98.3615
98.5509
100.681
99.9679
98.2319
98.9989
96.6082
96.6009
100.958
100.487
96.1089
98.4417
96.8463
100.197
97.2166
96.5681
98.333
100.491
96.6796
99.7072
99.9042
97.7203
97.2796
100.16
99.2445
95.64
99.4416
99.5603
100.193
97.0099
100.293
97.16
100.144
99.1267
100.316
99.1376
96.9552
99.8813
97.7571
97.546
97.2291
98.2209
98.3237
97.8764
96.5991
98.2333
98.4857
98.6217
100.399
96.6557
97.909
96.7534
97.8422
96.6915
98.726
95.8855
97.746
96.8002
95.9727
97.0889
97.3942
97.6633
98.6624
97.1245
97.7468
100.736
97.7055
97.8194
96.7521
99.3507
99.4425
98.4688
97.0992
100.238
97.3044
96.9954
98.2301
98.6664
97.5149
96.4874
99.811
97.1491
99.5827
96.6784
98.0263
96.8728
98.7443
97.108
96.655
98.4523
100.277
98.1085
99.9156
99.5508
97.1137
97.9622
97.9677
99.9426
101.337
100.59
99.1002
99.4705
100.332
98.3685
96.5389
97.9118
98.2186
98.0951
97.2804
98.5575
95.8823
97.9162
100.61
97.1893
98.0118
94.9189
101.231
100.378
101.947
99.3108
97.3356
98.519
99.795
98.6508
97.3303
96.8653
98.4216
101.733
99.6915
97.8089
98.8313
96.0163
98.647
98.1458
100.037
101.479
98.0256
99.0224
98.745
99.238
99.932
98.9278
99.6209
96.8183
100.437
97.6902
97.2739
99.196
98.4608
99.9198
98.7569
96.2467
97.62
96.7487
96.9391
100.177
97.4084
98.4773
99.7635
98.0254
99.9666
99.1538
97.9431
100.218
98.4523
100.092
98.3793
98.0045
98.0633
97.6765
97.0674
97.1846
95.7511
98.2058
100.337
98.2475
94.7643
99.919
99.4679
97.5494
99.5352
99.2102
97.2582
97.2476
98.0645
98.9843
98.6437
97.955
96.4107
98.5985
98.9227
97.5255
99.9445
99.5427
99.8285
97.4847
97.8086
98.4718
100.087
97.749
98.6423
97.6887
101.117
99.4176
98.1718
98.7338
96.8452
97.4037
99.3953
98.7407
97.7566
98.1741
98.0849
100.06
97.6242
96.5412
99.4265
98.7767
97.6133
98.5752
97.125
98.4389
102.014
99.366
98.9577
97.7942
97.4851
99.7816
95.9815
99.6879
97.1046
98.7522
97.8228
99.0155
99.1583
98.755
98.9496
99.7944
97.48
95.9565
97.6843
97.387
99.5971
97.1083
97.9943
100.136
97.8889
98.6978
100.431
99.1386
98.091
97.3986
97.0181
98.9727
94.7655
97.281
96.109
102.315
98.0041
99.8316
99.6696
97.5224
98.7785
98.5728
96.0896
99.6014
99.0072
98.8749
99.3943
99.3976
98.2356
97.7905
100.622
102.038
98.0609
98.9422
100.46
97.5852
97.5266
100.691
99.1524
97.2821
97.1048
98.1156
101.868
96.8866
97.8349
102.58
97.689
99.1066
99.3937
99.1708
97.2629
99.5558
98.3145
96.8561
99.4871
97.3693
98.4322
98.3515
99.6043
99.8702
97.1657
99.6858
101.34
97.2181
99.2503
98.0094
98.5172
98.0728
97.3982
98.4952
101.86
98.8075
96.6443
98.6402
96.9204
97.16
97.0336
100.356
100.971
100.702
98.1158
97.5031
97.8175
95.9907
98.2923
97.3575
99.0997
99.2935
98.1278
98.7
100.433
97.5839
98.2407
98.31
97.7349
97.1427
98.6644
99.1291
99.3197
97.8936
98.1433
98.3056
97.1356
97.884
98.0229
96.1773
98.4245
98.6751
97.7517
97.6615
97.7007
98.1703
99.9457
98.434
98.0255
101.557
99.9438
96.4403
99.3755
96.6751
97.8927
97.8575
99.3584
99.157
99.6476
97.2311
99.545
100.238
98.7981
99.2051
95.7544
98.1403
98.0949
96.9338
97.021
99.3683
99.3961
100.498
96.397
98.8017
98.1064
98.6138
98.2681
100.519
97.5626
98.4982
98.3342
98.0251
97.9363
96.4607
98.5959
99.7907
99.3042
97.9598
96.6664
100.433
98.341
97.8741
98.3453
97.6178
99.0855
97.02
98.2043
98.2244
99.1272
102.46
100.017
98.7403
97.5548
98.5121
100.413
97.4723
97.5986
96.5511
96.865
96.9314
96.5603
97.8768
98.5392
96.7744
98.8561
98.7238
96.4762
97.2936
97.69
99.0984
97.2024
97.2676
98.2243
99.0312
96.7549
98.8305
97.6163
99.1488
99.456
99.7291
97.977
100.998
98.1891
102
98.1418
96.6863
98.4479
102.865
98.6679
96.0313
97.6216
100.849
95.0361
98.6772
97.6772
98.0767
94.9756
98.1974
99.5767
96.2911
98.4123
96.8654
95.6425
98.1826
98.0436
97.5138
98.6403
98.9887
97.9247
99.3864
100.351
100.055
98.9994
97.7529
95.9609
96.8417
98.1909
98.543
96.7722
98.7817
98.8748
99.4418
101.801
97.6205
98.3545
99.1227
99.4837
98.9278
99.2327
99.9915
98.8756
98.0116
97.9437
98.0061
99.572
98.1489
97.0208
97.8322
98.3697
98.5845
97.5557
99.1631
97.6588
99.1839
99.089
98.2412
98.8075
99.2894
97.1435
98.0297
97.5387
99.1135
97.9591
97.6622
98.4568
96.1235
98.2094
97.7991
100.846
100.08
97.6154
101.086
96.7681
99.4253
98.9171
97.9445
97.922
97.2665
98.152
99.1239
100.028
95.3936
98.3218
99.1357
98.1489
96.805
101.539
95.8347
97.8941
98.9278
98.7092
98.1675
99.6884
97.6616
96.8429
97.6924
99.4428
97.7393
95.7764
98.2725
97.5987
96.8065
98.2668
96.6406
100.164
97.7093
99.1267
100.595
97.0822
97.307
101.663
97.4485
100.833
97.2063
99.1467
99.4711
100.032
99.2379
96.4718
98.4119
97.1885
99.767
98.9111
100.232
97.2344
101.144
97.1162
98.9311
98.9324
96.3473
100.556
97.4402
98.5983
99.4701
99.849
98.083
97.5141
96.7483
100.073
99.5726
100.111
102.754
98.7614
96.2738
99.255
97.8333
97.7345
99.3647
98.9694
100.455
100.261
98.2966
99.6669
97.9601
99.703
100.063
97.9508
100.881
96.8251
98.1296
98.694
96.7577
95.5815
98.3404
96.7385
100.158
96.4664
98.7988
99.2773
98.415
98.8129
99.4075
97.6018
100.433
99.7092
98.5275
97.0311
99.0899
98.6871
96.9295
96.9019
98.3443
101.509
98.6849
98.7599
99.518
98.8907
96.9825
97.2768
98.253
97.9952
98.0122
97.0617
98.854
97.89
99.0161
101.072
98.8828
98.1653
97.4115
99.4569
96.887
99.6579
99.5891
100.174
97.649
98.7556
97.9943
100.246
100.624
99.9759
96.7625
96.7517
99.6476
97.9647
99.3553
97.4576
98.4885
98.8276
96.1126
98.5773
97.95
96.8953
97.8798
97.3657
97.3436
97.3576
98.5306
99.0879
98.8086
98.0334
101.237
98.0471
98.5443
100.642
94.7516
99.7683
97.3882
97.3788
95.5798
97.5385
98.5734
96.6298
100.275
97.5346
98.8365
98.1829
98.792
98.0447
96.853
99.2363
99.5816
95.7761
97.5969
98.074
98.9511
97.0575
102.103
99.1119
96.9731
100.702
97.6698
96.4545
99.0466
99.2534
98.5356
96.1525
99.1255
97.6257
99.7523
96.9871
98.677
96.4016
99.2759
96.5488
97.5887
98.8873
98.0259
96.5305
96.2917
97.7888
98.5352
99.8569
96.2665
97.6123
100.017
96.0222
97.3112
100.967
99.7292
99.4032
98.8379
97.0894
96.6716
98.0016
98.5003
98.5088
98.1077
100.005
97.9137
98.5481
98.819
97.6141
99.703
96.5152
99.5556
96.8738
97.9111
97.6953
98.724
96.6514
100.701
99.4155
95.3772
99.6176
98.5316
98.0986
97.5343
98.6344
94.2893
97.5053
96.3269
96.5258
98.1805
98.826
97.2047
98.1208
98.851
97.9507
96.325
97.5866
98.3074
98.6962
98.5534
98.2816
99.081
101.403
97.1826
98.6207
96.863
100.528
96.6571
97.9556
98.6356
100.028
97.4831
99.2694
97.6272
97.6835
100.959
98.0569
98.7754
100.239
97.0864
98.6401
96.9644
100.301
97.8044
97.7158
98.0934
98.4107
99.7285
97.3049
100.304
99.0513
96.6355
96.8547
99.6703
97.8108
97.5382
100.048
97.6833
97.6019
98.1101
99.4634
96.7969
97.5825
98.9043
97.958
96.3384
97.4142
95.233
97.8522
97.1472
98.3861
98.9969
98.5316
100.12
100.662
98.7622
97.135
98.0683
98.15
100.566
98.8191
98.6306
97.1392
99.6808
97.1991
98.475
100.626
96.7594
97.9304
99.6042
97.2051
100.001
100.168
97.2297
99.4673
97.9099
97.5897
98.8609
97.9888
98.1882
96.9932
99.065
99.8945
97.5878
99.0836
97.1922
100.662
97.4841
96.8573
98.9193
95.8684
96.6703
96.2376
98.5972
99.3094
100.508
96.9156
99.2569
97.9358
99.2631
97.8757
98.7352
98.7197
96.3138
98.5501
97.5738
97.997
100.078
97.0913
100.381
98.3645
100.376
100.127
100.763
98.2124
97.7973
99.0691
99.8295
96.892
99.0058
99.1795
99.4044
98.2458
97.344
97.2688
98.4745
99.7304
99.668
99.5934
96.4181
99.3475
96.2017
96.3842
99.6766
98.7067
98.123
96.7358
99.5086
98.1084
97.8067
99.7933
98.0283
99.9843
96.744
98.6582
96.8051
100.087
97.8409
97.8176
98.8439
98.7553
96.4934
100.945
101.612
96.8512
101.203
99.9909
98.1077
97.9914
101.391
99.2519
98.3915
96.9777
98.2454
100.062
98.1711
98.0492
98.1841
96.1498
96.4323
97.9902
98.3785
98.6372
98.33
98.4822
96.9145
99.6438
99.0696
100.36
96.318
98.6153
96.922
96.4692
98.101
99.937
98.6047
95.9024
99.5467
99.2502
96.4022
97.6276
97.9768
99.3525
97.9897
99.681
99.7709
97.3523
96.7102
99.3894
101.275
102.114
99.1302
100.195
96.2535
100.349
95.2472
99.0616
99.6127
95.8596
97.4979
97.6913
98.2455
99.5568
98.6818
97.9253
98.533
100.508
97.1783
99.3022
99.1976
98.3355
99.3089
98.6459
99.714
100.62
99.3519
96.9836
100.08
98.527
99.0064
95.8372
99.7223
98.3585
97.3281
99.4602
100.577
97.293
96.4784
99.5611
95.4566
98.449
98.5054
99.3891
100.28
97.5535
97.0868
99.4683
100.019
97.1925
96.1722
98.3412
96.9177
100.704
98.4065
99.4972
94.9973
99.35
97.3292
96.8048
100.284
97.816
96.026
97.2989
100.05
98.6075
95.7486
97.3573
99.3643
99.0564
98.1596
101.232
96.587
101.106
99.2988
100.555
98.8846
97.4708
98.6235
97.577
98.5444
98.3767
98.6049
97.9192
98.9986
99.6287
96.2947
96.9332
97.0474
97.4833
97.2885
99.0153
99.2572
97.3019
97.5743
98.4356
98.1943
98.3375
99.0345
97.8675
98.2274
98.2528
98.8755
100.418
98.579
99.9797
96.4787
97.9606
97.822
97.991
98.8277
99.0865
96.7035
97.0224
98.029
98.0764
100.459
97.532
96.9941
97.955
99.0182
99.0044
99.4619
97.4318
97.7696
100.47
98.7904
99.7461
96.7669
100.039
98.7375
96.1975
101.296
97.6293
97.6142
97.5215
97.4335
95.9673
99.9347
97.8792
98.3129
99.7129
97.4443
98.6678
100.012
98.001
99.4562
96.9284
98.0536
97.2104
98.8066
99.5488
99.1139
99.0376
98.2132
100.761
99.683
100.144
96.9416
97.6132
99.2503
97.7427
99.5845
96.5141
97.6638
97.8829
97.3254
98.6589
98.7265
97.7644
98.2081
99.6258
97.2234
97.5346
98.8415
98.7147
99.5606
97.5523
99.4674
98.6671
97.7945
97.3216
98.1425
97.3455
96.1646
99.859
96.6227
100.07
97.832
96.3696
99.6574
99.6494
100.428
98.4077
100.579
100.924
98.481
100.112
100.17
98.6239
98.5228
98.3253
98.4108
98.7963
98.2778
100.636
98.3347
98.8908
99.1131
98.3357
96.6782
99.1603
98.7767
98.73
97.4114
99.4672
99.0753
99.8014
97.7133
97.3791
95.3137
96.8277
99.7675
98.4439
98.1519
98.4937
97.4907
99.0305
99.6732
99.6429
98.7465
99.9161
97.9083
99.4911
98.9257
97.6845
97.9079
98.184
99.9198
100.965
98.8918
98.6292
101.89
99.0362
99.9827
96.9439
97.944
98.1962
99.1305
97.4088
96.4487
98.7825
97.1188
96.5295
100.026
98.8316
96.5391
97.4451
97.6135
99.1738
99.8207
99.9216
97.9524
96.9278
98.3117
99.5881
97.699
100.653
97.8415
98.8821
98.0877
98.2267
97.1483
99.4983
98.2921
96.0216
99.0735
98.0451
97.9505
99.0513
96.1105
98.9823
98.6538
99.5226
97.9121
99.0672
99.6701
94.6448
99.5357
98.8886
97.0153
97.7095
98.2262
99.0143
97.6561
96.9188
98.9588
99.0655
95.546
98.0093
96.4393
96.7967
98.7569
98.7471
98.5561
96.0609
98.0488
97.7387
97.6679
97.3529
96.7891
97.241
100.999
99.3268
97.4189
98.6268
97.9303
98.2772
99.1454
97.5079
97.6825
98.4158
100.029
96.8892
99.4481
96.052
99.5525
100.061
100.208
98.2249
97.8629
98.1534
99.4861
98.2887
100.273
98.7692
99.5032
96.9586
101.104
97.0725
100.014
97.8128
100.26
99.7102
97.8206
96.5839
96.9284
99.1443
95.3248
99.8278
97.015
98.2499
98.4708
97.3338
98.6011
99.3089
97.4509
97.9445
98.0585
98.2822
98.5958
99.4796
101.115
101.816
99.5482
96.7974
96.0613
95.7694
99.1538
96.927
98.5467
98.864
98.317
96.2649
96.5068
99.5919
100.962
96.8541
99.345
100.291
95.6347
98.6573
100.587
99.8733
97.0656
99.2352
95.4228
99.2119
102.217
99.5795
97.6852
98.9146
99.7883
97.0013
96.8684
94.9804
97.248
97.441
97.0156
97.2532
100.226
99.4751
97.6788
99.7214
98.9622
97.227
99.8539
101.459
98.5897
97.74
95.3182
98.6741
99.3056
97.954
99.886
97.942
96.9249
96.7691
99.1744
97.8239
98.7663
101.154
99.387
96.8726
99.1928
99.2513
98.629
100.574
98.0784
97.8924
98.2503
97.6883
98.1485
95.8291
97.9534
98.8376
96.4116
98.5583
98.0857
98.8428
98.6293
97.7264
99.4727
99.1022
97.4554
97.4035
98.2354
97.9013
98.7165
99.6857
97.4549
98.7718
99.7142
98.8884
96.8183
99.0199
97.0561
98.259
98.0228
99.6882
96.5148
97.5815
100.12
97.3458
96.9072
98.3509
96.4091
96.8254
99.1718
96.668
96.7407
98.1817
98.1575
98.411
99.2094
99.4539
99.6731
100.82
99.3558
97.5698
98.272
96.1425
97.8957
98.4288
101.018
99.2941
99.6606
95.0629
97.779
98.2946
98.6506
98.6137
100.188
97.6347
96.5627
97.3267
96.4355
99.5317
97.7931
99.0232
97.0743
97.9275
96.7115
98.3392
99.2414
98.6126
97.9412
101.575
98.7916
98.8254
97.0678
98.4666
97.7978
99.1013
99.0288
97.8649
99.9557
97.7725
97.9665
99.9574
98.5262
100.044
98.1231
95.8103
100.246
99.6606
98.9638
97.3199
97.769
97.0965
95.628
96.5031
97.4721
99.6205
96.6304
99.0045
98.3102
99.262
100.378
99.5109
97.5144
97.6667
99.0893
98.0794
99.5321
96.0977
96.4586
98.1031
101.02
98.1473
98.2286
98.0541
98.0513
98.3094
97.437
100.157
98.7541
99.97
95.0279
98.5612
97.9118
99.4928
98.3311
96.722
99.4316
98.5961
98.2128
98.9288
99.2466
99.808
98.4009
99.0158
99.4902
97.6565
97.9968
99.4287
100.633
99.5277
99.6662
98.3875
99.8184
98.0456
98.8098
98.1783
99.0702
97.1879
98.4432
98.5122
97.183
98.2533
96.9589
99.9433
98.4618
98.366
99.4032
99.4842
99.3216
98.2384
97.1868
98.1996
100.72
99.021
96.4604
99.9915
96.3007
96.5843
98.2162
96.8227
98.3239
98.7627
96.3327
99.1459
97.6256
94.7554
96.0702
98.0381
97.9692
98.4071
100.662
96.3523
99.7526
97.3579
97.2966
98.1757
97.6439
99.1235
97.0421
98.1235
99.2904
100.931
96.2342
97.7878
98.802
97.8775
98.0491
99.4949
98.3961
100.201
98.6121
98.3695
100.415
99.061
97.2971
99.0447
99.2871
96.4839
96.7141
98.7257
96.4891
97.9351
99.0111
97.1463
99.056
97.9817
97.9486
95.9083
98.059
97.3474
98.8643
99.4765
98.6453
98.1167
96.4343
100.171
95.2335
98.2621
101.273
99.2108
100.632
96.6169
98.7247
96.3668
99.5186
97.4936
97.7575
97.8031
97.5927
97.6017
98.7808
97.7304
98.4325
98.4755
98.9005
96.7467
97.6955
96.1959
96.0512
97.6476
98.4377
96.5716
98.3334
100.321
100.275
99.9147
98.3093
96.6282
98.3812
96.512
97.5679
97.2144
98.6178
100.352
103.471
97.1725
99.9697
99.8812
99.7122
96.2012
97.5228
97.9817
98.7471
95.7771
98.2881
96.8865
97.4059
99.023
99.7797
96.001
98.6118
99.853
99.6346
97.3638
98.4067
99.5639
100.802
97.0961
98.1104
97.9727
99.2569
98.8042
96.2512
98.5058
97.266
98.7636
95.322
97.4193
97.5083
101.12
98.0679
98.7306
100.268
100.769
98.6194
97.2556
98.5484
101.595
97.7328
99.5426
94.9238
98.4716
99.3014
97.6933
96.9095
97.7012
99.57
99.3237
98.2371
100.282
99.4613
98.8606
98.2876
99.119
99.816
99.4396
99.1624
99.3942
98.6182
100.608
97.3033
97.1604
100.216
97.2909
100.502
99.0108
98.5606
99.1692
96.9917
99.3142
97.8096
97.6654
99.1692
98.647
96.8798
99.8086
98.0145
98.8047
96.2905
97.8286
99.6438
100.379
99.2082
97.4092
98.0939
97.9728
98.1073
98.3539
96.2039
98.1264
99.4334
100.868
97.4698
99.2695
98.0173
100.316
99.2009
98.9706
99.3196
98.0059
98.4563
99.8004
98.0833
101.347
96.4277
98.0443
103.128
96.3668
98.4371
98.3193
99.0888
99.1516
100.791
97.2492
99.0433
97.3079
99.3368
96.4807
99.4816
100.085
99.5143
99.158
99.7818
96.6255
98.5635
98.1965
97.0597
95.7949
99.5584
96.1511
97.3511
97.2512
99.6623
99.5274
98.567
98.0285
98.2125
99.2232
99.2879
96.9398
99.7219
99.1789
99.0377
97.1671
99.9026
100.096
97.9656
98.4067
97.7811
99.5606
97.5205
96.6406
98.7944
101.319
98.9535
99.7513
99.9043
96.8734
97.6626
98.1159
95.6661
98.2582
98.0405
97.1077
99.5634
97.2526
100.304
97.3406
98.0877
98.5235
98.2111
99.2198
99.663
96.8771
97.1268
101.933
98.4975
98.4718
98.213
100.786
97.7223
98.8271
99.3309
99.9152
99.1933
98.7197
98.7953
99.405
97.9461
97.6812
100.105
100.053
97.4804
98.9576
97.3436
96.9653
99.1459
98.922
96.3679
98.5816
99.0149
99.3328
97.7525
98.6204
97.1431
100.856
97.633
100.932
96.2813
97.7321
97.0213
97.5924
98.961
100.432
97.1157
99.8249
96.3081
98.5132
99.392
97.3582
95.7462
96.586
98.3718
100.445
98.9651
96.8823
97.5423
97.0564
99.5761
98.6635
98.2195
98.4877
98.5007
100.466
99.1968
97.3086
100.706
100.403
100.503
97.4124
98.8714
99.5262
99.9574
99.3359
98.6958
98.4996
98.1992
96.5977
98.6632
99.5693
99.0085
98.0715
98.1013
98.8138
100.529
98.0513
95.7568
96.736
99.7938
97.7699
100.218
98.7443
98.6664
99.3546
97.2635
97.2502
99.9822
100.079
96.7101
99.4638
95.8748
98.2532
98.5814
96.4989
97.8235
98.6763
99.5711
97.2006
97.8561
97.2336
96.9299
98.8403
98.4823
99.0298
99.6577
97.5086
97.5182
98.6728
97.2948
96.398
97.9656
99.4043
99.0153
98.9319
100.427
99.3585
99.8572
96.0604
100.222
98.6333
99.3558
100.213
98.8938
99.7283
95.8756
97.6376
97.961
98.3875
96.0287
96.504
96.7943
94.97
97.9733
100.354
97.7491
97.6984
97.7915
99.5958
96.3997
99.6561
99.5458
99.3978
96.4938
98.4101
99.1956
96.744
98.8908
97.9425
97.9019
96.0639
98.5513
97.284
97.9677
98.3821
100.662
97.4004
98.6394
99.5289
99.3726
98.0872
97.082
99.7177
98.8114
96.2373
98.8402
99.3994
97.8924
97.2792
97.6612
99.2383
101.046
97.2102
99.5487
100.087
98.7113
99.3521
97.8109
99.8234
97.3841
98.0516
98.3234
97.7292
96.4795
99.6193
97.3474
101.358
99.777
100.625
97.6788
98.07
99.01
101.275
97.5849
96.8878
97.0955
98.5507
98.0027
98.6833
98.6886
97.7894
97.6647
100.108
96.5565
96.9677
99.7083
98.8562
98.475
95.3786
98.887
99.493
99.7812
99.2873
95.6754
97.9231
97.8334
99.1279
99.9786
100.115
98.144
98.1798
98.7431
98.1347
99.8621
98.1133
96.9879
98.7464
96.4042
99.868
98.5736
97.5737
97.4897
96.1386
99.6913
98.42
99.986
100.461
100.154
98.9535
95.9743
100.395
98.7299
93.0722
96.6245
98.8257
97.8522
98.4267
99.6712
97.8401
95.2134
97.5664
97.7373
99.3846
97.5315
96.4821
97.2861
97.2557
98.9506
100.695
99.1937
97.7178
99.54
101.06
99.4868
100.616
95.7384
97.9437
95.915
97.4097
99.1236
96.5522
97.3905
98.3388
98.328
98.8525
98.9899
98.7063
99.6179
97.4607
99.0312
96.7967
99.6453
99.9266
97.9437
97.7099
100.994
98.5302
101.448
97.3179
96.0432
99.2734
97.0679
100.052
97.4944
98.4076
96.0024
100.245
98.7089
98.3144
99.0522
99.6595
98.1921
98.0319
97.4061
100.193
98.5244
97.3616
94.9547
99.4646
100.318
99.566
96.3244
98.8265
99.4935
97.5893
98.3495
101.18
98.6432
98.0444
96.8231
98.4102
98.4379
96.8741
100.113
99.2443
98.5368
97.7689
98.0844
98.1549
99.9351
97.5233
97.6862
97.3567
98.407
99.3539
98.4932
95.5841
97.9626
97.549
100.002
99.2631
95.8159
100.092
97.5853
99.5497
98.5681
96.892
94.962
97.2445
100.733
97.877
98.5627
99.2232
98.1065
100.498
97.1338
99.3958
101.427
99.1668
99.4653
97.6128
99.0152
99.3161
99.2641
95.4853
98.5656
98.1082
97.6441
96.6697
99.2877
97.6951
98.0364
95.8639
96.0648
96.7095
98.6092
99.765
98.3368
98.1759
98.7119
97.28
99.7619
97.7904
99.8782
96.571
100.148
97.0061
97.6535
97.1798
99.3851
100.792
97.9519
98.2583
97.198
99.145
100.638
98.7126
99.9667
96.6519
101.005
99.5402
98.1555
100.371
99.0146
97.8932
97.2532
98.6418
100.055
98.9758
99.9837
99.0559
100.179
98.7848
98.357
98.7314
97.0013
97.8707
97.9756
100.311
97.7687
97.4277
98.6249
98.0053
98.5571
101.16
99.6857
99.9172
99.2574
98.8511
96.7471
98.9566
97.2923
99.1251
100.161
98.741
98.4634
97.2582
100.752
97.2008
98.2295
98.599
98.2896
97.384
100.14
97.3178
97.2345
96.8471
98.0268
100.362
99.1418
97.5773
100.238
100.38
99.3148
97.8439
97.0648
98.4423
98.5553
97.1067
96.0585
98.2431
100.249
100.977
98.6605
98.2155
98.6672
99.7665
100.311
97.8063
96.1247
99.2458
97.2514
98.8369
98.8636
99.174
99.9557
100.489
98.7099
99.8772
98.3207
99.2233
98.9959
101.007
100.966
98.9141
98.9113
102.291
95.4114
98.8672
95.9134
97.1835
98.2232
97.8299
95.8548
96.1671
96.8375
96.644
99.0909
98.3438
99.2518
98.4724
100.287
97.6258
98.2127
99.9501
99.0151
99.3151
98.8078
98.2917
100.682
98.0016
97.0189
98.6273
98.59
100.257
99.0485
98.7798
97.4005
100.436
101.181
95.3372
98.2129
97.7922
99.4928
95.7305
96.5753
99.2239
96.9619
98.7168
99.9839
97.9152
98.2751
100.296
97.0418
98.1019
99.3113
99.8452
102.017
99.8941
99.0304
97.0829
97.7189
97.8637
98.1284
98.5527
98.7348
99.2521
97.9376
101.729
97.4784
96.2782
97.2562
100.076
95.8812
96.3151
98.4078
99.4761
96.0901
99.6467
100.318
97.7635
96.5853
96.3885
99.2024
98.036
100.681
98.7632
101.529
99.6555
98.5024
99.6755
96.6553
97.9102
95.6867
97.874
98.3476
99.8786
98.2699
97.6866
100.859
100.658
97.8133
100.197
98.6214
100.025
99.3272
97.4711
98.8434
99.3965
99.0375
96.5908
97.9776
97.9435
98.8661
98.5443
99.3563
99.3739
98.1704
97.4354
99.1034
99.5448
99.6957
98.949
98.7663
99.9684
98.3519
99.5331
97.0125
96.8314
98.5683
99.6443
100.609
98.3819
96.8445
101.69
96.5894
98.4051
97.5913
95.7467
98.9684
103.32
97.446
98.7883
98.5648
97.6976
98.3288
99.3323
99.9499
97.2512
98.132
101.626
97.9906
100.396
98.349
98.4807
97.8051
97.539
97.4663
99.0563
98.2159
100.666
97.7422
100.781
97.1255
96.0645
98.6919
100.447
100.387
95.5451
98.8422
97.9808
98.401
101.688
96.6228
98.5816
99.6856
96.962
96.3703
97.2213
97.2278
98.3468
98.3385
101.005
97.2932
98.7114
99.5119
97.4965
99.415
99.0509
95.6778
98.5334
99.9109
98.2807
99.8619
97.8263
98.3119
100.191
96.4119
98.888
97.6521
99.3722
96.8482
95.0213
99.7577
97.0975
95.4151
99.8977
97.8603
98.4741
98.1303
97.6232
99.2032
98.5222
96.8857
100.506
100.063
98.9448
98.7107
99.8805
96.6145
97.6226
96.5149
97.3167
97.0663
97.7719
98.772
98.7066
98.5451
98.627
96.4303
98.2516
97.6348
99.8372
99.6767
99.0363
97.0118
96.4735
97.2324
98.2027
99.532
99.3348
97.6929
95.8071
98.8715
98.1582
101.865
96.9219
97.7304
100.332
99.2989
100.107
99.0347
97.6718
101.49
100.774
98.5882
97.5598
97.8627
97.7479
99.5577
98.1483
98.9649
98.4872
96.7609
100.511
98.33
96.0243
99.3585
99.5805
97.9199
97.0266
96.1551
98.1619
98.3541
101.193
96.1909
100.106
99.5046
94.8815
97.016
99.0066
98.138
99.405
99.9392
100.06
97.2654
98.2461
97.754
99.5632
98.7048
99.1889
99.3911
97.9642
100.009
99.8323
96.5263
99.3952
98.8326
98.7096
98.5105
97.9309
97.9993
96.5136
99.1331
96.901
98.0924
98.097
96.8039
98.7233
97.6771
98.8325
98.2521
99.7578
96.2655
98.5751
97.5276
99.689
97.6216
98.8442
100.756
98.0668
98.5627
97.7485
98.1568
101.112
97.2167
102.184
98.5519
99.6031
100.459
96.9908
95.1366
98.5309
100.885
98.5586
98.6666
98.9852
98.7987
97.2858
99.7402
101.272
94.7583
101.062
99.6111
98.2808
96.4305
97.1527
98.4268
99.8191
98.416
98.7051
99.0582
98.0837
97.9421
99.4055
100.906
98.479
99.5177
96.6453
99.3188
100.602
99.3832
99.5533
98.4762
99.306
98.0194
97.5229
99.2932
100.83
98.6111
98.2599
97.5116
99.3444
97.8824
97.4582
98.6973
98.2517
99.6854
99.4381
99.4488
98.0149
98.5581
98.5423
98.0477
97.684
96.7613
98.9353
97.9285
97.8621
98.4135
99.1067
97.4179
96.791
98.5337
96.3391
99.2846
99.9206
98.4218
98.4666
99.4396
97.6229
99.8639
97.014
99.1291
97.7339
99.6046
100.087
99.5212
98.2472
97.4921
99.5584
99.8144
98.855
99.1753
99.0305
98.0947
100.425
101.102
99.6701
100.732
99.5998
98.833
100.928
100.438
98.1608
96.9346
99.8456
97.8215
97.8643
96.4313
96.9445
98.5538
98.0536
99.3829
98.7674
96.791
94.8539
96.9387
95.6991
99.5498
98.2067
99.0176
99.4068
97.6278
96.6176
100.078
98.4732
97.8408
99.6761
98.9908
98.1993
101.509
100.019
98.9669
98.9727
97.4119
98.1798
99.8785
99.0952
99.1199
97.4961
99.9123
98.891
98.0504
98.1347
97.3042
96.348
96.4133
98.4591
100.294
97.514
100.44
99.8243
101.252
98.6852
97.5013
99.5536
97.1279
100.15
98.411
96.4811
98.3137
97.51
97.3575
97.4494
98.9621
98.1088
96.9316
98.2096
99.4303
97.5582
98.1757
98.9485
100.078
96.4521
99.7686
98.9117
99.9277
98.049
99.436
96.6415
99.3726
100.151
96.5297
99.35
96.645
98.5033
97.9544
97.2925
96.7456
98.0145
99.6614
96.4188
97.8953
98.0072
98.3925
99.4373
98.4523
96.8985
98.1543
99.5682
98.2852
98.2326
96.6167
99.5444
97.5691
98.4516
99.1618
100.031
96.943
100.052
96.3408
98.0154
96.8549
95.3801
97.725
100.065
99.1688
98.9577
96.8853
98.7246
98.9214
97.4308
99.5905
97.2329
98.0406
99.0077
97.9943
96.9741
98.9742
98.3594
98.4937
95.7367
99.2607
99.692
99.5807
98.9359
99.6079
98.7868
100.375
97.7021
97.161
98.3103
98.3321
99.5039
98.3064
99.6208
97.3333
98.2829
98.9906
97.7313
96.888
97.7056
98.5331
98.4328
94.4105
97.7491
98.4476
100.089
100.01
98.3779
100.225
96.8112
98.8248
96.8916
96.6364
96.8694
98.0717
97.2285
97.728
97.6524
99.3382
96.9649
99.9329
96.8937
99.3616
99.6076
99.5836
98.987
98.1891
97.7995
99.5786
97.0517
99.046
97.9028
96.814
99.3361
98.1231
98.6556
99.3434
99.917
99.5824
98.1285
96.678
96.6701
97.2618
96.8723
98.5981
100.564
98.7513
98.4214
98.1879
97.2797
99.561
96.3541
97.7083
99.2553
96.1235
97.721
99.5181
95.8712
100.368
98.4009
99.069
97.6578
101.078
98.4896
97.0035
99.1671
98.8974
97.9728
97.1167
97.1878
97.8855
98.6886
99.4633
99.3883
97.6536
99.164
96.4664
97.232
98.8625
97.4335
95.8887
98.5998
98.3461
98.028
96.5539
99.773
98.2171
96.8327
100.28
97.9304
98.3073
98.6657
97.4454
100.779
100.188
99.9105
98.5515
94.489
101.005
101.31
100.132
97.3037
99.8297
98.7411
99.9907
95.9178
98.0743
99.7852
100.567
97.8127
96.0623
97.0581
97.9475
98.1138
98.7204
97.7464
100.636
100.264
95.3108
98.1444
95.3564
97.9065
97.911
98.2336
98.1368
97.7699
98.7141
97.6033
98.875
97.6521
99.1715
100.827
98.8366
95.9977
99.9605
97.0287
97.8977
98.3354
98.9927
99.2186
99.3737
101.189
99.2894
98.2406
99.5417
96.9777
98.6812
95.7188
96.7573
97.6555
98.9123
97.9429
100.035
96.6145
101.261
99.2841
98.6905
98.9977
95.3356
96.9082
100.978
99.1638
100.174
100.011
97.3323
98.4715
98.0341
96.1787
99.4009
99.5422
96.7535
100.822
98.0909
99.7481
98.4759
96.6167
97.0657
97.9092
97.3357
97.2406
99.4343
96.4986
99.9769
101.042
98.0553
96.7831
99.3807
98.1864
98.1762
99.381
100.246
99.3937
97.4335
99.247
97.9716
99.5261
100.257
96.474
96.382
97.6751
97.7759
99.0623
98.9717
99.0156
99.7359
98.6286
99.2884
99.1472
98.8504
97.6283
99.9418
98.371
98.9833
98.2037
97.7701
101.376
99.1371
98.8452
95.0928
99.8379
98.0587
99.1422
98.9049
96.3911
99.3398
97.0389
97.3057
98.1662
99.7521
94.9544
97.6634
97.6833
96.5188
97.8447
97.7535
98.8051
97.0694
101.229
97.2964
97.3459
98.4064
98.211
101.525
99.0364
96.7313
97.5805
97.7025
99.7498
100.378
99.6219
98.3514
99.3916
97.0902
97.552
99.9113
98.6442
97.4651
95.2855
97.8345
96.2946
96.1021
98.451
96.3647
100.526
98.2896
96.1438
99.9955
97.5228
101.174
97.3316
98.1536
99.3249
98.1723
98.5338
99.3877
97.0248
98.3697
98.2162
98.2451
97.3067
97.3922
99.7522
100.261
97.1248
96.8656
97.2596
100.187
96.4192
98.8201
100.719
99.2431
98.7343
98.4272
97.4986
99.5992
98.1054
100.338
97.7865
99.8311
99.1654
96.7832
95.9231
98.7373
99.7252
99.8338
95.9788
97.7498
95.8402
99.9326
96.6789
97.9668
99.1718
101.645
101.504
96.9588
99.3904
99.076
100.838
99.4517
97.3464
97.9289
97.5063
99.478
98.6861
99.5898
99.2978
99.7153
97.1086
96.3498
99.4703
100.255
97.4886
97.1896
95.7351
98.9759
96.7885
96.9636
99.8793
97.942
96.829
96.9062
98.821
100.671
97.7267
97.9866
99.0881
99.319
98.7887
97.895
100.557
98.5165
96.2529
98.7044
99.6518
99.0111
97.3172
95.467
97.0377
95.9605
100.61
98.0121
96.2811
97.0569
96.8631
98.9937
99.572
97.6194
99.8755
97.0782
98.3044
95.286
100.392
95.0023
97.0174
100.029
95.8895
98.5965
98.2049
97.9628
99.2656
97.1069
98.201
97.5627
97.8877
96.4204
98.2538
98.6604
96.533
98.0491
96.916
97.9672
96.0696
97.6333
100.152
99.3772
98.8406
98.1486
98.4437
99.2883
98.8504
98.5063
97.9574
103.105
99.7328
97.5168
98.1491
98.8018
98.1595
96.9111
98.3192
96.2214
97.8948
96.7424
98.2823
99.726
98.6845
100.809
97.3578
97.7081
100.263
101.07
96.9969
98.917
98.987
100.617
97.39
97.366
98.8395
97.048
99.0864
99.3485
100.505
98.3419
97.0663
98.1434
101.562
99.9019
97.568
96.9717
97.1374
99.8708
96.9316
98.7371
100.271
95.2212
100.157
96.5417
99.0237
96.0855
97.6138
95.9762
98.7821
96.8896
98.974
98.2197
99.9621
98.5525
97.6207
96.2861
97.7265
99.3131
97.784
99.113
96.5865
99.1809
101.312
98.4873
99.7862
97.8134
97.2844
99.4773
96.1171
97.6934
98.7329
99.1319
100.902
99.2931
99.3354
97.8887
96.2792
95.972
97.6852
98.1405
98.0122
99.983
97.6811
96.9958
100.544
99.3248
99.6059
98.3029
99.3819
97.7072
99.1833
98.4392
98.5773
96.7468
95.8249
98.7566
100.078
98.2093
99.7361
97.668
99.2959
98.9543
95.3698
101.193
96.9373
97.5802
98.3089
98.6372
98.306
99.9516
96.7523
102.087
100.902
99.1352
100.424
98.4551
95.9735
100.557
99.8293
98.136
99.8387
97.7642
100.656
96.9324
98.392
98.2249
99.2483
95.7112
98.1056
99.2363
96.0309
98.8454
97.6979
101.594
96.015
100.55
96.9401
95.5949
100.194
100.696
99.3071
98.9734
97.6995
100.108
98.4475
100.618
98.9353
96.6325
99.307
97.996
99.1261
98.5164
98.3184
98.6187
100.129
98.9598
98.1885
99.9354
98.9292
100.014
100.284
98.1978
98.1588
98.8764
99.2152
99.6877
95.0959
100.425
98.7969
96.758
96.4762
97.1831
99.4745
99.1285
99.5063
99.203
99.3482
99.37
96.8129
97.6017
99.1636
98.1673
97.2828
99.0908
94.6897
99.0607
99.2672
97.6722
98.9681
100.664
98.134
98.3728
95.3141
100.392
99.1347
97.7271
96.1869
99.4993
96.6027
95.922
99.9212
99.0047
99.6919
99.5178
97.9541
99.5332
99.2177
96.6557
97.1215
97.9251
98.2788
97.0988
100.152
98.491
100.649
97.3727
97.2411
98.2278
101.336
96.8781
96.8398
98.3416
97.034
96.997
97.5394
99.4524
98.5273
97.7619
94.6918
98.972
99.0224
97.6097
101.956
102.259
97.6372
96.1882
96.5311
100.009
97.3313
96.8637
98.6872
100.333
99.9283
97.598
98.0434
96.586
97.6126
99.5955
97.6497
99.2553
97.9966
99.4101
98.0675
99.5151
97.8098
99.2245
98.4373
100.409
96.6044
97.6303
101.104
95.3604
98.5138
98.8067
98.844
96.1591
97.6913
98.2001
96.0297
98.656
97.6539
99.8605
97.2293
96.1691
97.2737
98.9517
97.2012
98.0999
96.6052
97.9672
99.4213
98.3437
99.104
98.4208
98.0373
97.464
99.2314
97.4143
99.4927
95.6376
99.6978
99.7527
100.134
97.304
99.6272
97.0202
99.237
95.9883
98.9838
97.8761
99.9864
98.7368
97.889
100.376
100.092
97.8294
98.2656
99.0722
97.4751
98.4267
98.0763
98.3889
97.9958
98.4193
100.343
100.545
99.1762
97.5326
100.578
99.2309
100.143
97.0612
100.402
100.081
99.4616
98.3756
98.9633
99.8108
99.0486
96.3079
95.5955
99.7998
97.7676
99.2872
100.789
95.6047
98.552
100.688
97.6164
98.2641
96.1362
97.4301
97.6597
98.3085
100.534
98.0265
97.0404
97.7577
99.6173
99.2243
98.5153
98.8957
98.9429
100.239
98.9306
96.8937
100.616
99.5108
98.9112
98.6863
99.0766
100.79
99.9168
100.507
100.737
97.4495
99.4739
98.7356
97.8685
98.4059
96.8941
98.552
98.4677
97.0272
101.246
99.3631
97.2136
98.4509
99.218
99.5302
99.9595
96.4933
100.113
96.8079
100.191
99.5726
98.5348
97.907
98.6126
97.817
96.1771
98.1491
97.6097
97.608
97.0986
100.351
97.9222
98.3393
98.7694
100.665
100.811
99.0205
98.8478
99.7229
97.7749
97.2705
98.453
99.0446
100.146
98.8265
98.1404
98.8539
96.4892
95.2931
99.249
98.2335
98.2066
97.5371
96.0521
101.086
98.8319
99.3056
98.181
97.7217
98.1355
97.998
95.4925
99.4666
95.4454
99.8888
99.408
100.745
97.8813
99.0029
98.6555
97.1046
96.8674
95.6938
101.301
100.98
99.9756
99.1395
98.0133
97.8985
97.9666
96.3523
97.0314
99.3191
100.038
97.8012
99.388
97.4519
98.565
100.068
99.8636
96.9343
99.0445
96.9167
99.7405
97.6413
99.8654
97.0665
96.36
100.813
98.1334
99.0225
98.7697
98.8519
100.165
100.724
97.6578
99.4113
97.5391
99.0333
99.7914
97.7855
99.7068
98.1272
100.648
98.7956
95.6576
97.8265
100.774
99.8474
97.806
97.0853
96.8455
96.4375
98.4696
99.6044
96.5047
98.8997
99.425
95.7333
100.241
99.1623
96.0539
96.5835
101.059
97.9594
96.5927
100.64
97.6243
98.37
97.6618
98.361
99.3212
98.6173
99.3231
97.9061
98.8407
99.4101
97.0854
97.5821
97.4143
96.7285
98.005
97.0902
98.7566
99.3861
98.5638
98.6396
97.1463
100.173
99.1561
99.5277
97.2038
97.9589
97.381
97.6138
99.5818
96.1975
96.9133
96.1047
101.448
100.143
100.646
98.4862
99.6409
99.231
98.1308
101.377
99.5509
94.4583
98.4993
99.0212
98.2194
98.7171
96.9511
100.445
100.091
101.083
99.1371
97.9719
99.8
95.766
95.9523
97.553
96.1643
97.7266
97.4611
98.4269
97.1693
97.8106
98.7383
96.8861
100.289
98.7082
97.667
97.0536
100.035
99.3212
98.8521
100.036
99.2455
96.711
98.287
99.9092
99.6639
99.0503
95.4885
96.7927
97.0094
97.5236
99.6414
98.724
97.1191
99.442
99.2872
96.9533
99.9768
98.2312
98.7735
97.7627
96.5519
100.048
99.19
99.1238
98.2051
98.4066
95.9234
99.001
99.9365
99.2862
97.6114
98.4597
98.2907
99.2046
101.693
97.8607
98.2914
98.8254
97.5473
101.549
98.3489
99.5513
99.0891
98.1852
98.2673
97.5308
98.5514
98.8863
99.559
98.6834
99.423
96.8113
99.6715
98.1431
97.6332
98.4487
95.9049
97.4006
99.0323
102.032
96.1532
97.9379
100.145
97.2598
98.177
98.0627
96.7675
98.5781
99.2062
100.308
97.045
97.2129
101.175
101.274
102.896
97.3525
97.293
98.26
97.2287
99.4328
97.3722
98.7325
96.4366
96.4215
97.9291
98.1269
97.5072
98.5552
101.059
100.104
99.3053
100.272
96.4012
97.0492
98.9226
98.6762
99.7385
97.6312
100.201
97.6461
96.2981
98.4447
98.011
98.0118
98.0195
102.589
97.9066
99.4834
96.1663
97.9284
100.534
98.8652
100.017
99.6841
100.727
95.8076
98.0462
98.1167
96.5104
97.1238
97.7533
97.4179
96.8246
99.5702
97.3659
101.385
96.9167
97.9194
95.6177
100.908
99.3117
99.4834
98.7033
97.3458
98.6995
99.0032
98.1197
97.9426
97.642
98.2031
96.4457
96.9515
101.569
98.0858
97.4751
96.3495
100.601
97.9099
97.6326
96.5025
96.492
97.8764
96.5796
99.8826
98.6985
103.055
100.308
98.6826
100.077
99.6347
97.3776
99.2098
95.7638
101.793
97.9792
100.154
97.8445
97.0767
97.712
97.164
99.7889
99.9126
97.8003
99.2299
96.3355
98.8101
97.1175
97.3772
97.829
96.845
96.0198
100.243
100.35
99.3611
99.3378
98.7064
98.3975
98.1105
97.4819
98.5453
97.9327
96.7888
98.317
101.592
97.6452
97.512
96.758
98.9267
98.8007
98.7608
96.1286
95.711
99.7693
97.8771
99.5567
97.6569
99.7075
98.3904
97.8687
100.551
97.8369
97.7485
95.7372
98.3164
96.746
99.6367
96.8065
98.4786
98.0023
98.0253
99.7613
95.9082
99.7066
98.9205
98.8119
99.5978
97.3257
97.982
100.665
96.7814
98.6702
99.5345
95.0455
98.8872
97.5082
100.504
95.29
96.5392
98.9847
97.2222
96.3153
98.1764
99.4231
99.7123
97.2708
96.776
97.2833
97.6693
98.082
100.916
100.496
98.2616
99.2166
100.172
96.4848
98.8427
97.2866
101.603
98.4984
97.282
98.3107
97.9156
97.5774
99.9622
100.214
96.3138
97.0402
98.9915
98.9431
99.2863
95.4846
98.749
98.1068
99.3531
99.5085
97.9292
101.26
97.8403
99.3556
98.4155
97.331
95.9457
98.3392
98.0183
97.9781
100.635
96.4501
98.6081
98.514
97.3954
99.1712
98.2723
100.277
98.5996
97.9758
97.5185
99.9696
98.6356
98.2028
98.1148
99.0277
95.109
96.9304
100.68
97.0074
99.7659
99.6889
97.4513
98.2826
98.1266
96.5333
96.6763
97.3651
97.4215
99.2127
100.276
97.4498
99.4269
99.2078
97.6052
98.8129
96.8022
96.9579
98.6685
97.7867
98.2918
95.4806
97.5057
98.9893
96.6611
98.1569
100.549
98.9634
97.9766
101.01
97.6878
99.5682
100.608
98.4103
95.8409
99.6174
97.6423
98.4353
98.2918
96.5753
95.2942
99.2474
97.5938
96.531
100.121
96.252
96.5419
98.1837
95.6939
95.7464
96.2795
98.5756
95.9391
97.5406
98.6267
100.244
97.5698
96.9071
97.9144
98.6194
96.6382
98.1473
97.7114
99.8148
96.947
96.9882
101.529
96.3816
96.4947
97.5136
100.191
98.1084
97.3291
96.4034
99.9315
98.9107
99.0568
97.4714
98.7598
98.4873
96.4131
97.4768
101.998
98.8577
98.5849
97.7929
97.5464
98.0983
100.2
99.097
95.962
98.9419
97.7913
98.7071
99.8131
99.0178
97.2186
98.396
98.7941
101.271
98.7917
96.7091
99.0506
94.8916
98.3298
95.3932
97.9763
97.3159
96.9074
100.1
96.8345
96.7775
98.2338
100.911
97.8827
99.0745
98.7016
101.61
99.3396
97.7904
99.5886
96.3234
98.8792
97.8391
99.0242
99.5791
98.3716
97.443
101.226
100.307
99.9559
96.873
98.431
97.5752
98.6321
98.5188
98.4398
100.102
99.3273
99.368
98.0395
98.6689
97.1371
101.066
98.8746
98.2232
96.4985
101.098
97.1402
96.5245
100.017
99.0592
97.0142
96.8194
97.8057
98.1409
97.6211
95.8078
97.2473
100.06
100.579
97.4241
98.7761
96.0668
98.7253
97.0911
98.4612
96.9213
98.0912
98.6251
99.4258
98.2438
99.3549
98.1906
100.537
96.9621
96.4705
99.1197
97.2705
96.6766
99.005
99.9869
97.3434
99.22
98.4965
99.2398
96.7891
99.3258
98.7979
97.9258
99.0716
98.8142
98.8781
99.3293
101.145
96.7449
98.734
98.3639
99.0836
97.7538
97.7119
98.865
98.7892
99.4103
100.174
98.1807
96.8385
97.583
96.9912
96.8822
98.5895
98.5756
97.0468
97.7673
98.0173
99.1272
100.43
97.5603
96.9204
95.4395
97.7373
97.1418
99.9689
97.4729
98.2109
98.8904
98.2117
97.8707
98.1181
98.3444
101.479
97.1683
96.098
99.11
96.64
97.8467
101.588
99.0399
98.1529
98.0057
95.9908
96.9058
99.2493
99.7735
99.5853
99.8885
98.08
97.5121
97.6536
100.819
95.9245
99.5469
98.7053
97.3691
98.8986
98.9169
98.9916
98.037
96.764
96.6468
102.726
98.5561
99.6072
99.2525
97.4398
97.4794
97.1866
95.9906
99.9292
100.746
99.6882
98.7207
99.1509
99.9448
96.5807
98.3875
99.7946
99.3317
98.3406
99.0599
97.365
96.5593
99.4681
97.3997
96.4427
101.058
97.8684
100.799
97.501
98.4291
99.6058
98.9586
98.8714
94.4992
95.5813
99.144
98.2981
96.8815
97.5784
95.6672
98.4909
97.9132
100.687
98.3595
96.3762
98.0099
98.5297
97.621
99.236
97.3796
98.1643
97.8708
98.1417
99.499
97.2066
97.7294
98.5953
97.205
99.9594
95.8375
97.5743
97.4152
96.0997
97.5185
99.758
96.836
98.5141
98.563
100.015
98.9941
97.3587
100.053
100.425
98.0282
97.788
95.739
100.992
98.7937
96.9345
97.7349
97.7475
98.7811
99.6039
97.6956
96.8932
98.7575
98.6096
98.7108
98.9092
100.979
97.6691
96.3683
100.841
98.6197
97.9837
99.6406
96.303
97.5154
99.2435
99.9047
98.3436
98.8517
97.5406
99.1332
98.647
98.8141
99.0899
98.5329
100.985
96.5586
98.8237
97.0407
98.1504
99.5541
98.6189
101.464
97.2873
98.1272
97.1082
101.272
98.6212
98.853
96.3839
97.2603
98.6237
98.3157
99.3917
99.4377
99.7998
97.4683
98.7892
97.7783
101.224
99.5644
96.0959
96.3541
99.8339
96.6404
97.245
98.6914
100.928
98.6557
98.9778
97.1797
100.167
97.4416
100.419
96.7637
99.7045
100.18
98.7734
95.2533
97.605
98.5086
99.1564
100.288
100.316
100.016
97.3894
97.431
96.5802
98.7487
97.9201
98.596
100.708
97.7898
97.3856
99.4237
97.6124
100.755
97.7789
98.4448
97.9678
98.0757
96.8524
97.2485
96.9215
99.3108
98.552
99.7421
101.803
97.4666
97.8471
100.601
98.5049
99.2176
97.9347
98.2735
97.8431
97.1679
98.5754
97.985
96.623
97.1948
98.9065
98.249
99.9022
96.6953
98.0422
97.5447
100.64
98.8408
98.3268
97.6004
97.9141
95.1791
100.991
99.2664
99.8426
99.7243
97.1172
98.6338
99.6128
98.5295
98.5076
97.5742
96.9233
96.9225
97.2322
99.7271
99.0431
99.9611
98.3828
98.6346
99.0087
98.3648
96.576
98.1176
100.382
96.1791
97.0529
95.8827
100.986
98.9601
99.8646
100.023
96.0773
99.8282
98.8067
98.1741
100.862
98.5193
97.1991
97.5034
98.3912
99.7474
101.078
97.0172
98.3438
96.6686
101.192
100.454
97.5155
95.7436
98.818
99.5679
101.141
96.115
98.9955
100.777
97.2125
99.7509
99.7291
98.1555
99.3504
97.7499
98.7947
95.1187
100.558
100.208
95.3668
98.129
98.2881
97.8842
97.8682
96.1725
100.958
97.3831
97.93
98.0404
97.6636
98.605
98.2094
98.2377
98.1573
96.3389
97.6453
100.749
98.8731
95.8335
97.012
98.6419
98.8552
100.219
95.8995
98.8606
97.0845
96.6189
97.8936
96.9188
100.588
99.1506
100.464
99.4281
98.5064
97.7152
99.4419
98.509
98.5587
98.9386
97.1733
98.9434
96.9739
97.9572
99.2003
99.346
97.6036
98.9663
99.8447
98.6825
95.9945
97.2803
96.7017
97.6281
99.0805
99.6384
97.1675
95.8984
99.721
99.8313
96.6249
98.0645
96.4794
99.9025
97.9736
95.7834
97.7328
96.8868
96.1223
96.2123
99.0278
100.398
96.7293
101.206
98.5774
95.141
98.2261
100.726
97.3811
98.4275
100.157
98.1861
98.7799
99.1965
97.8188
98.1601
99.6648
97.4017
98.1719
97.3978
96.753
99.7636
99.207
98.4064
98.1539
100.938
100.052
98.2794
99.8459
98.364
95.3451
99.3258
97.6639
100.015
98.732
98.3688
99.549
98.1285
95.1964
97.4453
97.3818
98.6695
96.3339
98.8894
100.056
98.1489
101.247
98.2589
99.338
95.1123
96.607
97.3933
96.8964
100.088
99.7015
98.3769
100.685
97.9835
97.5015
98.1712
98.657
101.471
98.0664
95.9861
100.422
98.7085
99.4994
98.6027
97.052
96.5194
100.628
99.1948
99.5858
99.1294
98.1642
98.8251
100.425
99.2829
100.327
98.1972
98.2568
98.0603
97.931
98.5356
100.54
99.3367
98.5531
100.509
98.7757
95.3996
100.303
94.4679
98.3716
99.7751
98.4814
100.154
96.8385
97.1824
97.9886
100.885
96.9422
98.831
98.7455
98.3588
98.9194
98.2515
98.8051
99.1413
98.4491
100.406
98.2724
98.0111
98.5693
95.4082
98.1899
96.8193
99.9065
98.2245
100.804
99.3011
101.263
98.43
97.7765
100.842
97.5977
97.0722
98.2264
97.4167
98.1365
97.7093
99.3258
100.332
97.9905
98.6101
98.6235
101.9
99.5075
99.4818
100.109
100.191
97.4728
97.7332
100.429
101.433
99.3493
98.3395
97.929
100.808
96.724
97.7279
98.502
97.3837
101.218
97.159
98.0023
101.16
100.487
96.685
97.9325
98.5813
97.4455
98.4056
96.8607
101.273
100.949
98.1246
98.1837
98.7425
96.8005
96.3109
97.2949
98.463
97.2592
97.063
97.2415
97.6751
98.7305
97.0821
98.7742
96.0981
99.8661
99.42
98.1917
100.542
96.398
98.154
98.5835
98.2217
98.0052
97.5912
98.7867
98.1213
99.1523
99.4543
100.269
101.201
99.0103
99.7426
99.6623
97.2391
96.7545
98.51
96.8195
99.0116
98.0971
96.0042
98.2541
98.7574
97.8838
101.542
100.574
98.6558
99.8902
97.5615
95.9545
99.3575
100.077
98.0974
98.0196
100.67
96.7588
98.8287
96.6922
95.583
96.8205
97.9627
98.5969
98.6569
100.819
98.2684
97.1304
100.212
98.7514
96.9549
97.7038
99.0332
98.5241
98.0426
99.3195
98.0776
97.4127
97.8381
98.4809
98.2062
97.8341
99.0435
96.7422
97.7327
98.2804
98.5265
97.4685
97.3663
98.0747
97.9688
97.6663
98.5904
100.268
100.452
98.1056
98.8317
99.3835
99.6616
95.7839
97.5709
97.9566
100.585
99.4182
97.9142
99.0544
98.1362
98.5123
98.505
97.7198
98.9424
96.0165
99.597
97.2122
100.071
99.2135
99.619
97.7956
98.4819
99.2554
97.4475
97.5391
98.0416
99.4479
98.2718
98.4405
98.9383
98.2366
97.5669
99.2307
97.1109
95.474
98.05
97.2942
97.5111
97.564
98.8355
98.6289
100.012
97.2611
98.3852
98.7634
97.0809
101.611
97.1961
97.7113
95.3003
97.6277
98.8416
98.0877
98.6035
99.9117
96.7854
99.4141
100.931
98.0407
98.5837
99.8741
100.2
100.217
101.157
99.4121
97.6078
99.3933
98.6009
98.6691
98.9391
97.9602
99.4874
98.2173
96.3757
97.6231
97.5718
97.4354
96.9128
98.4975
97.2793
100.404
100.309
98.3241
98.2518
100.198
99.0639
100.062
97.9851
97.2731
100.629
99.5617
97.358
98.3319
98.3822
97.2558
97.9183
96.4239
97.376
98.5546
98.6884
98.4392
98.7028
97.641
99.6204
98.8794
100.454
98.4097
98.8021
100.168
99.7294
99.5043
97.4529
98.0435
98.8714
99.1264
101.045
97.2222
97.4613
98.2963
98.895
97.1628
98.044
98.901
98.0847
96.7134
97.2369
97.9492
97.0575
99.099
99.6678
98.5265
99.9458
95.102
99.5341
96.8912
98.2587
98.087
96.2668
97.7319
99.7422
97.905
98.9769
96.3846
98.2224
97.1031
97.9676
94.9563
96.9334
97.6954
96.8273
98.7928
99.0953
97.7487
96.5645
98.5336
97.2882
98.9304
98.1964
98.6632
98.3142
99.3098
97.1856
99.2718
96.3274
98.9897
99.6332
97.8199
98.4722
98.6594
97.6724
97.0412
97.17
97.3734
99.3294
97.2809
98.9909
98.6782
99.2486
98.5788
97.2488
98.6405
98.939
98.2562
97.1994
98.6733
99.9412
96.0663
98.7375
99.4092
99.1722
97.1933
97.4935
99.6096
98.699
98.1871
96.8988
97.2651
97.5061
99.7094
99.5557
96.6228
96.54
94.4597
96.9754
96.6684
100.287
98.7746
99.735
98.0898
98.4146
97.797
96.8349
98.6021
99.4595
98.9329
97.5002
96.5611
102.04
97.7433
97.4957
97.4811
97.6015
98.9939
97.6229
97.5999
97.4109
98.1756
98.1834
98.275
97.2079
97.7696
98.4787
97.7698
99.4064
98.4525
98.1504
98.6816
97.5662
97.4321
96.3913
99.9061
99.2421
100.052
97.9137
98.5114
97.4785
97.9238
96.6713
100.339
97.0846
97.2434
99.4635
97.0293
99.5683
98.1823
99.5497
101.162
99.0253
98.6747
98.0529
97.7774
98.0749
96.2722
99.3966
96.5961
95.6952
98.7547
99.3563
99.2835
98.906
97.0668
98.1062
99.4485
99.2742
98.1426
99.0662
97.8541
97.3831
98.679
98.8538
99.0121
99.1716
96.4185
98.1454
98.0424
96.635
100.544
101.156
98.2389
98.2551
98.3841
98.863
98.9054
99.2534
98.1664
98.7737
99.5516
100.373
98.2657
99.5978
100.024
98.3675
97.1928
98.5459
98.3225
96.4011
98.6334
98.169
98.2876
96.9303
97.2125
97.8971
98.0753
98.8694
97.5576
100.97
99.4761
97.4309
99.2805
99.3905
95.9629
98.9997
97.5255
99.8198
100.191
97.466
98.7005
97.4993
97.5163
99.9327
99.2804
97.1405
98.8747
99.2088
97.973
97.6617
97.3773
99.1565
100.155
99.0038
96.9802
98.1743
98.248
100.303
96.3965
98.2884
100.057
99.8014
97.5339
97.7659
99.3587
97.654
97.2818
98.1324
100.561
98.6663
97.0429
98.8726
98.1845
99.0286
97.749
99.7105
100.087
98.3339
98.1471
99.3082
96.9552
98.1425
98.2147
98.6874
99.7888
98.1002
98.1765
98.2555
99.3335
96.4033
99.9218
97.1874
96.9132
100.788
98.2574
100.106
99.2553
99.4762
99.402
98.7272
99.2703
96.0401
98.2973
100.196
100.681
98.7009
97.4903
99.6409
99.2453
97.8882
98.1806
97.525
99.5612
98.4162
97.172
97.7846
99.8185
99.5043
97.2153
97.1865
100.219
97.8969
99.1869
96.1066
98.8237
95.5268
98.8781
97.74
97.8431
98.9694
100.229
97.9821
100.47
99.1149
100.581
97.4871
98.5517
98.0199
98.5694
100.892
100.364
98.0475
98.4649
99.2963
98.017
98.5271
94.6662
100.844
97.1922
96.7157
99.6079
99.9699
98.7369
97.7685
101.2
95.6149
98.0306
97.662
96.955
99.3318
98.4105
97.6265
98.1678
100.958
96.6243
98.3622
98.2808
99.619
100.594
98.5335
99.2766
98.0738
98.4383
97.5337
99.0138
98.5751
96.8992
99.324
96.8366
98.1612
97.3698
95.8746
99.0864
99.0817
99.2878
99.2669
98.3051
96.635
99.1046
98.3953
97.2911
100.573
99.4623
98.4751
99.1667
98.5085
98.5986
97.7322
98.3883
96.9206
98.3372
99.9579
98.997
100.869
97.4841
97.9772
98.7081
98.776
99.0235
98.0495
98.0348
99.9547
99.7186
96.1719
97.3831
98.809
101.151
98.1467
98.6359
99.1659
98.1814
96.3683
98.2193
98.2807
99.943
99.2554
97.6954
99.938
97.7873
100.867
98.5495
100.171
95.3975
98.2787
95.8788
98.8613
99.4093
102.024
96.0936
99.7544
100.688
98.2833
95.2465
98.796
100.247
98.3905
95.8943
97.8599
99.4528
94.4751
98.9536
95.0055
98.0137
96.4879
97.2317
97.0713
98.5163
97.1445
96.1816
101.296
95.7631
98.2429
99.0953
97.7706
98.6351
98.7736
99.0451
98.6384
98.0638
99.8156
98.093
98.9017
96.3193
97.3943
97.6705
97.4591
98.2407
98.1972
99.6494
98.2801
96.5775
98.4929
98.986
97.9819
97.7587
98.1943
98.7859
100.357
99.7595
99.3107
96.682
100.532
95.9191
98.7876
97.8295
97.9563
98.1419
97.9585
98.1636
100.313
97.7956
97.6362
98.6927
100.12
96.8484
99.0261
98.6014
97.4026
96.66
98.8438
97.9209
98.142
96.4734
99.1358
98.3346
99.5191
98.9179
100.436
97.7559
99.1572
101.171
99.4661
99.7445
100.296
95.6077
100
97.898
98.237
97.7715
102.377
96.6493
97.1453
100.209
99.7214
100.744
97.608
97.1102
99.6836
98.2244
98.8834
97.381
98.1313
96.765
99.7562
98.6923
100.137
99.5342
97.0454
96.2991
101.688
97.5294
101.625
97.3759
97.6831
96.9187
100.763
98.1774
95.7757
99.657
98.4588
96.3086
100.219
101.859
98.5469
98.9513
98.0182
98.4228
99.2278
98.7715
95.9777
97.6318
98.9994
100.41
98.2534
99.8367
98.1664
99.282
98.3922
99.2882
99.9877
97.248
99.1978
96.0879
100.176
97.161
99.4874
96.6487
97.8779
99.759
97.5277
98.068
95.5961
96.5308
97.4948
99.3928
98.8403
99.7727
99.1023
97.8959
97.6238
99.7877
97.7555
98.9457
97.8947
100.558
99.0223
98.1768
98.3144
99.4734
100.078
97.3904
98.0605
97.8108
98.1061
98.688
98.8064
95.9105
99.9386
97.9765
100.514
96.8188
97.997
98.6026
97.4169
101.233
96.9559
97.0766
99.3913
97.8544
97.5055
98.1589
96.8478
99.5658
96.7533
99.7156
98.2905
96.6259
100.651
100.81
96.9932
97.1748
98.2566
98.4871
99.9698
99.6197
97.6436
98.401
98.4456
100.409
98.3382
96.4238
99.5916
99.4692
95.197
98.7081
100.231
98.0058
96.8307
100.457
99.8765
98.6299
97.7548
98.1648
97.3572
97.7588
97.7035
96.6967
99.6028
95.5414
98.9315
98.7035
95.754
97.4448
100.205
99.8178
97.6229
99.7371
99.8605
98.043
100.122
99.3776
98.9996
97.8861
99.3128
97.671
95.6635
97.7658
98.2465
98.3449
98.8677
100.104
99.1517
97.6764
99.6114
99.1959
96.5354
98.0192
98.521
96.0836
97.8298
96.6559
100.037
96.9527
99.8435
96.8412
100.535
97.0799
100.954
96.1977
96.198
97.4701
99.6473
98.9088
99.8741
100.775
98.4926
99.3474
98.0101
97.7309
100.424
97.8155
99.1774
95.4424
98.0777
99.1407
97.329
97.8061
96.2604
96.2297
100.035
98.7103
96.1016
97.9924
99.8627
100.726
96.272
97.5803
97.5023
97.9475
100.294
96.8904
101.19
99.7024
98.6485
101.158
98.2489
97.589
98.2632
98.3136
96.2544
95.06
98.1402
97.9854
98.3448
98.678
100.737
99.2624
97.9504
97.6565
97.7636
94.5094
96.4047
97.5106
97.1525
98.4253
97.8324
97.5032
98.5932
97.4954
98.5023
96.0404
97.3442
98.2457
98.1747
98.9393
98.4151
98.4607
95.9607
97.7242
100.866
97.6741
96.9878
98.8868
98.2007
100.641
102.123
98.9861
98.2013
96.5002
99.5304
99.446
99.2226
98.2444
98.3513
101.181
100.594
100.523
96.299
97.1203
98.3421
98.7061
98.8909
99.2333
98.9079
99.2877
98.3547
100.447
99.1416
99.1205
97.9881
96.213
101.279
99.7003
99.5207
98.2714
99.5796
98.6677
98.4139
96.9917
95.8031
99.8803
97.1723
98.8697
98.9181
98.7775
97.43
97.2636
99.1393
98.413
97.627
95.6401
98.887
99.3294
96.3455
98.1278
97.158
98.5389
98.8265
100.328
99.4125
99.0901
97.284
99.4997
99.6909
100.661
96.5295
97.427
99.6563
96.6818
95.9324
101.074
96.9752
100.385
98.5719
96.4172
98.9697
97.5045
99.6811
98.7686
97.8933
97.9594
99.6403
99.6027
101.651
101.726
98.7762
97.3499
99.4064
97.92
98.0694
98.7311
98.2075
98.5195
99.6728
96.3354
100.043
97.5066
99.6437
96.8718
96.4035
98.5975
98.692
99.2974
99.2774
96.9392
99.6128
97.7725
99.1757
98.696
99.6481
96.3692
97.3461
97.7371
98.677
98.6539
99.9682
96.7732
95.3136
99.3408
98.7832
97.4516
99.9269
97.4679
98.8156
96.1102
100.667
95.5847
99.2704
95.7323
98.8895
97.123
96.422
97.0342
98.2114
96.651
97.0787
95.6964
97.7744
97.2002
98.7311
97.5692
99.648
98.5867
97.9
100.39
97.2567
97.6079
99.1791
100.04
98.296
99.0331
95.8655
97.387
99.9404
96.1751
100.668
98.0982
96.6462
99.5225
99.756
99.957
97.9755
100.631
99.8587
99.1418
98.3138
100.27
99.0063
97.5407
98.1981
97.2738
97.2684
98.1037
98.7998
97.6321
98.6202
99.3544
98.7846
99.6977
96.9968
97.4217
100.203
100.438
96.4777
97.8914
97.8847
98.9504
98.7018
98.3802
98.1958
99.4803
97.3594
99.1448
100.202
98.4836
97.6617
96.7105
98.0627
97.647
99.7651
98.0481
97.1742
97.4497
100.564
100.128
96.82
99.6048
97.4294
98.0505
98.2338
98.5416
99.7428
95.5992
97.3081
96.7867
98.5424
99.8837
99.5841
97.8555
99.1035
99.4609
98.0791
98.1323
99.4164
99.296
98.8921
96.9721
99.0675
96.467
99.5773
96.063
98.8002
99.8384
97.9161
99.1366
96.9915
100.143
97.7325
97.731
98.6996
99.0826
99.8526
97.7884
97.2866
98.2255
98.2232
99.5133
99.6658
100.029
98.0877
99.2026
98.1866
99.0217
96.9241
96.8522
96.2616
96.0431
97.566
99.3816
97.9593
97.5888
97.8273
97.4564
98.2764
99.3479
97.8142
95.8497
99.2327
96.1626
98.1062
99.8518
98.6999
95.7651
100.542
99.3301
98.7765
97.6338
100.761
98.5566
99.3739
96.3208
101.121
95.5452
99.2349
98.4218
99.8573
95.695
98.8242
97.2018
95.3535
99.0001
101.218
97.8673
98.384
94.3578
98.1173
97.0902
100.173
96.8036
97.0842
96.8097
99.5406
99.2437
99.3839
97.4727
97.1977
96.5159
98.6276
99.9706
97.042
98.6474
99.5347
99.9956
96.9724
98.9553
98.3737
98.0706
99.7631
97.2293
97.4233
98.0425
98.1808
97.0928
99.3766
96.6646
99.5026
97.3597
99.0983
99.9986
98.2571
100.165
98.6181
99.4715
97.2859
98.9109
98.386
95.7102
97.6373
99.4514
98.0068
97.3467
98.5837
97.0519
99.2161
99.8454
98.7567
98.2275
98.2613
98.164
97.326
99.2419
99.6296
99.3225
98.2073
98.0454
98.1238
98.0841
97.1785
96.888
96.7975
98.4567
95.3494
100.233
97.104
97.7036
100.326
99.8521
99.5027
97.3734
99.2134
97.6526
96.6475
97.2154
98.3526
99.8668
97.9883
100.642
99.4342
98.922
99.2533
99.5779
98.0811
97.5071
97.1003
99.0828
99.9684
98.766
99.161
100.034
97.7973
98.2969
99.9918
98.2301
98.761
97.6121
98.5709
100.45
96.3625
98.2152
99.3898
97.5816
98.7299
97.4465
98.1746
97.9689
99.6886
99.8278
99.0093
99.804
100.425
100.124
98.1012
97.7993
99.9632
99.361
99.966
97.3917
96.4892
97.0813
101.164
96.945
97.6217
98.9934
97.5296
98.4332
98.2246
99.9279
97.0994
97.6279
97.7039
97.4895
99.5583
99.2308
96.8559
98.2542
102.049
97.1386
100.028
96.9806
98.8493
99.4242
99.4618
99.9693
97.1759
100.279
96.6525
98.2314
101.245
98.8729
97.9047
97.4309
97.0349
98.2159
98.1712
98.7527
96.416
98.6443
98.2418
101.492
97.321
99.5177
98.7599
97.2818
97.5112
97.7639
96.5677
97.6948
100.01
99.5255
99.0287
100.091
99.5025
97.9144
98.5933
99.6871
99.6509
98.6369
99.3949
99.2515
96.6356
97.9088
97.259
97.1617
98.3686
100.966
96.4026
99.3257
99.9953
99.012
98.3354
100.388
99.7578
98.7265
99.2234
100.032
100.531
95.8963
99.7111
96.4514
99.8895
99.8145
97.2642
99.2866
98.9216
97.3573
97.807
97.9923
97.9955
99.3649
98.7926
98.6149
100.197
99.6731
99.4258
102.607
98.6075
97.5933
97.6871
98.367
98.0794
97.3832
98.9209
95.9488
97.6898
97.4486
96.1906
98.5754
99.4837
100.457
99.6652
97.4588
97.3891
98.9576
100.048
99.6604
97.0334
98.0837
101.275
101.198
98.9557
97.2217
97.6499
100.781
97.2679
98.1326
99.2029
96.8349
97.5281
100.2
97.4079
98.9494
99.022
99.1502
99.1358
96.3398
99.3144
99.7427
99.3306
97.9289
99.1327
95.9013
99.6957
101.753
97.4998
97.618
97.7912
102.259
97.6013
99.2559
96.7427
98.0354
98.1853
99.2298
101.334
97.7906
98.4112
99.2571
99.0837
99.6825
100.139
97.3562
97.9551
97.8861
100.093
99.3866
99.1325
95.7159
97.6539
98.706
96.5484
102.356
102.766
99.673
97.0223
93.8584
100.52
98.7447
97.7312
100.292
100.238
97.0562
99.3482
96.7319
96.6662
98.4755
98.9312
99.7539
98.2697
97.7372
98.4594
96.9014
98.8338
95.7745
101.066
98.1526
97.6933
98.6389
100.203
97.4356
98.2634
99.0827
100.691
99.5772
98.1394
99.2262
99.0166
98.6837
97.693
98.4867
100.815
98.2058
98.0156
99.2003
99.1894
97.6269
97.2371
98.906
99.739
99.0569
98.7416
100.651
97.6871
95.6231
99.7755
97.5873
95.6514
99.7739
97.4047
97.7351
97.2209
97.3497
98.3707
96.3453
99.615
100.285
98.2549
96.4445
97.1713
97.093
97.2298
98.4503
100.482
99.1722
98.1875
97.1474
97.415
96.405
98.4867
101.026
100.423
99.7276
98.0226
97.7031
98.4354
100.882
98.0605
100.521
102.738
97.5847
97.2465
98.5774
97.5732
99.5576
97.4123
98.4275
99.3062
97.6086
100.082
98.8161
98.6798
98.7794
97.8352
98.3619
95.6042
99.0112
100.564
97.8436
96.4281
98.3181
98.1623
99.861
97.0041
100.252
100.84
97.9303
99.178
98.5363
97.4546
98.3381
99.9181
97.1127
100.267
96.7406
98.4185
96.6849
99.2055
99.3446
98.3807
99.7833
97.3769
98.7989
97.1267
96.6296
97.9656
101.046
98.3344
98.0069
98.9597
95.2241
94.9192
98.5427
96.6808
98.0623
95.8371
100.256
96.9366
98.6009
96.9987
97.5917
97.8471
99.2143
98.6231
97.8945
98.0736
99.8004
100.143
99.9293
97.5347
99.8573
99.1702
97.5419
97.091
95.6878
97.8429
98.4171
97.9245
98.9033
98.9091
98.5968
98.3217
99.0881
99.9941
97.8455
97.1699
98.7101
98.5267
99.3095
98.9132
96.2835
98.6997
98.2904
96.8971
99.4253
98.1379
98.5521
96.64
99.7451
98.5922
98.5525
99.3336
99.5594
100.227
98.8477
101.273
99.4898
95.9925
96.4379
97.357
98.2451
98.1127
97.8474
99.2794
98.6066
100.232
99.8242
96.448
98.1061
96.7707
98.2491
97.4107
97.9466
96.2659
99.6088
96.8692
97.9449
97.8825
100.712
98.5119
98.1976
99.8986
98.0396
100.118
97.5051
95.9721
98.748
98.8176
97.3902
97.7207
96.1843
95.6276
98.2676
97.8783
98.9431
96.8418
98.6143
96.6659
100.442
97.1066
100.01
98.8785
98.8978
100.75
97.549
97.4749
97.3932
99.5528
97.504
98.5506
99.7552
94.935
99.7326
97.3868
94.8111
100.557
99.416
97.3791
99.0714
97.1764
98.517
98.06
97.7864
97.1072
98.5093
97.7089
98.6537
95.4235
98.2597
98.7145
97.9185
98.8423
97.173
96.8355
96.7789
99.113
100.567
99.238
97.3774
97.5196
100.865
100.586
99.4186
96.3547
99.989
97.2465
101.929
98.2605
99.6601
98.1683
96.8506
100.579
98.0192
98.51
98.4454
99.2533
100.537
97.5053
99.2299
97.7294
96.997
97.5155
97.6766
99.7203
98.9048
95.1731
97.6696
99.9725
97.1935
100.879
94.6377
99.7862
99.658
98.1435
101.216
98.6167
96.9189
96.8457
94.3087
98.6959
98.1786
96.8412
98.494
100.535
98.2492
97.4778
97.1551
98.9555
96.7848
96.3378
97.2881
96.3589
97.8557
98.1776
99.9706
96.0892
96.7346
97.972
98.6064
97.6016
98.4362
100.703
98.6458
100.491
96.5123
98.6236
96.2292
96.2979
97.7618
98.2263
98.0047
99.2887
99.1903
99.1563
97.3196
99.1278
99.4554
95.4944
98.4179
96.6381
96.7157
100.549
98.454
98.7125
100.716
97.3935
98.0881
97.4067
101.901
97.4988
98.5708
100.409
98.663
98.2881
96.2747
100.605
98.6622
98.7787
99.268
97.0556
95.8572
100.98
97.5111
99.1091
99.5157
98.7326
100.16
99.4306
99.4951
97.9582
98.9069
98.3545
97.1297
96.0339
99.1106
96.4477
94.9523
101.209
97.8008
102.166
98.2597
95.724
96.0122
98.3168
97.376
97.7996
97.8619
100.118
100.123
96.0209
96.7648
99.4983
99.9384
95.6962
98.3905
97.2898
96.4592
104.015
95.6094
99.6604
99.5091
102.271
98.0371
99.0147
97.6015
97.4459
95.5755
101.082
97.4565
99.6073
97.2817
97.5801
97.035
97.749
98.124
98.7504
98.1889
98.2553
98.0876
97.7416
98.4698
100.008
95.9177
97.762
98.6145
98.8156
98.8992
99.8596
98.3025
98.0868
95.8319
97.9269
98.1662
98.1974
98.5574
98.3603
99.1666
96.9676
96.6452
98.887
98.9544
98.8656
99.3858
97.2821
95.7355
98.0121
98.911
99.5287
95.8589
98.0404
100.58
97.9274
98.6425
98.0986
99.7029
98.8209
98.2821
101.179
97.6176
101.219
98.2936
100.008
96.5207
97.4438
98.864
98.5335
96.4609
96.5196
100.434
98.0465
98.1308
96.2738
97.6282
96.1899
98.8545
96.2418
98.4261
97.3408
97.1282
99.6951
96.12
99.2578
98.0034
98.3996
98.6549
99.4908
95.0751
98.6613
97.0307
100.468
98.3171
100.164
96.7557
97.3033
97.4832
97.3746
99.3291
98.3327
100.674
97.8019
98.1223
98.5584
96.3081
99.1899
97.3561
96.9728
99.6232
96.7981
98.7615
97.4379
101.742
98.5203
98.7664
98.9725
95.8612
95.0644
101.527
97.8163
97.5133
99.2788
98.5837
97.924
100.309
96.3461
98.9052
97.7067
99.2608
96.2008
98.218
100.149
99.1513
98.552
96.5663
100.307
100.053
96.4815
97.4733
98.9452
99.0593
101.439
101.75
98.3541
98.5024
98.05
98.7565
98.3505
96.5214
99.0997
98.1094
98.9732
99.6219
98.0649
98.1225
99.1579
98.592
99.2277
97.2873
98.7115
97.4818
98.8066
98.7438
98.3982
97.1702
97.7962
100.632
100.662
100.134
99.3842
97.9395
100.576
99.5436
97.5404
101.536
99.277
98.202
100.056
100.886
98.4323
97.7904
97.9991
100.15
98.8253
98.7164
97.206
99.3832
98.0929
96.9993
99.2476
97.296
97.7436
100.217
96.3886
99.5991
98.2686
100.289
102.384
100.123
96.6253
99.7667
98.7319
100.985
97.2836
100.744
98.749
99.3222
96.8076
99.2554
97.6865
99.7911
99.8344
98.5165
100.127
96.1999
97.7876
96.9425
96.5281
95.4374
97.787
97.501
94.7448
100.716
96.4907
99.4811
98.558
95.9541
96.4356
99.0513
97.7514
96.588
98.1797
98.6526
98.5835
96.5857
96.5056
97.9576
95.9672
99.055
100.231
98.3134
99.0554
100.089
98.6284
99.7609
100.656
98.4672
98.5705
98.6222
98.1128
98.9291
99.9325
99.5605
99.8689
98.3318
99.0664
100.238
94.8671
97.1008
98.5002
98.9775
98.2075
99.9398
97.7965
95.4822
99.896
99.8294
99.7043
97.8596
99.7558
98.7602
97.4092
100.38
97.518
100.421
98.0619
99.0532
100.292
98.2904
99.587
99.4576
98.6341
96.652
97.5909
94.6748
99.0065
98.3884
97.7461
97.9225
97.1844
99.9618
97.9915
98.1869
99.0382
98.2953
96.7722
101.382
100.619
98.2063
97.1978
96.9279
99.0964
100.006
98.7114
98.7995
99.3405
96.589
100.665
96.9096
96.0375
98.8757
97.4541
98.2785
97.9968
100.352
95.9016
97.862
99.8112
98.4349
99.3328
99.3457
99.8646
96.8053
97.0185
97.1942
97.7967
97.2992
99.309
98.1412
96.458
96.3874
99.8848
99.8639
97.6917
99.2342
97.3645
97.862
101.412
98.3304
96.5894
99.1154
98.3831
99.2568
96.4589
99.3402
98.7578
98.8907
96.049
96.7532
99.3195
97.7546
99.1058
98.3337
99.4086
94.8632
98.9874
99.6796
97.3158
97.0786
100.898
99.9462
96.1146
97.8909
98.4001
98.3036
99.8822
97.4261
101.524
98.4001
97.533
97.5107
100.153
100.382
97.896
99.5051
99.2743
98.1375
99.4729
97.9533
97.2063
98.2953
96.3499
99.1816
97.5848
99.9043
98.3949
99.1425
98.4805
99.4916
100.189
99.0481
98.0999
100.947
100.337
98.4519
98.429
97.9183
98.6844
101.068
100.315
98.8695
100.204
98.317
97.2607
100.728
100.112
98.1861
96.9868
99.6252
98.966
98.9973
100.059
98.6353
99.1557
99.1142
98.0878
99.9704
98.8185
97.5881
97.7196
97.3884
100.61
98.9544
96.8729
99.1448
97.3925
98.3003
98.5489
97.2581
99.5782
97.6019
99.7742
100.438
97.072
99.0096
95.9904
97.9722
96.5159
98.9423
100.457
99.8537
97.9248
98.1701
96.3527
99.5752
96.275
99.5655
98.8871
97.4392
98.2612
98.6847
98.8297
99.6958
99.3786
100.174
99.0095
99.384
95.5802
98.9018
99.5465
100.076
98.548
97.9092
98.8991
100.626
96.5082
99.7273
99.4648
99.8642
99.6943
97.3349
97.5206
97.8254
99.9646
95.944
99.379
99.6064
99.8575
99.9572
97.8831
98.5536
99.1035
98.3772
97.6463
97.1128
97.619
97.7869
97.4564
98.9458
100.628
97.6502
97.1104
98.1384
99.2572
98.7114
98.3214
98.4419
102.196
96.1434
98.0553
99.0258
96.7614
101.179
99.7265
98.2103
98.7916
98.7543
95.4525
99.1626
98.3901
99.1244
97.7536
97.8135
96.3814
98.3342
98.2897
99.1124
98.5653
98.9071
98.5393
96.7035
97.5295
95.8799
100.003
98.0413
97.9489
98.7905
97.7589
97.3379
98.3965
97.8226
99.7767
98.3407
98.0279
98.0133
96.5476
97.198
99.1903
100.016
98.5227
96.5352
98.6152
97.8743
96.4931
99.6289
100.032
97.9008
98.2325
98.8276
98.8067
97.3094
100.46
97.7068
96.2242
98.5927
98.7231
97.3555
98.1908
96.8828
98.8201
98.0046
98.5857
96.5609
99.6765
101.094
100.024
97.9687
97.5833
101.227
100.26
96.4058
99.0918
97.8301
99.376
99.8538
98.4928
98.205
100.862
98.8606
97.476
97.9654
98.8448
101.905
97.7738
99.451
97.7491
100.661
97.0843
99.9275
97.98
97.7557
98.9602
97.4128
98.1409
98.0165
98.1944
97.0539
97.773
98.3307
99.7978
99.3206
97.0879
97.9224
96.3405
98.2971
102.128
101.089
101.894
98.6619
100.939
100.713
98.1349
100.004
98.053
99.9686
96.2021
98.8846
99.4649
98.9838
97.1446
97.4904
99.928
100.592
99.3197
99.6452
96.7585
99.7535
99.8726
96.6435
101.691
98.14
100.106
99.9361
98.3203
100.098
98.0096
97.7848
97.3131
100.777
95.3411
101.08
99.4894
101.193
98.7015
98.8871
101.265
100.1
98.2504
97.6724
97.4044
99.1693
96.1937
98.9323
97.9459
98.7192
97.1727
99.9341
100.972
99.2256
98.5574
99.76
98.1441
98.6512
97.7886
100.005
98.9686
99.454
96.5803
98.5144
98.4714
98.6111
95.5551
99.5561
97.3712
96.9627
99.3526
98.5098
97.4349
97.5697
99.0287
100.887
99.116
98.3668
98.5443
98.4475
97.8589
98.8499
96.8046
97.4581
101.356
97.183
99.3522
99.8028
98.8513
98.044
98.3015
99.9687
99.4085
98.1299
98.1157
98.7419
97.9064
97.9126
97.7707
99.809
98.5568
100.002
97.2862
100.278
100.231
99.6548
98.8597
95.394
97.5544
96.0569
99.7777
96.4526
100.91
98.7256
97.7842
97.8078
95.1335
98.9587
100.639
97.9209
96.9366
98.5265
97.5999
98.075
96.6575
99.7457
98.6025
96.7508
96.9919
99.7153
100.229
96.0712
99.7669
98.0691
97.3941
98.1821
99.5911
96.9645
98.6522
97.5037
99.245
98.6354
96.1651
103.624
97.1852
99.3544
98.9025
99.5995
97.852
96.7887
99.9319
99.7164
97.8405
101.402
102.031
99.2191
96.9408
98.8688
100.708
99.2775
98.142
99.4054
98.2104
98.9912
101.386
94.3457
97.6029
101.116
95.9546
95.2288
95.8545
99.2021
97.907
99.5083
99.8423
95.3508
100.677
98.4471
98.8886
97.5964
99.6637
96.7465
95.32
97.6769
100.859
99.6165
97.3352
98.0245
97.8001
97.9944
98.878
99.7759
100.688
97.5114
98.0635
96.8851
99.1083
99.0158
98.2063
97.915
98.7016
98.5966
97.9906
97.0451
97.2265
96.1329
100.7
99.0383
99.3601
94.6364
96.8884
98.655
96.9874
98.2916
98.4685
95.5249
98.0144
99.7159
101.766
98.8769
98.0332
98.6325
97.0442
98.7322
99.4966
97.01
98.0782
95.4421
100.146
98.8623
97.7558
99.7363
97.673
97.5917
98.3496
97.9401
98.8191
98.5206
97.6178
97.3124
100.784
98.3055
97.7179
97.6417
101.269
97.4378
99.5445
100.003
96.6999
98.0453
99.5561
98.4459
100.237
98.5336
99.3455
96.6049
100.54
100.221
96.1431
98.0851
100.661
96.6274
100.851
99.3291
98.9526
100.675
97.1025
96.7326
96.9211
99.3162
97.7468
99.1733
102.39
99.3325
99.248
95.4636
100.002
97.7439
97.1295
98.1275
95.6312
101.897
96.881
97.547
97.2566
96.664
98.2455
96.9144
99.4484
100
99.8443
98.461
100.323
101.119
99.3244
99.8048
98.9732
97.3515
98.2175
98.0943
97.7651
101.185
101.065
99.3221
97.8591
97.2103
98.642
100.571
98.8627
98.316
100.894
99.1366
96.6579
98.5277
98.1791
100.377
96.5212
100.056
100.175
99.7528
97.9498
100.014
99.9374
96.4808
97.9989
98.062
98.2051
97.3959
98.4742
99.1871
98.3675
97.7757
96.963
97.3176
96.7255
97.7731
97.3146
97.2071
97.9071
97.3064
97.3493
98.5557
99.4641
97.9872
99.9979
96.4301
98.7506
99.926
98.5539
97.5883
98.8066
98.373
99.5531
96.542
98.7353
99.0966
97.6592
96.4051
97.3577
99.262
97.0687
99.6792
100.839
99.9879
97.7761
98.7608
97.4365
97.5348
97.8019
98.7116
98.4089
98.795
98.4659
96.2178
96.2471
99.4042
99.4182
99.8559
99.6114
98.7328
99.2685
98.7892
96.6447
98.1376
97.2647
99.6146
99.5849
97.1221
94.6235
96.4043
97.753
96.8373
101.312
96.5273
96.051
95.8656
99.8132
97.874
98.2546
101.143
98.6682
99.5925
101.121
98.6964
102.478
99.4538
97.3762
98.0528
96.0604
98.2433
98.1364
97.9898
99.5911
97.2213
99.7299
99.0629
101.009
98.7924
98.7288
96.8321
95.0285
99.4314
100.249
100.001
97.9263
99.594
98.4821
98.2359
99.3907
95.7959
99.1775
96.33
98.4518
100.959
99.0023
98.9155
98.415
96.0993
99.1126
100.122
98.5815
98.1128
98.6726
100.259
97.2953
99.5708
98.3274
98.1166
100.437
97.7511
99.3001
99.3046
95.7062
97.5764
96.8809
97.041
100.389
96.8478
98.2117
97.6078
99.1901
99.4873
96.6066
99.9277
99.1897
97.2182
98.7467
98.1509
99.5592
96.6981
100.17
99.9059
96.7633
97.2465
99.8277
97.7112
98.1714
99.7894
96.6118
100.05
97.9153
98.9875
100.566
98.9607
99.4692
97.4853
96.4208
96.6425
98.1121
98.6098
99.0386
98.0807
100.049
99.2371
96.9287
99.8838
97.7672
97.8288
96.8933
98.6447
97.2034
99.9594
97.5684
98.3742
97.3713
97.6094
97.6167
98.2033
98.8707
98.6151
98.8495
97.282
100.629
99.3676
98.132
96.7421
99.6802
100.422
95.8462
99.3852
98.7331
99.0813
98.3863
97.9987
99.6712
101.182
98.412
99.3139
95.731
99.3284
96.5132
98.7598
100.335
98.8947
97.446
97.4193
97.994
98.7945
97.3462
96.8256
98.8756
97.9616
96.3634
98.5669
99.3719
99.2836
99.0743
98.6698
96.6237
98.2474
97.566
96.9671
98.7225
97.4249
98.9769
97.1238
96.8891
96.4459
99.3519
96.5091
98.4528
100.956
99.7341
100.632
98.4258
96.5995
101.088
97.7545
98.8127
100.313
99.2789
99.6
96.1858
97.7212
97.4672
97.7561
95.5917
101.662
97.3178
96.5294
98.6834
99.1056
96.3531
97.6823
100.947
97.1953
97.1184
97.9477
97.0449
98.2948
98.2824
97.446
99.4881
97.5336
98.5307
98.5392
98.8542
96.8743
96.3042
96.8209
100.881
101.046
96.7064
97.7661
98.5895
97.9337
96.7166
97.2228
100.421
99.9321
99.0405
98.9348
97.045
99.1942
98.5326
97.1106
95.8685
98.6502
97.9376
98.6582
98.4245
100.118
97.9437
97.1632
97.9867
97.5245
100.118
95.8479
98.1432
97.0562
97.9631
98.4634
97.2492
99.8836
96.7723
97.5846
95.4313
98.2413
98.4498
100.738
100.604
98.2083
96.4288
98.8988
99.9804
98.0545
97.4411
96.4567
97.432
95.6506
99.5537
97.6563
98.2573
99.0379
98.5881
98.4533
98.7392
95.0585
97.2116
97.2888
98.9848
93.9032
98.9627
97.1476
97.3652
98.3523
97.6562
97.075
101.364
96.5124
97.2309
97.4227
96.2614
97.4404
99.4395
97.9631
98.7357
100.406
98.7332
98.859
97.8754
99.1535
97.607
100.111
98.3209
97.7593
97.1825
99.4782
99.6036
99.0798
99.0717
98.0954
96.0137
100.101
100.986
98.8124
96.741
97.9387
96.1134
99.5763
98.4025
99.9137
99.4506
97.6475
98.8852
98.3917
99.8511
99.6589
98.8372
97.3876
98.0783
95.1864
96.5075
100.121
98.8631
99.9676
101.251
94.9661
97.988
99.6179
99.6185
97.6974
97.5465
98.3619
98.0452
95.1501
97.7915
97.5477
97.4764
95.8651
98.583
100.277
98.5804
98.5269
95.4333
100.305
98.1033
96.4399
99.4893
98.9359
96.3765
101.966
101.593
99.0082
97.3631
98.9418
98.9016
98.491
101.662
100.556
97.8396
99.5901
98.6499
98.7539
100.168
100.977
98.0602
97.9448
96.4782
96.245
99.7824
97.1243
100.241
99.9431
99.8339
96.7683
98.3064
99.1872
97.1793
99.96
99.2811
96.3148
98.3466
97.9724
98.9382
97.9119
99.7683
95.6997
95.8033
99.4664
99.3339
98.4558
97.1704
101.033
99.1292
102.014
97.0309
96.6834
98.1695
97.6629
97.5289
99.6489
98.5384
98.3846
96.8328
98.839
101.024
98.5679
99.9266
97.6405
97.4483
98.6349
98.3737
96.766
97.3819
99.5361
99.4429
97.3386
98.5582
101.296
98.2655
98.9434
99.9472
98.5267
97.1643
97.8426
97.2207
99.2032
99.7907
100.542
98.8174
98.6985
96.8893
98.779
99.328
100.288
97.9372
97.8045
94.4322
97.9456
97.9198
98.0283
97.2181
96.7766
97.5374
101.172
96.9087
97.7784
100.317
96.9687
98.8815
97.9073
98.7081
98.3248
100.469
99.5658
97.2114
96.9125
96.7054
98.5002
97.6533
97.2129
97.8426
98.0275
96.7989
98.7535
99.7887
98.5719
100.305
95.8949
98.6551
98.9677
94.2485
96.7066
97.7575
97.1392
95.9442
99.3872
98.8057
98.8121
98.2586
96.5563
101.296
99.3953
97.0147
96.9279
97.6359
96.7912
98.3885
98.0856
97.875
99.8998
97.9344
97.1461
97.4558
97.7798
99.4681
98.5623
100.264
99.9735
98.4
98.1569
96.9421
99.653
97.9355
97.5345
99.454
99.102
98.9605
97.2326
98.6922
97.2126
100.149
96.5935
98.3626
97.144
98.6942
96.1372
98.9575
99.9328
99.0403
98.3955
100.851
96.9541
98.674
98.419
98.2873
98.9899
97.9005
99.2189
99.0526
98.7932
98.7304
100.168
98.8926
98.2927
98.5879
100.312
98.1326
100.586
97.8325
96.7678
100.796
97.9905
99.8171
101.017
98.7054
98.5735
97.7208
99.9817
96.3659
95.9601
99.6042
99.9494
99.6792
98.0793
97.6824
100.97
98.4179
98.0874
97.373
99.0708
99.2052
99.163
99.0996
100.102
99.0738
97.6655
99.2952
98.3461
98.7902
99.585
96.3326
98.6347
97.1338
97.8127
97.8242
101.69
99.7846
99.1092
98.4932
99.8887
99.7769
98.7286
101.034
98.9027
100.363
98.0467
97.727
96.7038
100.456
96.4644
97.7888
100.087
97.8929
98.5963
99.557
97.1473
98.4983
99.3287
98.7601
98.0919
99.7689
99.7423
97.6572
94.6329
98.6851
99.1553
99.2553
98.832
97.8519
99.3085
99.4334
98.3524
99.6844
97.804
97.6817
100.304
95.7613
98.5331
99.539
98.537
98.7439
99.994
98.5378
98.586
98.4296
99.9423
99.8034
99.2695
97.4527
97.2186
99.7407
97.6754
100.278
98.9693
99.7136
95.8633
99.5054
98.8731
98.2224
99.628
96.4865
96.5606
99.9926
97.2843
99.5866
97.4482
97.4876
96.5264
97.4361
98.6348
95.4608
97.8392
99.1748
98.8333
97.1722
97.1589
