95.4866
93.6001
96.7083
94.6009
98.4671
95.354
95.8793
93.0498
99.0912
90.1849
95.7884
97.5027
97.3419
93.2825
95.139
99.7626
93.3616
96.9647
95.7658
96.317
94.1133
101.082
97.1453
98.3073
95.9141
99.178
92.591
96.3778
96.8924
98.3167
96.5911
94.1354
93.3465
91.2275
97.1122
98.5922
95.6835
96.5091
94.7214
95.7773
95.9332
100.965
98.1139
95.2991
95.0328
94.368
98.7691
94.5033
94.0247
95.696
94.6706
95.5311
94.3866
94.4551
95.9985
93.7738
95.8901
94.981
96.7181
98.2891
96.7617
95.651
96.5987
99.3637
94.633
92.0777
95.352
92.4695
92.4894
94.2076
96.492
96.8441
96.2371
100.983
92.7036
100.577
96.9528
95.5642
96.8326
100.24
93.4719
95.1637
95.7265
98.8545
95.5987
96.2653
96.9572
97.8061
94.5484
94.6682
95.7252
95.8608
94.2823
100.363
91.2508
95.1875
96.3895
99.0452
95.4928
95.8632
94.0056
96.9722
94.3883
96.4126
91.4733
91.1764
93.9395
94.9817
91.0095
96.1834
95.7737
98.2234
90.6358
98.3117
95.8389
96.5424
96.9934
95.6385
97.4781
95.1487
94.5048
95.7266
96.0146
95.2723
94.1793
97.0237
94.0193
98.352
94.3164
96.1584
94.0591
95.5889
98.822
93.829
94.9103
94.3403
94.0932
99.0258
97.2597
97.8959
96.3436
96.9332
97.62
93.7268
96.5395
98.1451
94.5617
93.5179
94.0181
96.125
91.7741
94.2659
96.3557
94.0813
97.4852
94.3961
100.546
97.467
96.4343
97.0773
98.1769
93.775
95.5285
96.5709
96.4212
95.8314
95.4651
99.152
97.4188
97.9817
96.164
95.4572
98.8268
98.6879
97.0838
94.7748
96.4358
94.5145
96.207
96.5595
96.1796
95.6291
96.5834
91.8436
97.9431
98.574
99.1134
97.5759
96.7357
95.8326
96.3138
95.7059
95.2989
94.4688
95.4858
97.8634
92.0981
99.3483
98.2414
95.84
93.768
93.8949
97.6471
94.1189
98.5024
96.5376
95.7119
95.932
96.1993
97.8695
96.6798
95.4974
93.839
95.5585
99.6927
95.9816
95.4915
95.3224
98.2209
98.7042
97.2298
96.0047
98.3245
95.5238
97.1774
95.4368
94.4835
95.2188
92.3939
96.8675
99.1299
95.8938
96.1686
98.0338
98.2331
93.3563
98.7982
93.9516
93.7068
94.088
99.8686
96.0844
96.0816
95.0009
97.5392
94.7283
95.673
97.6723
94.5289
95.5032
96.1859
95.6013
97.5863
96.0293
97.3725
93.8605
92.3815
97.7899
96.3379
97.0602
95.8401
93.5508
97.8898
100.028
93.2559
95.7218
96.744
91.1814
93.5741
99.8288
97.124
96.7517
98.1088
95.9698
99.3997
96.9227
97.0052
97.1798
96.1185
100.296
100.241
96.9718
100.522
98.5477
98.7537
97.9767
97.1186
99.9218
97.4561
95.9945
98.1954
99.141
95.7937
100.365
99.5013
96.7482
101.073
95.9816
94.1971
95.0279
96.6199
96.5687
93.6421
95.6923
96.1016
94.8306
98.4378
96.3707
95.8165
94.7663
95.6802
96.8568
94.6508
97.8442
98.0751
95.1998
97.7488
96.7267
97.3357
96.3285
94.69
97.207
98.2997
95.0455
96.4424
93.9837
95.1329
94.8318
97.0448
97.0467
92.9632
99.669
97.4799
96.994
98.7251
96.1192
96.4148
95.4955
90.5728
95.5337
97.3362
94.8361
94.2226
93.5456
97.1848
95.4975
96.8392
94.3287
98.1696
96.3851
95.0077
96.4299
97.9998
96.021
94.7287
97.6337
98.3384
99.0433
97.4935
94.9905
95.8978
93.8049
96.6026
97.6916
95.5095
94.9743
99.9035
95.999
93.2482
95.919
98.2119
92.6611
96.3111
94.1246
93.6275
96.1523
97.2462
98.7012
97.2821
96.8734
93.6333
97.9954
95.7196
95.9148
96.7969
94.9119
97.8781
95.8481
98.9781
94.6236
94.2984
98.6932
98.1278
93.3058
98.6253
98.9985
90.4314
95.3596
95.7805
97.165
96.3066
95.0531
94.6067
93.2596
95.5545
97.4289
94.4175
94.2029
98.1834
96.3984
94.0098
97.2857
97.9403
95.394
93.5987
93.9347
94.2978
95.6266
93.0446
96.3074
94.9052
96.1766
98.7581
95.6595
95.9969
94.0499
95.9528
98.9203
96.1223
96.9468
95.6783
95.247
94.473
97.7224
96.3952
93.7414
94.9772
97.192
96.7062
96.0563
96.5225
95.817
97.6958
95.7795
96.0503
95.1092
95.8897
97.3635
96.4209
96.9208
99.0398
96.0589
95.4025
95.6042
96.2428
98.1605
97.7651
92.4731
94.9841
94.4685
96.7442
92.7565
97.7302
96.8632
100.303
96.9033
95.5208
95.3105
95.7911
93.4776
98.9723
94.5964
97.7934
93.9892
99.4761
96.4547
93.4204
97.418
95.0951
97.9694
99.2402
96.7115
95.5243
95.7539
95.784
98.3515
96.0679
94.8256
96.4148
95.9986
92.6654
95.9212
94.0871
98.7267
95.0152
96.8996
95.0506
95.0893
93.4708
98.5409
96.0935
92.3545
95.0802
96.0036
93.7338
93.1315
96.5444
98.2141
96.6407
99.1048
94.9421
98.6908
93.7335
97.3163
95.2188
93.3595
95.9103
100.744
99.6842
94.3971
94.7444
95.0629
97.7766
100.013
97.1949
96.4701
96.9693
93.0591
92.6079
96.7986
98.3324
96.1266
98.404
97.312
94.5215
94.6276
96.816
94.5602
93.4439
93.9185
99.1531
92.7501
98.3609
94.923
96.3095
98.7281
95.2278
99.6765
96.7557
96.693
96.7053
100.322
94.7755
97.9838
96.3302
97.6657
95.7483
94.5289
96.8086
96.2573
98.3284
94.5475
97.0382
97.5123
97.9683
96.8836
98.7109
95.6437
97.8232
96.4386
94.6551
93.8314
95.3149
93.7176
95.8309
95.2685
95.9419
94.9844
99.2477
99.5681
96.3771
94.1571
98.6536
95.0974
96.601
96.2204
94.2254
95.7105
93.6012
94.1768
98.2781
96.0019
99.5871
98.7175
97.1978
96.7526
96.1406
98.0867
91.6775
98.8732
95.6796
95.2601
97.6573
97.0561
94.1135
96.768
99.3202
94.1345
95.6032
95.4299
88.8254
95.6084
95.5244
95.359
101.708
91.7194
97.4972
94.2826
96.5507
97.9123
100.363
95.4033
96.1037
95.4511
94.8972
96.0271
96.9994
100.399
95.0569
95.7758
93.3805
95.4581
95.9292
93.7521
94.9029
96.4398
97.4543
93.078
97.7108
96.114
93.6191
93.2243
96.9401
94.3114
97.4931
95.6347
95.0194
94.0578
95.2689
92.2894
94.2821
94.2394
94.5484
98.7286
97.2814
97.2225
96.5977
96.2736
100.067
96.5662
94.1499
94.1552
97.8266
97.6973
94.5827
97.3315
94.8864
96.6016
95.3264
97.1766
100.271
97.6939
97.4849
93.7828
96.9267
97.8807
97.1638
94.5272
95.3332
97.3385
94.3366
98.1401
95.2744
98.6979
98.8252
94.6888
97.4221
90.9533
97.4744
101.087
97.3316
95.1566
97.0171
92.5403
94.9707
99.5038
95.6618
97.1771
96.5948
95.4082
96.9163
94.3331
94.777
94.8919
97.5928
98.7189
95.6747
98.033
97.7896
96.8672
92.1044
96.1881
90.7837
94.6081
94.7547
96.3023
98.5666
92.8763
98.806
93.6677
96.4132
92.0885
95.5728
94.3545
95.0296
94.9907
96.168
94.6965
96.3985
95.5291
95.1724
95.8901
93.307
97.2165
97.3884
96.7098
97.4695
95.9972
97.4465
95.9706
96.096
96.7576
99.3388
92.7693
97.8005
98.0539
95.5263
97.8817
99.0187
96.4578
92.6403
92.0059
94.9105
95.1528
96.5757
95.8038
95.0444
97.8985
96.9999
97.0202
95.0663
95.937
96.7728
99.607
95.378
95.1002
98.2802
97.4203
96.7755
97.0855
96.9873
93.944
98.0199
94.8168
93.3892
95.032
97.1432
94.3823
96.2775
97.7014
97.8195
95.2732
96.7495
93.9597
95.0302
101.194
94.3035
92.2333
94.9759
99.0264
96.636
96.0376
97.6139
96.5516
97.9181
98.9224
94.9581
97.2455
98.6091
92.6535
92.8517
97.5901
98.754
96.0663
94.9701
94.4006
96.6892
99.883
96.357
96.9246
98.0036
96.6564
95.7035
95.8364
95.8198
97.5471
96.3067
98.6218
97.2175
96.229
94.1526
97.494
96.8527
93.259
93.5618
95.0189
97.4195
95.7744
93.209
95.841
94.7344
97.9681
96.7873
96.1413
98.5354
98.0344
97.901
92.9319
96.3235
96.8374
94.0635
95.0956
98.0293
95.0134
95.5018
99.1432
92.7897
96.931
98.501
100.849
93.8423
96.7637
93.4435
94.1029
97.2202
93.3302
93.7724
96.3202
95.8181
97.5335
93.3182
92.428
91.9019
95.4103
93.0667
99.1669
99.0658
95.8214
94.3663
96.9597
97.0725
94.8188
96.1639
95.7636
99.2695
98.8794
96.8332
97.2956
91.6741
91.8768
94.5262
93.7677
97.0719
97.2557
94.0973
94.6602
95.7039
95.6382
97.8063
95.9716
98.1964
95.0968
95.9302
90.7711
94.0397
95.9592
95.3231
94.0073
97.1949
96.7397
95.3466
97.8332
96.5759
94.458
96.9117
98.1588
101.286
96.1614
94.7566
95.0777
96.9423
92.4572
94.9528
95.3422
98.3672
93.7611
92.0529
96.18
96.3678
96.2483
93.5238
97.1295
99.2653
97.7626
96.4905
96.792
94.1324
97.4151
98.7312
95.0056
94.3787
98.8706
96.3664
95.1713
93.4676
98.2693
96.2231
93.6487
96.3588
94.4162
96.1774
95.4392
96.4648
99.5754
96.2621
98.4773
97.5088
96.7712
94.6848
92.3272
97.1769
95.5627
94.5415
95.7051
96.8194
98.2194
92.902
98.8752
98.8481
97.5391
95.7375
96.9913
98.5307
96.7392
95.492
96.3344
95.2549
98.09
95.9289
95.5787
101.002
95.0872
96.8369
95.6111
95.8227
98.8387
93.8039
96.4242
96.1664
96.6051
97.1625
96.8774
96.8266
94.491
95.0191
94.1163
96.8526
93.9999
96.5134
94.8631
96.1228
94.6075
95.2248
95.4189
92.2433
95.2265
98.0918
94.6499
95.5106
97.0366
99.0444
94.9131
96.5063
100.206
97.6985
96.6914
94.8947
95.1937
95.8017
93.1921
95.1596
97.9171
94.9766
96.4181
97.6689
95.5625
97.6666
95.6389
97.4257
98.4479
96.7173
97.079
93.9182
95.5644
94.4747
96.4488
93.7619
97.1266
93.8154
93.9769
95.5252
95.0564
94.2349
94.2711
95.6195
100.205
92.4762
94.5664
97.8915
93.8924
96.8415
97.7548
98.9828
94.3196
94.6913
94.5078
97.2206
98.0947
98.0338
92.9551
100.383
96.3652
94.0849
96.7603
95.2783
97.2059
96.3252
95.2972
95.1757
95.1799
92.9956
98.2549
95.8101
100.055
96.2266
99.6482
96.6885
96.8309
94.6887
95.9484
97.9726
94.4574
94.9689
97.2688
96.3514
97.057
94.9239
94.5354
95.8182
98.5257
96.0448
95.0363
97.4214
92.5012
97.1967
96.4454
98.1358
97.43
96.0755
92.7649
98.0777
99.3678
98.1929
98.0544
97.6814
96.4687
93.0039
97.4015
91.7228
99.4614
95.4998
97.2187
97.6691
97.1947
99.7195
91.474
94.1379
94.0472
96.4355
96.4181
89.7045
98.9908
97.5363
95.7821
92.913
97.2076
96.6457
96.8468
94.679
94.5228
98.2739
95.9531
98.9059
91.8812
94.4975
96.1772
93.7292
94.5382
93.6936
96.267
96.6978
96.2852
100.596
96.9521
94.6499
94.7698
96.1099
95.202
93.5382
95.418
96.3787
95.0142
94.2088
96.6727
96.3638
93.5921
97.0492
95.7647
97.0762
93.7497
97.9387
99.2747
94.9746
97.4886
98.2374
94.2539
97.2209
94.0224
94.8088
92.767
93.9831
94.6621
95.8205
93.6414
96.6245
96.5306
99.009
96.3061
95.4217
96.0146
96.5434
96.7939
97.3178
99.7024
97.265
96.4071
95.778
96.0644
98.0044
96.5344
96.988
95.5596
97.3294
95.7538
95.7163
95.6277
98.55
96.1659
95.6972
95.7704
97.2143
98.0251
100.159
96.5538
97.2521
96.6304
96.7114
95.0256
99.3123
96.6414
94.0387
97.2407
96.7226
98.1831
98.136
93.0253
94.9701
91.8434
97.5351
97.5649
95.4924
91.9215
94.9187
94.9356
95.4922
96.5037
98.1864
96.1143
95.889
97.1498
93.359
95.0166
97.7298
95.3383
95.1964
95.8605
94.7584
95.0245
97.4555
94.1034
94.8874
96.7746
95.474
97.3549
93.081
93.8295
98.3782
96.4762
98.0709
95.4291
96.3555
96.4031
95.2167
96.5656
96.1639
93.8133
95.6295
100.362
94.2356
98.5961
92.5292
95.8369
93.5178
97.5016
96.3657
97.8295
100.421
98.0018
96.9349
96.0952
97.6152
98.0489
96.4252
95.7237
95.0019
97.9098
95.9772
94.821
91.5209
96.9582
95.8378
94.7572
96.0868
96.8532
95.7329
99.0336
94.3823
92.9604
93.6137
95.0488
96.4534
95.9096
94.6463
96.643
95.3541
93.7559
94.5088
97.6854
94.0125
99.6194
98.2402
98.1589
97.1813
98.3601
99.7485
93.7338
95.5191
94.3646
95.2257
95.1447
96.7573
97.1409
96.8615
95.3339
98.7389
98.4732
94.2294
95.1055
92.233
94.1653
92.5998
94.9454
98.0585
97.539
95.1678
96.1637
95.9281
94.6697
96.6032
96.755
97.4091
95.6631
94.0885
98.5453
98.2339
93.6794
95.5936
97.5793
95.5264
96.4131
96.3959
95.4874
95.7634
95.5135
92.1133
102.914
95.3018
97.8433
99.949
97.832
99.0003
96.8522
100.459
97.7277
96.1846
95.3011
97.883
97.9913
97.3146
96.0018
97.8975
95.2861
95.9709
96.8073
98.3424
94.9124
95.0875
96.3068
96.1345
99.0769
95.695
97.7303
95.8557
97.1059
100.758
95.6285
96.7977
94.7292
94.1864
96.5945
97.7196
97.1873
95.7993
94.4051
94.037
96.0854
98.5719
97.3196
93.4638
97.9664
97.191
96.2572
96.0857
96.6207
96.1436
99.327
96.5282
98.3941
98.3656
96.1883
94.8058
95.2291
95.546
92.6152
98.0437
96.5176
94.8988
95.1817
97.4929
94.1056
95.8344
95.3365
97.0012
96.2734
94.3874
96.6538
93.871
95.3474
96.0982
93.5697
97.1291
95.725
94.1176
97.1796
97.0308
99.1872
97.3194
95.3122
93.7123
96.091
96.5041
95.9912
97.151
97.5391
98.3852
95.0475
99.3606
92.818
98.2774
97.4607
95.6864
90.7062
94.8626
96.1077
94.0841
97.4407
100.18
95.8377
97.271
96.0174
96.0602
95.2293
94.6018
92.4172
98.5051
96.5616
98.292
96.6022
97.9441
95.6996
95.9023
95.6997
95.0822
96.6859
93.1932
98.6776
92.5522
97.5622
93.4946
95.6578
95.4876
97.9561
96.0456
94.5767
95.1846
96.689
97.9216
95.751
95.801
94.6428
96.267
95.7242
96.4974
97.9412
95.6688
97.6159
93.7809
95.0248
95.0305
93.3334
95.4959
95.7104
96.7218
96.7906
99.0943
94.6145
91.858
102.316
98.4136
95.1598
94.9327
95.4912
91.5872
95.4438
97.7949
97.2222
98.4948
98.7186
93.0502
94.3771
94.7796
96.8476
98.2996
95.8022
97.6619
96.6622
95.7317
94.3357
96.0551
94.1285
97.2657
98.5009
97.8349
92.1368
97.6955
98.3518
88.9513
98.241
95.7366
97.9741
96.5239
94.0826
93.7113
96.052
98.8918
96.4677
94.0917
94.9999
95.0825
93.9194
96.1951
93.2458
95.6586
95.1326
96.6943
94.2904
96.7281
93.1793
94.7319
92.4507
96.4933
94.1614
99.2994
96.1214
95.9849
96.4778
98.4881
97.2302
99.4398
93.8341
90.2565
95.3968
97.6335
95.3022
95.1483
98.5559
96.8002
96.077
96.6971
101.31
97.3231
97.4812
97.534
94.4289
96.4119
97.4996
93.7044
95.492
93.8925
94.4253
94.9225
94.3638
95.2416
94.7467
95.9199
97.3485
92.5949
94.8636
95.2418
98.1521
94.5851
97.3127
95.1268
95.0209
94.9313
97.9369
98.9466
95.5781
97.8591
96.3793
97.3426
96.4153
96.6819
96.1922
96.2426
93.3865
94.0882
98.0406
94.6401
97.3346
95.3716
97.3321
93.562
94.6283
95.8078
95.1978
97.3263
95.7673
98.226
94.4827
94.7845
94.8717
98.2389
95.4778
93.4431
96.2718
94.0176
95.9411
95.5673
95.5198
96.2171
97.7258
97.7544
94.3198
95.7981
96.3395
93.2851
98.9746
96.7362
100.962
93.5858
96.5041
94.92
96.8594
96.6112
94.8867
98.1798
93.1344
91.4579
96.0281
94.5186
97.468
93.9406
96.8085
96.5278
94.5355
97.1712
97.3368
97.4324
97.7436
96.6636
97.0714
94.1871
95.3715
97.2294
96.6224
98.5984
94.391
95.7357
98.9281
95.666
95.0161
93.0792
94.4068
96.9818
98.4749
98.4125
95.1915
95.335
93.0473
96.2692
98.3027
98.2814
98.232
98.1352
99.7446
100.265
93.8603
96.6055
96.5573
97.1266
99.6732
94.8178
93.3527
94.6448
96.8879
99.0286
99.2644
96.4832
95.4855
98.3256
96.2032
97.2959
98.239
96.2518
98.896
94.0617
99.988
96.7756
96.8724
98.5666
94.3541
93.0461
101.299
96.2731
95.339
96.8849
96.1029
95.4197
96.119
94.3827
94.4411
96.4796
95.1462
95.2844
95.8448
99.0276
100.037
95.0737
97.8992
93.1012
94.7237
98.0021
96.8149
96.7091
97.3285
95.2152
96.5915
99.1396
97.3029
95.9046
95.8737
99.0848
94.764
98.373
92.1794
98.2814
95.1739
100.642
97.6453
97.5756
96.0018
95.2043
96.9115
96.7623
96.2115
97.6442
95.5541
96.0567
97.6139
99.9846
92.0947
94.7727
97.1055
95.7271
91.6157
95.3297
95.1755
97.3942
95.491
96.7292
98.079
96.2626
96.0174
96.2894
96.2282
96.3695
96.786
95.5324
93.5153
97.5761
99.9219
94.9853
96.3321
96.6786
93.6272
97.2852
98.174
93.9252
97.738
97.1796
96.227
93.7927
95.9408
95.0035
94.7405
95.8469
100.388
96.9969
96.6754
94.5642
94.2107
94.119
96.5358
98.3677
98.529
98.0771
97.4824
93.5764
95.9266
97.6935
99.8372
98.2829
95.7521
94.4412
97.3386
96.1477
94.0313
95.7905
94.4563
98.3779
100.242
93.7911
93.489
100.7
97.8266
93.4745
98.9031
97.6771
95.9368
98.4206
94.5947
96.8906
96.6274
98.4637
94.97
97.3817
98.396
94.4586
98.5078
97.3653
97.5686
95.0753
95.7195
97.2478
98.2819
95.0386
94.6441
95.4507
95.823
95.6009
96.3309
97.0924
95.4558
97.6354
97.6435
91.9812
95.2631
95.435
98.3863
98.3589
97.7605
97.7526
98.1833
96.0244
96.6198
97.4577
95.8915
95.1354
97.4889
96.8198
97.7691
97.5097
96.3024
96.0586
96.0228
99.1375
97.7122
96.7929
99.4955
98.7584
95.9052
96.8163
97.2745
96.5487
97.6158
97.7093
95.2152
95.03
98.5904
100.84
96.7598
94.807
92.8874
95.2809
92.655
94.7444
96.8759
96.5982
98.2302
98.2496
99.5877
96.35
95.5637
97.3395
93.5375
95.605
96.0279
95.6853
97.763
96.4226
92.8627
95.2481
94.8601
96.5018
95.7933
96.4791
97.8613
95.4986
93.7583
99.5286
92.7692
95.3745
98.574
94.6994
97.0849
96.0324
91.9453
97.4406
96.3872
95.2946
95.0304
94.9151
96.1519
98.6643
93.2923
98.297
95.4483
99.7517
97.6098
95.9995
95.6116
96.5819
97.1321
94.0322
94.8856
95.9096
96.4023
95.1082
95.5895
94.7074
99.3731
97.9748
92.4762
96.7757
97.409
94.912
94.3439
95.9427
95.3788
97.2921
97.9646
97.2685
99.8991
94.733
95.1352
96.1311
96.911
97.2365
97.0313
97.9984
97.1698
96.7375
99.0317
96.74
94.9684
94.341
96.3091
96.2117
98.6046
94.5643
97.0533
98.2854
99.6818
96.1089
94.8818
96.5305
98.8763
94.9349
96.5482
95.1177
99.4337
99.9382
94.3546
95.161
96.9752
98.5076
92.703
97.3307
99.3193
98.2236
93.7639
96.2087
99.0437
98.3992
98.2449
97.5502
94.2746
93.1429
97.4898
96.0369
96.0887
98.8507
99.133
96.8296
95.6862
97.1165
96.8619
96.7832
94.5045
97.4003
96.7168
98.3434
98.4874
96.3545
95.9577
96.6729
93.5414
98.7777
95.1773
95.1085
95.2215
94.6112
96.6036
93.9767
96.3151
97.4086
93.1672
95.8394
95.9942
97.5788
96.3884
97.0664
96.2034
97.4988
95.0874
100.206
98.4173
96.3371
96.3108
93.0487
94.8611
91.9223
94.7213
95.1521
96.9772
92.7779
94.9327
93.2489
95.5105
97.5458
94.1649
93.5676
93.9374
99.2356
99.9333
96.1913
98.3347
93.9221
95.9828
95.9343
95.7378
96.6177
96.5924
93.8886
96.1971
91.842
95.2155
96.1056
94.834
98.068
98.7225
94.6878
99.3885
97.0483
96.0824
94.4816
94.685
98.9217
100.029
99.309
96.0632
97.5254
97.6697
95.7697
99.1611
94.926
96.4545
97.5336
95.4503
97.1382
95.2894
97.0473
98.059
94.8797
95.9046
97.5231
94.1885
99.9954
98.3695
98.368
96.2015
99.0524
95.2046
98.5122
96.7009
91.3911
99.2407
98.6124
100.647
98.216
92.5133
94.6544
97.8919
93.7234
96.1407
97.7053
97.4527
92.7454
98.7364
96.1785
95.321
93.1891
98.2982
94.5369
100.484
95.9327
97.8733
97.0466
96.9896
98.4647
94.4404
97.3098
97.8711
97.1892
92.8113
95.4614
93.4751
95.6365
97.3472
97.1267
98.5099
95.7751
98.4137
94.1679
96.5136
97.1121
95.3393
94.5365
96.6217
96.417
95.6523
95.5826
95.0212
95.686
99.8798
94.6883
95.3195
94.616
98.4384
94.398
97.0137
99.1557
99.8544
98.8982
97.2516
96.9707
97.0978
96.4525
97.3257
93.5233
93.9859
97.8423
98.1166
95.2884
97.5601
94.609
97.0106
95.6869
96.0546
92.7282
96.177
92.6354
95.9682
95.5999
95.3021
95.2943
99.403
91.8682
95.991
99.5046
95.5431
92.8729
93.2896
94.9384
96.8181
98.3427
95.0458
95.9282
97.2803
96.7626
95.8269
98.5957
92.7997
92.8862
96.8789
98.9042
95.3758
100.275
95.4189
98.2906
96.8805
95.5168
93.5159
95.7265
95.7403
94.4937
97.8158
94.9305
95.7365
95.5198
97.2254
97.3259
97.3026
98.7775
97.6677
97.3281
93.6405
95.3642
96.8549
95.3126
101.365
93.2351
96.787
96.518
93.3791
98.4027
94.0114
92.6036
92.7382
93.334
96.2205
97.9857
93.8576
96.3634
96.4669
92.6981
98.6183
100.866
96.2464
95.256
98.5686
96.105
99.0474
94.5984
95.599
93.3444
95.521
94.4444
97.8691
95.64
94.6142
97.2528
96.7166
96.068
94.3563
94.1486
93.9053
97.5562
97.9682
96.783
96.0974
95.3501
96.5978
95.5401
94.6479
95.4217
99.1042
94.1134
94.4508
95.4544
94.6061
94.4784
98.0809
94.931
94.8215
93.9571
92.4665
96.1535
99.1281
94.7337
98.0886
96.1071
99.044
93.2842
96.2583
93.5055
93.5579
97.2992
98.0839
96.7697
99.1114
95.861
93.6504
95.7613
96.5156
99.0111
95.4041
92.3026
97.4947
98.3648
99.3186
96.2406
99.9611
97.0655
94.0832
93.9557
91.9509
97.2881
94.5154
94.6944
97.9603
96.9141
95.7404
97.1174
97.6272
96.0881
92.4055
96.7494
94.8464
94.1391
94.3814
95.1143
95.2243
94.7223
95.4945
96.9234
96.6762
93.7242
99.6927
92.4152
96.9316
97.1843
95.6261
95.9912
96.7572
93.3705
96.5284
94.1069
97.2443
98.285
95.9656
91.8333
95.8048
94.788
92.4053
94.0817
95.0804
94.0329
93.7624
99.1007
95.7719
94.7947
98.0877
99.1219
98.0978
96.7091
96.4181
96.9328
99.7175
99.635
100.343
98.0442
98.9903
95.8557
95.845
96.9534
94.7524
93.6135
93.5502
94.8002
95.9216
94.7984
94.9957
94.8751
95.417
93.8947
93.7571
96.0168
95.6177
97.9722
97.466
96.4475
96.5466
96.5703
96.0488
95.8481
93.7288
96.2317
95.9991
94.2907
98.124
96.3484
93.3753
95.8923
92.2699
97.505
97.6465
99.5056
97.4592
94.0087
93.571
94.1356
94.3092
97.0234
93.9052
98.277
93.3325
99.5439
98.7136
97.428
94.1547
94.6853
92.5331
99.3223
95.7587
96.0503
98.0369
96.3322
92.2182
95.7535
95.7119
96.2203
95.2817
97.9646
93.3076
94.8855
96.0722
99.8651
101.046
97.6126
96.2492
96.9745
98.666
94.912
99.3979
96.9006
96.8021
97.8226
92.6628
96.3263
94.2146
94.0503
97.0297
91.8838
94.047
95.8849
92.5687
96.6545
94.7003
95.3659
95.0756
98.2075
96.9111
95.6166
95.9644
93.9927
94.2893
98.6959
97.1653
95.933
98.0667
94.5453
98.0607
95.9621
92.8773
97.5647
96.3557
93.4226
92.9597
96.9565
97.7316
98.6939
96.2207
98.0923
95.4739
95.5346
94.4641
95.3024
93.4362
97.2809
93.2239
95.7323
96.2413
99.1515
94.7025
95.2549
100.382
99.0245
95.9274
99.7493
95.7681
94.8658
94.1053
95.4968
95.9474
96.6219
97.2604
95.3848
98.3153
96.6027
96.5355
95.2871
96.3059
96.2978
95.4128
92.2575
97.6864
94.2231
97.6019
94.1587
95.3635
95.044
94.7353
97.1121
98.3749
94.4656
96.4605
95.1452
94.6802
95.1005
96.0944
94.7469
95.9033
94.4403
96.2109
94.0253
100.984
94.3749
97.7378
93.9677
96.2844
96.9984
97.3098
96.3697
97.0476
96.8542
94.4749
93.4611
96.6548
95.0894
98.279
97.6942
97.4492
98.504
96.6628
96.0647
93.8823
94.7597
95.6086
96.8091
95.7704
96.0249
95.5557
97.4496
96.1829
94.2649
92.7483
93.3265
96.7482
98.0784
93.9693
96.7574
95.8777
94.3339
97.1596
96.083
97.5062
94.604
93.1977
94.9478
95.68
97.3037
96.8459
95.6423
95.6057
98.0224
95.3488
96.1646
92.92
96.2482
95.9693
97.1099
95.1355
98.0562
92.7664
96.1562
96.6964
96.053
92.8967
96.0021
97.7973
97.812
98.1181
96.0532
97.0627
98.1704
95.811
95.4147
93.7307
95.41
99.667
95.454
96.3183
95.2111
95.5888
96.3473
94.2806
92.9279
94.8222
98.6664
99.7114
99.0314
96.1425
97.97
97.2556
96.6188
96.1563
96.0632
95.5706
93.4842
99.0229
96.5168
96.2474
95.9426
94.6086
92.6186
96.2214
97.0082
96.3867
97.0539
94.9855
94.3453
95.1091
97.2869
95.6444
91.6313
96.7853
95.2121
95.8192
96.5952
98.3462
92.71
97.5779
96.0029
95.6377
96.0148
97.4509
96.8059
94.9548
99.5609
98.2812
95.5463
95.5347
97.1494
96.1206
96.1784
100.685
95.2093
95.6988
96.9456
98.3058
95.309
94.5409
98.9058
95.7032
97.0534
96.4438
96.3061
97.1678
96.9349
95.0778
95.783
97.339
95.4115
94.7841
92.4269
99.562
97.9522
94.6549
95.0173
99.5124
96.634
94.6705
94.3892
100.668
94.2468
98.0909
91.6704
96.5333
94.9119
91.7964
98.6417
95.0831
98.366
92.9799
93.1166
95.3914
95.836
94.2548
96.0096
94.194
94.927
94.5101
98.4556
94.6187
98.087
96.017
94.5598
98.2684
95.0013
93.954
97.7126
98.4235
97.6352
96.3352
97.6915
92.9529
91.9292
98.5079
95.0182
94.6698
100.8
98.5515
95.3675
96.3682
97.0933
92.9774
93.8226
97.4037
95.0819
97.3728
95.8468
91.9589
96.6728
94.6717
92.9011
94.5523
93.5117
96.6444
93.3779
92.9895
96.6422
97.2781
96.2902
92.9562
96.8173
95.8207
96.9386
96.91
95.476
95.3108
96.5187
96.0476
93.855
96.4283
92.0856
98.1013
96.9905
95.9554
94.7709
93.0058
94.3753
97.31
96.4833
92.385
95.9626
95.7484
96.8413
97.099
97.653
96.4595
94.6664
91.3872
96.1269
98.6729
98.5819
94.0741
96.4224
100.402
92.1401
95.9703
96.0449
95.0706
96.6088
96.4302
98.0054
95.4893
93.3171
95.5408
100.638
96.6957
96.7326
94.6574
96.3397
96.3284
97.6718
95.3642
94.2242
96.0984
97.9295
95.6676
94.4036
96.0756
96.2624
100.972
93.2779
96.4671
98.119
96.5476
91.3073
94.2642
95.8079
96.9183
94.2309
98.6837
93.4002
93.4436
95.7512
95.1971
98.8793
98.5785
95.6982
97.2826
95.112
97.2561
96.3452
97.3326
98.3457
95.507
96.5049
95.4234
96.1238
98.67
95.3371
95.5089
96.5449
98.0499
93.7641
99.2228
98.8791
97.1906
95.307
95.6389
98.2303
95.5099
96.4133
95.5534
96.9752
96.2325
92.7808
97.8785
93.7322
97.9407
94.1651
97.2272
97.5411
95.5909
98.3109
93.6084
96.6902
95.0798
95.5301
97.6656
99.466
90.8122
97.3959
96.3981
95.4178
94.1949
101.256
98.1817
97.5634
94.8417
93.3336
99.1074
98.2183
92.2003
96.1078
95.4923
96.6809
97.8918
96.2218
99.9859
96.9855
97.8521
94.9648
96.7191
94.6607
95.5022
97.892
97.816
96.0165
96.0894
95.4364
94.4488
98.3966
95.3653
95.3251
94.134
94.5039
94.9045
95.1477
96.7783
91.9567
96.2839
98.7751
97.3712
97.7036
96.725
99.8342
94.8375
93.6305
98.1901
96.1123
96.0421
96.5824
96.3444
97.7737
96.2629
93.6437
97.5228
94.6477
94.836
96.5485
91.8045
94.2616
97.2955
96.8667
96.9021
95.1444
95.4171
95.173
96.9159
94.7578
96.6324
94.804
99.6833
101.171
96.6346
99.925
95.742
97.7925
93.4069
92.726
93.5517
100.001
90.9086
96.6993
94.1531
96.8291
95.9869
97.0805
96.8401
97.3379
92.7568
93.0077
95.2297
94.5381
95.6586
95.8496
96.1125
97.9774
98.4756
97.5548
96.5224
97.1519
95.5323
99.525
96.6577
93.0185
95.2235
98.2733
96.3074
95.1001
97.7609
96.13
100.155
95.5129
95.6529
96.7897
93.7737
96.2253
96.1473
98.8141
97.2275
97.6979
95.7452
97.0343
92.7422
97.9119
99.8114
96.4882
93.0805
94.9951
97.4431
97.578
96.6626
96.3135
96.1915
97.1916
96.1479
95.958
100.709
96.894
96.3712
97.2946
97.797
95.224
95.2122
95.8102
95.4083
97.5896
96.4183
93.1187
96.3247
92.3817
93.8188
97.4527
94.7616
97.631
95.5461
99.8559
93.8017
97.8764
95.2041
97.3796
99.008
96.2188
93.9008
94.5712
97.8591
100.118
95.1265
89.7016
97.0277
93.5443
92.0464
96.0527
94.8596
94.3114
94.0743
94.2073
98.2914
95.8781
92.3702
97.4842
93.1802
92.7555
95.8725
97.1411
94.7304
97.968
95.5749
96.9388
96.2272
98.5685
97.1736
96.3231
92.9623
95.9924
94.1707
96.7234
94.2054
95.9377
95.0735
94.6093
93.4538
96.2462
94.9631
96.3167
93.3049
96.2549
94.1346
95.4204
95.0116
94.3336
98.6904
95.5683
97.2012
96.506
93.9988
97.071
93.5165
98.9384
98.6973
103.631
97.7358
92.4306
96.7841
94.7305
95.8661
96.948
99.321
97.9702
95.5114
94.2919
95.9073
98.5187
98.9908
97.1434
98.5915
94.0192
99.6819
97.3152
98.5017
96.8594
95.3562
97.7204
99.1306
93.3652
97.1392
93.2702
95.0353
97.9538
95.9672
100.071
94.5852
95.4649
94.4298
92.5317
96.8407
99.9383
96.6386
95.6321
95.605
93.9864
98.5799
97.6052
93.4991
96.6655
98.3339
96.4233
91.3318
99.2097
96.0092
97.7197
95.5899
98.6927
94.4272
97.1197
92.7971
96.1787
95.3052
93.9729
96.2604
97.0602
95.1527
96.8274
95.4645
99.5964
95.1943
95.6379
97.3005
96.3556
95.6649
93.3038
97.3127
95.9199
96.0059
94.6487
97.5367
93.0571
92.7638
97.0818
95.5983
96.7425
96.4188
97.48
94.6038
94.895
94.2782
98.4875
95.2376
95.4993
92.5235
93.6848
95.9153
95.8468
94.3597
97.567
95.8285
94.721
96.0732
94.0178
94.9972
94.6889
94.6889
95.8715
93.798
96.9221
96.0419
96.6778
95.6166
98.1293
98.4035
93.6093
97.6996
96.7712
94.3111
95.4609
94.0675
93.7955
94.4432
93.8237
93.9742
95.2405
99.7087
96.7987
93.86
95.4702
97.984
95.2605
96.1766
96.6698
99.2112
94.9276
97.0102
96.1419
97.0536
96.7478
97.0909
97.3353
93.9359
97.6621
94.6551
93.7114
96.5645
97.1186
98.5933
96.9581
94.7213
97.3472
97.8991
95.0334
94.9243
98.6692
93.6693
96.0049
95.2695
97.2379
93.2475
97.4301
92.371
96.7846
99.7371
95.8057
96.0194
93.9803
99.1241
96.0042
95.943
93.0094
95.3043
96.4351
94.3939
98.1912
93.7184
93.5145
96.7776
94.9679
92.757
96.4246
96.8251
95.0318
97.2064
96.7614
94.9789
98.4718
97.4572
91.8055
95.3152
98.4196
95.512
97.3489
100.514
97.3308
95.4988
93.4555
96.372
96.4885
96.6665
97.2895
99.1235
100.193
95.1504
93.8811
92.4205
94.5926
95.7176
93.6905
96.5164
92.8701
95.8817
97.1104
97.2296
95.6988
94.0541
96.1087
95.9801
95.2629
91.9749
93.7454
100.396
94.3784
92.7221
95.9637
98.3432
97.0637
94.8318
96.247
99.8765
97.963
96.0364
97.6633
97.4576
98.4534
99.0749
96.4923
98.7607
96.8523
96.3871
97.8726
95.5554
93.7026
96.3378
96.6636
97.1732
96.8412
96.2002
99.1984
96.2249
95.6795
94.7281
97.6108
96.5389
98.8148
96.2168
96.4861
98.1214
93.179
99.902
94.7208
98.5528
94.703
93.7319
99.738
94.6485
93.9531
93.1947
99.3436
96.3284
93.8264
95.4503
99.5341
97.1565
92.3676
95.8421
94.8022
96.2012
95.5174
95.501
96.5883
97.4504
98.6917
95.8052
96.5954
95.4682
98.6027
94.7691
97.0336
95.6762
94.2871
93.9252
94.0438
94.5894
94.4358
97.3955
94.5717
96.0617
96.2913
99.3344
94.0146
95.2032
93.0836
95.97
94.7698
94.1517
97.5449
96.399
97.1041
94.7845
100.021
92.5612
94.9553
97.3156
95.5805
97.2752
96.4153
94.0876
96.472
92.9421
95.8003
92.3384
96.2657
97.1698
98.3925
95.4025
93.9261
93.8314
97.1607
95.0718
97.1349
96.6771
96.8603
96.1847
97.1858
93.7357
95.7893
98.0091
96.3217
96.723
95.534
94.1964
96.7889
93.6361
99.5309
96.5016
97.7827
94.7855
94.8878
97.7322
94.8951
97.4462
97.9566
98.1506
96.6388
92.3793
96.0652
98.3386
94.8972
96.4727
97.8224
96.5759
94.0023
97.73
94.8906
96.9092
97.1281
96.8899
93.9474
97.7545
97.1632
96.2428
97.3872
95.0746
98.1567
97.0236
96.7478
93.7872
96.9388
94.6781
97.5404
92.7948
95.4088
94.821
96.9436
94.5343
97.2324
94.7979
93.2725
96.2214
99.0444
97.196
95.9513
96.0138
93.2251
93.6181
95.0083
97.07
95.2799
95.7448
98.6101
95.9725
98.1412
93.1238
98.7117
94.6335
96.2617
96.504
95.6361
98.0383
102.422
96.7837
95.6723
93.8745
93.3913
94.1016
94.1668
95.6486
98.6304
102.521
94.1318
94.965
97.3532
97.8253
99.3827
96.7489
93.841
95.608
99.9028
98.8662
97.3695
99.811
95.4236
97.5777
94.3995
97.9655
92.7992
96.3354
95.753
96.4251
95.5589
94.5593
97.4455
93.8339
98.4411
98.3602
94.0521
98.9279
97.6913
94.2123
95.2654
95.7627
94.0006
92.414
94.9715
92.9449
95.6527
91.1702
94.5529
96.5143
96.1409
99.3398
96.4008
97.8432
93.6663
94.9933
94.1039
95.1326
95.8215
98.0198
95.9085
94.1539
99.3128
94.574
96.0076
93.9816
95.0674
93.8344
92.8336
95.084
95.3201
93.8868
97.6866
95.1103
95.3599
99.8068
98.2542
95.1079
96.2559
91.9972
96.0546
93.9518
95.2728
97.1858
97.0286
97.1099
97.2988
93.9083
94.8038
98.4693
95.3208
95.7936
96.5684
91.6795
94.7651
95.4589
97.2503
93.7007
99.636
94.5568
94.6947
95.9036
93.3394
94.3083
95.8004
93.6765
95.1642
95.4326
92.9984
95.568
95.1418
100.239
94.8631
97.9532
96.6209
95.4808
94.6754
97.1245
93.735
97.4476
95.8532
96.1323
94.247
94.2899
98.4173
95.7414
97.7618
95.236
94.8422
96.0214
94.9143
95.5227
95.8454
97.0147
97.0246
94.1622
96.0362
93.4132
93.5513
94.8925
99.0337
95.7759
92.6307
96.4861
97.0415
97.2053
95.4622
95.5896
93.8968
99.86
96.1399
92.1477
95.3428
97.8117
99.0294
96.0437
98.0455
95.8604
96.9565
95.7978
93.9952
95.1334
96.0302
96.0244
96.0581
95.4772
97.5255
95.6242
96.2472
94.5018
97.4723
93.5568
93.2127
101.877
93.9743
93.036
96.8427
97.6071
95.2722
94.1938
95.7783
98.1703
95.5195
97.1716
97.6645
97.1184
95.848
95.6528
96.4508
97.2863
92.34
95.2478
92.855
97.7595
95.0581
90.0086
92.3547
93.2948
97.5286
98.5499
98.8427
96.8682
96.6354
95.8188
97.7086
96.7743
99.6108
96.1643
96.914
92.4342
98.4109
96.6972
95.8071
97.4547
89.5124
95.2336
96.9696
95.9978
94.6973
99.4
96.2394
100.113
96.2982
99.4082
96.6875
92.1504
93.8837
95.0708
97.8132
99.4854
96.9118
102.07
96.2413
95.3581
95.4704
97.1227
94.2047
96.0163
91.3787
96.5281
94.0207
97.0381
93.7293
96.7763
92.3152
98.4634
97.3487
96.0537
95.0291
95.929
96.7931
96.2566
96.2674
94.6788
94.6207
95.9017
92.8377
95.0604
94.041
95.8905
97.9567
97.2201
94.5426
94.1728
97.0593
97.248
96.0113
95.5547
96.1829
96.7419
93.2785
96.9804
94.7421
94.3079
93.7994
93.4066
95.8403
95.7274
97.6407
99.1843
97.3886
95.6751
97.5227
95.9403
91.6469
98.8663
96.354
96.7782
95.6278
97.2536
96.6374
95.2693
97.8104
94.694
98.473
94.8553
93.5907
94.9132
97.0204
96.844
96.6326
94.13
94.9579
96.1229
96.6339
98.7549
97.0226
92.1587
93.1863
98.3707
97.4218
96.8219
95.6245
94.2649
93.4395
94.5007
100.654
96.7998
98.1528
94.0202
95.0629
93.8298
95.7009
96.6625
96.1411
101.188
95.1001
98.8673
94.493
92.9049
96.8991
95.2322
96.3215
94.9413
92.2601
98.3785
97.5932
93.6019
95.7269
95.6985
95.4829
97.4191
94.6176
97.4384
98.2815
94.5703
96.5727
96.9474
93.8972
94.0879
96.5625
98.4539
96.2128
94.3333
95.5648
94.3898
94.8068
96.5898
96.8233
93.1158
92.7135
94.6967
97.3717
94.7608
96.2096
94.4521
93.8796
97.9362
95.1724
96.7061
92.9304
94.8267
96.3122
95.6333
94.8177
98.331
95.5897
97.4659
94.9676
96.3964
95.7966
94.4263
95.9637
98.8606
96.891
96.7246
94.0148
98.2804
99.3918
95.4445
96.5117
94.8853
97.0272
95.1969
99.147
97.8975
95.3412
96.1259
95.2858
95.8797
93.1736
95.674
98.762
96.6377
93.6508
94.2977
96.2393
93.6471
93.2082
95.4426
97.7876
95.535
94.8653
93.5538
95.2343
96.6711
97.4976
96.6992
97.0817
94.9486
93.2639
96.4685
96.6673
98.2471
96.5536
97.9147
95.7339
96.1702
97.6884
95.58
95.7353
96.1965
99.0068
99.1789
100.267
97.2799
95.3615
91.6781
97.9857
96.1933
95.2188
95.4486
100.156
95.2231
99.6208
97.4517
94.5884
99.2113
93.6183
98.5957
96.3205
95.2678
96.4076
101.56
97.2615
95.9654
98.1705
95.0393
98.1844
95.1261
90.9752
95.4091
97.5257
97.2448
95.2937
98.5885
92.7654
94.0053
94.8169
95.4431
95.2016
93.7157
90.3161
94.282
94.6597
96.5973
99.1674
95.8285
91.7546
91.8244
95.0845
94.0836
95.056
94.4082
95.3954
97.6806
94.8711
95.6462
94.4587
99.9947
96.8918
93.1602
100.305
96.0977
94.5321
94.4324
95.9988
96.383
92.6446
94.0649
95.853
96.7193
93.878
97.1902
96.0297
97.8788
95.0472
98.1311
95.4616
96.4072
95.1373
96.7431
97.7275
99.2588
99.0647
95.8871
91.5711
92.6398
97.9512
98.798
96.1833
97.2831
96.9361
94.3419
91.7069
96.7572
96.0076
96.6823
97.3214
94.9361
95.0302
93.8673
95.1316
96.4382
95.0243
95.3906
98.6862
96.1515
92.6845
96.6527
98.5564
95.6901
98.1837
98.0317
96.6843
94.9282
95.1889
95.1043
97.883
92.2958
97.1677
93.4388
95.5685
96.172
94.6429
94.8668
95.0491
97.0728
95.9428
94.9287
94.986
92.871
96.8389
96.0121
96.9833
99.1461
95.4924
97.9217
93.2029
96.3566
93.6744
97.5659
95.5483
97.008
97.8921
96.2604
97.027
95.5735
95.4373
93.9718
94.7052
92.9283
94.4347
94.1132
94.8811
98.8569
94.7618
96.9512
90.8857
97.1087
95.284
95.2743
92.5014
95.416
99.7785
95.8082
98.2625
94.4194
98.4263
96.9056
97.9739
96.2974
97.5051
100.661
100.506
94.7724
97.0509
94.9087
96.07
95.87
95.1376
98.1192
98.7249
98.969
95.3268
98.38
97.3573
99.461
95.7183
98.3265
96.374
97.0679
96.9108
95.8878
98.4223
95.4022
97.853
92.6941
100.565
98.3365
96.2057
91.4822
96.5528
98.2599
94.0042
94.3182
92.6831
99.0888
94.7054
95.7593
100.083
96.238
98.5027
97.8561
95.6458
97.3613
98.5367
93.9938
95.9975
95.2151
94.5701
96.0731
93.835
95.0438
93.3481
94.5261
94.283
96.9221
97.4621
97.1031
95.701
96.6412
96.1493
94.1377
96.7656
94.8737
98.9642
97.7193
94.9742
98.7959
95.2744
96.9457
95.4086
95.4496
95.9862
96.2387
100.428
97.7785
93.0469
98.0591
95.7705
97.5535
95.9802
94.3895
93.2929
98.185
96.9714
96.838
97.3006
94.694
99.3101
91.847
97.249
97.5059
95.9353
97.1831
93.8931
99.5733
96.8709
94.6192
97.1048
97.6558
94.839
95.155
97.0277
99.1947
96.6142
97.8936
99.9232
97.2521
94.2341
91.397
95.8282
96.7661
93.1323
92.5875
96.3284
94.2184
95.6857
96.5741
97.9237
96.1621
98.3785
97.6915
95.6978
100.443
94.4908
93.2427
97.8568
94.9375
94.091
97.2505
94.2276
97.2486
95.7745
99.6611
95.7019
96.5419
97.0556
92.5252
99.8938
100.092
97.2557
94.5381
93.884
97.5082
99.6178
94.6155
90.3719
95.4069
95.2739
98.1268
96.2805
99.159
95.0716
97.0873
92.4998
93.668
94.9054
100.588
91.4347
94.6358
95.5124
92.2333
93.9423
96.2079
93.5894
91.996
92.2391
93.8667
95.6757
98.2102
96.2349
96.0713
96.2375
94.8196
94.9218
97.1127
95.5404
95.0216
93.816
97.4156
95.901
94.6808
93.2416
97.5819
97.9481
97.3024
95.331
93.3066
92.6275
95.5473
95.0787
98.7801
94.2822
94.8814
95.4735
95.256
97.4999
96.5324
96.2586
94.2156
93.9914
100.213
96.3455
94.6702
97.978
93.0693
94.955
96.7368
96.0298
95.9027
96.6858
96.0576
95.77
97.7056
98.6366
93.2607
98.6551
95.3758
95.7186
94.8587
97.3435
95.2212
96.8145
96.3842
95.7056
94.3495
98.2475
93.5863
94.8472
95.7407
95.3376
96.9367
97.0047
98.9238
95.9366
95.7476
96.2796
96.1077
96.3648
99.2245
95.264
97.5101
92.7085
98.218
94.2013
92.7709
97.7865
96.0045
95.4988
97.9514
97.0304
97.2344
93.7765
97.5491
97.8491
95.1126
96.6729
97.1333
94.8635
93.7625
96.3757
96.0808
96.1793
97.2396
98.3783
98.883
95.6536
98.6725
98.0023
92.1426
99.1855
95.0435
92.3929
94.5036
94.085
94.2192
95.0031
97.718
99.2464
100.137
96.7498
99.5626
95.4706
97.0368
96.7496
94.6327
94.8296
97.8752
95.3017
95.7887
93.4637
95.0653
96.3501
94.2275
96.4131
99.7328
96.2443
95.216
96.9756
93.1638
98.6529
98.2975
96.1435
94.6754
97.9683
95.7674
96.5485
97.0668
96.251
99.6662
96.7781
92.0567
95.7993
98.9993
98.3682
96.2067
97.055
97.2892
96.2441
97.3868
93.7858
94.5784
96.9784
96.7917
98.149
98.6064
98.5615
93.4745
96.0698
94.7145
96.9476
95.6233
97.4346
93.048
97.6957
95.5028
94.2231
99.6404
92.6839
93.4826
94.4688
97.4334
94.8754
94.8907
95.4107
95.7819
98.3499
94.3799
99.0233
94.389
94.2669
100.055
97.4005
94.7393
100.895
96.4498
95.3084
98.4939
97.0908
97.5146
98.7815
96.8581
95.2232
95.6672
97.1053
93.8636
93.0501
94.4288
94.3079
94.1143
95.5037
94.2948
96.8345
98.9089
92.6923
95.0972
99.3986
95.5142
97.2418
99.0107
97.1534
96.1584
94.8331
94.1829
96.3867
92.5273
96.1736
95.5923
96.6142
96.2826
95.0154
98.233
93.887
92.4646
91.6651
97.2124
92.9689
96.1427
96.9101
99.6414
95.6234
96.9578
96.6178
93.5597
94.212
95.6816
95.3424
97.7742
95.96
97.8159
93.0916
92.621
92.4272
94.5885
96.6947
97.4429
97.4223
97.7264
98.3809
93.847
97.9521
95.2133
94.949
98.6196
94.4372
99.6747
95.9125
93.6428
93.9372
98.5249
96.7415
96.637
93.9628
92.9487
95.2107
95.1621
96.6203
94.057
94.2719
95.5847
93.16
94.0922
95.0772
97.2323
98.6576
96.4597
97.5973
93.6331
96.5247
98.7015
95.6628
95.5805
92.9787
95.3424
94.975
94.9141
93.0013
95.2798
95.8305
94.4326
94.9824
93.762
95.1656
98.2025
95.6728
95.6187
96.4821
97.9265
94.9998
92.7365
91.6827
94.4274
98.7477
95.1725
98.2159
96.9251
94.8748
96.706
94.066
94.8322
97.1807
98.695
96.5344
98.5895
97.5725
95.2796
94.1685
97.1744
94.7725
92.8314
98.6909
96.1688
94.8281
96.3914
94.6543
94.0218
94.3302
95.6343
96.8332
93.1683
97.3267
95.2352
93.49
96.9711
95.9312
91.2964
97.9865
96.2644
94.2394
95.5165
96.5897
98.0626
93.1595
94.4321
94.8442
96.6666
94.496
95.6492
97.7605
94.185
100.069
95.6839
95.6688
98.4482
96.585
96.2257
98.4059
99.1431
97.3312
94.5103
95.3262
96.4474
94.2275
96.8786
97.0024
97.4436
93.5662
97.214
98.2966
96.7783
96.6065
95.3983
96.3955
95.0816
95.4233
93.7297
99.5709
96.8476
96.6389
94.7346
96.948
99.0862
97.2669
91.7688
93.4071
96.1698
94.5028
97.1048
95.8288
98.9555
94.6936
100.776
94.2175
97.8196
97.6395
99.5503
96.5017
98.6205
93.4136
96.5282
96.6737
95.0158
94.092
96.7721
99.5909
96.5092
95.5433
96.167
93.9661
94.4554
96.0827
94.6949
97.8791
95.3067
100.794
97.6957
99.0947
97.7232
96.8684
96.146
93.3321
95.1981
96.9258
95.6734
92.496
95.6167
95.2931
96.4283
92.6326
96.2285
98.3202
95.4908
96.364
94.4028
94.6492
95.664
95.4274
95.0104
91.5173
95.6264
98.9833
95.4523
95.8797
97.5519
93.1325
98.1984
94.9583
93.0275
96.3806
93.7506
94.9225
94.531
97.8979
97.3077
97.6254
95.2472
92.5607
95.7043
96.8225
99.5384
95.5621
96.3663
97.7448
96.5085
97.2853
96.7904
95.1323
98.1112
96.0568
97.7253
95.0459
99.2131
95.4323
96.9244
95.0194
93.7416
97.2413
97.4542
96.3901
96.1459
91.3556
95.1411
96.1313
94.3912
96.5538
97.9783
90.6998
97.5045
99.8576
94.1536
92.7963
99.9441
95.6012
96.2167
96.512
96.1683
99.5518
96.6241
97.1573
95.4246
95.5056
94.0034
96.1488
95.9624
96.3767
95.3219
96.9029
95.3198
94.7954
93.8042
95.4809
97.8945
95.8674
95.547
95.4443
96.9463
97.6606
97.9687
95.6368
94.8794
95.0596
94.9963
95.6306
96.7877
94.0827
99.0056
97.4934
98.9005
96.6436
97.1341
95.6532
97.9572
94.7292
98.9295
93.1087
94.5864
99.2899
96.6948
95.7497
96.9325
95.3158
92.7949
94.613
97.2267
97.7153
94.9261
93.9847
94.9407
96.5098
97.3865
96.3926
94.0611
94.4759
97.1124
93.8421
93.9015
96.9902
97.4498
95.0228
94.0058
97.8991
96.0565
92.3663
96.8413
96.2969
95.5964
91.108
97.4176
95.3107
96.9584
95.8536
97.5129
96.0982
94.5997
94.4405
95.2947
94.8957
91.7529
96.3059
97.0376
93.4005
95.5101
93.9901
89.5887
94.691
95.3607
92.7496
97.7136
98.7007
98.6948
96.6407
93.932
96.9913
93.5492
98.4851
99.9733
99.5987
91.6535
94.5785
93.4669
95.6367
97.9209
101.09
98.9783
95.1937
94.3125
96.4524
98.309
95.9211
93.9945
99.2672
95.9595
92.4705
92.8099
96.0592
94.8668
95.9612
95.6163
98.1659
99.8885
92.4688
93.6565
97.3988
99.0625
94.9489
93.7851
94.1304
96.968
96.5753
97.0495
96.0818
95.5536
100.987
95.0671
92.8047
94.4657
95.3488
96.015
96.2051
91.3774
95.1175
98.2059
93.8372
93.0451
96.2505
97.4859
95.8411
95.0332
96.0728
93.5878
94.722
94.0222
96.3423
100.465
97.0799
98.7259
98.0168
96.3615
95.1915
96.3709
93.6256
94.9549
95.6938
94.3288
98.4589
95.914
97.1047
99.1748
95.8974
94.255
97.9121
94.4282
92.8275
95.2962
96.5856
94.9234
97.7269
93.5256
95.4989
94.9542
97.4856
95.1232
96.4747
92.3954
94.3181
94.3946
97.117
97.7705
90.8533
95.737
95.066
95.1367
94.9036
93.8058
97.5711
94.1882
96.7083
93.9377
94.5235
97.5039
96.0591
95.9987
93.426
96.1488
93.1832
91.8415
94.1031
97.2287
93.6214
96.1076
96.4159
95.4033
93.6914
94.2402
94.4868
93.6653
97.9459
97.0613
97.5507
93.544
95.2899
93.7837
94.4003
94.5509
96.5282
93.2613
92.3952
96.5622
96.7551
101.142
94.0304
96.9277
99.4412
98.5162
94.6017
95.47
99.212
99.0122
93.1847
96.2349
97.9101
95.2568
96.6133
97.2168
94.2975
92.5088
96.7202
95.7736
96.2277
95.8294
93.0083
99.2352
96.7453
94.7234
93.9042
96.1771
93.7391
96.595
95.2154
94.09
96.4012
94.898
97.1226
94.7621
94.1182
97.6374
96.2618
96.8373
95.8033
99.3761
96.7852
95.5698
93.6726
92.4551
91.736
93.6177
97.2038
96.6607
96.3488
97.5834
93.8704
94.5751
95.8176
93.8561
95.4487
93.6351
94.9523
94.3452
93.3447
99.1996
95.0629
99.1093
94.812
99.1113
94.0047
96.7568
96.9783
95.0533
94.1432
100.76
92.9699
97.2647
98.1204
95.0467
95.7655
94.7215
92.6702
94.8355
97.5319
94.8726
96.255
99.4093
97.3925
97.2199
96.3909
98.773
94.9491
95.2806
95.39
94.8299
92.1227
96.1194
94.2182
97.9012
96.0412
94.9361
95.2715
94.599
97.974
94.9761
100.051
96.2184
94.5523
96.8191
98.3071
94.4287
96.0327
95.0702
97.5325
95.9514
93.4642
98.2152
95.1229
97.3808
96.0306
92.8752
91.2321
92.159
96.8006
95.308
96.7235
97.8591
96.5306
93.3666
96.7736
99.838
96.6984
99.3072
96.1339
99.675
97.0526
92.9613
96.6999
94.501
96.1465
94.5192
99.0339
98.1362
98.8177
99.0228
96.3442
97.081
97.9778
97.3884
94.8324
95.8699
96.5004
98.9235
93.8887
95.641
95.7174
97.4616
98.873
100.567
96.7485
94.2371
97.3368
93.5794
96.2961
97.3334
91.063
98.8114
94.9483
94.3107
93.671
95.5625
98.4336
97.7063
95.1872
95.1435
96.5992
97.2518
99.2661
94.1869
96.5968
93.5739
94.6637
94.7858
95.1085
94.772
99.8949
93.81
95.7214
96.0847
93.8108
96.4282
93.5296
97.7181
97.8236
96.8023
94.9304
99.9715
97.4646
93.9475
98.0424
94.7612
94.8771
94.8751
96.5577
94.7115
95.8301
92.0368
98.7464
99.9656
94.2227
95.2832
98.2004
97.9295
97.5263
96.9219
98.9594
93.8259
97.0873
93.643
94.9752
99.7013
94.9105
95.8048
95.0259
99.2879
95.2118
92.9991
94.7734
92.5517
93.943
99.6455
96.1513
95.8895
96.1809
97.1867
98.2327
97.1527
96.6113
94.3269
98.4316
95.3922
95.3098
92.7812
95.9185
92.0966
98.0444
95.3786
94.5761
96.2088
96.1005
96.3473
95.8288
95.7714
95.1461
97.0557
92.0295
99.5657
94.8287
91.8043
96.6326
99.1488
95.1431
94.8104
94.1968
94.6156
96.0041
94.5391
95.1487
96.7051
96.9943
97.675
97.2113
96.3924
95.4144
91.0749
93.6397
94.1032
98.059
96.6313
97.4957
93.9614
97.4499
94.8705
94.0672
94.0299
95.6923
94.542
96.869
94.2045
94.6727
96.1632
92.6757
98.9345
96.6538
97.1431
94.8816
99.6362
94.9757
98.1315
97.015
92.8915
96.5863
96.0521
96.2829
96.4076
97.5619
97.2126
95.9684
93.3644
98.298
94.6677
100.455
99.1451
96.51
96.1941
95.4234
95.4334
98.5468
93.7503
94.7594
98.6419
92.0605
96.6275
94.6196
93.2688
94.914
97.62
93.744
96.422
91.4941
99.082
96.3248
97.9128
94.9504
95.9736
97.1801
94.8174
98.028
97.9469
96.0107
95.6476
99.9557
97.0937
95.4764
96.7963
100.184
96.3013
93.6321
99.6548
94.7433
98.2914
93.5766
98.0743
93.0058
94.4722
96.827
99.5694
96.7164
95.2211
96.3389
95.8621
93.9666
97.1496
93.9641
98.3644
96.1479
99.0977
93.7424
95.1281
91.8432
97.2478
97.7477
97.0749
92.897
92.3761
93.6143
96.2672
94.4453
99.6409
93.7873
95.5115
95.8363
92.7292
95.4961
96.3457
92.2483
93.3533
94.1182
97.7498
97.4379
95.6411
95.515
95.2267
93.9591
98.0446
94.4966
94.5458
92.3255
96.3157
97.4942
97.1384
99.0709
95.9782
95.9974
93.2506
91.9475
97.0465
99.9774
95.8241
95.4504
96.7315
98.6206
94.9492
95.8502
94.3019
95.1496
96.0859
98.9592
98.1423
95.4306
95.788
96.7671
97.1738
93.6445
95.8654
97.1538
93.6891
95.2624
96.6564
94.2544
94.8868
97.7671
95.7756
95.8513
96.4121
97.0895
97.6933
98.7705
92.6805
93.4012
95.8955
95.5156
96.3756
91.8862
96.03
95.2605
95.2603
93.836
97.1536
97.3654
94.8147
95.0217
99.1948
94.5868
96.2466
97.0187
94.0813
97.1172
95.8195
95.7679
95.181
95.431
95.9115
97.9446
97.6166
95.0224
97.0317
95.8791
97.5508
98.1764
93.5135
91.9629
95.9251
96.5397
94.8398
96.1445
96.8498
94.911
99.2816
98.2364
97.3436
98.0316
96.4268
99.434
95.425
92.0298
96.1543
98.1913
96.9879
94.7562
92.3879
94.2684
97.3108
96.443
93.0211
95.8178
94.6165
96.4914
94.1327
96.3104
93.8173
97.237
95.5314
96.1143
95.7771
97.8059
90.6263
94.7427
98.5624
100.174
95.9468
94.1277
99.1137
97.8858
94.7446
97.7382
100.945
94.1381
92.5774
99.5233
98.4753
93.3876
97.8812
96.5839
94.926
92.4241
97.311
92.7414
94.8585
94.7228
99.8851
96.7389
91.3637
93.3172
97.576
96.823
100.921
94.5015
94.0158
96.7057
95.2487
98.7207
94.0068
95.9418
96.7611
100.178
95.0832
97.8435
100.261
95.2252
99.8196
96.5299
95.8647
95.3336
96.7286
94.7059
99.244
97.3339
93.7668
99.1564
98.6315
95.0215
95.3828
97.8926
94.561
98.3241
96.0788
96.5253
95.9563
93.5743
96.6028
97.4877
97.4639
95.1809
97.6224
96.6442
95.4533
95.0196
96.3324
95.1997
99.3214
94.2502
96.7727
95.1643
96.3664
97.8581
90.5446
93.3437
94.1346
93.6676
98.8842
93.6008
94.8828
92.9907
94.9141
95.4348
95.5347
92.7189
97.8291
93.8329
97.1698
96.4495
96.6153
97.6182
95.6387
95.9167
94.2715
94.7344
96.8617
94.4622
94.9197
100.001
98.2748
96.5819
94.1177
97.8558
98.275
98.6152
96.6527
95.8705
95.5689
98.5491
91.097
95.2935
94.5676
97.1969
96.0933
96.4864
94.2808
93.6255
96.5398
95.1332
95.5188
93.764
97.0075
95.5747
98.5756
94.8782
97.1251
95.801
97.1799
94.7748
95.7078
97.5305
96.3863
97.712
94.1048
97.2054
96.4139
96.2203
95.7318
96.5609
95.9766
98.6374
96.6951
96.1129
97.8162
96.2847
95.2881
97.9616
95.0436
96.9653
97.1486
99.1309
96.4994
96.6009
97.4867
97.6737
97.7761
93.337
96.4154
95.0565
96.8936
95.2364
99.2741
97.9839
94.6647
95.9452
94.7301
101.08
96.2418
92.413
94.2551
98.9578
94.0099
98.7928
97.7402
93.7149
98.3225
94.4454
94.1486
96.5418
95.0244
97.2053
97.8869
97.5145
95.3521
95.066
97.7261
98.4702
95.8831
96.5896
98.5084
94.5233
95.3532
96.9253
94.7914
99.0775
96.5268
95.6688
93.9761
95.1418
94.5072
99.4992
94.167
94.0158
95.3665
98.5077
93.6058
95.1255
95.1308
99.3159
97.1989
93.7304
94.8508
97.3221
97.1989
95.4405
93.0073
94.6828
98.7548
88.9561
96.4701
95.9908
95.648
96.8728
96.1429
98.1257
96.4215
96.7051
94.769
93.2137
92.7684
99.7328
97.878
98.8141
92.9496
95.2672
92.4397
98.5374
97.9047
96.9016
96.2554
96.0103
99.1919
96.0951
95.29
96.1238
92.8575
95.6171
99.1365
95.5509
96.1263
96.7834
98.7798
97.3715
96.7528
94.6102
98.895
94.5282
97.939
94.2155
95.106
98.2197
98.4466
96.5388
98.601
92.7488
97.2266
97.5066
96.0967
100.204
96.8308
93.6527
92.1183
95.0985
97.3302
91.8855
96.4267
94.1828
93.0988
97.7183
96.5276
96.6372
95.8743
97.1657
93.5772
95.5864
95.7865
96.1354
99.5594
95.5993
96.8784
98.9064
98.5501
97.9357
93.3854
98.039
97.4196
96.4388
96.2295
97.4766
96.3131
99.9724
94.0249
101.311
97.4835
93.7451
95.0766
93.3875
95.4761
97.3007
98.4943
92.9082
96.0793
97.3173
95.4782
97.2021
96.5161
93.9963
96.362
94.1899
98.0202
96.8735
95.7185
94.4816
92.9176
98.3213
96.5716
94.2915
94.3369
97.0084
96.5908
94.7976
95.4431
96.5003
96.9757
92.9947
96.9847
97.2239
95.9164
96.7946
94.6894
93.6082
93.7891
92.8473
99.4319
94.3602
91.3348
98.1452
94.6573
96.0715
97.7997
97.0014
97.5265
93.9362
97.4969
94.6762
97.6044
95.2851
97.0743
95.4203
94.6989
94.9608
93.793
96.3539
96.1487
98.5092
93.5452
98.799
98.1255
95.2592
97.4698
93.0863
96.5606
94.4993
95.7118
94.0247
90.8798
92.9648
94.5552
96.2035
99.5765
96.5285
98.3093
97.397
92.5127
97.5959
92.9649
98.2033
95.2835
95.8089
99.6194
96.2131
99.5183
93.619
93.7015
95.01
94.3408
94.3753
95.5884
96.9959
98.9618
98.2679
97.3478
96.6684
97.5846
95.2512
95.2458
96.0205
90.8894
98.7623
94.7643
95.4805
97.0346
93.8395
96.6495
93.5245
95.1198
97.0203
92.8326
95.1881
98.0338
93.0511
96.2674
94.9143
98.4131
97.3859
95.4025
99.2894
100.58
95.808
91.5224
94.3622
96.0604
96.3747
96.8671
98.819
96.4889
96.2089
100.296
96.1955
100.738
93.1359
95.6695
98.81
97.513
99.4236
96.9204
97.876
95.1805
97.3667
99.9606
99.545
95.8205
95.5839
96.5687
98.6148
94.7793
93.7579
100.086
95.1123
96.2726
97.2148
98.8608
95.9896
95.8624
97.5539
97.5875
97.8349
93.7468
94.7187
97.5821
96.7791
95.1291
99.6726
98.3194
93.9185
96.8585
93.3119
96.4273
95.5271
93.9174
97.8251
93.611
95.2323
93.3866
95.8873
95.3343
96.9591
95.614
98.7806
96.8173
96.537
95.1692
95.4065
96.6568
92.6747
97.7546
95.5872
95.2122
93.2526
97.3409
95.2057
93.5523
97.8898
98.8171
94.3567
95.5676
95.2918
96.4059
98.1582
94.2335
94.3548
92.3219
97.719
92.0037
93.2899
96.457
94.2298
96.0592
98.5409
95.8448
96.2648
95.3446
95.6114
96.931
93.2852
92.7482
96.0662
94.4159
95.5456
95.1385
95.7866
99.2766
96.8034
93.4287
98.8033
96.6592
97.576
96.7516
94.3581
92.2838
95.3807
94.7255
95.0876
94.9882
96.3338
96.7061
96.02
98.3863
91.8016
97.5053
97.4923
93.5927
99.8675
96.5208
98.2337
94.836
95.2186
98.9028
95.107
97.6701
96.7386
97.3234
95.5507
97.3086
96.2762
98.0554
99.2912
94.8945
98.7025
95.916
97.7622
94.9028
97.2411
98.1572
93.9935
95.4444
95.4279
98.0522
96.769
95.2461
93.9951
94.9818
98.892
97.0985
91.9941
98.3287
98.9519
94.3085
97.0074
98.8841
96.8111
97.3647
94.6898
96.1851
97.1914
95.3988
97.1425
96.0562
100.238
93.3838
98.9088
94.1293
96.0295
100.106
99.407
93.9565
92.7278
93.4159
98.7741
98.2166
92.7078
96.2455
96.0433
94.5992
94.7234
97.4216
98.5819
92.9422
99.21
94.6431
96.5214
95.4143
96.3554
94.4861
96.2698
93.9505
95.5596
98.526
92.7817
96.8983
95.568
93.5689
97.3661
98.4759
96.5168
96.3072
95.7807
97.4703
98.9514
95.7398
93.1479
95.0713
98.9298
93.838
96.1951
98.918
98.5346
96.018
92.7096
95.7063
96.1024
97.0758
94.4872
99.4067
96.4087
97.2187
94.7894
96.511
97.2765
100.345
97.4266
95.439
96.6026
98.8121
95.617
97.3946
96.7353
100.904
94.0605
94.5606
97.6706
98.8199
95.1783
94.5473
93.7581
93.525
97.3157
96.4165
96.4829
93.0458
97.0095
93.7681
95.2604
93.5482
96.0022
99.8679
95.5128
91.7009
93.3248
92.829
96.2987
95.4893
96.1004
94.5695
93.6872
93.1784
97.2824
95.2491
96.8964
95.2824
97.0036
93.7616
96.6851
99.2763
97.3049
96.1628
96.5613
97.7227
95.93
95.9517
97.2739
97.144
95.2557
94.6887
95.5761
96.7027
101.679
95.8436
95.988
98.2279
93.7306
95.1067
95.047
96.4464
96.0779
97.4165
99.792
93.6513
92.8789
92.8776
95.0478
94.0282
93.5842
96.5434
98.0885
100.473
95.3768
99.5944
95.5938
95.2361
92.6976
96.5024
95.5871
96.7502
94.0178
96.628
96.5122
97.6439
96.1058
98.2025
95.3893
93.4427
94.1078
95.4898
95.0159
100.407
98.7979
98.2063
92.6656
97.3728
95.077
92.7878
98.4794
94.8181
94.9856
93.9302
98.864
93.8449
95.4437
95.656
92.1754
95.6293
96.4053
97.6987
93.8298
96.1307
97.5212
93.8181
90.8636
96.6402
95.0151
95.4097
93.5763
97.5348
96.7925
98.8412
97.8988
94.6516
94.8161
98.237
96.3364
96.2279
98.8224
96.5139
95.2852
95.843
91.6224
96.703
93.7216
96.4068
95.0209
101.189
95.2789
95.6595
94.9561
96.5103
93.526
94.5979
94.4281
97.9715
98.5844
96.2865
96.4528
96.1703
96.3925
95.2357
92.99
99.2566
92.0241
93.6295
96.1699
95.7235
95.3515
93.4066
93.1215
99.4851
96.4525
94.7971
95.0174
97.8118
95.8747
97.3529
95.2288
94.7707
96.2616
95.841
97.9179
95.7168
94.9632
95.3323
97.4948
100.121
96.229
95.6612
97.9316
92.7728
93.9785
95.7136
97.8659
96.6832
96.1466
97.2001
92.2276
96.6621
97.9985
96.1778
94.2021
99.0265
94.8216
95.7775
98.9396
94.5399
96.7319
97.8207
97.3806
91.1269
97.4439
96.069
95.0644
95.086
94.9366
92.9201
95.9063
95.5642
97.7882
96.9422
95.2485
94.2021
94.6246
99.6518
96.2223
96.8976
96.4355
97.1354
95.1183
96.2683
97.936
98.3286
97.1717
96.0306
102.339
93.8992
96.8219
98.6107
95.194
94.6004
96.4043
95.521
98.9893
98.6761
96.3908
98.3111
100.424
97.9216
97.3091
97.9834
95.1342
100.061
94.9683
95.6642
93.9405
97.6497
96.9396
96.5103
96.2492
96.7175
95.4114
94.7891
89.7661
99.6289
97.9734
95.5365
93.3286
96.7481
96.2156
97.6652
96.0325
94.7944
91.1392
97.6338
93.9915
98.5237
96.5185
98.9161
95.738
98.0201
96.3172
93.5914
97.3293
94.8833
96.696
92.6304
99.2585
96.5647
94.386
95.0026
96.2769
97.3618
95.5814
96.4824
94.422
95.0305
95.6475
93.5437
96.7004
97.4907
95.3691
92.4939
93.8156
94.7646
93.4334
92.2135
95.3624
95.5496
93.1355
97.2143
97.024
95.8972
95.7654
93.1544
97.671
96.7536
96.005
97.1681
99.0219
97.9163
95.9811
98.3667
95.9294
94.7938
95.9033
93.9883
97.6813
95.3166
95.2589
93.9148
100.169
98.5724
97.4272
95.5939
94.863
94.638
91.9186
97.3434
94.9941
98.7186
90.6253
95.6889
96.3301
99.418
93.2709
99.3085
96.0781
96.2674
95.1587
96.4857
98.8853
94.5812
97.7823
98.4979
96.8918
98.0571
95.8237
97.2321
98.6365
97.9161
97.8556
97.1583
95.2548
96.3481
97.057
94.7212
93.4933
94.8269
92.7592
95.8265
97.0791
95.4531
97.7344
97.0794
94.0547
94.7304
94.5225
97.9304
97.1331
93.6808
96.1847
92.4457
93.0868
98.1539
94.339
95.5717
96.7223
97.5062
95.0281
96.3465
98.3102
93.2023
96.0402
100.089
96.1509
93.218
94.1978
94.8585
93.8414
97.8468
95.9757
94.1687
94.9419
94.9464
96.9278
97.932
99.0057
94.3637
96.0868
98.9345
91.8859
95.5272
97.0295
97.3291
96.7643
98.8262
92.6185
94.7446
98.175
95.0781
96.4688
101.825
95.9002
96.5308
94.065
93.0029
98.7451
96.0006
99.7597
97.6911
100.421
91.8939
97.6893
99.7015
93.7458
96.0904
99.3002
94.2871
98.0798
96.3694
95.8759
98.6247
96.0614
91.7976
93.1823
97.9047
97.0583
94.1023
93.6853
97.1189
95.4129
93.8399
92.7485
97.3119
93.5025
98.9753
95.5785
97.7049
96.7949
95.5649
95.333
95.7312
92.4295
93.7564
98.7356
95.1753
93.0761
95.9118
95.4567
98.9301
95.4622
95.5353
95.8124
94.7543
96.3399
91.9214
95.1429
94.807
99.3753
94.3311
90.7869
96.3167
97.7673
95.4095
99.1425
94.5585
97.2314
95.2094
93.5544
97.6551
93.7923
96.9234
98.5031
94.4397
96.6565
93.9889
99.9644
97.1398
94.5363
92.9678
99.2044
97.9397
94.473
99.7817
95.5786
95.0573
95.9304
99.5483
93.4545
95.3713
97.9046
96.3761
94.9473
96.8654
94.1353
95.048
92.7052
96.0468
96.9079
95.1933
93.8795
95.9606
95.3785
93.8443
98.2221
95.643
94.1269
97.9379
94.5469
97.6237
96.6243
92.7828
95.9504
94.1138
98.6217
97.1289
96.9252
97.7865
98.3853
99.2244
97.004
92.0251
97.3221
94.7045
93.6837
94.9074
94.3539
98.9566
95.7397
96.151
98.2855
98.6305
93.9062
97.5954
94.6931
97.0418
93.0987
97.7724
94.9714
92.6499
97.7107
94.4642
92.6109
97.349
92.0427
94.3748
98.7458
90.8835
96.4044
96.827
96.2781
93.2028
98.4737
96.2797
95.3789
93.9603
96.3142
96.9658
93.969
93.1435
95.663
95.9877
94.0305
95.2731
96.9072
96.8477
98.3546
96.6982
96.8182
98.782
96.79
93.5935
92.3063
93.7889
94.3889
97.6303
97.9835
96.6475
96.8821
98.2523
94.8308
95.652
93.5498
98.6572
93.3153
94.6232
96.2508
99.1075
94.9072
96.4463
96.519
97.8245
94.0562
93.9476
97.656
99.627
96.6123
96.8437
96.2566
97.4747
98.758
94.7098
94.4751
97.0221
94.3596
94.3884
97.7924
94.7607
98.1229
94.2288
95.6384
93.9905
94.234
96.5532
95.1279
96.0643
95.0707
97.9188
98.0055
93.5573
95.9283
96.5177
94.1606
97.2531
98.4766
95.5338
93.7652
100.47
94.9165
95.11
93.393
94.4099
97.8367
97.8071
95.6174
93.55
94.2027
96.0921
91.7108
95.5131
94.0368
95.2417
96.2587
92.8107
96.9921
95.7634
94.733
90.2252
96.1862
95.625
94.0301
91.9143
94.9729
94.5671
93.6277
96.7779
93.4248
94.7078
95.8806
98.766
99.4162
96.2824
95.5661
95.7279
97.7586
93.7223
95.1722
94.4788
95.8371
96.9796
95.6505
95.1313
95.8535
95.1609
96.4463
96.6212
94.1816
94.6713
91.4437
95.2471
98.8046
92.8843
98.4114
95.5754
92.4937
93.2586
100.133
96.6508
92.4688
93.0745
96.4847
94.2525
93.678
96.9242
92.6812
96.2335
94.336
94.9324
96.596
98.5938
95.6694
97.5401
98.3586
96.6949
94.9568
95.2139
96.2492
98.0444
94.9171
94.7604
93.742
97.0746
94.7038
95.5933
95.9274
96.1336
99.8599
94.6607
95.1258
97.8402
93.137
97.8276
98.4421
97.8493
96.4114
92.552
97.0701
95.3186
96.7673
93.6388
96.33
96.9568
95.3557
98.7658
104.595
96.3585
92.7689
95.0069
97.2012
97.7148
96.2498
101.548
97.7621
98.2217
92.9085
91.2956
94.8079
95.6187
96.1767
95.0183
96.5033
95.0095
95.4475
96.4232
94.927
97.5745
92.4367
94.7466
99.965
94.0084
95.207
95.7168
93.9347
95.6436
93.8676
96.9886
93.9714
94.4178
96.6966
94.8917
95.1432
95.816
97.5413
95.6937
93.6337
96.296
95.1621
95.7848
95.6688
93.8006
95.9152
95.201
93.205
94.9727
96.687
96.4092
94.7522
91.1835
95.0433
91.1295
93.8262
98.3654
95.6753
94.4984
95.6721
97.0999
94.8976
92.9887
93.0801
96.5275
97.2291
98.1058
101.092
94.4273
97.1512
93.8871
93.5542
96.5539
96.5487
95.0989
94.2219
94.9073
95.9055
96.7312
96.264
98.4891
98.4726
94.799
96.2868
96.8609
96.3211
94.6224
98.7597
96.0135
98.4849
98.0915
97.1075
95.2878
94.6383
97.7683
92.9347
97.7482
95.8195
98.8995
93.3905
93.2255
99.7132
96.7376
95.7982
96.7079
98.3614
94.6606
95.2721
97.1481
97.561
98.493
94.8481
95.1434
97.2385
96.3688
97.4515
92.1291
96.548
91.2451
98.5442
91.8655
97.033
92.9345
100.178
94.6721
95.9388
96.5061
95.7279
97.4894
97.1533
96.8935
99.9013
96.8654
95.3211
94.5557
96.6588
98.8847
94.5143
95.7262
94.9254
95.0739
98.3908
95.8728
95.2482
94.6909
96.1184
96.788
96.8824
94.1703
94.1867
97.6746
90.7822
97.7277
96.3163
95.0669
97.2212
93.011
95.4866
96.7659
92.746
96.5427
93.5817
94.6334
95.8965
96.1368
94.255
98.3039
95.3442
94.8201
94.0126
97.4655
95.9243
98.6093
99.6875
94.551
94.9824
95.2175
95.4229
98.0554
96.1733
99.5048
95.3802
95.1469
97.5189
94.0954
94.5297
97.4107
96.9782
97.2255
98.2239
95.7012
99.3307
97.7643
97.0858
96.8528
96.4457
92.6729
97.336
93.9484
97.0051
95.9132
94.6259
96.1153
97.397
96.8553
95.6567
98.5065
97.1413
95.017
96.7074
97.1984
94.1614
96.2653
98.6853
97.1357
96.2036
91.9943
92.8533
96.8424
95.4249
94.2112
100.829
99.084
93.2094
94.1351
96.2757
94.1863
95.7095
93.7364
95.4087
96.4685
98.1262
94.2652
96.8727
96.7547
95.5981
96.0447
94.6616
93.345
97.2862
96.7238
98.3668
97.5714
95.7729
92.7955
96.9998
96.0917
95.1296
92.7789
96.4912
94.6233
95.8082
93.2767
90.8835
97.2173
96.5238
98.0959
96.5859
96.6549
96.3106
96.1445
96.5989
93.5859
100.122
99.4818
97.7923
98.1729
95.8816
95.0851
95.861
96.0789
97.5746
101.92
98.2893
92.1662
93.7389
94.408
92.3525
93.2723
93.8894
95.3149
93.981
94.3341
95.5524
94.1651
93.271
95.1706
91.7802
94.6132
94.6293
97.5593
97.6906
96.0424
91.2703
95.275
95.0667
96.0221
96.2053
94.1583
100.827
94.324
100.189
98.0467
93.936
94.2445
97.0499
96.491
96.8602
98.3053
95.6962
94.6574
94.066
97.5411
97.1093
96.3698
93.1118
97.2441
94.3834
95.1743
96.3278
96.1497
95.7094
97.2589
97.8702
96.3496
93.8575
97.1474
95.9605
96.1712
95.3704
98.8838
95.8466
94.9889
97.0332
99.893
97.0558
96.7232
93.9422
94.2115
96.1969
90.3578
96.1631
94.8202
95.2571
98.7155
96.4758
97.9991
95.6168
98.7211
96.3961
93.8442
97.2376
100.485
95.1702
97.9428
96.4818
97.2732
95.9679
93.7016
93.8946
96.8678
94.9744
98.1141
96.8698
93.7421
97.2143
96.6125
94.5827
95.826
95.7204
93.5798
96.4476
96.5944
93.84
95.7092
97.2243
94.91
93.6559
94.3383
94.3484
95.9157
95.7334
97.5152
100.28
94.7155
95.9516
96.9516
97.5107
94.0903
100.225
94.5149
95.6755
95.7612
99.8501
98.0871
96.3616
95.5707
98.8486
98.3797
96.4845
100.843
94.8846
97.5357
95.7719
93.9941
94.0854
97.9898
93.9278
99.8863
96.5201
97.0819
92.6119
97.7767
99.5546
96.1117
97.3363
94.3596
97.7192
98.4909
95.2116
95.2272
100.22
91.8764
95.9137
93.3472
95.5553
97.2914
98.5939
96.0286
97.4163
98.3497
98.1606
93.6409
95.6147
98.3837
94.3101
92.6382
93.8137
98.9756
97.3245
94.4877
98.4776
96.7946
97.7177
92.5946
95.2506
95.1742
98.222
91.4483
94.0784
93.9696
94.0854
95.8482
96.0695
95.9371
96.59
92.8184
96.6986
91.5942
95.1219
98.7311
94.3394
95.0833
100.603
93.1086
99.0298
96.0552
96.4147
95.2356
89.7257
94.9231
97.9491
98.7695
97.4668
95.0515
94.3235
98.1536
95.4468
97.6147
98.0179
97.2796
97.2196
100.682
95.8944
95.1197
95.5877
95.442
92.631
95.2224
95.4738
98.5279
97.0944
96.292
95.529
100.817
95.0995
100.258
95.4782
101.09
97.5528
96.7076
96.4155
98.2171
95.539
97.5494
93.6054
96.1695
97.0937
94.9372
98.7455
97.9427
99.2148
100.355
97.7725
93.5694
96.4024
101.109
97.3701
94.3953
94.3811
96.3309
98.6413
97.5942
94.1948
96.7254
95.7501
96.6051
95.0293
94.8149
92.9322
95.8881
97.5113
94.9588
94.8359
94.6128
97.5214
93.6412
96.3161
96.9918
95.8143
95.0481
95.483
95.8673
97.1546
95.8836
96.0543
94.5859
97.5614
94.0313
96.7595
92.7817
94.4478
93.5977
96.1425
94.9448
93.7081
97.7365
92.354
92.7804
97.0157
94.6494
97.2591
94.8884
95.7951
93.6306
92.1496
97.0468
92.5994
93.1538
95.4371
98.6986
96.4448
95.2704
95.912
99.4858
97.8579
96.9284
96.0981
97.0404
96.3692
97.3952
98.6366
97.6682
95.6949
94.1593
96.3076
96.4754
95.0927
97.4255
97.4979
98.9189
97.2832
94.7544
93.7934
94.9059
95.3266
96.0956
96.0859
94.2949
97.9992
92.2206
97.4636
99.7931
97.042
99.6352
95.3495
94.5275
95.8362
94.2789
95.1706
97.9021
96.3649
96.0896
96.6338
90.6562
95.4739
93.2458
91.2843
94.1333
97.6094
93.3418
98.145
95.2627
95.3639
98.119
94.4339
93.8854
96.46
94.572
99.3881
93.6015
97.7918
94.786
95.7727
96.4521
97.6897
97.4823
98.2019
98.2031
96.8412
93.6073
98.6599
94.0927
94.5773
96.8104
97.4408
95.554
94.8786
94.301
98.2916
97.6017
96.7695
96.6302
93.566
95.074
98.9342
99.0653
94.8636
97.9261
97.8208
96.2082
97.1548
97.8983
94.769
94.9432
92.657
94.7644
98.3111
96.1086
93.1838
93.7557
95.4479
98.0138
96.8257
96.0487
94.118
97.352
97.6271
99.6915
97.7656
94.3545
96.7891
96.5922
94.5152
94.6017
97.7258
95.3391
94.2812
94.3804
99.2002
96.1796
93.768
96.4797
92.9769
94.2598
95.2183
97.6312
96.3132
96.8423
97.8525
94.8749
93.8608
97.1378
93.3332
96.519
95.772
95.1472
93.7054
97.0926
95.7855
95.2201
97.3284
98.2349
94.8843
94.0427
96.7314
97.4401
99.4274
97.0646
90.3852
91.7475
95.6096
96.4619
94.0719
93.41
97.0823
95.5092
94.3778
95.0314
97.2538
95.6321
98.3334
98.1947
98.87
93.5418
96.9061
94.4607
96.0453
93.3024
99.5482
94.0844
99.0321
92.4733
97.477
92.674
94.8411
98.681
98.3412
95.7218
100.747
96.8102
94.5934
98.3341
94.5449
99.1105
94.6136
92.0925
99.8606
95.7011
97.8019
93.3283
97.3371
95.0853
98.4136
97.5044
96.6517
95.4629
97.2799
100.819
94.4695
95.3176
95.1159
96.5535
96.6151
96.7754
97.0308
95.0752
97.5211
95.1756
98.0098
98.9375
94.5946
93.8866
94.3188
96.2812
94.1681
95.1427
95.7438
94.3468
99.1523
98.7346
94.1996
93.6203
99.3195
94.4583
97.7423
96.936
97.2474
94.5808
95.5187
95.4151
93.8854
91.6946
93.8307
96.1123
95.9437
97.709
96.0482
97.3479
95.9444
92.0662
94.7211
94.6706
93.9338
95.9719
97.7283
95.0361
93.9895
96.3031
96.8382
95.2241
96.8838
97.3706
98.2474
96.0821
94.0362
94.8977
94.5108
92.0715
96.7028
96.5808
96.8695
94.6127
99.144
96.9429
95.0208
96.0327
97.1012
94.2782
97.9526
95.2959
96.5721
97.7605
96.9452
97.312
94.9075
93.9769
99.8626
94.0872
94.0936
99.8949
97.5478
95.2353
95.4414
97.8495
95.3196
93.6154
94.2734
94.0403
95.3705
93.9072
97.8614
94.5931
96.6786
94.0065
94.2387
96.75
95.7253
95.7953
95.3288
93.9911
99.0102
95.1427
97.9323
95.0546
98.7066
95.1686
93.9074
94.2189
96.7055
97.2067
96.8862
97.5044
96.8854
96.9752
98.0322
96.0261
95.7974
95.7709
93.952
98.3895
97.1676
98.3844
92.1223
95.7617
93.941
99.4317
90.809
96.5763
101.515
97.5467
93.7652
96.7719
97.6535
96.6155
94.8537
96.4435
97.6883
96.1126
98.5046
96.3397
94.9499
95.311
95.4091
95.942
94.7948
96.152
98.141
96.1281
97.1235
95.4976
97.6303
95.782
97.6591
97.9404
95.1781
95.5646
93.8208
99.18
97.0177
97.4095
97.5034
94.866
96.8729
91.1269
94.452
96.9159
99.5655
99.3138
97.2277
95.5115
95.4081
96.1846
98.9439
96.9645
96.1922
96.9278
96.5037
96.309
93.8787
92.9968
94.6674
100.976
99.4459
95.2156
96.7199
94.5032
95.1122
93.1777
93
96.4082
93.8565
95.0691
93.7291
96.7353
100.201
98.3543
97.6037
96.9619
94.2877
94.3495
96.9283
96.1286
98.7494
94.2682
93.5657
97.7341
96.5671
94.8214
95.8398
98.6765
96.2888
98.4704
94.7384
97.8595
95.6898
98.1936
100.236
98.7043
96.8295
94.3874
96.0584
95.4971
96.9512
96.6422
93.34
96.2511
96.1446
96.7248
99.2464
93.9901
98.5571
94.5415
99.1292
97.8911
95.1615
98.4128
97.3081
92.7725
98.3144
95.9424
95.8583
94.9448
93.603
94.9136
96.5762
96.4264
94.4449
94.7674
96.8318
96.6831
93.6649
99.0369
96.3133
97.8294
94.232
94.1553
97.3085
99.0777
91.2191
97.1051
94.2049
96.1685
99.7915
97.2589
95.3344
96.4754
94.4717
96.2412
94.4935
98.0146
95.7119
97.2663
95.9365
98.3557
97.1024
96.1247
95.9441
95.7002
96.6192
97.3542
96.147
94.9089
89.7604
96.6145
92.8346
97.4966
98.9039
95.4719
95.2674
93.8349
97.5089
91.8712
97.8827
94.2686
96.7521
96.6279
94.0374
96.3394
94.8283
98.8244
95.5962
95.2759
96.8908
93.5073
94.5906
95.7776
95.5761
96.1505
95.3619
95.5538
95.1072
97.643
92.8403
97.1384
95.549
94.822
93.6162
95.3793
94.9896
93.9831
95.7279
95.9875
96.9232
97.6497
98.1921
95.7813
96.1554
96.936
100.367
98.0431
94.7412
98.2295
98.3446
97.9834
96.8497
99.6528
95.3255
92.8629
96.5585
93.7854
96.9443
95.8841
98.1467
95.6346
95.0257
97.7032
96.9791
95.0753
93.2081
94.0368
98.68
95.8046
97.4015
92.5982
94.9485
98.2728
97.8662
97.0861
96.8284
96.1926
97.7415
97.9745
97.8199
95.6977
96.5205
98.5382
96.0647
93.8862
97.2553
93.7923
99.5697
98.929
91.3295
97.6489
93.4021
99.6331
95.1127
94.8448
92.0847
93.2416
97.0901
93.6458
99.3541
95.2082
96.8719
99.0496
96.5114
93.5497
95.854
97.3384
97.6109
97.2781
95.0282
94.4448
93.6728
95.1114
92.768
95.6085
95.6141
98.9914
94.6007
94.9227
93.1092
95.4163
98.3085
96.8061
95.1675
96.1809
94.0611
97.528
94.7643
97.5454
97.4559
94.3455
95.3007
94.3048
96.2063
92.8854
93.9874
99.9842
98.2599
97.3021
91.3705
95.6102
97.3397
96.3179
100.472
94.2539
95.2769
96.7554
99.5841
98.0778
95.7492
93.9277
95.8771
100.026
95.173
94.0096
94.6069
93.6653
96.2167
97.6198
95.5343
93.5298
101.666
98.7762
96.4737
97.8039
96.5229
93.9531
97.9465
93.959
97.6194
93.9369
95.2752
99.8968
94.6668
96.6196
95.6908
95.4489
97.6781
97.2313
100.533
97.8774
97.217
95.7454
95.1239
96.6074
98.1192
96.9933
94.8618
95.9519
96.0037
94.5733
94.1375
98.713
93.4981
94.8271
96.1232
95.9021
96.6049
92.7492
92.9184
95.9613
98.4838
94.2914
96.019
95.5946
96.8973
96.0685
94.8211
95.1078
92.4816
94.8159
97.3021
93.8149
92.8786
93.9939
97.5899
97.23
95.582
97.0051
96.9848
97.0333
93.7811
96.1871
94.1386
94.5955
96.2683
96.859
96.0452
96.7978
96.5427
95.9625
93.2448
97.2378
97.98
96.785
97.6871
95.0494
96.0508
96.5449
97.1429
101.184
94.9074
96.9141
99.8546
94.7092
94.1961
94.5987
96.9007
96.9201
95.7232
97.9439
95.4352
96.769
96.1036
94.7618
94.3496
97.7504
94.486
95.8363
95.358
97.2357
94.9241
94.8986
96.3255
94.8943
94.7961
95.4206
97.304
95.0828
95.1869
96.7639
93.482
95.0707
94.8872
96.5582
98.01
98.0308
96.1518
96.3453
96.819
98.001
95.5101
96.4502
97.2126
96.9079
98.0015
95.989
95.2792
92.4724
96.7802
95.6076
94.6585
97.4504
96.0993
96.4599
94.4146
95.0934
93.0488
98.1002
99.341
98.4349
98.1344
98.1218
97.062
93.2542
92.8549
94.5706
99.3556
97.9942
97.8452
97.2944
96.4126
95.5489
93.9396
92.9745
95.4839
97.4364
97.4181
96.4368
95.1427
98.1972
96.5669
94.5204
97.2431
95.126
97.0367
95.7488
96.9948
96.3064
98.3372
94.1156
99.3404
94.6789
97.6452
95.9668
98.1618
94.1316
89.5441
94.6632
97.1537
93.9312
96.4025
96.4077
93.2682
94.0431
94.532
97.9169
95.8169
92.2452
97.4143
94.8257
95.7756
97.0603
96.1099
97.3541
98.1012
94.5503
96.3942
98.1392
95.369
94.4699
96.7874
97.0163
98.1421
93.1281
99.6812
92.5136
98.339
96.7527
93.4263
97.6346
93.7738
93.2367
92.5502
96.5558
93.2809
98.4242
96.6827
93.0681
95.1271
95.8299
95.7108
97.866
96.6537
100.548
95.9522
98.2398
95.9334
101.336
94.2125
93.382
96.1179
98.1366
97.4382
95.0687
92.0111
93.355
96.7407
94.3408
96.6395
93.5567
95.0786
97.2755
99.4143
99.2377
95.1477
98.9968
95.0218
95.4415
96.3136
91.8199
94.5444
99.4974
92.921
94.1287
96.0232
93.8722
99.3292
93.9421
97.6104
98.2066
94.2463
99.0973
96.5999
97.1554
94.5856
94.7405
98.1293
100.098
96.8971
94.4653
93.3968
93.9905
94.3716
93.3531
95.1398
97.2471
98.2913
99.7138
94.2643
96.2511
95.1298
92.9383
101.366
94.7795
97.0522
95.0698
92.982
94.1947
94.0873
95.3468
99.055
91.9764
95.3836
92.7983
94.1768
96.2777
99.8762
93.5787
96.645
95.6644
97.6251
96.7283
96.1369
97.2411
98.4369
94.5125
97.1097
92.1438
96.051
96.3013
95.2679
93.4042
95.505
95.681
96.5433
94.378
96.8422
96.6929
96.9458
97.9432
97.4243
94.4449
96.7193
95.3972
95.707
92.2194
94.1105
98.0122
95.5908
100.388
93.4959
100.355
97.4877
94.8686
98.0853
95.4379
95.5297
97.0224
96.849
96.7767
96.4775
95.5262
98.3872
95.6231
92.745
97.1964
97.3622
95.6922
99.3211
95.9907
95.7437
95.8416
97.1638
93.7885
93.9746
97.1916
95.2572
94.5992
95.6727
95.4245
95.2777
98.0161
95.0092
95.9757
96.5757
94.8397
95.0389
93.7305
96.5495
97.3566
96.9645
97.3763
94.3405
95.9037
94.3394
97.6615
93.9366
95.6923
95.9243
96.2587
97.2839
92.4795
95.7685
96.1064
94.0004
96.2563
96.4911
97.3268
94.2044
96.975
95.7832
97.7113
92.7509
93.292
97.4061
95.7782
96.2315
91.9268
95.1124
98.1297
94.8823
95.7054
93.8838
100.504
96.3513
96.6407
95.0644
94.0402
95.4135
96.9207
95.9724
95.3407
96.9685
94.9899
96.4303
97.655
90.1118
96.4933
95.1352
94.9856
98.7437
98.9763
99.4205
95.0216
98.8772
94.0103
97.302
99.0849
97.2254
97.757
94.4124
96.8715
93.4172
95.5013
93.6183
92.74
98.9909
96.3817
98.403
96.7223
93.0954
92.3421
97.646
93.4118
94.9519
95.7897
92.6735
97.0242
94.2142
96.9797
94.7505
96.5438
97.3495
97.7381
99.4194
97.909
95.7918
95.0781
94.5425
95.4565
98.6996
93.7028
93.9501
97.7286
92.098
99.6088
100.659
96.2717
98.2184
96.7789
95.7422
97.4033
94.6341
96.5504
93.3004
95.7049
93.676
97.0397
93.6799
98.0866
93.8937
96.0511
94.8633
97.375
95.7512
96.6811
94.5243
95.7088
99.9963
93.0194
94.7305
97.5017
96.5166
96.9201
95.6181
96.067
93.9731
95.6965
96.634
98.7903
96.1665
99.2533
100.594
98.7915
95.9646
98.6209
98.0095
98.5766
90.7332
95.2293
95.767
95.6365
96.1286
95.0842
98.7704
95.4847
97.7398
92.697
96.6494
93.4666
95.6924
97.2939
99.1869
96.7845
95.6036
94.8986
91.8474
93.8563
94.8386
95.234
95.6048
93.665
96.9223
95.1895
94.5347
95.3027
93.8744
96.8731
96.4808
92.7479
97.2358
95.3167
99.1365
94.7548
92.5029
95.334
96.5635
96.6725
97.0862
97.8804
98.0075
95.4246
95.919
95.0901
98.6309
96.9739
97.4073
93.4893
94.9437
95.848
95.8206
98.4267
96.6453
96.8453
98.4017
95.0662
95.241
92.8206
95.5495
95.3406
96.7343
93.0083
97.7406
95.0459
94.5859
97.7373
99.9388
98.8995
96.4839
94.0097
94.0561
93.983
97.3073
93.707
96.577
96.5009
95.7614
90.8296
94.6571
92.2056
98.2824
93.9239
97.0882
99.4412
94.4172
95.3499
100.059
100.502
95.1229
97.2884
94.1276
92.8676
101.324
97.0583
96.3875
97.4878
95.2097
94.6523
95.6233
95.1964
93.2251
96.8743
93.5058
95.4028
99.0904
98.8498
96.3669
97.022
97.3873
95.9266
95.496
98.5896
92.6389
94.7578
94.9238
96.8951
96.7306
96.2029
95.597
98.4923
98.4942
98.1484
96.3498
95.793
93.6551
94.4413
95.0716
97.0084
95.5032
95.4236
98.2293
96.2113
98.6627
95.4719
95.8001
94.7096
96.368
95.8508
95.9899
94.0874
97.6767
97.7415
96.6109
96.3619
95.6394
95.8844
96.4098
96.7664
98.231
95.0069
95.7824
93.5221
97.1984
94.4009
95.5051
96.5795
95.0647
95.0322
94.3371
94.6111
94.5692
93.9568
99.0318
98.627
94.431
94.3332
101.507
97.3281
91.186
95.0745
93.5345
95.7286
93.6006
95.3673
97.9608
95.6296
96.9069
91.8282
100.105
96.0684
95.8133
95.9047
95.7562
95.586
95.6082
98.4709
93.9529
99.309
94.8251
92.8229
98.2189
96.4223
95.4466
95.1861
96.1853
97.3279
93.1559
95.3584
94.8292
96.11
94.4296
97.2285
95.4173
93.165
98.4362
97.5688
96.5827
96.4246
96.8775
99.7438
95.8953
97.1377
95.2745
93.8293
97.71
96.2299
96.7815
93.1378
98.1173
95.2365
95.2709
94.1948
95.9211
93.7649
96.9041
100.271
92.8929
97.1987
98.491
94.4988
96.0046
97.0109
94.1435
94.0862
93.9011
95.8469
94.7315
95.8179
96.1384
96.6397
97.0835
98.7496
95.2699
95.0743
95.8149
96.5616
94.4961
93.8156
96.7645
94.0839
96.5583
96.2647
96.5554
94.1644
93.6622
96.0509
98.0622
94.333
91.5045
94.236
96.4771
94.7445
96.6373
93.3031
98.5276
96.55
94.2921
95.9249
95.7972
94.799
97.495
97.4111
95.9408
96.2982
93.3832
98.8351
97.6447
95.9521
94.5685
93.9076
97.6227
96.2836
97.4324
95.9918
91.8558
96.7303
97.2537
95.5651
94.5335
96.4753
95.2159
98.997
95.6324
93.984
94.6488
96.8883
91.3702
97.3617
96.937
97.1651
97.8217
95.3299
100.301
96.6004
93.474
95.6736
93.3778
96.6683
97.0436
101.422
94.5435
97.8877
94.0967
96.1962
97.5092
97.4493
96.4924
99.5322
97.8156
98.3063
96.9519
100.609
96.9864
98.1514
95.0102
93.7667
93.4996
97.7985
95.5511
97.0236
96.3482
95.2908
96.6925
97.3058
94.2177
93.5462
93.6774
96.0384
96.457
97.1941
93.499
95.7304
97.8563
99.2117
96.2006
94.6349
92.1606
96.2647
94.3407
97.0422
98.5741
94.1837
93.7522
92.0414
97.1991
97.4545
93.4306
97.4882
96.6731
96.6884
95.5999
95.738
96.3408
95.8788
95.0675
96.3047
96.1012
100.722
97.2787
96.2184
96.6354
95.4128
93.042
93.7518
95.3423
96.4299
96.1572
97.22
94.5043
92.8508
96.7317
92.1757
93.1185
96.2115
95.1182
95.403
98.0579
94.5741
95.9561
92.562
97.1766
98.3179
99.5388
96.983
95.6815
95.5904
100.346
95.9097
93.6283
92.6346
100.093
93.5243
94.4924
97.473
96.2864
95.9812
97.8546
96.7887
95.5494
96.8857
94.484
98.5585
96.12
101.378
95.225
98.4779
97.3903
92.0823
96.6411
97.7223
96.8433
98.1318
98.2562
94.75
99.968
92.5746
93.1389
98.8862
93.9923
95.9026
97.3982
97.6836
96.0092
96.325
97.374
95.4118
96.3305
96.6228
94.3455
102.821
94.4877
99.7698
95.8042
94.0144
96.9369
97.3477
96.1295
94.8054
94.1854
94.6044
99.118
96.5836
91.7352
100.733
94.3157
95.2882
95.5114
94.7559
97.389
99.2023
91.3804
96.9133
95.9627
96.7172
93.2884
96.65
95.1649
96.9958
93.7638
95.7735
92.9544
96.245
96.7947
94.099
97.5929
96.886
96.6381
100.031
95.2222
97.1504
99.1534
95.7102
93.239
97.3745
96.4758
95.9841
95.9092
98.428
97.0087
98.3835
97.328
98.994
95.8362
91.9138
95.0029
95.0286
96.7847
97.6127
97.9662
96.1186
98.08
96.7448
92.086
98.3712
93.6771
94.6813
98.1464
91.5985
95.0391
98.6116
99.0556
94.4459
99.1014
94.8127
97.3603
93.3927
98.8746
99.978
99.7888
96.1211
93.675
94.9136
92.6453
98.8298
95.1315
99.8644
94.4908
95.4048
95.2197
94.6225
98.236
94.7234
96.1807
95.946
94.4109
96.8802
95.8134
94.9969
97.7127
96.2555
97.5247
96.3774
92.6373
98.371
96.2506
95.2889
95.3763
95.2573
100.348
96.1682
96.4176
93.43
98.8873
93.6534
95.6271
97.599
92.0526
94.2937
94.0182
96.2314
95.0755
97.05
93.1572
96.9941
97.0093
97.8129
95.4167
98.2057
99.0079
95.9804
96.6849
94.0926
95.6063
94.1638
96.518
95.2806
91.8751
99.476
99.246
100.302
95.6829
93.186
97.3844
94.2504
96.0646
94.3856
95.5453
94.7006
97.3508
96.551
93.0478
96.6624
97.2965
95.6301
97.177
95.226
95.0032
94.7878
93.0712
96.0698
95.34
96.8042
95.766
92.6248
95.6122
96.7804
97.8611
96.6076
93.0555
95.395
92.0897
95.2408
94.8703
92.3949
92.9611
95.9372
95.6162
97.5833
98.2342
97.8316
94.4976
97.2885
97.1716
99.2393
99.7179
99.7837
95.11
97.5344
95.2179
92.8146
95.8449
93.1612
92.2122
96.6369
99.6075
92.7252
99.1114
95.515
98.7256
99.0343
94.2435
97.8185
93.5513
94.7026
91.9584
96.8545
98.2997
96.7444
93.8874
97.4714
97.6065
92.5552
95.8048
95.3556
94.2748
93.8879
96.7814
94.8747
96.3199
96.0644
98.8881
93.7313
96.1201
98.1301
95.3868
94.3415
100.342
100.407
95.7983
96.8172
93.853
96.0054
95.9431
97.6172
97.3098
93.9987
98.7015
96.3778
98.0476
93.9142
94.6424
96.9974
94.8946
95.4049
95.022
97.3806
95.7615
95.4972
96.2066
94.0569
97.5157
97.5982
97.0218
95.9497
95.019
96.4119
94.5704
94.7343
96.4603
95.7198
95.496
96.6914
94.3826
99.3723
94.7133
94.9446
93.7561
98.2427
97.425
98.566
97.716
97.3908
97.8805
95.5035
100.014
96.4912
95.7942
95.4924
99.27
99.3611
96.2236
94.3914
98.3993
95.7831
97.0059
96.4285
95.244
94.9969
97.6078
96.7145
95.2369
97.2627
95.6798
96.3452
97.1727
94.3919
94.6627
95.0354
96.149
100.197
95.8287
93.8935
97.0988
97.6609
94.3519
96.0876
95.8174
97.48
97.3443
96.7862
94.0136
97.5787
98.2173
94.8811
94.7943
95.1601
93.1404
97.3873
94.2407
97.6742
93.6296
94.3812
98.2749
97.8114
95.7127
97.4451
97.7957
96.597
96.3886
93.8782
95.1616
96.3181
95.6601
95.9031
97.0434
96.4842
93.2107
98.0015
97.8014
97.295
97.2879
99.3685
89.7102
95.3595
97.7722
96.8478
98.0266
92.6727
95.6657
96.2071
96.0398
94.5321
96.5658
95.6341
98.2952
94.3292
96.1605
95.2834
95.9581
97.6923
95.8906
94.9046
99.0669
95.799
93.0448
94.1037
93.9288
94.5728
96.6952
96.1148
98.295
97.4947
93.125
96.6039
93.4384
95.2348
99.1965
97.2742
95.4909
97.3632
96.6307
97.6178
98.0679
100.027
92.9334
96.725
97.7211
96.0395
95.3416
96.1142
92.714
97.8895
96.135
95.0738
97.8946
93.2009
95.9697
98.2998
96.028
96.612
94.8435
95.1576
93.259
97.4127
96.2401
95.7999
94.3398
95.7813
95.5624
94.8218
95.5585
93.8172
93.7931
95.7754
97.7564
97.4847
97.2333
96.8679
97.3807
98.3704
95.1004
97.0902
99.8828
96.8567
97.028
95.067
95.7999
92.6815
93.966
96.1689
94.6255
95.9117
97.6139
96.0221
94.2083
98.6248
95.5706
92.6325
96.1346
94.1469
93.3473
93.6911
96.4408
99.754
97.7436
93.811
97.6473
97.5062
96.8206
91.9141
94.521
98.562
95.1053
98.792
95.6398
96.421
98.3685
97.4442
94.6118
94.5209
99.2292
94.2217
96.4612
98.7664
98.3136
95.6343
97.6362
95.4491
100.611
94.5587
91.6343
97.7143
97.2312
96.1721
95.2286
94.7547
95.7542
97.6624
96.7656
97.2342
95.5979
100.737
95.6334
94.2698
96.297
93.6124
98.0598
92.791
95.7029
93.823
96.4441
99.2407
92.547
97.466
94.1516
97.0673
95.4364
95.33
94.9445
97.2118
93.7168
97.243
96.4875
96.0602
94.6316
98.493
93.8085
96.4908
95.3491
95.9205
96.6487
96.1423
97.7459
96.4763
96.2725
94.3611
92.0933
99.8365
96.1352
94.0166
95.2579
94.4668
95.1817
97.7058
94.903
97.4548
95.3879
96.9897
98.802
96.5767
97.147
97.4295
95.497
96.4223
95.6752
94.5063
98.8118
98.1469
97.1129
99.42
99.0807
96.6946
95.99
93.8471
97.8228
94.6276
97.124
98.3868
94.4484
100.829
97.1732
95.1008
97.1701
95.577
94.8295
94.8677
93.3375
95.7515
96.3264
91.4042
95.968
96.6073
97.824
95.1302
98.2478
95.2244
92.4626
94.5338
94.6595
93.3334
93.3773
93.3467
94.9813
95.7627
94.5967
94.1425
98.6472
93.9653
94.947
98.8851
96.1879
95.6328
99.5522
96.4612
96.3523
93.5881
95.0251
100.632
99.9787
94.3538
95.8538
93.7336
92.6688
96.5563
92.8693
93.1977
94.0158
97.2286
96.5724
92.205
96.147
98.1238
95.3234
98.7927
97.3035
96.0532
94.7342
96.0736
96.6509
94.7459
93.3103
95.5411
97.2977
95.4684
94.1197
94.1901
98.896
96.1174
94.6254
97.0025
98.5097
97.4284
96.6147
95.5636
93.2417
100.199
95.177
93.5184
95.4449
96.2309
96.9207
99.0779
94.4951
94.6954
98.2775
95.4706
95.7864
93.1965
97.743
96.8598
96.7123
96.3556
94.8659
94.8021
97.9202
94.1463
92.4876
96.3696
93.6027
94.3793
93.8878
97.0207
94.2131
96.4057
98.3617
97.4222
96.1545
98.0182
95.9478
96.1111
94.1878
99.1062
96.7634
94.4671
94.3312
95.5545
95.276
98.7726
97.6421
97.1795
95.8941
97.0984
94.7242
92.5112
95.2402
97.0594
97.8156
96.5076
99.715
93.0601
97.5426
94.9102
99.5005
95.0599
99.2025
97.9064
99.0515
97.12
93.0431
98.1154
96.0736
96.3786
97.4008
97.9096
94.4282
96.9914
96.6514
101.061
92.5256
96.8502
95.698
93.3753
95.9806
96.0364
94.9499
98.8416
96.3084
97.841
95.6356
95.7521
95.3271
94.9981
97.5892
98.378
95.266
97.5359
91.6582
94.4541
94.3921
95.1963
95.6991
95.5361
99.7999
98.5185
99.9604
92.3917
97.4183
95.0992
93.9712
96.3732
94.0933
97.3705
96.1643
92.4462
94.2248
97.2168
99.6825
95.6201
95.0086
95.4515
95.7652
95.3482
96.7317
94.2235
93.9157
95.5757
98.4106
94.4342
90.2919
97.0718
95.4855
95.1275
96.6985
94.4217
95.2138
95.3516
98.8698
91.6476
100.098
96.234
95.6078
98.9362
98.6304
95.72
93.8026
94.2511
98.8673
96.4271
95.571
97.5443
95.3583
99.9252
95.0358
94.6869
96.8248
94.1192
98.0805
97.3467
92.7353
97.0841
97.1788
94.3507
94.779
95.6908
92.6865
93.8475
93.1843
97.587
93.6285
93.1619
95.5269
93.2935
98.1614
97.41
94.7921
94.5383
97.8176
96.3726
96.9649
96.7343
94.4302
97.5004
96.0979
94.9293
95.0569
95.0855
94.7722
96.9035
96.3634
94.4463
96.5951
93.4581
97.8091
95.8555
95.2782
96.4629
96.5199
97.245
97.5595
97.1441
96.931
94.736
99.0735
95.5455
94.1611
94.9877
97.0384
93.2862
96.4699
96.5104
96.4654
99.1623
92.8906
97.6025
95.197
92.795
95.7534
92.3442
97.4427
96.3844
93.815
99.1683
96.3916
96.7252
94.8667
92.6497
96.7696
94.7587
99.3097
99.2733
95.2608
98.7821
96.4702
95.4695
96.6687
94.6523
95.7218
97.7757
95.9806
95.0568
96.0791
93.6537
98.285
97.1075
96.4696
96.0432
95.7426
93.9835
96.3905
94.7368
93.8664
99.5835
95.4617
94.7482
98.1385
95.5159
91.3303
100.751
98.0187
97.7889
94.8974
98.8889
92.5514
98.2554
95.6173
99.2232
94.5494
93.0176
93.012
96.0886
98.4222
97.5817
97.7752
96.882
96.7974
95.185
97.1003
96.8395
96.5927
96.1735
93.5217
91.9959
95.0272
96.4381
93.0375
95.0666
100.35
95.1618
98.3785
97.6994
95.3241
98.724
