104.264
105.76
99.1458
98.5834
101.227
101.173
101.594
95.0107
108.316
104.186
97.8401
99.9207
102.526
99.403
102.982
95.9166
98.8022
102.483
99.7194
100.827
99.1189
103.487
101.25
98.6217
103.523
96.3363
101.476
97.8404
100.402
103.769
100.278
105.052
98.9576
102.032
97.8413
104.532
95.3146
101.938
103.401
99.0738
103.941
101.013
104.601
101.103
102.95
101.018
103.393
103.996
101.97
99.7278
99.2548
98.9896
100.449
100.517
102.022
99.9358
97.3984
102.023
100.538
102.134
103.825
99.3825
99.4534
103.992
99.7264
99.2166
106.032
99.1635
100.012
101.598
98.4278
97.7887
100.628
104.073
99.9645
103.441
105.622
100.408
103.323
100.257
96.8714
103.403
99.8881
102.317
99.5007
103.795
103.537
101.033
101.088
99.0151
98.9115
97.6505
104.509
105.43
102.086
97.0573
101.574
99.0394
100.864
102.934
98.7372
104.338
102.945
95.3293
95.2632
101.242
102.618
102.984
103.177
100.394
98.8094
104.238
98.6956
100.66
100.792
100.513
102.898
101.041
101.126
97.3165
101.744
101.916
104.382
100.562
100.58
104.768
100.917
103.158
99.6464
100.596
96.0079
101.452
102.282
100.844
101.461
100.209
100.089
102.372
100.048
99.1449
97.4345
98.8307
104.294
103.079
100.953
103.726
93.2358
98.286
97.1649
98.9996
103.502
99.1435
102.928
97.8851
101.793
96.5753
103.419
98.508
99.3415
105.444
102.564
101.611
102.686
102.388
103.068
100.61
101.699
102.819
97.6866
100.534
102.673
101.011
100.19
98.9215
97.7033
103.185
99.4307
99.7798
103.241
99.8204
101.235
100.928
103.803
95.9713
99.1653
100.563
97.0484
102.504
99.2517
98.5431
101.505
105.625
98.8056
100.855
99.3306
100.92
100.654
98.1557
97.0046
100.763
100.073
98.8289
98.4579
101.914
101.252
101.55
101.504
95.9662
103.275
98.4036
102.684
107.342
96.1087
100.939
100.446
101.935
98.1118
98.8043
100.081
98.4201
100.377
103.665
104.541
98.0778
103.646
103.785
99.2685
102.128
104.744
95.5836
99.2996
101.657
101.798
98.5315
99.4388
105.815
101.468
100.828
97.6574
101.018
96.8952
102.331
102.156
100.447
97.5535
103.02
101.718
98.3832
103.334
101.637
105.873
98.9979
103.1
104.939
103.066
100.109
96.5006
101.545
99.6609
98.2445
98.7337
104.239
104.139
100.759
101.755
98.5941
101.395
100.932
100.754
99.2749
102.525
100.503
101.652
102.064
97.384
96.5195
100.047
100.735
101.548
105.198
100.983
98.268
100.206
105.228
103.55
100.34
103.56
96.5897
102.858
97.8987
100.876
99.9074
98.2546
97.8632
98.874
103.967
107.021
96.8357
103.777
100.944
104.175
104.56
101.209
98.4583
97.5711
102.44
100.176
107.106
98.8478
102.25
100.786
99.3901
99.8028
99.8712
102.605
93.7232
101.77
102.868
103.724
98.2258
100.663
97.3216
105.907
102.222
100.726
98.6056
97.5266
104.445
101.306
101.26
98.5212
99.1545
107.016
102.319
99.4005
97.3311
104.874
101.492
103.691
98.2017
103.199
99.8692
98.1211
100.678
101.686
100.504
103.909
105.271
98.472
101.58
95.962
102.807
98.9283
99.9904
97.6955
103.089
101.27
101.136
104.255
98.4593
98.4212
99.0163
100.584
97.2755
99.7637
100.637
102.981
99.2645
103.648
101.351
101.957
99.2587
99.2919
99.0823
99.7169
100.578
102.336
100.744
106.036
101.927
93.5775
100.976
101.728
97.226
100.96
98.9003
105.74
99.2379
98.3086
102.807
97.932
99.3109
102.597
99.7844
93.9842
98.8942
103.977
104.893
104.485
100.832
104.373
100.862
96.1111
96.0061
101.652
95.0878
98.9863
102.6
105.435
100.549
103.184
95.2586
98.9476
100.425
103.446
97.218
103.941
101.79
100.54
100.934
104.53
99.3648
94.3064
100.579
99.3756
104.359
99.2644
100.356
101.213
100.863
99.1595
96.5199
100.909
101.817
99.8635
100.865
98.2502
96.5639
103.073
105.173
97.618
101.794
102.881
103.549
103.281
102.036
99.6283
99.9009
100.333
98.9297
100.034
99.8532
98.8124
100.147
99.4389
100.351
99.1791
102.991
104.978
100.582
100.935
105.808
102.523
103.08
99.8303
105.019
102.615
98.5332
102.516
102.176
98.8311
105.004
100.703
103.384
96.0543
103.591
104.189
100.68
99.8727
103.12
100.098
100.919
103.021
102.513
104.081
102.668
97.0632
100.07
105.46
100.323
100.228
100.008
102.281
96.7436
97.0012
96.7323
102.733
100.686
95.8478
101.202
102.87
99.3742
102.274
95.0483
102.279
104.249
102.585
99.7853
103.223
97.5324
103.07
101.974
98.9138
101.248
101.161
97.4585
101.598
101.27
99.2362
103.989
103.178
99.4199
96.2698
102.936
96.8992
99.5919
101.117
102.978
103.143
99.3125
102.305
100.272
105.15
98.8466
99.9982
104.673
101.305
99.724
102.413
99.9663
101.695
94.9479
100.489
101.04
103.073
100.038
98.5985
103.922
99.4773
102.294
100.514
102.419
99.3912
102.559
102.823
95.2944
97.0624
103.053
97.522
103.896
99.7137
94.3652
100.726
100.564
105.344
97.5553
107.361
100.705
98.2659
98.677
98.9005
100.553
98.1192
101.995
104.787
104.918
101.477
99.6063
102.743
102.785
100.518
102.321
96.5687
99.1567
98.6194
98.4252
102.679
100.016
100.668
99.4597
101.287
102.234
103.35
102.447
104.503
102.198
102.919
99.271
101.256
103.829
99.1899
100.839
97.3975
99.3748
96.387
100.682
101.955
97.1917
99.3699
104.463
95.8626
105.046
101.864
99.6793
100.943
101.945
104.208
103.547
102.855
103.719
102.812
102.608
100.168
99.5249
103.602
99.3234
103.739
97.4826
104.987
99.9753
104.102
102.52
101.815
102.447
101.354
100.864
99.655
98.1723
101.343
102.147
107.046
93.8704
97.6997
101.515
103.163
100.939
104.51
100.893
100.687
98.8654
98.243
103.533
98.1994
105.042
105.091
101.552
98.9772
99.5276
101.691
102.991
102.518
97.8558
98.4632
103.657
96.6662
101.922
103.589
100.748
101.164
102.981
101.591
103.519
100.558
103.314
96.2252
103.741
107.12
98.0243
98.3934
100.873
99.6425
97.1472
96.0006
100.898
99.9703
101.18
101.538
101.147
98.2752
99.4351
99.34
102.184
100.145
103.912
97.4105
98.2492
103.359
100.178
99.6338
100.312
100.898
100.765
102.922
104.183
103.408
96.7167
101.949
100.726
103.647
96.3406
100.353
104.286
99.2783
99.4698
105.373
103.803
97.3678
101.105
97.8855
99.8618
100.635
99.2967
101.817
94.7322
99.6357
100.371
100.763
99.9055
103.431
101.442
107.81
99.1572
103.865
103.878
101.887
99.7769
100.382
96.5816
98.6424
99.745
98.4518
97.2582
92.8109
99.3142
102.384
99.6545
101.259
100.226
104.818
102.698
98.8463
104.625
95.8853
98.2354
100.682
100.652
106.484
98.0155
100.536
100.365
103.551
101.114
103.714
103.706
100.607
100.711
99.0528
98.6092
98.7439
95.2165
100.778
99.82
102.511
100.264
103.153
98.3398
97.6897
106.958
97.3245
101.825
98.6136
103.617
101.533
104.971
101.657
103.702
99.3033
99.1869
105.295
102.435
101.042
99.6222
104.436
102.585
99.2766
103.601
96.768
105.224
99.3322
103.1
99.2348
96.8279
106.396
100.437
102.036
98.8158
99.1552
95.0481
102.561
97.9792
102.982
99.2905
105.151
99.1311
102.197
104.41
99.1223
97.4732
104.497
101.978
99.8871
98.8252
101.249
107.232
99.2475
103.652
103.592
100.391
99.8593
100.499
100.205
102.293
102.467
100.024
104.123
99.3797
101.923
102.399
103.456
105.536
100.981
104.975
105.854
99.1853
100.518
99.3558
98.2741
101.008
101.13
100.622
100.552
99.9151
105.144
101.075
102.141
98.99
102.479
101.767
97.9725
99.1082
103.764
104.79
101.069
102.498
98.993
103.258
100.307
101.465
99.4903
97.332
101.216
100.528
101.299
97.8532
99.416
99.3301
99.1727
101.109
102.935
104.135
104.414
97.4655
100.366
104.836
98.5273
101.483
100.406
101.896
106.319
99.4415
99.107
101.919
102.111
102.828
98.4033
98.9274
102.413
99.1253
101.374
102.77
103.421
102.885
97.9775
102.302
98.2183
100.625
100.435
101.954
103.626
99.8521
99.9772
100.727
97.3813
98.2587
102.2
102.099
100.596
101.795
102.006
100.583
103.037
101.703
106.111
95.4267
99.2872
100.813
99.3891
94.6474
103.724
100.365
96.3594
102.624
101.125
97.8904
101.537
101.514
97.4569
100.39
98.8708
100.828
103.334
102.427
99.0595
103.283
98.2164
100.663
100.391
101.907
100.912
102.894
102.949
97.2678
100.868
95.1922
105.375
102.097
99.1189
104.884
96.1221
104.069
94.5774
98.0293
101.709
101.35
103.391
104.449
100.577
101.229
98.3154
100.907
97.4518
104.559
102.495
97.4026
100.71
99.5522
99.1317
99.4833
100.607
106.49
99.0839
98.09
99.0581
102.511
100.266
104.717
95.9493
99.1627
103.015
100.788
97.9779
101.183
97.5569
98.5518
104.929
102.333
100.209
96.979
100.606
100.364
102.583
98.7107
97.6551
100.473
95.6881
100.615
99.0523
98.3264
99.6552
99.6578
99.0569
98.9386
100.148
101.966
103.516
100.947
101.966
104.739
101.967
99.1246
101.76
96.8006
102.863
101.629
105.201
99.4312
103.838
101.124
97.7766
97.1256
101.633
100.935
103.508
102.855
103.243
103.729
99.7225
100.439
103.619
103.958
99.6748
104.011
101.87
103.157
103.323
104.766
99.1552
100.156
99.5054
104.289
104.391
105.648
98.7916
105.321
103.633
101.193
101.674
102.517
103.755
102.811
102.484
102.944
101.193
101.116
100.715
99.3327
102.45
100.845
101.771
95.2738
96.995
97.9553
100.328
100.956
100.949
97.3492
99.9239
101.606
97.1465
100.806
102.644
95.5613
101.018
105.446
100.434
105.605
105.867
103.595
100.258
100.095
100.706
98.5164
96.6765
98.9846
104.419
100.828
102.073
104.113
101.019
103.298
104.624
102.275
95.5486
97.8198
102.624
99.3072
102.84
105.32
98.7287
97.213
99.0199
102.802
98.6671
97.5432
101.944
102.774
102.629
100.566
101.523
96.4937
102.926
100.245
99.37
100.577
100.311
97.8502
99.7178
99.1141
100.997
102.341
98.755
93.9211
99.81
102.897
100.351
99.5268
101.36
105.061
100.385
100.357
99.4341
98.3356
99.062
97.0443
97.3492
103.146
98.9616
96.0697
96.9458
97.9183
102.075
101.409
98.0156
104.262
101.174
101.619
101.084
101.588
99.7741
98.895
98.2919
99.8871
101.465
99.659
95.6497
105.099
100.233
98.9326
101.524
103.535
104.534
100.521
100.563
98.4958
101.655
103.615
100.224
100.982
102.633
99.9427
96.5637
104.021
103.194
102.311
100.789
100.111
103.053
99.8002
96.3478
96.5729
97.9029
102.909
99.3724
102.978
101.539
100.71
98.8677
96.7368
100.364
101.846
101.917
99.8714
101.101
100.004
101.945
99.2237
102.835
100.41
101.603
100.164
104.369
103.537
102.221
100.259
104.41
98.3989
102.039
100.21
98.5841
98.7061
101.588
98.2231
104.903
97.2067
99.5694
105.324
100.35
101.137
103.58
101.367
100.55
100.389
99.8342
105.077
100.051
106.548
98.4984
101.762
103.923
101.878
98.6317
104.537
95.9927
101.931
101.348
100.212
96.1135
102.08
105.058
101.216
99.7233
102.836
107.599
101.348
104.336
99.7058
101.21
103.224
99.8518
96.8397
104.916
102.004
103.966
98.6889
103.923
103.322
99.7569
104.616
98.9546
100.781
101.861
101.274
99.8273
99.2169
100.099
101.398
101.412
101.651
99.9264
99.1616
97.193
97.8405
100.977
97.8083
99.0513
100.201
99.9776
103.177
95.5114
100.94
105.155
104.196
103.72
101.214
103.197
101.706
101.309
102.923
105.287
102.18
104.099
99.9123
99.8597
101.847
102.066
100.088
99.8313
104.783
102.875
103.685
104.332
104.152
100.362
101.846
99.0944
101.548
105.023
100.432
100.861
98.9601
102.722
100.563
102.81
99.3559
101.288
102.678
99.6959
103.483
102.507
101.248
99.0844
99.7657
103.306
101.654
99.6993
102.127
96.8912
102.25
99.2542
100.675
98.8015
99.7735
97.7885
100.467
99.4974
101.536
100.961
102.186
105
97.626
102.81
103.313
101.604
103.99
99.7755
97.2359
102.502
100.068
99.0022
99.5234
101.662
101.594
100.469
101.801
96.6215
97.3813
100.323
98.7551
102.828
97.5358
106.784
103.154
98.5606
103.276
102.697
101.865
102.876
104.394
98.6436
102.477
100.264
94.3798
100.324
105.364
98.6612
98.9081
101.775
101.303
99.7798
99.6199
102.399
100.325
106.231
102.846
100.744
101.125
96.5495
101.149
98.4979
102.922
104.811
99.1718
100.935
97.7595
94.9654
97.859
100.566
100.892
100.971
104.302
98.8482
101.53
103.652
99.6044
99.115
101.037
102.794
97.8094
99.2542
102.89
96.9092
98.6995
100.366
97.887
98.3707
99.4001
101.5
99.3928
99.2612
100.577
104.484
101.736
100.452
98.7198
100.451
98.1784
102.435
98.7121
98.8249
100.325
99.4692
102.758
103.227
104.249
97.7069
98.9276
97.9095
101.431
102.674
105.248
100.713
105.232
93.1624
102.036
101.683
101.401
102.261
99.6008
100.998
100.583
98.9557
103.237
101.683
103.995
104.927
101.32
98.1918
99.0241
99.3053
100.314
102.476
100.034
101.773
103.214
103.428
99.9931
98.8583
103.304
95.6528
105.181
99.175
103.102
101.576
104.032
97.3903
95.7024
101.09
99.9959
93.7433
98.6238
95.8588
98.4923
98.5757
99.6314
99.7568
101.402
103.244
98.9094
97.8061
99.4394
101.981
99.2506
103.02
106.707
102.276
103.728
105.535
100.395
103.857
98.7872
99.1756
99.745
99.7379
103.231
100.946
100.631
99.8603
99.6227
100.109
95.7908
104.987
104.782
98.9472
99.5562
96.3622
101.082
101.608
99.8357
102.464
102.88
102.044
99.5923
99.6183
99.9437
99.0786
105.92
104.973
100.782
101.855
101.218
101.801
101.74
97.4115
102.353
92.523
96.0047
102.442
101.686
101.749
96.282
100.556
101.263
104.3
101.733
97.3899
99.8391
105.273
101.897
97.2698
104.356
99.5394
105.376
97.9589
101.502
97.2318
99.2308
99.5017
101.107
100.111
100.074
98.3965
102.388
99.5375
105.584
99.9328
98.4892
103.439
101.564
100.769
101.319
99.188
99.653
100.452
99.7672
102.578
102.937
99.005
103.609
102.501
97.5767
98.8819
98.2194
102.764
104.32
102.144
99.8445
100.509
97.3159
99.266
99.5825
103.005
94.7451
100.571
100.72
101.637
105.842
103.01
102.92
101.197
97.2209
99.4323
98.1629
98.5038
103.249
103.077
99.4524
99.5277
105.527
100.177
96.9549
101.912
101.17
101.087
103.495
100.339
99.8006
98.9074
99.5179
102.643
99.9324
102.261
100.193
101.191
99.6207
99.7578
98.4142
105.635
103.206
100.476
100.674
98.8613
97.699
100.605
100.494
100.666
100.632
100.528
100.424
98.8609
101.533
97.548
100.15
95.7378
102.507
99.5482
101.41
107.057
101.467
102.491
102.334
98.7246
99.7561
99.7687
98.7912
100.516
101.424
102.184
100.476
102.55
102.84
100.896
101.423
99.9311
101.925
100.723
100.835
98.3384
101.532
101.103
99.8174
100.475
97.4774
100.373
104.792
103.95
103.144
97.1016
102.604
102.192
100.452
104.522
101.346
100.267
99.5995
103.915
95.3186
102.472
104.097
97.7499
100.509
103.036
96.4696
100.647
104.558
99.856
100.62
98.354
100.673
97.2006
102.799
101.974
100.266
104.952
98.6336
103.513
101.134
102.669
96.8303
100.778
103.666
98.7376
100.241
102.32
99.5894
98.475
100.425
102.482
99.0352
101.498
101.418
102.934
99.7212
98.9887
100.437
100.096
103.131
104.588
103.142
100.352
103.121
100.604
98.66
97.0014
104.125
103.013
95.406
103.421
95.299
98.7672
101.471
99.8849
97.0593
100.805
100.646
102.6
100.905
99.1465
103.354
97.1619
99.426
101.251
98.8094
105.695
105.22
102.726
101.728
103.191
100.546
101.144
99.4387
100.188
100.98
96.4309
103.035
101.64
102.08
100.188
99.9251
100.124
101.857
101.754
105.75
100.828
100.162
101.651
100.926
97.5629
97.398
99.9719
101.216
98.048
102.891
101.414
98.6972
101.886
97.9644
102.339
100.165
103.999
101.558
98.9853
103.957
95.6939
99.241
102.515
103.371
100.66
97.754
100.93
101.168
98.5082
100.919
101.452
104.619
100.878
97.359
98.8113
100.32
101.874
100.229
99.6929
97.216
98.8626
100.205
104.813
99.27
99.0468
102.845
99.5649
98.4903
99.6362
101.23
95.3582
102.406
99.6827
100.89
97.9919
99.0517
99.0386
99.1021
100.739
101.463
101.722
97.5044
100.766
102.079
108.825
100.532
101.923
97.9844
101.967
100.417
98.6533
102.372
99.5612
103.928
96.512
102.763
103.853
106.273
104.7
97.5777
100.144
96.3455
101.265
99.6438
104.103
105.976
102.303
103.217
98.8635
99.2334
102.41
99.1733
99.9586
99.8157
101.203
100.674
101.031
99.716
96.6714
100.541
101.48
99.0366
102.159
96.1228
99.2322
99.4517
101.919
102.898
98.3095
101.579
99.2266
98.8561
99.1306
100.847
99.145
97.0529
103.159
101.307
101.33
99.8434
102.568
98.5582
99.0149
101.399
98.388
97.2554
103.936
99.0734
98.9731
98.6948
99.1965
101.704
93.8252
102.724
98.4383
102.434
99.518
100.018
101.09
102.09
100.29
102.042
99.0846
104.121
102.201
99.7194
98.1019
101.348
97.653
101.671
98.6313
104.338
101.486
98.1956
97.5774
99.6978
100.296
101.234
99.4395
100.979
101.65
103.585
100.213
102.336
100.538
106.452
98.6741
104.196
102.107
101.933
104.812
96.6884
100.646
101.125
106.91
99.9435
100.904
103.73
98.6525
99.7565
100.15
100.127
100.317
99.2339
99.2528
99.2333
104.427
105.23
102.104
104.724
101.456
103.83
104.066
99.8694
102.405
97.1458
99.6733
101.95
102.16
95.981
97.765
100.04
100.199
101.471
100.949
102.911
98.7812
100.084
104.098
101.648
96.5866
101.871
102.897
101.78
98.7965
98.8985
99.6529
100.784
103.677
98.3367
95.7865
98.9042
98.5365
102.751
100.536
103.699
101.709
100.849
105.17
101.72
99.3128
104.14
102.223
100.185
97.0165
104.337
100.398
103.599
103.201
99.4946
100.568
98.9521
99.7123
101.794
95.6449
98.2774
96.2888
101.346
102.861
104.36
97.9399
97.9178
96.0409
103.628
99.1236
101.117
99.2924
101.321
102.148
102.112
102.006
99.7273
102.339
98.8151
98.315
102.761
101.622
102.253
100.064
100.059
98.6095
104.073
97.583
103.3
98.7544
100.869
98.7663
96.328
102.233
104.729
98.6899
100.122
98.41
99.6255
101.028
97.4622
103.332
100.701
107.407
95.1831
99.0769
99.618
100.171
99.772
98.9839
102.061
100.769
98.3373
106.232
101.231
96.6529
99.5726
103.618
102.137
97.4145
101.033
104.827
100.988
101.497
101.735
103.963
95.1485
100.729
102.773
105.477
102.846
102.462
101.011
107.046
98.4794
102.299
101.773
104.166
97.616
101.349
97.4607
105.453
104.174
98.3899
101.931
103.821
100.945
101.326
100.665
100.736
102.33
100.09
98.8593
100.123
99.9158
100.592
98.803
104.816
103.892
103.016
101.145
97.93
108.575
100.066
102.725
100.55
99.0224
102.898
104.493
102.253
103.691
101.877
102.63
103.396
99.5821
102.01
98.4379
100.611
99.3829
101.229
99.2325
99.7724
103.873
94.351
104.656
101.947
100.888
96.775
101.751
98.6709
100.565
102.196
95.6911
104.5
97.6026
101.314
104.582
97.3343
103.506
101.752
104.351
100.622
98.5365
95.2473
99.1907
99.8719
100.756
101.494
102.342
103.441
99.3886
101.002
99.4189
98.3753
102.303
98.8869
101.586
98.9704
103.163
98.7627
103.209
100.162
100.648
98.8663
100.39
99.5898
100.699
95.6098
98.8507
101.252
100.071
100.135
97.0006
101.904
100.251
104.981
100.375
101.159
100.511
100.66
98.0257
102.41
103.785
100.229
99.3349
102.751
100.978
101.49
97.2061
100.512
97.9611
103.259
104.294
101.944
96.874
101.881
98.9211
97.4791
101.572
100.544
102.445
105.981
99.2936
98.9396
95.8021
100.273
99.5997
101.764
103.562
104.295
97.8322
99.059
101.784
104.143
105.168
98.4243
99.1917
101.466
101.18
102.4
98.3341
104.952
98.1898
101.249
100.881
103.999
102.53
98.9716
103.276
101.858
97.5406
103.447
101.367
103.676
102.947
96.5588
99.974
103.462
103.349
96.6306
102.312
101.903
104.107
98.571
100.055
104.779
99.7565
98.748
102.505
96.5346
105.336
102.829
104.475
97.0963
102.625
99.1799
99.2871
97.6973
100.531
100.495
104.112
103.059
106.309
100.458
98.3387
101.042
98.5217
98.9582
95.3778
100.614
98.2458
102.898
101.318
104.985
102.43
101.786
102.993
99.1814
97.277
98.7101
98.2053
100.827
96.9953
102.238
97.8511
102.302
99.2751
95.0894
99.4587
101.276
101.694
102.837
103.842
99.9324
100.675
102.35
100.885
102.454
102.489
101.725
92.6783
101.564
105.333
98.054
95.7737
104.268
98.9954
101.333
103.826
101.386
97.8605
106.98
100.144
101.961
99.557
99.7126
102.364
103.591
100.727
102.084
98.9211
105.405
98.1863
105.233
103.321
97.392
102.835
98.1481
100.037
96.869
98.6525
98.051
101.954
102.452
97.7957
101.838
100.965
101.835
98.8117
101.37
94.0331
96.5499
99.2139
103.147
104.303
105.462
97.9105
94.6548
104.259
103.681
101.482
101.928
99.6363
101.091
98.5729
98.639
99.52
100.608
97.7625
102.522
100.859
100.124
99.9501
101.602
97.027
98.5093
105.332
104.024
100.622
99.3872
100.858
97.5231
100.382
100.072
104.621
102.403
99.8007
98.1805
105.368
103.467
99.7593
97.7389
100.961
102.178
103.842
105.219
99.3247
100.667
102.531
100.649
102.338
99.8209
99.5718
98.5377
98.0565
101.989
97.9655
99.5091
97.8325
101.04
101.881
98.0694
98.2622
99.7138
101.302
101.69
103.559
98.6519
103.54
99.9415
100.577
100.306
97.4202
97.8578
99.2817
102.23
94.8926
100.749
99.3483
103.6
104.025
104.253
103.423
99.5649
101.324
99.4048
98.1399
102.641
95.9479
99.5824
103.999
101.329
97.8554
100.958
104.204
100.488
100.665
101.063
95.7036
99.2828
104.561
93.4193
98.1052
101.42
99.7014
106.017
100.168
103.024
98.2118
99.1612
102.482
98.6412
102.129
100.295
99.0218
94.7889
104.158
101.542
101.935
97.9411
101.75
101.782
101.813
100.553
100.758
101.081
105.812
100.46
99.083
98.324
96.9973
102.504
97.2547
100.784
98.6511
102.822
102.595
104.118
98.5832
99.3068
99.1281
102.371
99.5041
100.226
100.833
101.443
102.313
96.9564
99.9022
97.6833
101.941
105.742
98.3864
100.195
99.4151
101.488
99.4893
106.771
101.49
97.6634
98.6565
101.399
102.603
99.5983
107.354
96.9604
96.3645
97.4389
100.397
97.1868
103.855
95.6994
103.145
100.081
101.676
109.028
100.593
97.523
100.788
102.258
101.013
102.117
102.856
103.621
101.384
100.25
94.6655
101.351
98.842
100.227
103.549
99.7169
101.108
104.233
98.2571
100.622
102.001
103.291
102.8
102.495
99.1936
103.408
101.188
97.3329
103.673
101.727
106.004
104.446
100.515
100.68
100.722
100.657
103.532
100.524
105.943
102.562
102.494
99.4104
104.647
100.065
101.377
98.7803
99.0763
100.539
102.817
106.921
103.387
99.3391
102.654
102.086
102.607
100.746
100.774
96.4631
97.0266
96.0948
103.743
98.4851
97.071
103.185
95.5693
100.112
101.093
99.8244
108.27
103.8
104.842
99.4102
97.0185
98.2382
103.809
98.935
99.5155
106.341
100.987
100.736
100.962
99.335
102.807
99.291
107.484
101.222
97.2929
99.0224
100.511
100.013
102.949
99.8479
102.714
100.194
102.039
94.9912
101.255
101.334
95.7536
98.9891
99.6993
99.9041
101.463
98.2782
100.468
103.061
100.033
100.611
98.9329
99.8805
101.314
100.669
96.1104
102.657
96.3834
103.143
103.532
103.103
103.173
98.294
103.111
100.269
100.132
101.658
101.439
101.623
99.16
103.551
96.4607
96.6595
97.1694
98.8518
101.101
98.5708
101.197
99.1371
97.7948
99.3314
100.466
102.705
96.7254
98.3233
105.148
103.212
102.895
94.4009
96.9622
99.4158
98.3756
102.257
96.4627
102.203
100.326
98.3858
105.15
101.108
101.739
101.203
102.153
97.5063
100.418
100.413
98.117
102.647
99.261
101.095
98.3107
100.122
99.74
100.437
100.922
96.7971
102.003
102.284
102.165
105.122
100.251
96.6728
102.797
98.5945
105.42
105.824
102.279
103.198
103.213
99.769
99.5301
103.644
105.843
97.9381
103.771
97.1856
101.159
101.115
101.126
99.9826
100.295
100.666
98.6826
98.2785
100.16
101.544
95.5677
102.233
97.7682
99.1636
99.9476
98.8629
100.257
97.8805
103.847
100.308
102.117
99.7538
97.1043
104.329
102.122
99.817
100.72
100.683
99.7669
101.128
95.6719
100.979
101.167
97.0012
99.7587
102.761
99.2003
98.076
98.0752
100.727
102.093
103.693
105.569
102.98
98.1506
98.0276
102.967
101.417
104.598
97.9316
100.939
101.869
100.202
102.773
100.94
101.257
102.316
105.652
97.5075
100.99
100.957
98.5164
101.613
100.38
101.525
101.449
99.874
99.7848
99.1984
97.2213
101.611
97.0583
100.31
104.289
98.7101
102.6
106.287
97.3212
101.72
102.863
99.3714
101.604
99.9158
101.585
100.639
98.3534
97.2825
99.0176
102.055
93.7941
101.133
101.858
102.394
100.444
103.951
103.292
100.118
101.488
98.7448
98.7684
96.7387
99.4582
101.321
101.839
100.052
105.422
98.6846
97.6985
97.8543
100.16
104.792
99.1805
102.187
98.6617
97.4045
99.8166
98.5305
101.041
101.979
98.3521
103.462
109.387
97.2747
101.178
105.179
96.7912
98.5963
97.3461
100.478
97.0545
102.653
104.543
98.2919
99.8504
95.6966
101.623
101.151
103.59
104.166
100.659
103.765
102.235
99.8944
100.072
101.447
101.771
99.0476
100.036
99.2715
101.775
100.988
99.7255
105.298
99.1354
101.551
98.5527
98.5636
100.901
97.2775
101.507
103.081
99.031
99.9589
103.918
104.102
98.3843
103.359
95.4474
102.14
104.416
102.595
97.5966
109.555
97.6339
103.699
103.456
101.663
103.516
101.945
101.958
102.155
99.668
105.897
100.073
101.572
102.033
98.425
100.676
95.9203
103.47
98.6982
102.7
100.28
102.117
101.143
102.574
100.977
101.268
99.2455
101.181
96.6391
101.374
102.503
105.266
102.213
101.562
105.162
102.959
100.048
100.623
98.9683
104.801
100.617
101.477
99.025
102.629
97.7411
97.9198
98.8771
100.497
109.466
101.228
94.3346
98.0217
105.018
104.432
103.179
101.504
101.862
97.8414
99.5276
98.3445
101.96
103.942
98.4223
103.846
98.9169
98.3432
97.5759
105.595
109.382
103.43
97.3301
99.0954
100.268
104.143
101.125
101.703
101.113
102.684
103.592
101.434
100.041
104.195
98.0723
100.174
101.681
100.738
97.4794
98.6206
100.141
100.521
97.8206
99.9285
103.184
103.432
102.391
102.428
102.079
101.281
96.0898
102.921
103.606
103.299
107.729
102.838
100.827
102.708
99.875
101.067
95.1711
103.71
99.7501
101.08
102.187
97.2041
97.485
103.294
100.7
101.469
104.218
103.388
101.094
101.813
102.13
103.201
101.286
97.7869
103.559
99.8328
101.249
97.5738
99.9372
99.4989
100.14
101.909
107.163
102.238
96.9901
98.5728
103.082
97.5175
95.6319
99.8333
98.7516
103.457
101.227
97.9251
98.7128
96.4904
97.3476
96.8092
99.25
99.4318
103.999
101.53
94.3486
100.383
105.527
98.7022
100.79
107.107
96.5013
100.942
100.362
104.765
100.996
98.5433
98.4044
98.5501
100.515
100.807
102.319
96.5832
101.244
98.0573
96.4134
99.2914
101.787
97.9045
103.087
101.766
100.298
98.7234
98.6845
99.9288
103.576
99.416
99.1411
101.41
99.7548
102.489
101.311
97.3453
104.318
101.189
100.642
100.338
98.2759
101.357
102.528
102.695
100.988
98.7107
96.8514
99.2549
103.735
97.1937
101.099
101.447
104.816
103.837
105.132
100.15
100.82
104.164
102.269
101.608
104.261
96.2891
100.882
101.433
100.341
100.829
99.5084
100.229
97.5023
104.516
101.213
103.99
100.807
104.214
96.6965
102.244
102.296
97.1736
96.3409
100.55
100.997
100.316
100.543
104.092
103.762
98.1147
97.7289
97.384
99.5226
100.607
102.37
102.473
100.398
101.871
100.217
98.1402
100.039
100.91
110.809
99.48
100.601
105.237
105.623
99.6392
100.416
100.441
100.283
104.023
100.026
102.41
104.455
102.405
97.3078
105.511
101.602
106.376
100.932
102.22
101.406
98.7543
105.724
102.38
101.654
101.844
103.497
99.5924
100.095
101.287
97.9288
99.3661
99.1337
98.9344
104.22
100.357
101.529
104.156
96.8518
100.568
100.805
100.492
100.022
102.578
101.467
100.253
98.9269
99.4097
103.318
100.038
103.571
100.414
102.853
97.1089
103.552
105.633
104.096
98.1933
98.2984
98.9015
102.082
103.025
96.5451
97.9957
100.824
101.804
103.39
102.753
98.3974
95.7797
98.2903
100.313
100.699
99.0781
99.8946
104.599
101.985
105.905
100.161
101.79
100.867
101.44
100.314
104.33
100.131
102.508
99.6263
101.634
102.273
103.951
100.154
99.2753
99.4912
102.387
104.091
105.918
95.6135
99.6687
95.2748
101.695
98.4353
99.3069
103.246
100.354
99.9634
101.008
104.723
105.259
95.9956
98.2824
99.8781
99.2207
98.8777
103.968
103.671
98.5809
103.693
98.6058
97.9825
98.8515
99.8479
95.9619
103.903
103.228
102.732
100.322
103.311
100.947
99.0307
103.593
98.9632
100.279
101.945
102.981
102.963
96.5658
102.148
98.2684
97.9038
98.2502
98.2181
100.504
104.105
102.69
100.813
102.034
99.772
98.9153
93.596
103.019
96.6506
100.959
103.184
99.1002
102.807
97.812
101.008
101.748
103.256
101.016
94.2784
101.393
105.565
102.842
102.319
96.0075
101.624
98.0729
100.71
97.7429
102.532
103.249
101.463
100.56
105.55
101.9
104.603
102.028
101.028
99.1542
100.537
103.013
103.982
98.6022
100.127
99.922
98.2719
98.8507
105.056
102.602
105.261
98.0266
101.014
97.0051
98.4414
97.7802
98.9263
104.039
103.805
103.181
97.5515
96.6422
98.6101
102.476
102.726
103.246
100.574
102.415
101.315
99.3324
104.94
99.3204
99.9059
101.118
102.927
105.038
96.7917
98.7374
98.8132
99.8141
101.718
101.601
100.82
100.267
101.334
100.612
99.7413
98.2876
102.268
96.8183
99.9339
101.761
98.5923
101.074
100.713
96.2089
97.6341
97.7016
99.751
98.2006
102.005
104.106
97.2542
103.106
101.572
99.3354
101.331
100.44
98.5801
98.197
102.788
102.821
101.765
102.11
101.693
100.195
98.215
98.3251
101.683
100.748
99.1053
101.486
102.995
100.955
102.491
105.051
102.959
103.401
100.943
98.1354
104.433
97.1997
100.583
99.5628
101.254
100.426
103.343
100.897
99.1195
99.1362
99.3244
103.713
100.701
99.0473
102.615
97.1478
100.041
104.002
97.7396
105.991
99.3112
96.7651
102.16
97.581
99.4953
101.536
98.8133
100.425
98.1806
99.4197
105.368
97.2474
98.1983
95.989
101.614
101.188
97.385
106.149
103.658
102.319
104.602
100.869
104.934
101.167
102.512
103.078
99.7405
99.095
99.7569
96.8324
103.193
102.526
101.521
101.204
98.6824
98.5077
101.81
99.0866
97.0593
102.235
99.0641
98.099
101.145
100.371
97.9161
100.084
102.167
101.481
98.868
99.9179
103.446
100.615
96.1016
105.124
104.877
102.613
103.819
99.1377
105.842
107.215
99.6525
100.091
104.757
101.551
103.596
103.731
99.8128
99.3504
99.5008
101.741
105.928
103.333
103.363
102.119
103.126
98.1317
102.775
102.867
104.345
104.233
100.021
98.8044
104.221
100.43
103.163
101.804
101.782
101.374
105.725
102.97
98.7425
100.863
103.037
103.529
98.4273
103.13
98.8676
98.9528
100.566
101.855
97.8544
101.619
102.414
101.232
99.8875
101.207
100.877
101.676
103.438
100.18
96.507
101.62
97.1577
105.108
101.641
97.8517
101.307
100.585
101.574
98.5837
97.6502
97.1276
98.4831
101.095
97.8579
100.536
97.5526
103.836
101.157
97.0102
96.0178
100.45
99.6865
97.8381
98.0653
103.135
95.1452
98.2204
105.871
102.394
103.955
103.552
100.151
98.2464
102.827
98.7257
101.274
98.8878
100.242
96.8167
100.891
101.976
102.217
100.891
102.37
101.715
103.174
98.9049
103.852
103.613
102.795
95.7113
100.916
103.637
98.1523
101.188
102.409
100.262
100.31
103.324
99.3438
98.4775
104.611
98.001
101.642
100.918
100.595
105.177
101.283
102.343
103.556
98.0346
96.256
98.8331
100.04
102.818
102.207
102.483
101.929
109.09
101.79
97.3852
99.6418
104.042
100.515
104.596
100.928
98.5713
100.819
98.5471
100.833
102.047
95.8639
101.221
97.8888
99.6151
100.807
100.468
102.6
102.929
99.5583
98.7628
98.1228
98.572
97.12
103.202
102.263
102.471
100.323
98.3869
102.379
97.938
100.869
100.756
102.485
102.629
100.764
100.708
99.3314
99.4137
99.975
98.6866
100.894
97.9283
103.013
103.695
98.979
98.4177
99.314
105.1
103.114
102.618
97.1992
101.392
95.3912
99.5882
100.146
102.819
102.622
98.7147
100.616
103.283
99.0345
97.2562
103.078
100.21
100.511
105.512
100.533
96.8852
103.764
97.8889
101.377
99.2457
101.944
98.392
103.718
99.4566
98.7945
107.1
100.692
102.255
98.0397
99.2523
99.2333
99.8116
100.641
103.502
102.06
102.067
101.446
98.5986
100.259
100.97
104.71
99.4841
101.443
100.889
102.23
100.101
103.631
97.338
97.6267
97.3747
100.08
100.82
103.046
101.379
99.5784
98.3218
102.678
101.195
101.856
101.609
103.544
103.291
104.274
96.3044
102.402
97.5341
98.297
105.452
98.3942
98.6007
99.1091
98.5977
99.619
100.908
100.722
105.123
103.181
99.4048
101.309
102.431
101.107
99.4003
100.175
100.042
101.364
98.3988
101.582
97.9442
99.813
104.897
101.032
100.741
98.7372
99.217
106.357
100.769
101.528
102.198
100.775
99.5675
98.4623
95.5165
103.164
100.916
99.8572
101.78
101.022
98.101
99.1889
101.327
100.415
104.31
98.7815
104.416
101.494
100.069
96.7844
99.6452
102.713
101.556
101.694
102.663
102.47
100.774
97.7399
100.431
101.148
104.824
98.8949
102.682
102.959
98.1798
96.297
101.481
98.5996
97.2037
102.883
99.0611
99.1822
99.1345
100.363
96.4354
104.683
98.1453
102.966
97.1562
98.4323
105.714
100.189
102.247
102.68
106.124
103.185
95.6039
99.0044
104.691
99.6881
101.075
96.4756
100.772
105.984
99.8526
95.7884
99.6512
102.602
100.311
104.171
99.7737
100.849
101.134
100.171
100.995
101.109
100.227
102.049
103.701
96.7023
101.035
95.3974
103.946
98.2146
102.95
101.043
99.5808
98.3853
102.546
99.1981
99.3502
94.1986
103.451
98.122
103.362
100.053
99.2379
99.8571
99.203
97.3716
99.8748
97.1748
99.2881
101.016
100.42
97.9037
100.523
100.267
98.3998
103.171
102.594
107.074
93.4008
101.724
101.969
100.295
101.512
103.724
91.5232
105.106
101.173
100.804
104.705
97.5745
105.583
101.068
99.2426
98.3848
96.2717
101.675
103.127
102.178
101.847
99.7002
98.026
99.2243
101.379
99.2468
106.583
97.9712
101.256
99.2481
100.785
103.973
98.3537
104.364
100.151
106.75
101.519
102.541
97.1996
100.852
106.544
102.426
100.635
103.329
97.9695
104.57
99.346
99.1925
97.5495
96.741
96.898
102.701
105.007
101.22
102.258
99.0756
100.774
100.709
101.378
107.069
101.855
103.104
103.85
100.892
99.3125
99.8064
102.74
100.53
101.028
100.655
103.422
98.2409
101.891
104.632
101.11
96.7948
97.4229
103.9
104.996
96.9345
102.837
100.962
99.5444
102.334
98.1061
97.8728
101.935
100.227
102.308
101.36
101.557
101.81
99.8119
98.4912
101.266
104.385
103.694
99.659
100.313
103.23
103.813
104.886
95.7754
104.168
97.3496
102.974
105.69
104.796
107.195
99.5152
100.847
99.7823
99.0176
102.583
103.018
98.7263
99.5208
100.729
102.257
100.677
99.6394
98.0326
102.36
103.124
104.687
102.388
98.0817
101.596
97.3643
104.311
98.9996
103.146
100.003
99.8593
94.557
103.02
100.643
100.037
100.724
100.074
104.929
102.8
100.865
102.361
102.393
98.872
101.207
102.538
99.2515
103.278
100.615
94.5456
103.527
104.095
102.082
102.25
102.141
97.8775
100.87
102.828
98.6979
101.486
102.15
100.805
104.886
100.821
105.408
101.293
101.041
100.158
99.9716
104.178
102.349
101.687
98.046
95.6117
105.223
102.538
97.5177
96.8974
102.203
104.289
100.84
107.137
104.237
100.876
98.5009
98.9745
101.657
102.792
101.477
102.47
101.873
100.494
101.817
101.347
98.3302
101.71
100.302
100.417
102.554
101.511
95.542
99.6473
102.979
103.322
96.9761
94.8909
103.918
99.0052
98.3629
96.999
98.7421
102.182
99.0485
101.644
100.821
102.09
100.37
99.5442
101.667
98.9781
99.881
99.6935
106.602
93.5106
95.1617
101.269
104.314
99.6763
99.4955
100.723
98.5892
96.2723
100.088
101.853
105.114
105.327
100.667
99.9824
100.27
99.6364
100.822
99.597
100.295
103.462
94.9505
101.155
100.282
104.027
105.397
99.6606
101.885
100.984
98.9962
102.504
98.3581
99.6747
104.718
103.537
104.188
100.585
99.9261
99.8521
101.741
99.5794
96.718
104.16
99.6354
101.079
101.4
100.811
103.269
95.5922
102.256
98.0574
102.248
101.041
97.6789
104.08
102.099
98.4118
103.598
102.336
97.407
104.926
102.275
102.908
101.289
103.097
100.944
97.7277
98.2618
101.522
99.3743
106.793
97.9779
100.407
101.901
98.2972
102.757
97.2768
99.9521
101.053
102.948
102.235
102.462
102.105
98.544
98.5354
101.079
102.626
98.6604
101.396
101.955
105.857
101.378
100.019
102.741
99.3931
100.737
98.0528
104.184
99.6489
98.2837
96.5247
98.8946
99.8879
104.557
99.2847
101.806
105.462
98.2346
103.15
101.521
100.993
105.494
101.289
96.5109
95.8234
103.984
99.1394
98.0023
100.92
98.7313
97.9821
102.657
101.121
98.4935
103.88
101.487
104.987
98.5234
100.603
104.792
102.134
101.361
106.004
96.856
100.907
100.79
99.8312
100.617
102.096
103.027
98.4809
104.775
98.8221
101.652
99.6561
99.6151
99.8563
102.46
101.256
100.745
101.985
106.148
99.7512
101.448
97.6112
102.484
102.95
103.46
104.297
101.051
105.866
102.084
102.504
100.843
99.935
102.012
99.6318
104.19
100.318
96.543
103.118
98.209
101.001
101.307
103.767
102.434
105.352
99.9632
101.426
97.3469
99.4807
99.9116
102.424
102.197
100.546
96.4836
102.645
102.875
99.5532
97.7503
103.897
102.695
100.32
104.866
96.3204
104.932
102.796
99.4793
97.8582
104.24
101.678
103.94
100.684
99.2152
101.908
96.8788
103.175
100.573
99.2395
94.925
102.69
104.373
99.0811
102.303
98.497
94.8505
104.391
98.2387
101.455
100.499
99.1828
104.341
101.858
98.609
101.366
101.314
103.362
99.9234
97.5554
103.427
101.133
97.4345
103.353
102.472
98.0601
99.1553
97.5027
99.5673
97.9007
100.391
101.036
100.154
96.5258
102.592
96.8566
96.3582
100.559
100.356
99.0858
96.0713
95.1465
99.9904
100.632
97.2863
102.629
102.686
100.136
101.058
97.8077
105.202
100.132
101.805
96.173
100.445
101.391
98.9845
98.0815
103.926
98.2281
101.015
99.6225
101.534
102.467
99.7119
99.4707
101.515
101.246
101.2
100.933
98.5671
97.2802
96.2793
97.8022
106.613
98.1037
99.7613
105.747
102.157
102.678
97.4393
103.009
99.0545
100.813
102.58
98.9039
101.396
99.7864
96.5389
103.892
103.76
104.667
102.501
102.976
100.382
102.776
101.605
100.628
104.646
100.718
102.892
101.022
104.651
101.325
103.172
99.8024
101.295
101.502
100.757
99.7218
96.5326
104.496
99.3354
102.345
95.8849
109.328
101.251
104.945
100.277
102.031
97.0167
101.195
99.8821
98.2643
102.136
100.473
101.856
98.5108
103.433
98.0616
99.8637
101.586
100.89
99.1675
102.515
97.4214
99.6015
104.314
105.238
99.0477
97.0638
105.008
97.3416
99.3098
101.676
100.133
102.929
96.4219
99.6853
100.144
96.5029
97.2824
102.193
101.354
99.4609
95.6675
102.446
99.9097
99.7805
101.927
101.981
98.1369
103.745
99.9295
100.692
101.687
101.7
95.5481
100.788
102.932
97.9457
101.039
103.961
96.4635
102.938
99.7357
103.511
96.129
101.611
102.374
101.569
99.8873
98.7066
101.879
108.297
100.476
98.1173
95.805
103.55
100.153
101.897
102.521
101.888
101.667
99.9543
97.6317
100.932
96.761
98.7437
101.748
99.9027
104.04
103.184
101.325
100.464
102.396
99.795
100.031
98.5628
100.163
105.006
103.046
100.022
105.324
102.596
108.318
104.618
100.958
99.3086
98.782
95.1846
99.0929
103.891
103.783
102.889
99.5907
99.0437
105.818
99.8404
100.116
99.398
99.5508
103.472
99.7704
95.8453
98.3544
97.3005
100.265
99.5349
104.3
102.791
101.874
102.127
98.1757
100.933
95.313
101.147
100.994
102.709
98.6486
99.6942
102.301
99.438
98.8054
101.987
99.5677
100.308
104.976
104.642
98.4372
99.1536
101.801
103.294
102.711
102.992
101.871
98.7412
98.7283
99.9626
101.93
103.271
101.295
99.1103
101.147
96.7666
100.239
96.9697
98.0408
98.9899
99.1915
102.27
102.012
99.3626
95.677
99.746
99.8047
94.5307
101.095
100.324
97.5515
96.9747
105.411
103.405
102.743
101.717
97.1262
102.24
98.7397
99.9329
98.8239
101.97
103.765
99.2539
101.886
100.449
100.692
103.503
97.0431
100.674
102.625
104.198
100.385
99.647
98.9061
104.036
100.932
102.001
101.998
105.37
102.588
99.7582
99.4329
100.287
99.3231
95.2697
101.149
98.4196
99.505
98.6442
102.445
104.474
103.621
101.651
100.534
98.7048
101.661
102.663
98.1561
94.9098
97.873
101.693
97.782
104.762
100.192
99.0783
99.3189
102.006
98.6215
100.438
102.444
101.577
103.403
104.363
103.139
98.1403
100.696
107.252
102.715
99.959
98.2283
97.3083
97.197
100.116
101.367
98.4371
102.718
102.123
101.527
99.682
101.967
103.677
107.55
102.47
102.346
100.382
100.608
102.6
102.24
101.1
101.841
101.774
105.029
102.229
102.731
103.561
97.6716
99.5605
97.9251
104.534
99.4309
98.7486
96.0278
98.6655
98.8413
104.829
102.711
101.991
99.7108
99.5986
101.193
98.43
98.7828
103.394
99.9241
103.72
98.3698
98.4197
106.74
101.882
101.43
106.887
97.4754
103.063
99.577
103.756
99.4521
99.0104
101.928
97.3507
104.696
97.0187
99.7583
101.377
102.685
102.203
102.039
102.367
99.6579
102.414
105.443
100.905
102.255
103.558
97.8409
99.6455
99.128
104.262
96.9153
101.292
98.5791
103.843
97.6818
100.769
104.121
97.8166
100.149
97.8767
99.5246
97.3078
103.53
99.656
103.258
99.9926
100.881
98.8546
105.999
100.059
100.512
100.214
97.1605
99.7253
100.202
101.42
98.1847
103.125
100.461
106.945
100.717
104.879
98.5516
102.576
101.893
103.311
99.1194
97.0849
105.994
100.167
101.31
104.366
100.791
96.8092
102.086
100.942
101.77
101.849
102.232
98.5302
101.183
94.9058
102.782
102.804
101.512
104.909
104.584
99.0065
101.656
99.3492
101.991
99.6667
102.667
98.6604
101.004
102.921
95.0763
100.778
102.394
105.458
101.799
101.866
99.7187
101.448
96.977
104.51
101.095
101.579
99.9306
99.213
98.8587
99.1459
100.463
102.057
107.143
96.9739
96.9417
102.939
101.141
97.8454
97.5332
101.084
99.3273
99.6409
102.496
101.496
96.2043
97.8158
97.3388
99.9946
96.407
102.01
96.0328
99.915
96.1497
96.0068
101.468
101.482
97.6069
101.083
103.419
99.5251
102.042
101.57
104.368
102.692
98.8254
101.976
99.4875
100.896
100.97
101.93
100.411
101.386
99.657
102.219
101.453
98.1642
98.5131
99.7376
102.75
104.67
102.419
98.4194
102.228
99.4857
105.814
97.448
100.584
102.98
99.0372
102.626
100.771
102.427
102.403
102.234
100.825
102.401
100.539
99.5628
104.79
103.8
101.507
98.2448
100.118
100.054
102.596
101.091
99.9017
100.962
100.872
102.256
99.3517
100.837
100.449
102.699
101.307
103.258
95.8278
101.96
102.798
103.094
98.5444
104.387
97.7069
96.8564
96.3444
101.06
104.131
99.278
100.176
101.192
101.463
101.904
100.554
95.9966
99.479
101.693
101.838
101.388
103.363
100.598
101.806
101.808
100.31
99.3137
102.249
101.204
100.312
95.9566
98.8595
107.162
99.7593
97.7629
102.726
98.1758
101.193
99.0292
101.404
100.048
99.4863
99.7273
103.524
101.325
105.701
106.868
104.842
105.666
99.1086
96.0771
107.66
100.393
102.884
103.816
101.634
102.585
106.677
101.912
98.4024
95.0802
99.5513
101.601
97.0886
99.5601
104.071
94.3515
102.234
102.328
96.5768
101.087
104.182
94.8729
102.565
100.442
103.488
103.283
101.177
105.596
97.3962
96.0682
96.8254
96.9028
101.462
98.9041
103.296
102.088
101.724
101.312
102.133
103.049
99.7534
102.949
99.4455
99.3585
104.972
97.9655
99.0027
98.3577
105.528
103.299
100.704
98.9755
100.938
99.8234
96.6587
98.8936
101.703
97.5695
99.3916
97.1749
99.6247
96.9521
103.161
98.6184
97.3184
105.571
99.7517
99.3582
101.258
102.21
98.7297
101.566
101.041
102.822
99.6571
97.0715
99.2907
99.7295
103.438
98.6397
98.3964
98.0121
101.209
100.623
99.586
99.2451
99.9193
101.638
100.601
102.976
100.282
95.5452
99.3675
100.129
99.9403
98.2662
101.469
96.0063
102.374
101.391
102.161
98.8284
98.791
98.1989
99.7601
101.672
101.821
101.369
104.623
107.592
101.077
103.583
100.603
98.9549
102.415
101.175
104.892
98.2143
100.171
101.826
102.701
100.006
101.383
98.7933
98.198
103.445
98.7875
103.726
104.832
98.187
103.813
102.671
99.7539
97.299
99.616
98.3651
102.151
101.964
98.6116
98.4142
102.349
97.7604
99.0761
105.616
99.0142
100.285
98.754
104.583
104.958
99.6873
100.756
105.106
100.919
97.6289
103.136
101.011
98.5964
102.985
98.9582
98.1789
102.545
99.9057
95.8896
103.058
100.555
101.522
100.796
101.295
105.006
101.055
97.0157
100.425
100.141
97.8655
101.159
99.2994
98.971
103.875
102.348
100.245
104.602
100.113
96.8889
100.328
104.613
99.2645
98.7372
98.389
102.187
100.558
100.104
102.14
99.8115
100.677
101.481
101.58
98.1924
98.6861
99.3548
95.7839
101.304
105.847
101.985
100.289
101.519
95.3222
100.024
100.091
101.405
103.555
101.509
98.4414
97.5162
103.13
100.871
97.619
98.4758
101.801
100.616
97.7614
99.6113
100.902
99.6889
100.821
105.728
96.1981
100.868
99.8051
94.2266
100.199
101.064
101.609
103.882
102.917
99.3267
100.033
100.315
96.9574
101.818
99.347
103.216
98.837
102.977
101.28
97.3144
101.921
96.731
102.875
104.154
101.192
105.299
99.5552
104.102
97.8898
96.0348
104.558
100.953
100.458
106.532
101.592
103.75
98.0581
101.964
99.4206
102.55
100.386
97.6181
99.7834
103.167
100.927
100.959
105.676
101.5
98.1379
95.4549
96.978
97.1336
97.1499
99.7927
99.388
100.894
106.688
102.973
97.7718
100.288
103.805
104.012
102.362
101.195
99.9868
101.343
101.929
104.471
102.716
103.451
102.798
101.662
97.1966
97.6739
101.407
99.3897
100.961
102.663
101.814
102.775
100.615
98.9351
100.631
101.501
100.904
101.022
101
101.617
102.773
100.407
97.3248
102.173
105.16
100.639
101.072
103.149
94.4691
101.409
97.7033
101.925
96.9269
102.09
98.7921
94.3646
99.1842
101.508
108.035
105.532
96.7108
98.0137
98.8277
101.814
99.2186
104.068
102.535
94.5718
99.2166
96.5372
98.8408
103.728
100.711
98.3601
100.698
100.644
99.145
95.5822
101.997
99.3817
100.821
105.043
103.763
103.391
104.957
101.524
100.84
106.432
99.4624
105.882
98.9849
101.988
102.439
100.739
101.46
98.8318
105.595
98.514
101.833
100.16
103.447
97.301
104.167
101.286
103.99
97.0929
97.6202
99.4601
101.633
99.9534
102.999
99.9403
98.7111
103.959
100.669
101.773
101.157
100.384
103.186
98.7043
101.367
105.071
101.265
101.943
95.9926
98.1482
100.692
98.9163
102.704
101.472
101.648
100.626
98.3448
98.3655
103.687
99.9346
101.977
99.963
99.5149
100.144
100.799
103.832
99.9636
100.082
100.922
100.38
103.317
101.658
101.645
99.4698
104.29
97.499
101.915
104.803
102.908
100.605
102.484
104.526
100.252
100.484
95.6986
100.155
105.95
101.158
98.4859
101.507
103.027
103.909
99.2435
103.445
99.2415
99.8668
102.606
97.9689
100.253
103.801
101.632
102.399
96.33
105.101
103.37
100.026
102.021
104.464
101.337
100.253
95.5796
105.354
97.0305
104.068
100.516
99.4287
94.0396
107.489
101.104
97.6875
101.96
101.228
102.412
101.477
102.509
96.8766
99.7694
95.3126
100.136
100.121
100.621
97.4376
98.0296
98.2289
97.9303
106.3
99.6524
97.8831
101.13
103.557
104.281
103.383
101.536
104.178
98.3248
97.0472
104.654
100.971
100.192
98.9548
103.033
97.2915
99.544
100.772
102.662
103.161
103.228
103.013
102.827
101.505
105.528
100.625
100.202
99.9636
100.657
99.2533
98.4195
96.8944
100.373
104.2
99.06
101.77
101.219
99.0847
102.978
102.815
102.427
99.6125
98.8694
104.652
100.095
102.016
98.0024
104.367
101.572
101.78
98.758
99.2113
99.5994
101.955
96.5496
104.471
101.631
98.5867
102.401
96.7763
99.4155
101.662
103.394
99.8365
101.423
99.4278
102.088
100.636
99.3414
98.9654
99.4264
100.463
101.394
101.354
98.4265
99.309
97.3496
97.1445
103.684
101.372
98.4965
96.822
98.8899
101.704
106.123
102.211
98.7383
104.302
98.6106
99.8776
98.0476
100.215
100.268
94.7442
100.454
99.2132
105.271
100.387
100.353
100.497
102.169
101.313
103.235
102.425
101.418
100.731
101.16
98.9206
100.157
105.117
99.0441
102.872
102.08
100.506
99.1937
100.052
104.734
99.8359
99.1764
98.0853
100.7
102.048
100.62
104.268
100.208
103.858
101.324
103.984
99.0655
99.32
102.169
103.766
103.069
98.7976
98.0026
102.714
98.2515
99.8954
102.956
101.897
100.667
104.447
107.196
103.464
96.3478
99.3178
102.902
99.0532
107.218
96.6153
101.874
102.825
97.0602
100.962
103.547
103.629
102.69
102.815
98.6574
101.265
105.497
106.591
98.8184
101.59
104.727
100.551
98.3212
104.303
98.5703
96.9988
96.5062
102.364
103.307
96.5424
101.019
100.91
101.156
100.663
104.349
99.9338
101.131
99.9795
99.5188
99.8928
99.3933
102.955
105.003
96.9144
101.173
108.415
106.789
98.686
101.469
100.42
101.093
100.497
100.853
100.834
101.926
99.5939
100.129
101.948
102.32
95.0041
96.0539
101.828
98.8348
102.001
104.491
104.492
99.0629
105.121
99.3695
97.7446
100.749
100.577
100.062
101.272
97.8042
99.2493
101.141
96.0348
99.5142
100.195
100.275
107.306
105.149
101.748
96.7264
101.496
97.2071
100.757
98.6747
102.973
100.688
97.4919
102.579
103.572
101.252
101.67
103.014
100.616
100.414
103.004
96.8922
104.985
95.4272
101.653
97.2193
95.9903
98.1099
98.0652
103.46
100.996
101.334
98.3158
103.173
100.99
98.9319
99.0868
101.112
105.461
102.131
97.7657
100.911
99.3803
98.0886
98.2916
102.903
101.807
98.5143
102.082
105.29
104.173
104.247
99.8946
101.461
101.64
103.526
102.134
100.799
98.4084
106.923
100.076
101.037
101.27
97.6812
98.4034
100.856
103.009
101.42
102.862
104.014
101.527
97.8498
97.1922
99.5696
96.4106
101.576
98.0876
101.399
100.281
103.334
106.065
101.314
95.8933
98.8275
103.584
103.97
103.493
99.3591
99.8627
101.549
100.383
101.35
101.576
99.6563
97.0881
100.672
101.612
97.3231
102.162
103.525
99.8655
100.381
99.5724
103.296
101.591
100.476
99.6519
99.4783
100.876
105.131
102.061
93.4136
98.4923
101.656
103.423
105.302
104.55
104.412
99.8545
102.03
98.0798
99.8811
100.637
98.931
101.522
102.966
104.536
98.5118
100.057
98.4533
100.833
103.849
99.726
102.683
104.179
104.905
100.176
101.475
104.152
96.7429
102.548
102.803
98.8394
100.531
100.031
101.398
100.545
101.825
99.5847
101.669
97.5731
98.7251
97.2183
103.535
95.8952
95.8035
103.427
104.774
100.565
103.066
103.482
102.594
99.3987
100.918
98.5485
102.804
101.257
99.0883
101.93
99.9741
103.022
102.62
98.5605
100.809
97.1961
96.5069
101.916
96.654
100.474
101.327
97.6767
106.359
100.224
98.9213
99.5249
98.9755
100.024
99.9942
98.0016
102.741
101.093
100.441
99.4554
100.352
100.84
102.547
100.4
102.197
99.2963
101.443
101.846
103.953
100.207
100.087
99.6364
97.6844
95.3693
99.3458
104.301
105.94
103.252
98.4466
103.328
101.529
98.471
99.9858
100.753
99.7258
100.374
100.36
102.969
103.745
102.547
99.5064
104.636
98.9371
97.6996
99.634
99.6308
102.067
103.722
104.198
102.695
98.896
101.804
103.177
102.527
101.981
104.663
101.473
104.37
101.756
96.7117
107.017
101.599
99.5851
104.036
104.378
103.494
97.0193
96.9692
103.808
104.983
100.223
102.503
100.592
99.5777
102.146
105.467
103.511
99.8498
99.5261
107.301
102.867
101.163
102.337
102.575
101.03
100.786
99.9996
98.5522
106.192
102.144
98.9597
101.037
100.925
100.011
106.056
98.9183
101.785
99.678
98.9471
96.3508
101.417
105.738
98.9459
99.9085
102.216
101.615
97.9401
101.525
103.043
104.027
99.8086
100.758
97.2237
99.0959
101.411
100.702
99.1884
100.811
100.168
102.395
97.1963
100.849
101.468
100.038
102.631
99.4889
101.686
102.643
101.558
101.197
98.3514
101.37
101.355
100.973
105.08
102.488
107.383
107.225
104.822
98.3165
95.1172
105.729
101.984
103.854
97.3965
101.57
99.5508
103.27
101.277
102.422
98.6528
102.915
102.786
98.3713
99.0486
100.64
103.259
99.7068
94.4307
99.331
101.253
95.4292
102.062
99.5902
105.71
96.7121
101.165
100.871
104.737
100.731
102.862
98.4867
97.9351
103.058
100.609
101.853
97.6466
98.3578
103.773
99.6749
99.6026
102.713
101.751
93.9621
98.9525
98.4851
103.068
98.0388
102.049
98.3449
101.533
103.105
95.488
98.0337
99.0691
97.6369
101.172
97.5888
100.403
100.202
102.914
101.66
97.9248
100.764
102.936
100.991
102.712
98.453
99.2573
102.089
97.535
98.301
100.478
103.834
100.776
102.797
103.168
98.5276
99.9318
98.9537
103.679
102.929
100.534
101.906
102.722
99.0618
102.867
100.86
102.051
97.696
105.135
103.315
101.475
100.464
101.786
101.985
102.283
99.9797
101.899
102.693
99.8433
96.7912
103.16
105.215
99.8795
101.323
98.3165
101.743
102.553
102.797
97.4229
102.37
97.3123
103.183
100.38
100.533
103.196
101.396
100.564
101.131
100.735
100.781
99.8976
102.684
103.693
100.661
97.3827
95.0676
103.534
100.031
100.379
98.6711
98.2635
98.8609
100.233
98.3934
98.5708
103.436
102.293
103.41
104.687
97.2846
105.43
102.033
103.622
99.3778
99.6641
99.9406
101.918
102.229
96.7405
107.32
98.08
99.8365
96.5523
102.631
99.2916
104.856
99.3207
96.6844
103.733
98.6218
98.3254
98.5031
101.103
101.395
97.7461
104.162
97.3692
98.356
101.832
101.836
105.437
105.648
97.9453
99.8893
99.1735
104.472
104.608
99.0195
98.229
96.9672
101.897
99.0455
100.546
104.74
103.523
103.543
101.875
102.377
102.503
105.012
100.097
104.586
101.62
101.114
98.9547
101.75
100.769
99.2903
98.4225
100.082
104.229
101.241
98.9153
98.5223
100.325
103.86
100.049
101.685
103.838
102.829
100.069
101.694
97.5008
98.9135
101.692
100.385
103.174
102.076
103.258
104.121
102.63
102.8
104.85
100.125
103.865
105.725
98.9401
99.5245
101.552
99.6285
101.394
98.3898
100.193
100.569
97.5326
98.3274
102.779
102.885
98.3893
99.8662
105.949
96.5726
97.4112
98.9094
98.7201
103.63
97.9008
97.0156
101.535
100.635
103.639
99.4664
103.658
101.858
95.0461
104.09
100.692
101.846
100.995
98.7345
103.324
100.284
103.391
96.7227
98.9116
97.0931
105.27
99.5439
104.545
101.229
103.113
100.277
102.05
100.137
104.809
101.857
97.5982
98.2331
99.4399
101.003
97.1367
99.514
99.8708
103.81
97.8314
94.8792
96.5255
97.5794
101.412
101.469
98.9797
101.852
97.1214
95.7117
103.418
100.45
99.421
101.171
98.7953
100.105
104.231
94.6676
99.9772
100.964
100.779
102.367
101.175
96.1313
102.749
99.2418
101.775
101.131
106.887
95.8084
102.602
93.2812
104.247
97.3047
98.9519
108.773
102.482
102.197
103.146
104.194
98.5284
101.976
102.942
105.638
100.745
100.287
104.565
100.769
104.445
98.517
100.42
101.515
100.535
107.472
95.3623
105.513
98.0896
99.4418
103.248
103.119
101.978
103.45
99.6461
101.079
104.67
102.188
98.2255
101.097
101.64
102.866
100.215
101.339
97.1998
102.409
98.3375
100.717
106.259
99.1605
99.7215
101.099
96.4438
99.4098
99.4205
95.7929
107.061
103.07
105.25
98.9409
97.855
105.436
104.822
101.965
100.415
104.948
100.714
96.4752
98.707
97.5063
105.178
101.214
102.452
104.648
99.851
100.081
96.9518
102.119
101.622
101.783
100.823
104.743
101.375
98.1721
102.034
103.744
103.997
98.7653
100.661
99.8045
100.449
106.89
102.167
105.871
97.4983
100.713
103.224
101.921
99.5922
99.1217
95.2728
100.905
101.433
101.774
100.462
98.3541
99.4757
94.6632
101.477
98.0438
100.781
101.775
101.77
96.0756
100.725
99.9583
98.8387
101.718
104.943
100.149
101.619
100.186
102.772
97.9567
99.667
102.313
99.7469
102.394
100.02
101.971
97.9461
102.171
99.5035
98.8035
98.5906
97.4914
99.629
98.3068
99.9599
98.883
103.792
98.6684
100.049
102.253
98.0288
101.851
101.488
100.476
101.665
98.8861
100.576
103.63
99.72
100.958
98.1855
99.7196
96.2715
98.6481
96.0525
97.9245
95.1206
103.749
102.783
100.395
97.1523
99.2531
101.42
103.642
100.453
102.644
101.483
98.5723
99.1634
97.8904
104.268
98.1108
100.268
97.4506
99.6668
103.134
101.344
99.5127
104.933
100.276
103.361
97.9994
97.4658
99.41
99.9578
100.977
102.089
98.7441
103.282
99.6528
104.924
101.808
106.24
102.593
97.6832
100.982
106.07
101.761
98.8866
101.854
100.137
100.458
102.539
100.557
102.201
103.469
97.0693
99.781
101.246
97.9758
96.5047
100.28
101.305
102.219
96.3523
98.6453
99.5025
98.4342
95.7328
98.3968
98.6503
96.7573
101.392
100.352
101.193
103.328
100.854
96.8419
100.49
98.7149
100.849
101.569
100.89
104.407
97.8054
99.5075
103.456
97.2819
99.2532
102.364
100.054
103.981
99.8095
100.445
103.98
101.872
101.121
97.5578
97.9427
100.063
99.5688
98.3612
98.0917
101.532
101.307
102.443
101.204
103.406
99.9368
102.593
100.198
97.641
99.7375
98.6246
100.04
103.368
103.503
100.289
101.087
97.0881
101.064
101.133
102.852
101.006
96.2617
101.098
96.8622
100.091
100.649
97.3385
103.857
102.237
102.322
98.1532
103.715
102.418
100.147
106.353
101.342
101.589
97.4299
99.6742
98.0256
98.2492
99.2629
100.018
105.339
97.1931
99.2629
97.6141
98.934
98.7719
100.236
97.2518
97.9872
101.962
102.482
98.3797
96.7395
100.395
98.0209
104.655
101.725
100.935
103.142
100.578
103.986
101.448
100.162
99.4378
98.3362
100.226
103.319
100.557
103.93
102.935
99.4748
101.263
97.719
96.8061
100.214
97.7702
93.4299
100.424
102.125
98.4509
102.807
105.948
104.056
99.2407
101.187
104.065
97.3109
102.407
99.873
102.542
100.934
99.2741
104.609
100.925
100.253
98.5196
103.782
102.722
100.25
102.568
103.386
101.758
101.412
101.131
99.9123
101.598
103.372
106.724
99.9999
98.0663
99.0665
98.8633
100.361
100.692
97.5904
106.492
99.6974
104.603
104.584
103.547
102.644
99.6658
99.8133
100.772
98.5665
103.813
96.0219
106.396
102.206
100.435
103.03
103.634
102.332
98.4218
101.755
102.691
103.664
100.54
97.3811
100.604
102.85
97.8408
107.43
101.099
97.9239
97.8325
102.138
99.8595
101.631
104.169
99.3333
99.2333
103.89
99.7534
99.0519
95.8309
102.042
99.1431
99.1002
97.8255
95.7616
102.529
102.089
98.1765
102.606
101.468
104.317
101.234
99.3045
102.9
100.815
102.959
97.3332
96.7363
98.7021
101.607
105.937
102.034
99.7829
100.854
102.153
100.243
99.2862
95.5957
98.7535
99.7755
102.918
104.114
102.797
102.362
99.8507
101.358
93.87
99.7346
98.484
102.581
99.7744
97.271
100.985
98.872
100.446
100.322
105.508
98.2411
100.26
101.771
98.8205
102.054
101.555
96.015
96.5587
98.3912
102.995
102.261
99.6869
99.0095
99.0007
102.26
99.4921
104.261
103.31
104.241
101.437
104.246
100.412
101.899
99.0301
99.6495
105.826
102.691
100.963
99.2203
103.307
101.164
103.673
95.6382
99.1184
105.391
97.7325
94.281
99.0226
102.405
102.666
101.881
99.652
99.4553
98.891
96.4774
100.617
97.1043
102.528
102.313
103.09
100.671
101.431
102.937
96.196
101.409
98.3234
100.42
105.051
98.0559
100.636
100.894
104.705
106.153
104.471
99.8378
102.439
97.4103
101.205
96.9627
102.382
97.8154
101.115
103.1
103.18
99.9315
105
98.3184
104.795
100.223
94.7522
103.428
102.065
105.12
98.3461
101.984
101.069
96.5526
100.385
95.8823
97.5877
98.8983
103.411
100.704
100.275
101.819
104.031
102.517
103.049
96.1108
103.546
105.08
100.716
98.626
102.911
98.4355
97.6128
103.452
97.6672
97.0254
97.3872
103.659
98.311
102.739
94.9317
102.281
97.0877
98.396
105.287
97.3748
96.2119
102.99
100.691
102.273
102.481
99.5146
100.622
102.887
99.9812
103.23
101.604
99.6524
104.759
102.054
98.4601
97.9374
99.389
98.5618
104.043
104.78
98.0541
99.4487
100.83
105.87
102.651
104.762
96.991
100.435
98.5693
102.772
99.8661
104.107
102.901
104.478
101.38
103.484
104.809
98.905
99.6093
101.038
100.509
101.343
100.296
97.3444
99.7563
99.4831
101.675
98.1501
95.3864
102.351
99.8248
106.561
97.352
102.155
103.735
98.7493
105.271
93.9937
98.956
101.016
103.217
102.303
103.667
102.822
100.326
99.6866
101.451
104.052
98.954
105.854
97.0871
100.151
98.853
100.36
103.974
96.4964
101.368
102.523
102.351
99.8505
103.483
100.324
100.477
102.465
101.123
100.156
100.939
103.531
100.522
99.6987
100.6
102.2
96.6025
102.401
103.094
104.839
99.9153
104.013
101.835
103.018
105.905
99.5707
100.037
97.9648
99.1208
97.4951
102.659
95.9089
94.4358
98.9896
105.425
102.599
99.4621
99.9913
104.474
102.858
98.6475
103.312
94.6059
99.9526
101.487
99.8791
97.0095
102.389
99.5244
98.101
98.4419
102.951
98.7788
98.9323
101.766
98.7571
102.735
104.075
101.386
98.6355
101.98
98.0394
100.002
98.1427
102.634
100.148
97.9174
98.3559
102.651
103.296
99.6057
100.604
100.299
96.9617
100.731
100.047
106.594
98.6428
103.219
99.9605
98.9789
97.4645
102.398
98.9089
106.257
98.1948
98.5357
102.382
104.157
98.8411
98.9912
99.5525
98.2352
100.035
99.0896
100.209
100.483
102.305
98.9612
103.31
100.93
103.044
100.912
101.653
97.9597
99.3333
100.361
98.3676
101.854
99.1505
102.044
98.1379
103.265
103.843
104.766
102.577
99.7881
104.943
101.81
100.534
102.749
98.2407
100.93
98.658
98.0553
101.621
108.073
103.201
102.334
99.7735
102.028
102.873
101.078
103.195
101.729
100.162
99.7174
102.353
94.0979
101.343
99.0135
104.814
96.7389
104.963
104.29
97.4488
99.9881
99.8151
104.833
100.609
99.1177
98.7463
101.335
104.028
100.632
103.759
103.48
99.8204
108.35
102.505
102.762
101.179
99.7761
105.221
100.722
101.841
102.908
104.623
98.1716
97.9465
101.989
106.822
100.165
97.1032
100.968
101.968
101.349
101.304
100.199
96.3816
101.85
103.355
100.737
97.329
98.7621
105.008
103.483
102.013
99.6907
94.2575
100.503
102.203
102.304
102.991
101.539
104.899
100.944
103.01
101.703
101.677
103.571
100.034
99.2076
101.345
100.995
98.8322
98.4986
99.2393
103.785
98.546
100.165
100.417
101.886
101.865
100.335
97.6999
105.491
101.473
103.638
99.0813
99.0229
99.235
101.278
104.855
103.904
99.1248
97.313
100.058
100.28
100.695
102.019
99.7215
102.351
96.1628
101.843
103.443
98.9927
104.703
99.0953
103.439
101.181
100.347
97.6698
101.055
100.058
103.81
98.1217
103.559
97.957
103.901
100.819
97.6127
101.462
97.9836
101.879
100.286
101.274
102.571
101.193
102.185
101.146
100.308
102.727
100.915
102.705
102.336
100.07
102.898
99.839
102.546
99.696
103.119
101.259
93.1127
99.4999
101.613
102.109
99.5704
100.113
100.578
100.825
105.969
100.427
106.104
101.315
102.381
102.701
104.717
99.4859
98.7137
101.412
105.227
99.2212
99.2138
96.822
101.846
101.947
104.086
103.537
96.795
96.3253
99.5235
102.068
101.312
99.8306
101.707
101.045
96.2323
99.0064
102.731
102.381
101.333
97.1426
105.503
101.606
97.2654
99.8919
103.029
96.0251
105.4
105.552
103.332
100.613
97.9114
99.0472
98.5671
103.993
100.455
105.529
99.2461
101.755
101.788
100.53
101.468
97.2639
102.692
102.571
99.2864
103.79
98.5824
95.3176
97.6079
101.576
101.588
97.7835
103.492
105.189
99.3224
101.02
98.3134
102.914
100.907
104.05
104.024
100.62
101.55
97.1688
97.7109
104.283
101.473
103.223
100.159
102.109
100.271
100.109
99.0955
97.8026
100.161
101.747
96.8705
100.957
99.7648
101.223
101.091
98.9021
100.775
101.935
97.7869
98.1297
98.1672
98.6318
102.291
98.5038
108.169
103.201
100.617
102.042
98.9142
105.456
96.6217
102.217
105.375
99.6231
100.943
100.998
100.839
100.326
96.9132
95.9058
100.252
99.9475
96.7552
96.99
101.118
97.0953
104.986
102.653
102.068
102.671
98.9787
99.8864
99.0729
99.026
102.473
103.144
97.7797
101.542
101.385
101.406
98.1161
98.519
97.3689
101.105
98.9286
104.234
103.854
104.491
100.97
102.168
99.9977
94.3922
102.042
99.3761
99.7981
102.374
102.259
102.003
104.079
100.835
99.5848
104.215
98.8962
98.5025
104.138
100.221
96.2587
101.972
99.861
100.545
97.7791
100.974
103.567
101.541
97.4942
100.094
97.7024
99.2495
99.5079
97.8341
101.765
98.4248
99.3532
102.43
95.8058
101.505
100.066
97.5949
98.0632
102.173
102.28
103.161
105.017
99.8173
99.1908
99.8099
107.088
101.395
105.22
103.458
97.6671
99.827
100
103.201
101.387
100.709
102.349
100.179
104.917
100.297
101.544
100.167
102.831
102.604
105.461
104.999
105.878
104.741
97.9387
104.389
102.699
101.569
101.773
100.431
100.545
104.306
105.282
103.472
98.4986
100.858
100.834
99.2732
99.8721
99.9404
104.585
100.888
97.1082
102.543
101.067
97.9935
104.546
101.438
104.832
101.183
103.776
98.9747
100.048
98.8404
103.427
105.271
101.184
107.864
102.723
103.403
104.019
104.248
105.414
101.533
100.173
97.8548
101.978
104.581
97.5448
97.8043
97.6341
96.3729
99.7203
97.9228
99.6822
101.732
103.541
101.673
97.7761
98.5041
96.3396
102.38
101.899
105.934
101.15
104.395
96.894
104.088
101.54
100.464
101.311
97.811
99.7397
103.561
102.723
102.939
92.8491
99.315
103.367
98.1179
96.5802
101.338
103.239
99.7507
101.961
102.746
100.419
106.6
102.042
96.7423
97.7788
100.955
100.451
100.06
100.931
96.0904
99.2996
97.1201
99.0399
99.0026
97.7698
101.325
105.16
101.572
102.046
101.146
102.904
99.3945
102.69
97.4803
99.2695
95.9775
100.205
103.452
104.359
97.3592
101.478
101.344
98.7854
100.317
98.7626
100.177
100.044
99.1317
101.266
96.9053
101.498
103.142
99.127
102.397
99.9689
102.037
100.13
102.427
106.416
102.169
100.08
99.1791
100.586
101.266
99.9852
105.439
101.837
96.3739
99.7701
98.5114
98.1231
102.663
99.8043
98.1494
103.79
103.017
103.214
103.055
99.3859
98.7566
96.8784
99.4467
100.026
100.904
95.7906
104.923
99.5523
97.5153
97.5038
98.2543
98.667
105.65
101.198
103.466
98.1637
102.7
103.341
100.788
100.449
99.4375
104.243
102.517
98.1014
101.82
103.137
98.5141
102.16
102.897
101.556
98.3991
102.689
102.62
98.6102
102.745
102.969
105.156
97.7988
99.377
96.8235
103.131
99.1395
96.2186
100.769
101.042
102.958
100.903
102.009
99.496
100.446
106.024
95.5733
103.233
96.1636
99.3423
102.734
98.8543
104.639
104.13
99.8133
98.7018
99.2998
100.154
102.158
98.3226
98.5554
100.048
103.309
100.463
97.1724
98.4398
94.7887
98.6368
99.307
103.63
99.3849
100.03
104.862
100.41
97.2194
98.9228
101.188
101.097
101.454
100.354
101.686
105.706
102.342
106.61
100.604
101.251
104.262
98.9925
100.437
98.4259
97.3347
100.287
102.293
104.255
103.3
99.7719
104.068
98.5801
99.9301
102.385
100.013
97.4698
100.356
95.2578
102.447
98.9507
104.93
100.817
105.449
101.67
101.194
99.658
103.694
103.612
102.056
97.9653
95.8376
104.407
101.259
98.8197
92.8766
100.586
101.802
96.4417
101.85
99.823
103.785
98.3035
96.8351
102.147
102.102
101.195
105.736
101.812
100.447
101.273
98.8835
99.0618
101.398
105.235
101.157
99.2721
95.8712
97.6956
99.2992
100.564
99.656
107.013
100.953
100.551
101.283
97.6495
101.222
99.8034
96.5882
100.538
97.2177
101.547
107.193
104.286
101.361
100.789
105.294
101.438
98.4542
101.75
100.042
102.238
100.675
100.634
99.8996
100.551
97.3026
98.6284
102.182
98.1854
102.161
99.7961
102.376
97.6727
99.1727
102.725
101.039
101.683
98.0229
103.893
103.79
96.8635
102.837
106.18
99.0607
100.58
104.066
99.4202
96.0645
101.404
99.9709
99.1761
101.779
101.764
95.6149
97.9182
101.356
103.782
102.342
99.6828
98.6637
98.8629
99.7597
97.6747
102.981
102.257
100.943
100.818
101.785
98.188
105.014
97.4316
99.3526
95.7644
98.9016
99.3904
102.72
104.217
98.3133
104.157
100.578
102.53
97.1198
101.388
96.2623
102.537
98.7404
100.426
101.109
100.29
101.643
100.082
99.2326
105.301
96.5532
102.7
99.2264
103.102
101.362
99.3643
101.638
99.5838
100.201
101.091
104.002
98.927
104.609
101.966
100.503
103.226
102.338
100.315
101.082
99.9186
100.769
99.942
101.739
99.3268
98.3381
102.511
101.419
99.5932
99.1198
101.379
101.037
102.558
101.212
99.4965
93.9167
102.801
102.995
102.443
96.6341
104.292
107.616
99.1544
99.4007
100.652
100.747
99.2859
100.241
102.781
101.701
99.2705
103.289
103.812
103.415
103.358
99.7708
100.083
101.965
107.208
103.05
100.985
100.691
104.122
103.988
104.659
107.517
103.886
97.8621
103.704
98.1077
99.4583
100.665
97.253
100.97
102.127
97.6433
98.95
103.112
102.696
97.2696
97.2227
98.7434
104.164
104.267
103.689
100.749
99.7323
100.849
102.364
97.7377
100.372
100.233
101.198
103.703
96.4853
97.9272
103.683
102.283
100.675
99.2408
102.143
101.181
100.518
99.58
99.5162
102.327
101.391
99.1662
100.656
100.697
98.2568
99.2938
104.256
95.8512
98.7051
101.411
100.302
103.628
97.2698
101.217
100.311
101.459
98.852
103.516
100.282
97.4056
99.618
102.519
100.352
97.6753
100.991
98.0577
103.473
100.893
99.0292
100.288
103.967
105.187
102.443
96.6031
104.503
104.495
104.815
102.901
101.054
101.123
100.941
103.925
100.585
104.763
102.794
102.276
97.0734
98.5244
106.597
106.344
102.771
98.453
103.306
101.596
102.762
101.976
102.704
103.586
100.599
99.4734
103.184
100.556
103.033
100.294
102.262
101.29
98.2038
102.295
98.3261
100.88
103.709
102.573
106.157
104.635
105.119
100.817
104.629
103.684
99.8409
101.283
99.685
100.385
100.987
98.7342
101.022
98.8748
103.029
104.595
105.394
99.8157
102.085
98.9309
101.503
104.359
102.34
103.86
100.608
100.792
104.646
102.846
103.565
100.454
101.417
99.7996
102.043
102.184
100.867
99.5214
99.677
98.9103
98.5796
102.059
104.578
98.4403
101.07
102.762
97.7298
100.44
100.004
105.265
99.4086
101.137
101.929
105.331
99.2275
100.713
100.014
100.602
98.6348
100.737
103.036
100.425
95.4352
102.324
104.207
100.029
102.087
99.4867
96.6046
101.057
98.7404
101.499
98.3903
99.7508
99.7948
100.888
96.7872
98.2899
104.679
98.1483
100.841
97.1387
100.077
106.306
98.6021
100.096
98.2561
98.7346
100.594
100.942
104.003
97.92
100.577
100.524
102.598
103.964
100.147
95.4946
101.918
98.6136
97.4733
105.622
102.51
102.887
99.9157
101.84
95.7944
95.9869
98.7279
98.7735
99.3253
99.1601
102.022
99.56
104.708
100.586
101.303
105.134
99.8156
100.893
101.274
104.553
101.102
96.4125
100.282
102.482
99.3757
100.442
102.921
98.6712
99.4734
101.666
97.4997
104.369
104.096
100.861
103.272
102.122
100.783
96.4248
100.962
101.889
102.264
105.304
98.8186
102.248
97.3296
99.9165
105.052
101.942
102.762
100.03
102.255
99.3332
102.42
102.884
100.548
98.206
99.849
106.511
99.7976
96.7605
97.8033
99.1552
100.609
96.9432
99.6003
99.8945
97.8538
101.946
100.661
100.339
103.189
104.215
103.606
101.513
97.7626
100.793
98.8002
102.6
100.517
102.125
100.19
99.5429
95.4707
98.6534
95.6748
100.132
98.6505
97.0561
100.813
98.0134
99.1161
103.536
96.2715
95.5597
100.429
102.072
99.147
101.99
103.453
100.812
101.183
102.27
102.753
101.661
101.17
103.737
100.898
100.227
99.2228
101.962
100.623
97.4419
99.3801
101.233
101.787
101.585
101.708
99.0268
102.279
102.984
101.135
103.498
101.871
98.3279
105.896
99.5493
97.88
98.8951
104.232
99.4435
100.595
104.424
99.1515
99.9975
101.116
98.6044
98.8389
101.54
102.787
98.9752
99.983
102.562
102.063
96.3459
98.1355
100.426
103.025
101.558
99.5423
96.8402
103.468
93.809
101.239
97.0701
102.608
102.198
101.953
104.458
103.362
98.4636
104.438
104.598
103.149
106.483
99.1041
101.499
98.2461
100.334
104.998
105.029
100.092
102.62
96.6844
101.314
101.997
100.507
99.6334
100.573
100.844
100.868
98.394
99.0761
98.3391
104.931
102.092
96.4675
100.422
99.7928
103.451
100.335
94.4814
101.075
98.8856
100.447
98.6683
103.19
96.3942
101.211
95.9446
101.288
99.7014
99.2517
100.365
99.0088
99.601
100.318
98.1714
99.6555
99.031
100.112
100.334
98.7073
102.16
99.855
98.9786
106.048
98.8081
102.908
95.3655
101.319
97.775
101.393
98.7753
104.767
97.0537
103.468
101.267
98.6114
101.973
99.2866
97.8668
105.19
98.0284
101.676
99.1378
101.226
103.78
99.5412
97.2939
99.5953
103.505
102.114
97.2498
97.8148
100.011
106.027
104.498
99.0395
99.1437
102.6
103.596
101.816
102.379
100.314
100.683
101.135
103.367
103.461
100.208
102.33
100.111
101.656
104.804
104.381
98.8737
100.477
104.223
101.849
103.571
104.49
99.8891
102.474
102.147
100.668
103.725
100.212
96.7343
102.586
103.734
98.127
99.6741
101.744
100.032
99.2317
103.128
101.587
100.362
99.2297
100.37
101.551
100.647
105.241
108.005
97.6461
97.8117
98.9102
98.6867
100.708
101.845
101.838
104.466
100.516
100.816
100.673
98.6445
98.5168
102.907
96.899
107.2
98.7953
96.8975
106.261
102.25
103.961
100.162
103.947
103.234
102.409
103.4
101.4
98.6578
102.34
98.7787
103.373
95.8095
98.3139
101.781
102.464
99.9043
101.39
100.394
99.6071
101.068
100.048
101.922
96.3555
103.642
97.7683
100.344
97.9489
102.554
98.6855
101.783
99.3658
95.9619
102.152
97.2816
96.758
104.372
99.4679
104.991
101.967
98.2582
101.676
100.664
98.2511
101.869
99.3968
99.7185
102.045
100.884
100.894
100.46
100.661
102.009
101.732
110.619
97.9113
96.8416
100.247
103.118
98.6327
103.231
101.593
99.2919
98.7255
101.284
101.096
100.172
100.122
103.461
101.452
98.035
103.341
98.5851
104.098
103.385
102.892
94.5136
100.208
102.046
101.006
98.1812
98.5256
101.076
101.302
101.834
103.155
101.618
104.019
101.982
106.017
97.7972
103.637
98.2931
100.851
99.471
99.9059
99.4009
100.956
101.126
105.058
103.788
101.334
105.314
97.7727
99.3077
95.1049
96.8122
99.3519
99.5758
101.377
102.789
102.38
101.31
97.0568
100.457
98.4504
102.832
104.585
101.842
106.247
103.045
97.5921
98.8697
104.074
93.2342
98.0114
99.8279
101.785
105.928
101.651
105.669
103.278
103.139
101.023
109.466
101.272
99.7952
99.4634
97.5262
102.454
99.0257
96.5924
97.9176
96.3228
103.124
101.384
102.59
103.382
102.149
103.13
99.8241
101.529
100.795
98.6884
100.261
101.041
96.6759
97.7846
102.592
101.408
101.13
99.4092
102.652
100.789
96.3018
106.556
98.0889
93.1913
100.891
100.283
98.5459
103.035
102.677
100.693
101.59
102.035
101.9
95.7255
100.987
98.1115
104.757
97.2707
100.015
105.394
102.314
96.8608
101.278
99.8262
99.1743
101.668
99.1489
103.474
99.8497
102.747
103.167
97.0377
104.434
99.1482
100.308
100.586
99.6205
102.014
99.232
99.3486
101.55
103.422
102.277
101.882
101.938
97.5817
102.407
101.009
100.177
100.121
98.8817
101.092
105.456
103.043
99.7839
99.8371
101.968
100.661
100.948
104.427
104.249
105.095
100.613
99.3936
103.564
98.5729
97.3638
101.013
103.615
100.776
100.577
103.141
99.7402
103.216
100.926
97.7809
96.7818
103.557
101.479
100.741
101.213
94.1091
103.334
101.215
99.3413
98.2083
102.115
95.5505
100.231
102.941
99.8427
98.623
103.942
100.365
102.795
94.7146
102.194
97.343
100.679
103.561
100.124
103.939
98.0558
105.734
102.921
102.325
100.137
102.936
101.387
104.306
96.4625
105.417
102.89
100.436
103.996
105.359
97.399
99.6977
97.1668
97.619
99.2731
100.571
103.192
99.693
97.8258
101.759
104.358
108.264
98.209
96.8735
99.6464
97.9829
102.27
102.102
102.044
96.835
99.3491
102.191
103.335
101.053
101.881
100.549
101.405
101.947
101.602
96.6824
100.836
99.1286
97.9449
101.195
102.326
99.9188
101.527
96.7031
100.448
101.996
95.7258
101.23
101.969
106.075
102.081
100.357
101.92
99.7452
99.2149
100.165
100.134
104.287
97.981
102.492
99.4768
100.313
105.928
101.027
95.904
97.7643
106.063
107.023
104.703
102.087
99.4629
103.217
100.507
93.8558
103.554
101.809
99.3889
97.7601
105.858
102.574
101.12
99.1913
99.3135
106.397
100.088
98.0474
103.027
100.399
98.412
96.3828
97.1121
100.798
106.248
99.0523
102.067
102.206
102.372
97.1646
105.774
101.778
98.8026
101.837
105.126
97.3685
99.5353
103.751
99.9016
105.079
99.8044
102.242
100.828
99.776
100.325
100.332
101.599
104.345
103.988
97.2777
103.466
102.839
102.399
102.933
100.7
102.669
97.2016
106.315
99.016
102.932
98.9431
101.395
105.083
98.8563
100.686
100.234
102.303
102.521
100.737
99.9014
100.228
100.385
104.396
104.784
100.495
95.7127
98.3296
100.627
99.3732
101.521
99.4637
103.617
101.446
102.065
99.9929
101.32
97.8394
100.524
99.771
100.543
99.9122
101.013
100.253
98.1561
97.2203
103.312
102.881
101.553
98.2583
100.208
100.93
99.3422
103.084
98.5226
101.347
100.579
99.2647
100.153
104.611
104.616
100.008
103.778
102.317
95.5438
101.122
98.4851
99.3837
103.544
103.712
103.578
101.316
101.884
99.4208
105.241
99.6237
98.2748
103.878
103.688
101.116
105.766
99.1625
101.278
101.622
101.381
97.9624
102.237
101.409
102.615
104.45
104.288
92.286
99.7488
103.496
103.421
100.265
97.8174
99.7741
105.576
103.653
102.409
104.535
97.987
103.311
99.5127
100.04
98.894
97.9802
99.2497
101.882
102.916
103.176
95.6314
101.897
100.066
102.629
99.2409
101.887
98.975
101.597
100.243
99.3019
101.12
103.159
104.441
99.1517
101.591
103.227
104.089
100.457
99.1723
97.8067
98.8489
98.5325
100.195
100.48
101.341
102.989
98.5391
97.9023
105.983
98.7586
97.3755
99.5351
99.3715
103.564
100.685
98.7106
96.5132
98.5419
99.5622
97.8603
101.91
101.689
102.854
100.035
105.169
103.948
101.998
96.5227
97.0244
104.081
103.38
103.303
100.183
102.717
100.007
98.9802
99.8092
101.052
97.0621
99.4502
99.2991
106.112
97.7657
102.892
97.3619
100.272
97.0662
97.4714
102.639
102.94
98.396
106.205
102.19
105.352
99.176
102.247
98.8112
101.409
104.259
104.968
98.315
101.838
101.261
101.621
101.927
103.062
100.199
99.1981
105.538
100.644
101.953
105.64
97.7941
96.43
103.444
100.451
102.135
102.709
102.112
101.062
98.7847
96.2308
98.7545
103.878
102.62
100.045
101.205
99.6235
101.673
97.6747
102.549
99.8589
99.0908
103.836
99.9363
99.5208
98.9993
104.003
103.74
101.101
105.235
100.458
99.5401
105.424
102.988
98.7429
100.36
98.9877
101.024
101.01
103.781
101.563
104.917
100.952
100.675
106.598
99.2634
101.491
101.549
99.2477
97.3101
104.476
107.026
102.071
106.015
100.843
98.3762
102.16
97.3779
103.974
102.516
99.7106
101.268
99.0994
104.599
99.1113
99.0323
98.173
97.2822
103.124
103.375
107.072
102.593
99.3088
104.178
101.026
102.744
103.557
98.7233
97.7899
101.726
105.229
101.711
97.0672
105.68
100.424
102.205
99.7234
101.983
106.048
99.613
100.511
98.6912
106.065
102.35
97.3825
100.731
99.6185
99.4042
103.024
101.244
100.445
101.782
100.176
100.841
99.931
96.8394
100.526
102.563
96.0539
99.5566
104.197
99.8068
96.2727
98.9912
103.792
102.429
100.116
102.685
98.9617
104.639
100.995
97.9214
98.6327
105.687
99.8714
98.071
95.6236
101.336
100.722
101.684
106.71
100.521
101.578
100.783
99.2663
100.518
101.051
103.67
99.9137
98.3324
99.4027
98.1833
96.8052
98.6724
99.5464
98.1375
97.9677
97.422
97.8593
102.035
100.853
100.154
100.161
102.031
97.5738
100.586
98.791
107.469
104.655
103.403
95.6539
98.7341
101.53
104.142
101.072
97.9583
101.135
100.134
100.901
101.97
101.781
99.1247
98.8747
99.2781
101.297
100.612
102.561
103.434
99.999
98.9632
103.954
102.552
100.748
102.598
99.3327
100.783
101.765
96.2545
96.3351
100.416
107.666
104.722
97.8142
98.3873
102.893
102.391
98.569
97.789
100.049
99.2253
104.551
96.9327
97.9931
100.893
97.5417
100.523
100.543
103.628
100.484
102.594
101.214
98.9916
95.1621
97.3694
99.8368
99.7831
101.779
104.621
101.993
101.088
98.8879
98.1987
100.261
100.04
102.516
103.753
105.878
107.408
100.218
97.7447
104.732
101.512
98.8486
99.9667
104.574
100.268
100.172
97.6974
102.247
103.8
100.642
100.846
99.839
100.715
96.4541
100.093
100.216
101.837
103.92
99.5307
95.7777
103.552
101.44
102.276
97.6567
101.124
101.659
101.647
100.714
100.185
99.1799
100.54
102.317
102.245
101.077
104.886
99.7938
100.147
99.7808
100.767
96.2715
97.8936
98.9397
102.925
103.509
102.509
100.326
98.2627
100.918
97.0848
98.3368
100.399
97.156
98.5192
104.381
101.066
96.9601
99.5786
99.9466
99.4117
103.273
97.9148
106.958
102.655
100.531
96.9676
100.874
97.3531
100.938
97.7337
105.482
101.564
104.281
103.45
98.7287
99.2141
103.192
97.4768
99.4256
107.482
97.1641
97.9
101.918
102.148
102.022
99.7245
96.6075
101.196
98.3139
100.683
100.669
103.185
98.8496
99.925
102.776
99.4184
102.608
100.607
101.285
100.327
103.835
108.176
101.725
99.9323
100.297
102.85
98.7794
102.89
102.693
97.2787
100.732
100.525
96.2277
100.73
101.749
100.087
100.808
102.616
98.8768
99.5541
101.93
101.121
98.5005
100.238
102.482
98.9399
101.332
104.237
103.146
100.999
104.67
101.798
101.232
98.8298
102.285
101.597
102.377
101.399
100.773
98.4432
98.6026
99.7727
103.76
98.4603
102.917
102.187
100.766
96.8826
98.6994
101.508
102.426
105.794
106.475
96.2669
97.0385
98.0437
102.415
103.793
100.059
102.04
101.863
100.744
106.599
103.087
103.41
101.769
95.7976
104.195
100.924
100.964
99.8364
99.9357
99.2815
100.495
102.273
99.5947
102.091
103.967
96.9907
101.263
102.297
102.297
99.8591
102.553
105.53
94.1311
101.358
104.156
100.259
104.994
97.608
99.7881
99.1265
100.418
102.6
103.193
99.596
99.3419
96.1417
95.8629
99.1848
102.573
106.12
104.693
99.2545
102.858
98.1344
98.0379
100.804
104.775
98.6086
100.92
104.901
98.8175
104.698
96.7047
100.309
99.1959
103.168
97.721
98.8883
103.02
100.744
105.228
98.7937
97.9784
103.757
99.8448
98.4536
101.961
105.819
101.976
101.585
102.089
100.98
96.2993
101.572
100.171
101.287
98.7712
101.083
102.074
99.9776
101.399
98.3858
96.9625
98.0603
102.514
101.713
100.924
99.9664
96.7384
100.039
99.7236
101.145
101.909
100.015
99.2431
96.5324
101.999
100.071
101.884
102.948
102.863
98.4454
101.791
100.654
101.819
101.545
98.0139
99.4333
98.3676
105.532
104.625
105.728
101.033
103.831
98.9925
100.907
102.311
98.2107
102.125
106.568
100.285
96.9082
102.039
102.278
97.8987
97.6393
99.7002
100.854
99.7975
101.073
101.005
103.867
97.7866
98.875
102.795
101.684
104.709
100.741
105.287
98.3305
105.819
100.684
99.0905
101.251
103.873
99.7616
101.926
105.121
97.0522
102.262
101.534
101.284
100.685
102.003
103.574
106.286
96.8224
99.1711
104.106
100.374
100.703
98.7509
101.559
98.215
101.307
102.138
98.7881
99.6291
98.0109
100.401
102.128
103.515
100.488
102.481
98.9641
99.8572
97.8224
97.7621
102.679
99.8608
101.645
99.7109
104.996
103.401
100.799
101.147
102.265
101.945
103.141
97.4087
99.626
101.257
100.125
98.8572
102.141
99.7613
101.257
102.596
100.46
99.083
102.157
100.951
102.293
98.7699
102.178
99.4592
102.462
103.982
100.662
102.485
94.6754
99.7388
102.91
97.059
99.2058
103.095
100.643
100.187
101.355
102.111
97.8393
102.558
99.3274
99.5112
98.3231
99.7847
102.068
99.887
105.262
102.108
106.049
102.495
103.726
105.001
102.098
107.327
101.271
101.68
98.3667
100.546
96.1003
103.852
100.097
104.883
93.5403
97.0679
100.39
101.727
100.924
107.822
100.414
101.559
98.4061
100.444
102.265
102.635
98.5396
100.434
97.6797
101.68
103.118
100.684
103.289
97.1696
107.049
98.7593
98.2537
101.36
105.424
99.3834
104.376
106.799
103.337
101.4
98.7668
103.701
100.782
97.913
101.543
98.2715
100.876
98.0934
103.642
101.366
99.6101
104.166
101.909
104.225
100.574
100.986
100.39
101.993
99.5
99.332
101.924
101.159
100.324
99.6689
100.555
101.427
101.047
100.905
97.5024
99.4149
98.8606
102.059
101.404
100.699
103.344
94.6236
103.041
102.244
102.357
101.637
99.5578
104.596
102.033
103.549
102.231
103.53
98.8098
96.8373
100.198
100.404
103.122
98.0153
99.9732
102.123
102.989
102.804
98.6937
103.387
101.445
101.18
98.2141
95.9969
97.3821
103.511
99.9419
100.361
100.559
98.6545
101.186
99.1199
103.534
102.735
99.4354
101.93
96.1384
102.242
102.793
98.3012
97.5234
101.35
102.984
101.384
101.135
101.59
101.289
100.01
97.663
105.05
102.837
100.875
103.898
105.292
98.4867
99.1839
99.9911
105.357
102.862
100.592
101.269
98.3005
98.962
94.8411
99.4402
101.033
102.496
103.305
99.7797
96.7335
102.25
97.1808
99.9124
100.577
98.8145
97.4486
101.609
104.668
100.042
98.071
97.4746
93.9604
97.3776
98.6565
101.417
101.193
99.4773
100.389
101.732
99.9823
99.4694
101.396
98.019
100.728
100.108
100.197
96.4661
98.4032
101.653
99.7968
101.32
99.6278
99.7402
99.6212
101.591
100.458
96.7661
103.298
98.2233
97.1153
102.485
96.0848
103.153
100.235
96.4588
98.3297
100.717
101.554
101.794
98.6741
95.4812
101.008
101.864
99.0783
102.036
98.064
100.912
105.294
103.862
101.373
99.1519
104.465
99.6914
102.609
98.9521
102.804
100.861
102.296
102.62
99.6798
98.7999
100.789
103.846
98.1829
100.236
98.0105
98.0725
103.327
103.234
104.3
102.796
102.444
105.706
97.5129
101.797
97.9622
98.9602
97.8539
97.3032
101.02
101.672
99.1733
102.609
102.437
98.0767
101.819
95.2633
97.5825
99.1494
103.554
100.363
96.6367
106.232
104.006
100.296
101.445
102.867
99.5147
101.495
101.781
101.424
107.23
99.1505
102.917
97.6264
99.1793
98.5335
98.6154
101.418
104.957
97.465
100.47
106.402
98.8131
103.35
102.808
96.4475
102.009
103.857
104.559
94.8012
103.074
100.717
97.5263
100.745
100.422
99.9779
106.18
104.188
103.357
101.214
100.528
100.212
101.714
101.517
102.004
101.043
99.6631
96.5863
99.7717
99.0828
