93.721
91.1001
87.0832
83.9225
91.7965
93.1604
87.0502
94.4062
89.8333
87.1514
86.1217
85.8092
93.9971
94.4363
90.8738
80.9658
86.3811
86.9246
82.1487
90.7231
99.579
83.1046
92.0014
92.5446
84.8241
95.1404
87.3413
87.7919
88.049
88.7887
89.5195
87.1375
77.5878
89.1891
91.0877
87.8836
89.7258
90.1551
82.3767
83.1948
82.0907
87.1626
88.9998
90.2452
90.9822
88.1504
81.9149
92.9434
84.4054
89.2478
91.9652
92.6564
97.7718
84.31
83.1654
88.7013
79.3174
94.2404
84.9775
91.5993
89.9424
90.0813
97.3607
82.4038
95.1052
87.946
86.5398
92.521
84.7165
85.1356
85.2656
91.406
88.4849
80.9306
97.2588
96.8114
85.4678
90.9805
92.2409
82.0414
85.1185
89.474
88.8948
80.3017
80.3161
96.0497
83.1829
90.1377
87.3534
86.1097
81.6366
83.8494
93.9867
87.2286
97.7441
93.1079
92.0028
87.2826
102.088
85.0735
89.1457
92.4286
83.9193
85.9334
92.1394
96.5293
94.567
85.0841
89.1988
77.9376
85.734
83.6095
93.9393
91.306
86.7695
89.1513
89.0888
89.0412
81.5857
91.8191
93.8233
103.801
90.0075
96.8444
88.9651
88.4166
78.0552
85.7477
85.3321
83.3471
93.8307
83.4995
92.3586
91.7746
84.5436
94.0604
94.105
77.6278
96.071
89.9657
92.2751
91.2254
90.9755
86.4558
89.1318
95.2624
94.461
91.319
80.7531
91.446
95.1901
80.3384
86.8935
89.1396
88.4505
80.7778
86.8218
86.7492
86.0893
88.4767
86.1386
86.3802
90.1148
96.6128
84.0226
85.5149
92.4864
95.3817
78.842
83.6934
92.2005
92.1929
87.4283
83.6292
91.1097
96.5803
88.671
89.2409
90.564
82.7711
90.3019
76.3771
88.6304
80.058
89.5418
87.2269
91.2667
88.3061
81.272
85.814
86.0936
85.4982
91.0941
89.5213
95.9788
103.08
84.825
91.5885
89.2105
88.166
87.8283
91.0899
84.3434
92.6885
100.655
89.9414
85.5423
78.7868
94.6547
86.8167
77.8365
85.3165
88.8382
87.4091
87.2336
91.432
95.65
90.4993
81.3518
92.6952
90.2694
84.4272
79.5366
96.068
90.9702
87.3688
87.901
84.5919
96.817
91.5943
87.8998
82.7053
94.0354
90.537
90.8244
89.4349
81.6162
94.642
98.6946
86.7679
88.2029
88.7114
87.6981
82.3738
99.9744
88.2823
93.181
93.0013
94.1271
87.0334
82.2278
82.7951
101.179
102.286
85.515
92.1175
89.6428
84.5008
86.3065
89.5648
79.1263
78.538
85.7397
81.0384
84.0981
88.2529
89.1729
90.1225
68.9729
88.0967
88.1036
95.2442
86.3577
82.0749
86.0996
80.4444
86.4252
92.216
92.4729
83.1311
86.3057
84.4387
90.0762
93.001
90.6815
84.253
87.3264
92.6114
75.2881
86.6182
84.5682
93.2019
83.2654
91.9296
90.4046
89.4445
88.4711
92.5603
91.1797
84.4171
92.6677
99.0017
88.0857
88.9464
90.4876
79.8716
90.2001
94.1927
92.6355
93.1773
91.3773
88.2885
85.1242
96.9947
96.9673
85.2038
79.0297
90.2254
90.6068
81.3146
85.7681
90.4588
93.2413
76.0758
85.1841
85.0866
89.1164
92.6923
86.4103
92.4163
93.0488
90.4465
87.1113
81.7778
88.9605
81.5089
91.9851
82.5231
91.438
91.5674
91.5201
82.9098
84.4904
91.3191
86.3007
93.5288
92.4633
87.7656
89.9144
86.9214
86.8202
88.3944
86.2232
94.4048
88.1369
87.413
85.6715
90.1125
89.4831
87.8262
89.82
85.4123
88.1648
88.5248
92.1428
81.04
90.0982
83.8174
83.8732
77.6031
86.7471
97.3815
78.3995
91.732
83.7472
80.3669
95.2548
93.8013
94.1281
87.904
92.7749
83.3541
92.928
92.8952
98.377
94.343
95.2582
85.8068
82.0194
85.7276
89.7656
84.4517
81.7984
93.0491
80.49
85.8738
90.0043
93.4762
88.8478
91.3786
87.1596
87.6653
83.875
86.4379
86.9151
83.631
83.0694
80.1397
84.2143
86.9756
81.8535
78.0694
86.7928
90.5545
95.5692
91.993
100.625
96.2229
88.502
96.3678
84.0201
97.3662
98.0215
93.9255
80.5684
92.2532
90.1083
82.8105
80.2662
93.0428
86.5707
91.9882
88.6458
80.5514
90.4751
89.7724
87.4487
84.5588
86.6503
91.0514
88.6536
81.5665
89.4287
91.3127
84.6968
88.3193
90.4905
86.2187
80.6324
98.2585
87.853
87.6685
91.162
103.357
90.4893
87.1704
89.5737
86.3932
92.0308
90.4074
87.3029
88.1811
86.6074
87.2021
90.8276
82.0137
93.3338
91.6123
86.7804
79.091
88.2178
87.9314
83.3074
85.1546
91.3694
79.8221
83.0577
87.521
86.9408
88.0358
88.2963
89.379
96.1255
82.8083
95.9281
88.7283
94.5534
95.3568
91.4007
85.7407
86.8376
89.5099
93.2138
90.3063
90.9986
79.0327
95.0904
90.6376
91.1862
96.4554
88.7973
82.779
87.6794
92.9745
83.8203
86.6279
93.971
88.2341
94.8564
83.8099
84.1229
91.5058
86.0168
103.484
89.9585
90.7362
86.8428
85.5476
76.7808
77.947
92.285
86.2305
88.2814
86.3956
88.8803
88.6528
92.3534
90.4949
96.9361
88.9281
89.715
86.4016
96.8835
87.2213
96.8545
88.2538
88.3903
92.1676
93.7496
95.6013
83.8165
87.7023
87.8756
81.5171
84.9767
79.033
93.2093
82.87
85.4041
92.399
90.4423
95.6485
86.2061
78.9277
90.6764
90.006
93.9628
91.1935
93.3081
88.5947
79.4258
80.8259
86.1663
93.5662
78.7336
99.7022
97.2819
87.133
87.5768
93.1853
93.8548
92.71
92.8976
87.5245
82.4147
91.7799
92.706
76.0362
89.8143
95.3652
89.6273
84.0578
80.3576
95.9907
87.5651
92.7632
91.9993
95.5955
92.0357
94.1522
87.2116
94.2202
97.091
88.3225
96.2254
89.533
87.8034
98.5297
88.0793
88.2871
85.2945
95.6843
79.0683
79.8391
84.6369
86.2473
88.0906
89.5246
84.7106
84.9792
85.2397
81.9292
77.8243
86.5787
95.5042
93.5331
90.9109
89.793
87.757
92.0783
88.5971
85.6551
90.5078
94.3699
86.6041
90.5463
94.7791
96.2789
93.7431
89.415
93.8416
90.8101
95.093
91.0007
83.0509
93.8096
85.8991
86.9323
85.8597
84.4258
92.7129
88.3902
89.3892
91.8862
83.1941
105.665
90.6794
87.6731
89.2259
95.5203
87.288
90.4286
89.379
82.6246
89.0649
78.7956
85.4278
91.6726
88.3949
94.2383
90.5921
96.7302
92.0629
85.9125
85.5929
89.6946
95.8839
93.1646
96.43
88.8645
89.4941
88.918
84.8259
91.8415
80.7853
82.1737
94.2559
86.4439
89.6227
87.9802
86.2297
88.5347
83.963
94.7327
85.4234
82.1505
86.6306
85.2311
88.8153
88.7944
92.1677
84.8139
103.197
85.8746
83.3304
93.9108
106.021
96.1799
86.5238
89.3807
98.1777
91.0678
90.7662
93.2259
85.3074
84.0382
89.281
88.1491
89.1135
95.5157
89.0928
87.1642
87.3591
100.006
83.3219
89.7644
100.087
93.5039
92.7152
84.3325
85.6418
91.8872
92.5311
80.2163
87.0627
81.8216
92.3275
96.5752
85.7525
83.5305
87.4384
90.7041
89.2242
98.84
77.9402
88.5181
95.5612
77.0707
92.8661
80.5242
82.5804
95.441
84.5228
89.4729
96.3323
89.3506
93.2389
86.1581
73.8753
81.3709
92.5233
88.3631
87.4297
90.1682
101.438
90.7179
90.8063
97.4717
86.1229
79.4678
94.4601
88.2343
84.3027
90.5864
84.5849
90.305
94.3703
81.8546
90.2565
93.0658
81.2525
91.0869
88.412
83.9402
84.8648
89.1935
93.6464
79.9264
88.9954
79.5785
95.694
91.1846
91.214
96.4358
97.4957
96.4504
90.3611
86.1871
80.3231
88.4518
88.9783
88.0125
79.0213
92.0425
89.2956
85.857
74.616
93.113
81.3472
83.9238
96.8795
90.9015
88.4875
92.8528
101.838
88.462
88.253
88.3775
92.2488
86.1594
87.9698
87.8078
85.4208
85.9521
86.5374
82.5209
90.7114
78.9817
84.3918
91.114
90.5055
102.15
80.9151
84.165
91.5017
91.1652
91.987
91.5045
91.0801
92.2925
80.7171
86.9641
74.5431
91.9226
85.2023
91.5774
95.641
87.3676
83.8077
98.0517
84.9921
79.6933
87.8803
93.2738
96.4117
99.6681
86.074
89.5692
86.1721
79.3129
96.3529
91.9395
95.2676
91.5375
77.1586
96.4892
94.0946
89.0407
85.2037
89.5064
85.8665
87.1499
92.7706
92.4341
90.3099
87.0707
87.3448
88.9384
82.6909
85.1197
99.7903
84.0628
90.8824
94.7043
88.5798
92.4701
85.4716
88.0017
90.2044
86.8094
83.5793
75.9444
84.3286
87.8858
86.0462
79.1651
84.8102
88.073
83.4538
91.8609
83.096
82.4657
95.9127
89.6936
92.6785
88.4411
92.2585
93.8555
86.5496
82.1792
90.2716
83.006
86.1226
91.4358
97.4243
87.9799
91.7515
93.6979
93.5864
88.8196
88.1797
84.5649
86.4189
88.0356
87.5648
74.3316
85.9186
90.0908
91.3803
88.9565
84.6326
83.5771
90.5755
95.4872
92.1665
94.4657
89.6667
93.4787
88.9594
89.7176
103.498
92.1206
100.98
87.2032
88.1589
88.8512
87.2335
80.4946
88.7922
81.3469
94.8149
83.7984
95.328
99.896
92.6671
92.8463
86.3971
93.7742
93.455
88.7906
90.5653
86.1213
99.3584
84.7786
85.734
84.1487
83.8695
94.1065
81.5554
96.9118
82.8192
93.9455
86.8578
85.6188
88.5514
89.687
84.8041
89.1655
84.6428
92.5323
82.1792
82.2789
93.2288
79.8503
80.5685
90.8325
87.6929
98.8365
93.4444
90.4039
91.8363
81.3681
94.265
87.4767
94.3195
85.6016
75.3471
87.143
97.9702
95.6771
94.3131
83.7686
75.0878
92.7903
88.8919
83.4364
84.0875
89.6794
86.836
90.5246
87.1922
102.018
87.5131
86.9487
92.1785
88.0617
77.3728
90.1487
91.519
84.6804
87.1422
84.2205
88.9035
89.6745
77.9378
91.0324
84.5888
77.4085
93.5597
87.1175
93.9301
88.2041
88.5683
85.8138
93.027
96.7663
79.8635
86.7971
86.455
97.6559
90.2567
100.158
92.5516
89.5488
95.4959
94.6671
92.0425
92.0706
90.6836
83.4767
83.5806
83.0225
85.0753
94.6213
92.3649
89.1043
96.0777
93.3691
76.8655
83.5004
89.5823
89.0142
81.5327
91.4875
87.2241
86.763
79.1991
94.4679
89.0165
89.2841
88.1834
90.8423
95.7048
83.5326
89.7701
83.3643
93.9444
96.8637
86.9737
92.5072
87.4127
86.6433
86.6753
81.2855
80.0997
83.663
80.445
96.6649
83.4838
91.6364
95.5464
88.7145
83.2455
81.9222
92.6174
90.1762
92.3546
80.2042
86.9641
84.0354
102.105
95.4329
91.8756
100.852
90.6314
97.1585
95.5213
84.329
93.2581
92.7247
89.6505
83.7412
90.8966
86.2868
82.789
82.7657
75.5064
90.7299
98.2257
99.7803
90.6967
90.6959
85.0878
83.839
89.0383
89.5224
94.0935
87.1438
89.846
90.1268
91.3787
85.6736
90.0066
96.5809
88.0996
94.774
85.7178
86.8395
93.2522
95.3912
85.1429
91.0293
87.82
87.6188
87.6733
90.9638
90.6399
84.089
87.1278
86.6828
85.1862
90.4694
84.7411
88.7428
84.6244
85.2978
92.3668
90.4602
85.5514
87.2623
87.3
85.9495
88.1194
95.7559
91.5837
87.5744
95.5465
91.7811
94.1542
90.6507
91.4749
95.3197
94.8427
97.7976
92.733
79.3076
77.3045
96.0106
83.3003
85.1339
98.9976
84.3306
85.2696
84.4132
89.324
88.0509
80.9133
94.9828
84.8589
95.8407
94.2688
86.04
93.3614
100.92
86.9138
94.9286
89.2487
84.0007
90.2721
88.0512
84.8998
82.7729
93.4879
94.1174
86.9644
85.4284
80.5279
90.799
83.0413
85.1242
81.9934
88.5925
84.8081
83.8377
87.9434
100.063
85.7408
88.2738
93.0875
86.4421
96.608
76.1263
88.9988
93.2604
81.7579
83.1841
91.9908
86.6234
84.7344
90.7512
87.9235
92.0644
91.4073
89.3273
85.5132
90.0787
85.0651
85.7357
81.2233
86.2048
89.4504
90.441
83.9162
84.505
93.219
93.1732
88.5563
89.9036
91.5186
90.1909
88.2184
81.4512
94.6172
84.5727
91.4859
81.2978
96.6853
81.6624
96.2813
78.9988
83.752
88.1856
98.6635
96.3821
97.586
86.782
85.8288
90.2631
82.9718
98.0248
81.835
81.4582
91.5057
91.4682
95.5089
84.8132
87.8858
91.111
89.7931
82.0036
82.5299
92.4639
84.1674
79.0806
93.9457
82.1766
88.7897
88.0366
86.8535
86.5214
88.4161
85.0668
93.7427
86.3343
88.3286
90.363
88.1199
95.1776
97.565
79.9005
86.1888
86.5384
93.8529
83.2166
91.5907
93.0729
92.5579
85.2187
87.8052
88.8746
82.2512
84.4211
89.2349
93.1188
84.4404
101.623
76.0895
86.5908
85.9889
85.9388
88.2852
87.737
84.9435
93.9997
85.3902
87.8317
88.9294
81.2687
95.0543
83.3867
96.3217
78.5332
89.3666
86.7091
93.2723
92.8585
90.8143
100.724
90.3861
87.9903
90.9938
91.5937
87.8631
85.0307
83.5522
89.6527
88.5975
87.0271
93.6948
85.9224
92.2401
86.1011
91.6559
88.9372
91.1612
80.1253
87.1047
79.7139
82.8374
80.3929
90.3623
89.346
97.7243
86.5304
90.2703
86.7857
87.5748
80.6121
91.3694
86.9695
89.3635
84.4772
93.7559
90.0073
85.2874
89.1629
85.3932
84.0944
81.6976
96.4399
89.0065
88.7452
84.5651
88.7967
98.3294
88.8501
96.6821
95.9195
77.6951
94.8914
82.5866
85.8709
85.2849
91.4004
89.4074
90.6703
78.4758
78.8589
98.777
85.9404
85.0291
87.7668
79.5398
90.511
84.1196
95.0698
91.1665
95.6753
88.4343
86.506
97.7839
88.2885
99.903
94.473
95.4126
84.008
91.0628
91.3881
86.6121
85.7182
95.8882
85.6096
92.2633
88.4288
99.3581
86.9057
91.5592
87.6072
82.4363
95.3106
87.4627
85.6067
87.7033
84.3819
83.5944
91.3099
96.5597
98.9706
88.5814
90.3463
91.2658
85.6621
95.9027
95.6087
87.8851
83.6954
84.588
89.4239
94.5099
88.4996
90.1476
92.9611
78.9201
91.4005
80.8051
87.6236
89.7851
94.1521
87.5041
91.2346
92.1788
87.7717
90.8986
89.4225
89.3795
86.9233
84.5841
93.8279
85.751
81.7692
90.1492
84.4617
85.5663
94.4458
79.584
87.5997
82.7522
87.5847
95.1291
93.6807
85.441
83.2993
98.7298
92.264
95.2846
83.802
86.3889
86.3364
94.7051
97.6129
89.4156
96.3978
95.8702
100.911
83.0589
87.3057
86.6568
85.0653
93.9417
85.433
89.5952
79.9495
94.8606
80.7929
86.6625
83.5037
84.7307
90.4748
86.4539
89.6294
93.0942
83.3371
86.2522
87.3378
96.8135
86.0974
93.0215
90.43
84.5813
96.2962
96.5308
94.5292
90.8571
86.3342
99.3071
87.5654
95.9798
89.4168
95.0843
83.0378
90.3
89.6059
87.2273
92.6461
90.6748
93.3142
92.6358
97.0067
82.6447
97.0146
88.8997
82.5041
84.8264
101.61
94.2542
90.3699
91.9584
91.9219
90.4399
85.1798
91.7987
89.2006
93.6349
89.6926
82.7575
84.6618
98.4759
91.84
89.3871
98.4361
87.7808
86.004
85.3222
91.0159
93.0539
80.2035
84.6661
85.0986
82.2771
80.3871
91.3176
97.8279
88.145
81.9962
85.0578
86.3072
89.7381
107.69
91.3857
94.9885
84.1704
78.0179
102.374
99.862
89.3225
90.7221
86.8321
93.6755
90.077
97.6156
93.977
91.8891
82.1702
76.7531
85.0841
80.6578
87.3043
80.0374
85.9833
90.1742
88.8291
96.9178
95.6837
87.8845
87.9578
97.8874
86.9483
98.8959
98.2316
89.9195
90.2063
91.3424
81.8464
91.4445
92.7915
85.7728
87.2142
89.3982
90.4816
84.9371
101.452
92.3644
80.9227
84.0085
86.0417
85.0122
91.8884
82.4119
89.0569
94.7618
76.4777
90.9229
98.4801
84.9494
89.6566
86.5979
89.8188
88.8195
88.7774
87.7759
86.893
82.8248
94.742
90.9124
92.0489
96.9669
81.0628
91.5895
95.1576
91.2823
86.4414
86.0169
87.0366
98.3654
89.2627
85.7002
88.5124
86.5097
90.7245
86.8426
91.1909
88.0492
87.2355
83.5926
91.86
82.4651
89.6213
90.504
93.7734
86.4257
87.5019
93.8967
88.3486
82.7616
90.1722
85.2919
92.3848
77.5428
87.2586
95.2477
84.4275
84.6924
93.3362
85.7826
93.7176
87.058
89.497
92.4064
94.7537
84.489
93.3775
88.5586
92.6865
86.6249
91.1039
90.1082
84.9858
85.9933
90.1397
85.2157
84.9317
81.4806
85.0928
86.3367
89.0018
89.4355
90.1534
91.1306
91.222
83.0728
95.522
87.5091
83.1342
85.2851
93.1334
90.5841
85.0747
98.3892
100.604
92.0682
75.1719
73.0916
90.3876
84.2922
81.1437
82.466
100.78
91.1133
84.4747
91.1217
91.6818
88.8867
87.336
88.3599
89.5814
88.8063
89.9643
86.7745
85.828
82.06
93.4114
93.2554
82.7575
98.3099
89.8127
85.3077
92.4002
83.4739
86.9751
96.0237
93.6907
83.5404
83.3234
80.4443
89.7049
83.4943
92.6977
96.8402
87.6386
91.1219
87.5144
82.3936
87.5381
93.1722
90.6686
91.1518
82.2499
92.0857
85.0774
87.6134
86.3758
86.4603
88.6522
92.9366
88.5419
96.4376
93.8816
83.4719
100.404
95.8639
96.1289
88.8776
91.0155
76.7011
88.032
86.4053
89.3507
88.4079
90.415
85.6183
92.489
81.9039
93.7981
90.7161
89.3401
88.7627
88.3609
93.6672
82.396
98.7876
83.6913
86.8003
90.5889
85.1676
87.7021
91.3945
85.9133
82.2993
92.7295
90.4663
85.0773
90.5421
90.7485
91.4208
84.1015
91.2716
96.738
84.0329
89.666
78.6288
93.2595
84.9676
84.0007
100.756
83.9834
81.5506
87.2245
93.1507
90.8077
88.9527
87.0648
91.8602
93.9623
95.5102
89.6233
89.1866
80.5246
80.7295
85.1874
86.2579
87.7647
90.4371
86.3821
93.3205
97.87
92.3871
93.7855
86.3228
90.6496
95.6525
86.8427
83.7686
93.5304
86.4687
85.3543
86.6715
94.7909
82.9706
88.0306
92.9688
93.4782
89.7345
97.0913
85.0481
90.9259
97.6957
101.613
87.7264
88.3868
82.9723
90.4593
87.0916
90.4965
95.518
87.0959
78.215
80.2518
90.8733
89.8529
86.5957
82.4337
88.5488
79.3373
96.9638
92.358
89.717
94.5435
91.4019
97.4195
81.6276
84.049
86.7198
82.7831
84.8103
92.3988
89.8288
85.9966
89.8805
85.7626
88.3413
81.9227
95.6633
82.8448
93.9521
83.8132
92.6686
85.4514
89.6603
86.1082
81.6295
89.5888
90.5605
91.0056
89.4395
94.4723
88.3127
82.9873
95.7537
87.0535
88.3596
88.8814
87.4157
78.6002
93.5109
86.5302
86.8381
94.5156
89.7679
81.8086
85.6382
95.7587
92.5458
90.1582
83.2613
87.0381
98.4241
76.9759
88.472
83.8966
92.2443
84.9196
86.3163
89.5247
101.819
99.0277
88.6232
97.1444
86.7453
83.6858
95.3601
91.2382
87.6813
82.473
88.7275
90.9911
91.5714
89.4349
95.203
91.9212
88.3421
89.9185
83.7072
88.1803
81.7924
89.3309
90.1303
90.0966
84.7623
87.5372
81.0146
78.13
83.7353
86.4333
87.546
92.2818
91.3173
94.3167
90.2671
80.7954
83.5678
87.9209
92.061
86.8364
93.8838
93.3954
87.2633
81.9883
84.9448
90.2435
88.6744
86.1712
87.4912
87.5353
97.214
81.8506
87.7469
83.9069
83.2392
84.1865
86.6385
92.109
85.9256
88.8705
91.7379
84.2779
84.8759
93.6571
83.9492
92.557
92.0594
90.8262
86.9192
89.8513
97.7355
88.7169
83.2981
89.3109
85.6681
90.4553
88.6699
77.5366
94.7744
90.5461
82.6153
86.8921
96.1097
95.1296
88.2824
92.0746
94.998
98.0898
92.1635
92.5753
95.2439
95.389
89.5392
78.8201
91.6505
81.176
83.913
101.754
85.4696
88.4001
92.6745
82.7903
86.3359
93.6228
91.9652
89.7249
101.473
91.8149
84.13
91.4682
89.4667
80.2935
82.3472
80.0926
85.9486
91.6196
102.077
92.5259
85.9261
91.993
91.2832
83.8142
89.388
85.4535
98.8747
86.7291
87.9094
87.6882
83.169
98.4461
84.3998
96.6027
90.402
97.9947
91.3516
94.5516
94.5113
81.7671
88.8283
81.3059
90.7951
88.4756
80.9396
84.2473
71.6343
96.0599
88.8839
92.6045
80.2464
87.7457
93.3433
98.6943
99.3546
88.1314
96.5495
93.9144
96.28
94.16
91.995
85.032
83.1859
98.7447
96.1365
81.4122
88.8602
86.3569
86.5044
86.0387
81.4709
94.7456
87.2238
84.7439
81.7356
91.4738
88.8719
80.4816
82.7312
84.7118
94.7364
90.0959
84.2062
94.0252
88.7085
88.5901
86.4663
88.9479
96.5468
93.153
84.7282
81.8308
88.018
86.692
97.99
94.8387
92.4895
85.5586
88.8486
87.5275
84.7179
89.0525
83.8806
93.6019
85.623
83.7182
85.8233
97.9954
87.8034
92.4346
79.9743
77.642
92.4229
79.0086
90.6098
83.6258
83.5937
97.67
84.661
91.8652
87.1042
107.547
94.7784
82.4182
94.9028
85.6177
100.437
90.5997
85.8223
98.0363
87.487
99.1313
86.754
97.0909
89.7696
92.2709
96.3507
88.8114
83.2276
88.3488
89.4086
90.5724
90.957
86.3943
84.2524
88.7037
97.6378
88.3701
99.6301
94.0328
94.4019
86.8245
96.0622
84.5579
87.7093
94.9108
95.3657
83.8963
83.0818
91.1371
97.1821
93.9601
81.7302
97.3447
87.8115
84.512
97.7579
96.9946
81.7158
86.5342
84.8714
95.6479
81.1025
86.9936
82.8563
92.8853
87.9873
94.1506
84.5525
92.0148
91.017
75.666
92.8117
89.8096
94.359
98.1987
80.3852
85.021
89.0288
89.048
82.9198
84.2579
89.9662
96.1721
94.0457
93.473
85.5569
94.2861
89.1079
85.9797
86.0452
91.5296
89.4166
97.3966
94.6098
88.0883
91.9213
89.0973
90.6875
90.7808
88.9247
94.6185
92.3999
97.5586
82.8972
95.2528
92.1283
96.1309
97.0362
89.9953
89.1887
87.6728
88.6987
79.1918
95.7089
88.6304
87.4636
94.838
87.2113
92.9046
97.2963
82.1757
82.4066
90.6435
90.9705
78.1428
99.1811
81.8863
89.3181
82.3595
91.4459
78.4969
87.3446
87.967
89.7087
87.9992
77.393
87.7872
86.4809
88.3577
87.4766
80.5858
93.5493
84.4123
84.5573
83.8547
92.9178
93.8202
80.8622
82.9215
93.7734
92.7184
84.2054
84.6487
88.9183
90.9025
97.4329
91.5492
97.8207
95.0642
91.0433
86.0707
90.1993
84.6857
85.67
95.0347
83.2058
97.3111
98.1077
90.452
85.5709
79.761
95.2158
92.4515
88.4245
83.9955
95.2619
89.282
75.0963
84.5916
84.0337
92.3071
86.4124
86.6547
99.4302
90.269
82.5218
95.7947
84.4286
76.3589
89.353
85.3269
92.0136
96.8433
94.4275
81.5638
88.6023
86.4294
92.8672
92.1871
88.9476
90.1698
94.9384
94.7846
88.4386
91.6561
96.3571
91.8331
78.697
91.7041
92.7153
87.5685
92.7715
92.3357
86.5701
86.0371
88.996
82.7811
94.3784
91.1766
80.4911
93.0038
90.6857
93.2851
85.7949
95.801
92.3972
84.9154
93.8797
96.458
83.3001
90.1477
86.7136
86.9836
80.3479
96.0459
96.3444
90.3807
83.0856
96.7499
98.331
95.0421
89.1708
86.0923
90.2553
94.447
84.0559
88.3422
92.4044
92.9508
83.602
99.5766
81.8743
94.8372
96.7718
83.2024
91.1829
97.4522
94.5642
88.2636
94.0459
95.3195
90.4382
84.4694
99.9733
98.068
89.1596
81.8934
96.106
108.625
92.372
78.6645
99.4844
96.74
90.2406
99.0204
86.5328
83.9122
94.5268
91.7532
88.2103
94.8481
87.6883
96.0248
87.0386
89.2953
99.2194
103.859
82.3388
93.7689
90.7808
96.7874
92.9849
86.2529
90.2731
80.1879
85.5178
92.0283
89.0553
91.3329
98.6555
90.0133
85.8515
83.7395
91.9964
90.3004
85.4052
84.5362
90.1756
83.9042
89.7589
92.2304
88.4693
87.1061
88.1183
105.768
96.3703
95.4104
95.9357
87.2537
99.0172
85.6353
88.5993
85.3975
87.5547
93.5961
93.6514
86.0371
88.119
86.9865
81.7138
88.3022
91.3329
95.2211
96.4818
82.9002
90.318
85.3477
86.5681
86.4378
86.099
95.4021
91.1723
88.0069
89.5727
85.0744
84.6996
85.694
91.6159
92.1499
93.9006
83.2631
82.0145
89.1082
86.6376
90.1852
91.3739
93.9269
92.4849
93.9303
90.8046
81.3028
91.0439
94.872
88.8869
92.0793
83.5082
94.0514
87.8465
96.4578
83.7678
83.7447
86.9485
89.7182
90.2751
96.2515
93.8122
96.4232
91.9982
90.6163
97.8921
88.5966
93.369
88.0034
88.9791
96.2952
81.7349
88.5951
83.4064
94.4874
95.6846
84.0287
84.1685
81.2775
80.9235
99.5792
95.09
96.9542
91.0355
85.2005
85.9829
84.3783
83.0431
94.9197
85.2781
98.956
80.546
84.8295
94.6655
84.0568
87.5402
77.7714
89.3746
93.716
97.7515
91.5117
91.5973
78.9793
90.556
96.5208
94.4173
87.643
94.3186
90.1164
92.4023
94.0378
82.5172
82.3902
88.3222
88.8637
91.713
90.049
95.7493
89.0493
89.9851
96.2306
88.9305
89.3894
86.5021
94.7554
90.7266
99.104
98.7059
90.9014
71.7395
88.4146
92.2262
86.4219
90.9759
84.9529
91.9818
89.1387
90.8041
89.0579
91.3144
84.6952
78.8941
90.6544
99.4949
95.5757
89.4662
95.8723
93.6244
83.7531
90.8387
87.9502
86.1196
89.8412
94.9964
86.1866
92.33
95.3015
86.415
95.818
88.7129
88.9095
88.3479
83.5852
85.3911
101.038
90.6933
85.5583
89.3784
98.8332
79.5153
96.3868
85.0033
80.8056
91.6579
98.8595
81.411
93.9498
92.6559
82.8341
95.4202
82.3533
94.4516
95.6836
101.945
88.2925
88.5405
87.5275
78.0677
82.1136
93.974
85.6214
85.9916
90.2723
86.6029
84.4596
88.0377
92.5967
96.0544
76.3222
75.7546
83.3295
100.196
93.7869
92.2556
82.1161
91.2879
86.2118
87.3547
85.9866
92.9897
83.8765
78.8081
90.775
86.2211
89.3829
99.7268
85.1369
87.2961
81.4834
93.5849
80.4573
87.2033
89.5356
88.9603
87.2593
89.5202
81.7844
99.2758
91.9828
83.2488
88.2482
83.7827
86.7006
82.9558
90.354
87.2841
89.1475
89.0778
92.9599
88.1469
87.1747
90.0638
79.8419
87.5899
94.5358
93.3176
86.7548
92.3016
82.0209
94.2784
95.8483
89.6989
89.016
92.0376
98.9345
81.4256
86.4388
96.6834
97.3049
91.0586
81.0948
86.8879
89.7511
94.0757
102.454
90.6972
90.387
90.4118
77.2954
99.8168
88.9887
91.5259
91.815
92.7367
90.8273
88.778
84.3399
90.9883
87.0728
89.9536
96.1132
91.7268
84.5816
88.0525
85.6377
81.5201
92.4741
96.3952
89.9656
87.0208
85.1121
87.1662
81.0267
86.8388
83.3314
89.9399
90.6484
84.2523
81.8991
92.2456
80.5855
83.5293
93.7428
94.9682
96.7176
88.6994
89.7021
79.0222
84.3162
92.8155
85.1875
90.3435
87.8513
89.8535
86.2766
91.2087
88.0109
93.2025
93.77
90.885
84.6706
88.5662
88.4194
90.2516
79.6933
90.8495
89.083
80.948
90.9853
84.8796
84.9003
97.8203
101.508
74.1274
99.4477
92.8824
88.3093
91.4737
90.7881
101.857
86.1846
85.3136
85.3467
91.3225
92.8591
104.293
93.3244
85.958
82.3011
87.0729
97.0525
95.4789
79.7822
85.9998
83.507
96.3694
92.5987
91.47
89.3656
88.3924
94.528
92.8117
79.0581
97.941
94.1828
92.3744
94.7261
84.2171
88.7217
89.0806
88.6782
87.6133
86.1099
103.979
90.5328
81.741
80.4574
83.36
90.6554
82.6008
82.8467
75.7494
90.5517
84.2274
84.9925
87.4244
81.0613
90.5234
83.8205
87.0909
93.3674
89.8691
89.8776
91.5324
85.765
86.7986
85.6616
91.2515
91.8074
92.0991
84.3712
88.4175
93.9863
91.6567
96.1494
87.5952
84.515
89.2543
87.4292
81.9604
82.3838
91.7351
91.3461
83.5699
89.9904
90.6122
97.2426
84.5686
85.8774
86.4189
89.3205
78.0006
84.3429
89.0401
89.7981
82.7534
92.2456
95.5587
85.6425
94.6595
83.9816
82.6061
88.3834
89.1691
93.4117
106.354
94.3888
78.7976
87.7983
86.8482
90.8383
87.0243
77.4763
96.71
92.5656
86.2194
89.8855
85.0306
97.0942
82.8473
90.1008
86.8979
87.7232
88.768
88.6278
92.3399
96.2712
91.003
93.783
94.5898
79.3363
80.3411
93.2992
98.6674
88.7158
87.8094
83.8213
93.131
93.2348
90.776
95.7152
85.7294
85.9255
87.6565
94.0293
91.1576
86.8438
85.5854
92.9472
91.2937
87.9762
82.6559
95.8599
92.9313
89.4891
90.3645
85.2985
93.3149
94.4775
96.1057
93.3547
87.6448
97.8748
84.8942
88.8632
84.402
84.4967
89.8641
83.3053
89.4791
94.84
92.8752
87.1524
91.8674
85.6112
82.2129
92.4756
95.799
78.5442
98.6387
99.2256
87.1453
88.5747
90.9515
88.8966
80.2873
90.0002
95.0393
94.4089
84.8432
91.3247
95.5078
94.1897
89.5666
77.6143
95.1135
79.343
84.3519
85.4098
86.6717
83.704
87.2563
85.5586
88.4256
90.3227
92.047
90.087
86.1043
87.0897
96.8813
82.5956
90.0788
87.5525
93.9706
80.0803
92.5714
86.8529
89.6399
90.665
78.5849
81.0182
90.6734
88.1952
93.3568
98.1488
79.467
79.5294
90.1364
83.7059
90.5551
87.4162
80.4965
88.1116
81.6912
82.845
96.2555
91.3403
93.5358
92.562
86.4215
86.0016
80.2033
90.1948
88.6185
93.7331
86.6091
96.0403
91.8582
89.9299
93.2152
83.3782
85.5413
87.1446
88.4812
93.7554
97.5122
79.2087
82.449
80.5114
94.5426
86.7041
89.6412
92.1168
86.8103
106.094
81.1534
85.0877
91.3624
88.5838
84.7704
99.8123
87.725
93.4765
91.2998
81.2901
86.752
91.3243
89.4312
92.1722
94.2105
89.3919
87.9822
78.9415
91.6269
93.1697
96.7875
86.463
90.0373
83.4317
89.9368
86.2994
87.6409
85.2593
87.9385
97.7754
84.642
82.5946
81.9705
87.1068
86.45
83.2491
89.0904
91.8833
89.598
88.5643
92.9921
87.6622
84.0863
97.7707
81.6899
101.1
94.6278
90.8324
87.0473
80.9591
84.2187
94.5697
86.2313
97.2221
82.8387
87.3403
91.6919
97.0287
84.1687
94.4953
85.9025
89.4194
92.887
98.5454
96.0045
85.6517
97.3895
95.3785
93.9234
87.0698
91.1882
90.2646
91.2729
91.3855
86.3066
98.1301
90.1884
90.1586
85.1744
86.3733
89.8289
82.3461
91.7143
92.6104
86.3202
85.0105
99.6295
100.979
92.3817
86.6243
85.384
85.1232
89.3536
99.4463
82.4014
92.832
88.6415
83.9009
96.8889
92.1059
84.623
78.7869
93.4447
85.5848
89.7978
77.3107
84.9933
82.7243
86.234
89.8374
93.4039
84.2748
95.5012
80.9873
92.2988
84.0684
90.5871
83.8563
86.3916
95.3001
89.4981
79.1211
88.4118
88.7072
95.4458
85.9647
103.472
85.1221
99.7353
90.2179
87.1604
87.8837
88.1136
91.9849
95.6897
88.5947
92.3141
87.84
88.3788
85.8764
88.4527
91.4109
83.1475
85.3743
83.4033
86.8375
92.111
85.1037
95.803
102.81
83.3152
91.8239
81.6227
89.2289
85.1547
97.3152
98.71
85.5604
92.8463
91.1318
89.0149
85.7538
93.1984
96.9578
86.2889
83.5126
91.7561
82.3627
94.0812
88.4413
82.7421
86.8571
86.6944
92.3576
91.401
90.8745
92.4064
89.5795
92.059
88.2301
87.1727
88.5479
81.9031
82.9074
88.744
85.6717
91.0112
82.7818
81.1746
93.9124
93.5921
88.8336
83.3161
90.7163
92.6111
83.0154
86.3082
90.8518
84.8138
80.3033
95.1873
89.6162
92.3272
93.6479
89.2778
80.9978
94.487
84.1032
90.8346
88.3706
96.4412
87.1653
92.3761
100.438
93.0962
98.4681
86.2945
82.5844
94.6994
80.8232
95.7703
97.0698
84.8974
86.7579
77.7637
92.9248
96.7689
79.7351
87.2039
90.6327
85.3569
94.9735
88.2865
86.5511
90.5814
96.029
85.9677
83.7003
92.6455
85.5599
87.5336
89.0807
85.3281
92.6288
90.0466
76.1196
98.7141
87.769
91.3266
84.5933
91.0511
92.6565
85.8427
86.2329
91.7403
83.5684
92.5686
83.8548
95.5464
87.4919
98.4301
96.5022
89.7322
95.369
81.9289
86.3742
88.5575
87.8383
85.2172
86.0206
87.9221
88.9612
85.8517
91.3306
99.0159
93.3817
84.6169
81.8231
91.1178
100.3
84.1623
85.0423
83.9827
86.51
91.5987
102.032
82.9529
93.8737
94.2974
94.4477
94.9234
91.527
80.8494
87.8029
87.009
90.7747
83.6242
81.4239
95.1167
87.4336
94.99
89.2409
84.5952
82.4085
90.9682
94.4446
94.6118
90.2684
94.5466
95.088
83.2126
82.1522
95.7053
83.2655
93.6289
93.1442
87.9298
91.876
86.4226
99.1453
88.9018
80.5331
98.3551
88.1788
96.3952
88.8414
87.6325
90.0404
88.2132
91.9234
94.7341
90.161
98.2151
94.2458
81.6883
93.8195
92.2857
91.064
93.9656
82.702
86.5675
90.5457
91.4008
93.5868
90.4541
93.5576
81.4942
90.574
97.9623
84.7005
97.3066
84.8253
91.2666
96.9973
87.098
84.9009
100.279
90.3659
87.5055
84.1255
88.0232
79.8393
89.0063
88.9763
84.3087
94.8291
92.9781
76.4641
88.2893
92.9963
91.1564
92.8655
93.2225
84.1079
83.7423
81.1406
92.2147
93.6412
86.3633
82.447
89.9462
90.587
95.5078
88.5922
84.9506
100.19
92.6843
92.2008
88.9074
80.2514
92.8985
95.3883
86.1956
91.0701
98.0417
92.2061
90.6203
90.22
82.3191
95.4461
96.2369
84.3439
82.6438
89.0995
88.785
87.4006
93.6738
87.491
89.9205
93.1279
101.289
85.2198
90.1452
99.5993
81.7318
88.1516
79.4324
92.1914
85.0072
89.9429
96.9526
99.5935
96.8479
92.0648
94.8497
88.5352
90.9298
91.3566
83.3421
85.0303
84.1554
81.133
90.0262
85.967
80.6246
85.2315
89.3545
88.9586
89.5891
91.1753
89.8015
84.6533
92.2341
85.685
96.4085
91.3164
95.0762
104.891
96.7796
86.9932
84.5551
87.3422
87.448
86.45
100.062
81.0078
94.3578
88.7395
91.5462
98.0808
87.211
95.6122
90.505
81.2217
80.2029
93.2758
84.7903
84.7472
81.6812
95.6653
87.5765
85.9723
88.2373
86.6635
101.629
79.1799
80.6579
81.2489
85.5004
90.9159
89.5093
87.1101
94.8217
90.6892
103.155
82.4309
91.734
91.7913
87.6086
96.2766
88.1596
86.4983
86.643
95.9845
83.5613
78.6907
97.0032
89.3417
99.0718
91.5019
94.2416
86.6717
90.1832
90.9984
97.1687
89.3284
87.3905
88.7701
89.0927
88.004
95.3851
90.4003
82.8971
83.7755
83.2235
89.4171
83.9764
86.2535
93.6037
80.1397
88.042
89.3308
94.8796
86.2583
86.1647
98.688
84.505
96.1695
89.261
98.1118
91.3287
86.5699
80.306
94.9322
100.624
88.9384
80.6411
83.3239
80.4376
94.5692
88.5756
85.9661
83.854
83.9924
96.8224
92.5844
95.5017
99.034
98.4204
85.6771
90.4069
87.4894
76.319
72.182
79.5265
96.5013
89.1364
94.192
85.587
88.2182
90.0313
73.4811
88.2731
96.2398
80.7218
83.276
86.0881
92.3014
84.1959
90.5814
94.3723
89.1553
91.7269
91.5073
84.5658
91.6671
90.0658
93.2171
84.8601
96.6683
93.9331
89.943
89.0513
87.801
78.4139
90.1457
88.2462
96.2816
90.1312
88.7573
87.8809
100.493
94.7941
90.1926
82.6778
90.2358
90.2071
94.9115
86.5276
93.1245
91.3188
90.8892
81.0796
84.3958
85.0197
91.0811
88.7131
83.6789
100.195
87.7446
93.7208
92.301
89.982
92.7257
96.2458
96.3309
79.0893
83.999
91.849
96.419
77.2344
83.1716
94.688
82.532
82.9613
76.0433
84.6534
90.9458
88.7488
88.6264
91.0033
84.7809
91.5453
89.8217
85.9319
82.4756
84.0797
93.379
89.6757
88.89
85.6927
91.4929
83.4186
90.5346
88.562
87.5104
87.9862
94.3695
83.5188
84.067
88.0203
91.6075
90.2895
89.6306
87.3479
89.7916
87.8384
76.3559
89.8967
89.0009
90.5521
86.6532
89.9947
88.22
90.5795
84.871
91.2516
94.2169
97.5573
90.4779
91.5321
86.0498
88.0904
94.0631
86.6955
95.4489
101.612
84.6883
89.1484
95.1869
93.8151
92.1244
86.7634
82.4172
93.8391
104.498
84.9929
84.8005
93.0928
84.8831
88.9431
86.4804
91.7269
86.3014
95.4973
85.9374
84.7045
91.4406
90.8964
91.3715
93.6249
92.2288
84.6896
95.2206
82.3435
87.2665
92.0017
89.7161
93.4524
92.4818
85.325
81.6497
80.6464
85.8859
82.8883
89.597
89.5424
87.8201
86.0138
96.3458
83.4429
84.708
90.5518
88.7436
98.9012
93.6632
86.2039
90.0442
95.8276
79.0476
88.8874
93.6456
90.2163
96.4801
93.7599
90.4998
93.074
79.965
95.5251
83.3973
83.9118
75.2151
95.2647
86.1432
104.914
94.4826
95.524
78.8847
105.898
83.5387
87.7756
89.7103
80.4005
85.8163
91.041
88.5707
85.084
86.9394
83.7433
90.6593
81.501
87.942
87.3866
100.214
97.4698
96.6834
85.3382
89.2909
82.359
95.8179
88.3159
97.0442
85.9959
102.611
87.1561
89.0182
84.4001
90.8872
88.2606
79.1545
95.8807
92.5392
92.1906
84.481
104.432
86.7253
87.1323
82.4176
76.9585
88.7107
92.5093
86.7967
86.8065
85.1001
87.474
91.9901
91.7522
88.6398
98.164
91.9242
77.7953
96.6737
91.1994
86.5795
84.2692
96.7741
86.76
88.8633
81.6113
94.7235
87.3161
93.911
80.8183
83.7863
99.8873
82.0968
89.7609
92.0197
91.0028
80.3447
94.4133
83.8909
84.3196
85.1499
93.4892
90.3458
108.772
89.2513
99.1191
86.4548
89.6687
81.2365
90.8493
87.2391
88.5215
85.2325
91.7645
86.1806
88.4995
87.0592
97.2366
84.4521
83.815
82.6856
96.0801
98.1521
90.9828
84.131
95.3092
87.113
97.9278
87.8075
87.9267
99.7551
94.9847
77.9687
90.9557
95.773
91.9641
85.9106
86.6983
85.336
77.1025
89.3693
86.4947
92.2071
91.1264
88.671
81.4523
93.137
90.6029
85.6382
87.6217
100.682
87.9562
84.1039
92.2523
80.8803
88.1429
85.9841
83.1347
77.2065
86.4147
86.2707
101.259
87.6913
84.1549
86.108
89.646
83.1364
93.3647
92.0807
82.9072
88.8009
97.5035
90.9295
90.3164
80.7332
93.5592
102.135
86.6388
83.7993
92.4708
94.6188
91.2222
86.7534
88.0932
98.6639
83.1559
80.4031
85.1675
87.3572
94.4918
81.7797
86.704
87.9385
93.0153
86.0906
95.9758
101.176
97.8128
90.4782
98.8945
89.2096
84.1087
86.5493
88.8493
81.497
82.913
93.0635
91.2354
93.2065
86.0233
86.7094
81.0308
91.3793
82.0523
89.5804
89.1806
81.4847
91.8628
99.3514
90.1524
88.3431
94.8277
98.1776
87.1933
92.0445
89.9689
91.8511
96.4747
88.0833
88.4199
77.89
81.1652
86.2999
86.3996
93.4767
83.0658
80.583
88.8783
92.8571
82.1596
89.0612
90.2114
95.504
80.7393
84.3569
90.584
84.7084
92.3115
91.6537
95.3587
92.64
84.5345
76.7706
77.3939
89.8761
99.4266
95.3595
81.0715
98.5778
94.2183
84.8467
93.4309
89.4882
91.9392
85.3812
92.5131
82.869
101.133
87.7374
89.0352
83.559
89.3849
87.86
86.6119
88.3426
98.7032
104.62
94.8817
86.6678
95.6008
74.9811
88.0503
79.7608
91.7203
89.211
86.8032
89.2341
80.1278
94.4869
85.0338
82.311
91.1785
87.6753
96.8723
92.5168
92.381
89.3915
80.3995
91.0186
93.6159
82.4605
89.6411
88.7407
80.5503
87.8962
77.097
96.1476
88.6643
91.4738
89.6158
83.2421
95.6893
80.934
82.8364
79.7935
91.6236
90.8595
93.959
86.7666
91.6621
93.7078
82.901
90.2483
90.9244
86.5154
87.1223
90.626
91.1224
82.5417
86.8856
90.39
92.5383
88.254
92.844
88.2937
88.5789
94.7929
90.3932
83.9818
89.2331
98.3307
86.9012
88.3809
84.8941
85.8755
87.0097
84.9092
84.0818
91.9206
95.9539
91.5442
90.6243
86.0391
93.799
90.9493
102.947
87.395
89.4262
80.6212
87.2865
92.4262
90.4572
88.6085
83.8613
87.5327
91.2859
100.187
90.2117
90.5735
94.4713
87.0567
93.1199
87.8425
84.4922
88.7672
88.7679
98.6322
91.4343
82.1031
95.1707
90.6336
90.302
97.2655
85.209
87.2566
85.081
89.8552
87.0808
91.0917
90.9447
86.7323
85.1126
80.1923
85.5858
90.8976
87.7228
79.6651
83.2643
90.706
77.1531
86.7788
93.2232
84.0716
83.5246
86.2706
101.328
85.7284
91.306
88.1481
93.979
83.5732
94.9563
89.5295
93.8539
87.6936
86.6919
89.5568
83.9519
85.1902
90.1479
80.6747
95.5673
85.8529
91.2962
78.1236
86.8883
85.7024
90.84
79.5296
75.0727
82.3102
90.877
90.8857
88.7834
85.4806
83.9849
83.9531
82.0473
87.8621
88.9743
84.0667
97.8022
97.4004
83.0698
84.5651
95.0615
85.0248
97.7097
87.3551
91.67
83.6471
85.6796
81.7001
86.6588
89.8217
90.1018
85.8403
82.4216
88.1311
87.9219
86.234
92.654
81.7762
90.6253
88.5657
87.8488
88.0531
91.524
89.3123
97.3374
94.98
95.1528
73.6035
80.212
92.3909
77.2567
85.4038
88.5425
97.0127
76.2027
89.2287
81.2797
92.4014
98.0541
83.653
95.5293
83.6006
86.3433
91.5454
87.2021
93.819
92.8602
94.0432
96.5393
98.9475
92.6484
92.6711
87.5749
89.4223
90.4912
91.6787
82.2726
98.8995
80.8824
102.854
95.7968
92.16
90.1683
83.5334
91.1083
92.9471
87.4091
93.2426
96.0164
85.6636
92.4784
90.4605
89.991
89.7556
96.5783
90.2964
92.4864
87.4232
80.3593
88.5585
82.0964
80.3342
80.2682
85.8511
97.4217
91.8074
82.7746
95.5216
87.6242
86.8799
80.7882
86.9233
87.4489
93.8776
96.3786
86.1404
92.3046
97.3788
87.435
91.2533
83.6375
86.0466
86.472
89.1757
94.4506
82.5182
90.025
85.4518
90.0015
80.624
92.1717
93.916
96.5496
88.2802
91.3873
91.0187
95.9406
93.8363
78.8568
92.7163
84.4443
92.5491
80.5726
80.6627
84.691
91.3723
95.7628
91.0741
94.495
83.2389
82.0093
86.5224
92.8708
86.2943
86.3536
82.0218
91.7866
89.3783
87.6844
89.2494
88.5128
90.9229
87.9134
83.519
91.7037
82.2029
85.5597
88.5392
90.0775
84.8032
107.398
88.6814
79.2213
91.779
81.8152
88.4136
91.9869
90.7463
84.3093
90.6521
98.0198
91.5782
89.9558
97.5101
95.3301
83.5032
87.8878
79.5375
88.9778
80.8312
84.2003
82.6294
90.0178
96.4548
84.3213
86.8547
93.9185
91.296
92.9195
83.906
86.4778
85.208
85.6429
94.325
91.4174
90.3321
83.6215
87.4507
95.4688
91.3249
92.0129
84.1875
90.6574
100.678
96.5897
93.6048
87.8024
88.9233
88.9142
97.5266
78.9921
93.3432
86.8527
90.5459
88.1439
92.2482
90.7151
84.5476
86.6421
93.2854
89.4299
92.5458
89.0154
78.2791
96.35
88.992
94.5025
80.4602
80.3183
91.7432
90.1517
93.1583
87.5714
75.7757
86.5148
86.6707
97.6497
96.1436
92.4265
97.3689
79.4256
92.5719
97.8834
91.1736
96.7977
86.3118
96.8131
84.0805
86.159
87.4258
89.804
90.9389
99.0184
86.547
96.2475
100.257
89.9498
97.2814
92.2508
91.3117
86.3368
101.132
89.4039
89.1846
98.0468
82.3725
93.7316
88.8609
86.6716
90.394
91.0993
83.7392
88.9956
80.3156
79.3075
85.409
84.7883
93.6915
84.8906
90.6681
88.049
92.3411
93.6233
103.157
85.9218
92.5566
91.8437
89.0887
83.4855
90.4367
88.8706
94.0444
87.2163
88.2101
96.1971
84.2697
94.442
93.8389
95.6757
95.6692
75.5334
82.3546
89.8663
89.2559
86.8726
93.6527
84.5036
85.8386
84.6371
89.6502
80.075
89.4518
88.5397
97.1184
86.5753
87.4168
88.9924
86.3558
83.8814
79.1338
85.6161
94.6291
91.2978
91.7684
85.1898
86.4404
98.9762
87.4987
79.5679
90.6814
94.0834
90.6423
79.9356
89.3615
92.453
95.6383
76.9661
92.6045
86.6124
87.5321
85.4422
87.9227
93.7223
89.8201
89.7231
82.6644
83.9177
86.4359
94.5111
80.3438
85.2097
91.4571
81.6177
92.2321
93.0733
98.7861
85.2423
85.9806
85.974
86.1162
90.7852
87.8128
84.3613
80.5744
83.6691
95.3835
79.1087
94.844
103.377
92.2487
81.3908
85.6554
91.2012
85.1905
91.3907
90.4869
85.6367
91.6735
91.2889
84.9252
92.2638
91.0662
92.6745
92.4823
85.1251
90.8009
85.7
87.7663
87.422
94.4586
87.9443
87.2393
89.4298
87.95
90.1797
86.3626
87.7384
90.5204
93.8868
93.41
82.6707
87.3547
95.0837
82.6694
94.4399
87.7565
94.7176
87.1827
91.1923
75.9657
85.8982
88.9518
84.4615
97.1591
87.4219
81.5531
82.0917
92.3744
96.3434
93.1322
96.4587
83.2197
89.6157
92.9354
95.8756
91.317
90.2872
84.645
80.7291
90.3453
79.6288
88.84
92.2883
91.2525
89.9328
95.0251
94.1257
89.5066
89.772
89.5372
93.7967
89.8927
94.758
91.5538
89.0755
78.7375
94.2085
97.0988
80.8285
83.4828
85.3051
93.953
95.9617
82.0745
87.3092
98.8535
83.4043
84.0528
85.3843
90.7004
93.5614
88.3203
76.6824
79.1894
89.6709
89.2827
90.6827
84.9544
81.0189
92.316
87.3801
82.7977
85.0155
95.9386
87.7783
97.5465
89.4215
85.0295
91.4872
88.2971
83.5244
93.2962
87.1819
88.0397
89.9517
89.4501
95.3279
83.7465
80.2938
86.0044
89.4124
89.5059
85.2392
80.8523
92.6043
82.9247
94.7969
82.2433
95.2786
98.5361
86.1308
89.3902
89.3527
87.7451
101.244
85.7542
85.057
92.2578
93.4283
84.5817
94.7857
78.1596
80.7469
84.5912
85.0903
89.8798
87.6286
82.3007
91.8955
85.1339
90.5417
85.561
85.1909
93.5592
94.7769
91.766
86.2349
85.0016
88.6482
89.1594
92.4109
85.5628
85.9793
87.0462
91.4918
93.3597
88.5689
83.9703
89.946
95.2506
100.252
83.6951
83.9263
100.48
89.8584
86.8978
96.1536
83.7035
89.1064
89.3643
89.8275
85.6492
83.2593
84.5847
98.6208
94.3284
84.7836
100.608
94.682
93.5517
89.3988
95.5606
89.6086
87.3008
89.4899
95.9167
90.6116
97.5574
98.7847
84.0899
90.1938
91.0157
91.7886
88.3462
85.408
89.7191
76.3106
89.1771
86.2652
77.2038
96.1162
87.2212
93.5028
89.6734
85.2656
94.3786
93.1083
92.9115
85.682
85.5966
81.6603
84.5358
90.8378
91.4271
89.7969
76.6733
98.9817
93.1937
82.3583
99.8127
89.7148
86.1961
87.6092
94.5985
89.4539
84.6247
95.3492
85.119
91.5604
91.6326
89.1971
93.0978
86.7769
89.3455
85.0145
97.2865
82.2529
93.9705
95.5066
84.6735
81.2452
94.3725
80.5534
88.9143
84.5833
102.368
84.8247
80.7708
82.7324
87.108
75.852
79.7667
93.4176
88.928
78.9413
97.6505
93.0411
88.0211
88.1204
93.1769
80.6237
84.4562
87.316
93.4861
87.6844
86.2691
81.7402
91.9756
81.7022
91.5451
95.9155
89.095
88.4349
87.9176
86.7541
88.0127
91.0569
84.142
83.8039
80.605
98.3792
96.6224
94.9444
90.5245
87.599
90.3834
97.3203
88.8547
87.5394
91.3272
97.1232
90.1665
87.5506
86.5181
92.947
94.2297
100.874
88.0422
89.597
88.1141
87.4764
91.3982
88.3284
86.1224
91.2767
89.3349
92.291
76.6089
93.092
84.8947
90.1331
84.926
86.5634
90.2227
94.9008
87.1862
82.3799
92.0802
98.3067
83.3491
95.3178
86.3673
83.3995
95.5292
95.9676
94.8485
81.7513
88.9287
87.0138
84.5116
94.016
85.8282
94.2017
92.336
86.5315
89.1674
94.461
83.1864
93.7494
83.707
88.7883
87.5439
89.2882
82.7047
87.685
80.3308
82.8086
83.6908
93.348
90.6563
85.0706
97.5444
85.2139
78.1072
87.8492
84.1289
85.7988
83.4775
95.258
94.5848
85.0747
87.5018
89.6528
82.6046
85.6998
89.1336
88.2591
79.7194
93.0898
87.2094
90.973
81.6883
92.1311
89.3661
94.329
87.8434
79.6116
87.795
82.0158
90.7868
97.2279
96.4004
91.8182
87.3881
92.3888
75.6066
81.5779
93.379
92.6689
93.9212
86.9957
91.4158
95.8217
88.1561
83.4262
92.602
87.0562
85.2682
93.1131
88.7018
78.6312
86.8727
94.9871
88.5502
87.0312
87.3101
88.9343
84.0528
85.8077
93.7162
77.4231
88.017
83.0941
101.551
87.916
91.9814
95.0254
89.714
89.6446
90.5811
91.5447
86.4502
88.2397
93.946
84.0146
84.6502
95.7221
75.8101
91.2837
92.0527
90.2501
78.9401
91.9513
92.4091
89.2069
83.5123
96.4429
95.1374
94.2621
91.6463
103.723
88.666
81.8236
78.7026
89.2711
91.1825
96.1799
91.1734
95.1395
86.4545
96.0365
91.5918
90.4967
90.0276
96.5222
96.2988
84.084
86.0305
94.0873
82.8951
74.3371
81.0655
90.1529
93.4314
95.0782
93.0406
86.653
81.5651
91.9072
85.7286
82.1735
90.0338
88.4124
99.9977
91.8773
91.9157
83.8061
92.2259
87.8065
79.9283
89.623
86.228
88.0591
94.0876
81.2478
95.9149
88.7406
88.2188
82.2143
90.3834
95.2279
89.0849
83.9611
85.6751
86.9823
90.7747
90.4168
88.0916
89.2306
97.7667
90.6893
87.7945
95.0226
86.857
80.3732
82.1948
85.8475
96.5873
89.243
92.5226
89.1573
84.7085
82.1077
91.1311
86.3729
81.873
81.3464
85.3519
87.3862
86.0317
93.693
86.9074
93.1893
86.1001
87.9705
90.9754
92.6699
93.0244
90.0898
83.9079
90.2836
86.0381
97.8915
91.5268
79.5733
93.7339
86.4321
84.2673
92.5019
91.0362
88.4728
85.4499
90.3782
88.4475
84.5604
84.7916
87.6675
91.1991
93.1402
80.529
93.1929
96.698
84.7233
76.8569
86.6366
82.6413
89.5023
90.312
90.2391
90.2372
97.6267
86.8694
94.9008
84.4455
80.0137
94.1184
87.3006
82.3096
79.3098
88.8474
89.5805
90.7344
91.4238
81.4866
88.0659
93.9887
90.1424
86.9318
94.0577
84.6469
83.1818
86.0658
88.2043
89.6449
93.5599
91.8854
91.6089
85.7568
95.3767
80.4823
81.2764
90.4075
91.0686
92.9019
86.3743
90.9883
92.4767
88.5844
91.2907
93.6475
88.9379
95.3032
81.1721
90.1125
89.4484
90.6666
82.0552
90.9713
86.0921
80.6016
93.2924
80.9467
84.3098
87.8492
91.8257
93.2384
90.6695
95.4963
89.1517
96.742
76.1927
95.4377
95.5431
89.6539
92.2161
94.8603
83.8464
89.4992
97.091
92.0413
91.4038
85.8979
88.0092
97.1682
93.1405
79.2925
88.7248
95.7014
75.8755
88.9678
90.4816
84.3646
85.1405
82.28
96.5606
88.0816
83.3257
84.6369
91.9139
89.7041
83.846
84.1685
98.2521
87.0548
92.7632
91.4915
97.0136
89.8725
94.5618
87.9856
84.6813
92.8817
90.1978
88.4446
85.8305
88.8054
86.3324
94.6544
81.6345
94.6321
83.5921
95.083
83.3342
82.1504
87.6426
87.5561
92.5942
92.4367
93.3683
91.217
86.272
93.5967
86.7764
87.3625
93.5359
100.434
91.2881
84.329
85.3302
85.1008
85.8353
87.0871
94.2195
93.1787
87.5396
90.5128
84.7975
90.644
92.6393
90.0005
86.9199
79.3626
92.2709
88.7821
88.7186
77.4627
83.3811
85.5188
79.5544
88.5214
90.3043
92.8484
82.1512
83.7939
91.5314
84.9823
87.7801
84.1789
100.754
86.1969
78.8262
91.9115
99.2038
93.9088
80.75
89.7005
87.6057
80.4411
96.9377
97.1707
94.8208
88.087
91.1669
96.241
88.1013
87.7354
76.6474
83.4304
82.6545
91.1815
86.0275
93.2902
81.6074
82.332
88.812
91.4447
88.2081
93.7673
83.7995
89.5816
88.1117
81.5782
94.9022
91.0033
87.2746
85.9933
91.7463
98.7694
85.4717
89.2373
84.7799
92.4495
86.5409
87.8778
93.3414
91.5573
88.819
83.1236
82.4672
80.4303
82.9121
102.717
95.0011
93.1202
88.255
94.8923
88.1058
80.465
91.6067
88.4876
82.5039
98.5263
93.0792
90.3846
84.8873
81.9349
93.2082
95.5717
90.5209
94.93
89.5407
90.0821
86.1846
90.0045
99.4055
91.1725
77.658
84.548
98.3303
85.211
93.5611
85.2493
96.8236
89.1676
90.6526
83.7364
91.8216
81.9997
79.06
90.0236
76.0331
76.404
87.9803
94.8455
86.6684
92.5477
89.3126
83.4804
83.6402
82.2803
89.8634
88.3147
86.5901
86.9729
84.5913
94.9687
81.2189
82.1401
90.1091
94.9685
92.5235
92.0624
80.3434
86.0574
96.4543
92.3566
90.4095
81.7603
96.1376
94.6233
83.7021
92.0542
86.4257
97.3562
87.3211
85.0514
89.734
96.6045
80.8806
89.0023
92.3989
91.5375
98.984
86.6207
87.3169
83.9014
85.3258
82.0953
84.4397
93.9004
90.2654
92.8096
83.5264
88.8354
87.8337
94.1368
84.4211
82.9787
87.9167
79.8591
86.5926
91.8385
84.7943
91.0838
95.9399
97.4257
97.8563
85.2213
91.7781
85.788
92.9476
94.0131
80.757
80.7238
86.6202
89.0047
86.7928
91.0792
90.2297
98.5881
87.1856
87.6755
83.5838
89.8195
81.3991
82.8041
83.8371
99.5042
92.9271
88.7426
98.5282
99.0712
99.4582
92.7241
88.983
88.1539
84.5365
89.984
88.7423
82.8081
76.9272
85.458
81.7304
87.4948
85.3167
89.9774
87.5424
87.4899
82.1424
86.2419
100.976
92.4441
92.4311
90.1115
90.5464
91.7016
82.6919
88.2864
85.8259
89.2071
85.8609
86.5503
84.0112
82.3758
81.8985
87.2995
88.9756
89.5367
86.4333
87.9458
94.4819
92.7462
80.5326
84.5149
85.3557
92.6771
103.183
99.7384
98.8737
90.2586
81.2226
86.6355
83.5137
88.759
88.2292
90.5546
87.2744
87.2633
84.3204
83.754
84.5983
92.1122
94.157
84.1095
83.28
90.0265
92.1263
91.379
82.8224
95.6312
90.8852
90.691
75.39
84.6212
84.8741
89.5476
94.5705
82.1629
82.6846
87.9001
96.0905
86.8183
92.213
88.2583
95.3278
89.8919
85.3641
87.4798
91.3557
96.2819
87.3481
91.1709
88.286
79.6257
85.4059
89.8487
85.3527
82.3558
93.7748
94.7689
90.3785
87.6551
87.7355
94.9254
87.0249
83.4145
88.9433
96.6988
85.635
77.0404
81.7937
93.6055
92.7938
87.8483
86.9414
86.2245
85.6271
88.4384
90.781
81.807
99.068
90.0541
93.1967
87.423
95.3206
90.6412
82.4453
79.6183
84.5731
90.4259
81.678
86.8432
80.9892
81.4388
92.4702
104.612
83.6839
91.1086
90.5625
88.9622
105.565
89.0955
89.5573
98.2827
90.9665
91.0409
95.2172
80.021
73.635
89.1912
100.397
88.9417
90.0347
97.3687
89.7739
90.6576
87.4388
94.3799
87.3763
88.9269
83.0495
93.2847
84.0732
88.1634
94.0088
91.4723
95.4213
92.7415
88.7519
88.5086
90.7708
82.8478
79.0781
96.0926
84.0688
86.6034
93.3918
87.9981
95.5878
94.0102
84.386
92.3053
93.3111
97.6022
84.9739
79.3433
92.3866
96.5846
79.6016
97.9368
89.2165
85.0599
91.1443
92.5423
84.8974
82.2898
83.5719
95.6212
93.9556
89.0587
95.2309
85.6774
86.0415
89.9735
86.1146
93.0816
87.8372
84.2489
84.8244
85.6494
87.8554
98.9134
89.4166
98.3217
78.5314
94.4098
91.9444
81.6902
84.0075
90.526
83.6808
85.0281
94.5273
91.611
93.3766
78.238
87.6617
93.8753
94.0793
87.5294
94.941
87.0331
88.891
86.3809
83.7451
88.0367
89.2707
86.3717
86.3023
87.8407
80.0368
85.7436
88.056
80.916
91.3674
98.8148
77.9735
87.5382
91.5546
83.7465
81.9733
86.1935
93.3134
90.86
89.3631
81.6407
93.768
83.0611
99.4633
90.0168
90.9604
90.2455
98.8639
94.8936
86.1353
86.7725
84.3851
84.6977
83.5248
92.0898
92.3208
86.2269
94.277
91.9703
91.0395
91.5813
87.7902
84.8937
96.2809
90.0884
83.3829
91.681
86.049
88.0163
85.7077
93.7211
92.7798
90.0028
94.3442
84.9747
86.146
84.5515
85.8105
94.8929
89.8138
95.5083
83.0945
89.507
99.0049
85.8852
106.173
92.7508
89.0586
88.7475
92.4078
90.1075
86.8048
85.1353
86.9834
91.4764
85.2221
83.3768
88.1399
93.509
87.4045
89.9969
83.2331
80.3969
90.4297
94.0608
98.4028
84.8488
90.1419
91.5529
82.6449
88.0369
92.5373
85.4773
84.9049
92.2109
87.6115
91.9219
87.1079
85.7328
84.6286
82.186
93.6888
88.659
92.6696
84.6379
93.3481
97.1795
96.6366
88.657
96.9654
90.3914
92.8081
91.4731
90.99
97.2723
94.7858
89.0466
87.8031
89.324
90.5077
88.6757
89.7608
91.013
83.7147
83.0645
94.0872
77.6821
97.8394
91.6941
92.3281
100.773
83.1244
88.7277
91.4047
85.1099
81.8865
91.2842
95.1164
88.2138
85.9566
86.78
90.4627
94.4165
87.4866
96.0953
86.4263
82.4921
89.6462
92.8111
83.4774
87.9503
92.6908
93.9804
87.5341
86.0933
95.6244
105.883
91.2256
86.3358
94.1796
88.4954
81.1634
92.2048
80.717
86.2862
102.937
82.9407
90.6988
93.3285
92.0435
77.965
92.1014
87.4551
89.0398
87.3102
83.0882
93.5549
88.9679
90.6075
96.8006
89.4063
90.9166
86.1939
89.4571
91.2857
91.9876
93.7824
96.2874
84.4473
90.4152
94.4721
79.8316
87.6914
99.3533
90.1005
87.4226
96.6769
96.5394
88.475
83.9029
82.9408
99.1577
89.1233
97.3743
84.5298
83.8026
90.0977
88.4091
89.2762
89.2449
79.9198
80.5815
94.1965
90.6641
84.9609
86.0454
85.748
87.1905
86.6346
85.4328
85.7554
81.7685
86.271
85.9534
83.665
97.7296
90.18
96.6801
87.0463
87.6504
82.758
88.2868
92.6787
93.1884
98.7862
92.9665
84.1995
89.6282
96.761
89.5123
87.5092
98.9365
94.1579
90.3781
91.1352
86.7654
87.0014
95.4074
96.0771
88.3523
89.9899
90.571
86.3182
84.7293
93.7507
89.0215
98.5699
79.7975
93.0744
90.0302
98.7326
92.3023
88.1839
83.8029
80.1536
98.4351
86.0749
84.1803
89.4623
91.7311
80.8069
104.105
91.6586
89.0067
101.47
92.9455
83.7807
96.688
85.9054
84.6967
81.8815
87.0984
87.2523
81.9309
83.1025
87.5122
92.2222
85.8801
88.3153
84.4784
92.6169
78.5433
92.2917
85.3188
86.9014
90.0773
94.2568
85.4091
82.6392
89.865
85.0807
93.9743
102.188
82.5773
80.6857
78.4725
97.9041
84.0389
87.3839
79.9312
87.012
95.0944
87.0936
84.4584
85.8749
84.0996
85.2639
88.3164
86.0394
85.5926
86.2362
78.5514
90.1087
92.5525
91.3407
91.4017
98.3507
87.8947
87.2215
92.615
78.5813
93.03
88.9042
83.6972
85.884
83.3812
89.7816
86.5102
79.0039
93.8859
78.0901
94.255
84.9966
87.7726
93.8564
89.8019
87.563
86.6
94.0208
99.4188
93.4694
90.3218
87.1983
91.5233
78.5918
87.8822
102.384
93.136
88.0766
94.9146
85.9307
91.3992
96.9304
92.9739
92.3844
86.0652
96.8783
96.4871
93.9234
77.1226
86.8752
89.8896
84.3325
78.9842
100.483
93.5256
79.497
91.4128
94.8578
90.2742
89.3992
92.3972
93.1434
85.5996
88.4491
90.1349
91.3211
79.8957
87.5915
96.5293
87.8593
90.6846
86.4467
88.2864
86.9494
92.5987
82.1234
87.2228
90.6944
96.8224
102.398
81.9769
85.8225
86.6439
79.3391
90.4355
91.1167
87.1129
91.3343
84.2121
90.8225
76.4402
86.7235
77.3674
81.7621
89.0075
90.3492
90.3372
88.581
94.5365
88.8656
95.6056
96.3773
90.1373
89.9585
86.4387
89.6831
86.1646
100.655
108.387
93.621
94.3489
90.5418
92.707
89.3153
86.8746
83.9554
89.7152
93.4409
86.5637
89.5143
90.1552
92.2425
86.4107
91.8765
82.8414
102.357
94.4813
93.6721
87.5364
91.9607
91.1392
97.2596
102.641
88.0858
88.2759
102.799
91.5956
87.9723
90.5523
92.376
87.2922
80.9309
85.0068
91.4045
96.427
92.1165
89.2853
93.0755
83.9226
90.2228
92.7942
103.169
89.0427
92.8632
86.4872
87.4668
99.1696
91.3692
98.4071
86.6619
88.1587
82.6248
81.481
97.322
89.2315
89.2744
90.2441
91.5839
85.0467
85.9273
87.9511
91.8912
88.2605
95.5629
93.0794
87.7976
82.1135
91.4819
102.433
88.4184
83.8512
95.6596
86.9353
90.6016
83.5725
89.326
90.5544
97.7727
84.9053
90.8816
89.4984
97.311
89.2662
91.8773
92.2774
93.5073
91.0697
88.5321
91.079
91.7341
87.5302
85.3349
78.7427
84.271
87.4913
92.2746
99.906
92.304
90.3459
91.9587
90.153
90.8826
89.6036
90.714
87.6864
76.6036
90.7792
89.1464
94.4194
85.8245
92.4437
86.539
92.6685
84.3674
88.4683
82.7797
82.5896
88.092
93.7788
80.9313
81.6272
89.4645
86.7603
90.8771
91.4865
90.503
91.2008
86.3711
86.873
88.6883
88.5786
90.7024
85.6457
82.0174
88.6848
83.3347
90.0728
90.1576
86.216
85.5378
80.9332
99.0285
98.1498
97.2708
89.9341
89.1736
81.4972
96.2966
88.0037
78.5609
87.4087
87.3153
84.6856
89.9697
91.5947
87.6374
84.696
93.3518
84.4521
92.8438
100.809
85.2792
79.1562
89.7217
86.1514
89.5433
83.1681
84.9526
91.0825
90.4784
91.0488
90.6624
91.9218
101.484
93.6966
83.0798
78.1242
82.8014
92.8242
76.3187
93.55
85.682
90.689
88.8586
96.8141
88.1686
95.6017
95.3068
89.2861
90.4447
84.0412
87.4866
89.4646
92.8249
84.8623
82.6121
90.1486
90.4937
84.325
84.4507
88.2316
86.0042
88.3298
86.7636
82.5971
88.4772
97.4563
83.588
85.1391
88.0788
94.9326
85.8672
95.8312
85.6891
80.0527
79.4338
86.7076
93.623
90.5324
84.8909
100.85
84.1302
90.1336
85.6923
88.7447
92.6987
93.3313
96.1301
91.2165
87.4246
78.3674
86.5353
85.1842
86.2789
84.1955
79.2166
94.143
96.5632
98.0781
89.3511
96.3262
84.9712
93.0922
89.1797
91.0676
80.96
85.1959
87.6478
88.8063
86.2395
89.3013
92.6305
93.8055
87.6389
84.471
92.177
85.7575
85.4503
81.6243
91.9652
83.9342
90.3413
91.0731
82.8285
84.0062
86.7989
93.4506
88.0463
72.6538
91.7978
94.5081
83.7764
82.1533
77.9281
88.5932
96.3865
77.8175
83.4034
86.3005
90.4601
80.6248
92.1577
83.8344
93.0851
89.6478
85.5368
91.0956
91.684
91.0795
84.2004
93.4136
88.048
84.4369
93.8392
84.0137
91.3607
92.7923
87.0938
80.9809
85.838
90.7817
87.4206
92.0783
85.2345
93.3085
88.3315
84.0294
92.9406
84.0199
77.5515
93.1442
87.072
94.3922
93.0408
83.1716
92.9965
89.6223
83.7893
85.7049
89.6149
94.3495
87.9866
84.6669
91.0384
86.4227
88.3078
96.7309
97.5017
84.4284
86.4666
86.5802
91.9726
75.1465
95.1009
88.477
91.9267
83.811
91.2963
83.9506
83.3739
87.3102
89.3639
87.9293
74.8164
90.2937
88.1944
91.5757
95.4427
90.672
80.7447
92.5178
91.1806
98.3302
91.7653
81.8731
101.356
90.4926
76.1051
91.8122
93.1991
91.6029
85.1099
92.9467
92.3847
87.2222
89.6869
97.1068
86.7919
85.2828
91.2546
106.277
83.6568
91.0278
85.4912
93.7369
85.9781
89.7513
96.0967
89.575
93.1578
84.285
93.8677
89.9451
86.8781
88.3726
80.7722
87.7495
87.9065
92.7985
85.9111
98.9155
94.0136
96.1485
84.5573
97.7265
87.1785
92.7652
87.7221
90.0676
92.4637
90.401
84.3868
92.4553
81.5902
91.7068
87.3346
102.28
88.3799
80.7961
90.2105
86.7167
87.7708
87.7413
93.8099
85.3652
88.3342
85.3703
86.4599
89.6978
84.1152
90.6604
91.0024
86.6894
102.44
87.5123
84.0463
79.2448
85.6593
83.6564
96.2186
99.0392
97.7902
95.0832
86.7853
80.1823
93.9284
85.8607
88.9484
102.147
86.6976
92.4044
92.6483
99.976
96.7748
88.7513
96.3051
88.3045
87.1796
92.0392
87.146
96.9434
94.2883
83.0794
90.5752
88.2349
93.5445
89.7774
93.4316
96.6902
90.0647
90.6311
96.2077
87.4422
84.6581
81.1344
85.9434
84.2298
81.7736
84.8764
87.6794
96.981
92.3834
85.5944
91.7755
79.6657
87.7305
86.2024
94.4541
81.304
85.9711
90.1031
85.292
83.7161
82.5627
90.5793
80.597
91.6968
92.2468
89.3658
96.5145
94.6721
84.0512
98.0857
88.949
99.7928
90.3782
94.9976
90.4583
98.0348
92.2588
79.426
85.1313
84.3943
87.1667
93.1032
94.8402
84.6711
86.4818
88.7062
83.1946
84.0151
83.5282
88.9845
89.931
85.6893
88.6571
86.398
88.2595
87.6065
89.0639
88.0859
92.3101
86.3841
98.1296
89.6033
92.6565
83.4278
92.3987
84.5938
84.4751
85.3497
89.2794
89.2817
93.579
87.182
92.9882
79.4437
92.8043
86.3423
95.3704
80.4744
88.889
90.4964
84.6523
90.9125
90.2055
87.1294
79.8119
89.8362
82.1003
87.6613
87.0998
94.0273
83.9791
95.3548
84.6748
89.8959
84.9326
82.2774
89.104
88.1314
81.0903
80.2033
95.4404
86.7918
92.1162
87.7213
88.1084
90.615
85.6257
84.2828
90.4148
91.9607
91.2913
95.7491
94.9187
87.9012
89.6179
91.995
85.8783
88.167
98.359
85.9056
85.171
89.2489
90.7964
85.2405
87.713
77.0461
98.8878
82.1182
96.04
84.3223
81.0071
95.12
82.2221
91.1726
83.3286
86.6903
87.7944
92.092
83.2631
81.8008
85.5898
88.3417
85.413
85.9247
88.4568
89.5973
84.1611
85.2789
102.803
81.445
92.7389
94.9151
84.4417
84.4337
88.5527
85.4001
98.634
99.5947
101.041
79.4836
97.4346
80.7856
100.952
80.2778
85.6548
98.2864
89.7056
92.0745
92.3977
88.7007
92.6727
91.5651
95.493
83.5386
92.4663
84.8789
82.4548
94.7947
85.5972
87.7037
88.4793
92.8891
87.4654
82.5659
91.3457
84.4263
91.0931
90.3031
93.6524
90.6784
92.8599
92.2735
94.8485
84.2078
86.8811
92.7003
77.3127
79.9468
80.743
92.7696
89.58
96.9233
83.9107
89.515
91.0135
91.1876
89.0486
92.7778
101.517
92.2705
89.2547
87.5037
88.4102
73.2745
87.3703
90.604
80.9271
93.9446
93.918
88.1797
93.875
77.9432
89.6619
92.397
83.1549
81.7496
92.412
90.7321
83.3164
81.6055
81.9633
83.8385
91.3034
90.5868
100.643
95.7341
83.8756
92.1423
82.5507
84.5634
89.9138
93.7197
94.3694
89.5288
84.0902
87.3137
89.4387
89.7126
91.3948
82.2861
94.6516
92.2732
84.9819
86.7141
92.307
97.3705
93.656
93.0837
94.2501
90.5148
97.2475
88.7535
91.4705
92.929
84.5138
87.2268
86.4192
86.4683
89.3792
100.49
82.0958
77.8121
86.4809
100.159
90.1421
96.0717
83.8462
95.5699
84.905
89.0304
85.923
90.7223
99.9071
96.2629
86.8999
97.4038
93.8489
86.7729
89.9814
84.7361
88.195
82.82
86.5664
86.334
95.1819
89.8519
92.9363
86.1743
93.9715
92.0096
91.803
91.3448
93.2829
87.1545
84.1639
83.9309
92.1414
90.8142
79.7337
96.378
84.5705
86.8201
85.4712
90.7361
93.2515
84.9003
87.4117
89.4956
86.5226
80.8877
88.2475
84.0653
84.664
87.3704
77.5517
98.9088
90.3644
88.97
85.1613
84.8128
91.7304
86.5245
93.3003
89.1877
88.668
84.5718
83.3854
87.283
94.6641
89.0216
85.9641
92.8785
83.7536
94.0862
79.9288
89.2268
97.7732
82.8797
85.508
95.9669
92.6386
84.2825
86.4736
83.1833
97.9283
85.848
84.1684
76.9058
88.3047
86.2649
88.0414
81.1286
89.6182
91.6035
84.4686
88.7769
87.4186
85.0103
78.1325
89.2093
87.4732
88.1915
100.501
85.958
94.5137
85.8489
91.8604
88.6822
94.7803
87.7569
83.6751
85.5848
96.1752
92.2221
92.3059
84.0169
82.0986
85.2297
96.7518
98.7026
88.167
90.0206
91.4449
88.0539
96.5804
97.9891
76.8917
85.4419
83.406
89.4064
82.9683
99.2353
85.8126
90.4809
85.5414
79.0161
96.9536
83.3597
84.9915
88.4254
87.2742
72.8323
88.1445
93.7737
96.7284
96.5801
81.5753
89.5907
85.5862
84.7829
95.637
85.634
93.1804
100.367
85.4379
92.9991
93.3132
83.457
98.5661
88.8212
83.0955
85.5611
99.1352
84.4762
76.1745
89.8523
84.291
77.7962
86.5557
96.9073
89.2115
87.5825
91.6884
83.7235
100.408
100.011
84.0483
80.8532
88.0697
88.8303
95.7122
85.675
90.2885
78.6863
90.2468
87.2927
91.2976
79.2703
89.7016
90.9877
83.82
85.6972
84.9779
87.8796
83.649
83.9704
83.7576
83.9482
87.1903
87.3919
90.2891
100.626
97.1764
82.2697
91.294
94.9668
88.7026
88.3559
87.309
83.7495
91.8962
97.17
85.6345
85.3005
95.428
91.5748
79.7823
89.822
88.7363
82.8914
89.9378
91.9606
79.7453
90.7302
97.0561
86.0887
89.0451
80.9933
96.8561
86.256
83.2591
84.7532
86.0742
81.39
89.6075
84.3094
83.95
92.5774
85.4867
79.5776
84.8775
95.6742
82.6469
86.3167
85.8973
87.9865
92.8708
94.4328
91.1649
105.281
90.7094
89.7745
93.2263
80.7404
83.8318
93.1853
90.7691
83.1722
87.5835
83.3209
90.2419
81.4237
84.28
81.1167
92.8919
86.2975
91.2954
84.6578
96.1215
90.7829
98.7448
86.2774
94.443
91.6523
81.6604
87.0504
97.5769
91.6174
86.2332
85.0713
85.6711
79.6954
93.7696
103.565
88.7622
88.3323
87.434
93.8489
74.7584
86.1778
83.0536
88.753
85.1492
90.0655
98.9589
90.2186
90.3399
89.8747
91.6629
76.2348
85.7395
87.3115
99.5793
91.8904
85.3994
83.1225
87.7379
84.3187
81.1453
90.1669
96.3828
91.035
86.4271
84.2044
91.8111
95.7583
81.8672
91.8853
96.0046
92.6319
85.9794
84.2007
92.5221
91.1951
79.0936
100.073
90.0395
84.1127
80.9055
93.0951
95.337
84.4431
97.3247
87.0009
89.0108
84.7727
82.4146
91.1851
87.3143
81.5747
85.7747
90.2326
84.4745
92.0078
99.4054
91.7891
87.2374
83.5474
83.9448
98.4091
81.1029
84.5533
87.4873
90.4676
92.3939
79.6863
93.1241
86.3076
98.464
97.2525
86.94
86.6318
81.8909
90.4673
85.7154
93.2766
91.389
86.8863
92.4286
90.6397
91.2957
80.6512
89.8995
83.2712
88.1443
83.2805
95.013
80.255
91.063
79.6142
96.2896
81.1895
92.2775
87.4111
83.4291
87.2622
82.8808
90.0266
89.8863
87.2009
86.1774
83.5708
78.6572
84.8209
86.4582
94.5892
90.3008
87.8592
89.0771
102.704
88.5485
88.3216
91.7859
82.6889
88.7294
90.7873
79.5082
96.9122
90.2531
94.0477
82.3765
95.517
91.9051
95.6924
79.3972
96.4177
81.7712
88.7959
84.3967
90.8238
81.9182
89.5581
94.0754
86.4036
93.238
91.1223
88.0861
86.6316
83.2019
92.8358
84.4754
84.6742
81.0166
91.1084
86.2325
89.3754
86.7457
97.4196
89.3515
92.527
83.661
97.7742
86.1442
98.102
93.9112
80.1372
90.4502
91.9076
84.863
85.7436
84.1753
84.2152
91.771
90.4334
87.3096
85.0206
91.4022
84.8782
87.433
92.5917
88.2646
85.472
85.4312
94.6835
93.1014
90.1625
76.1433
95.0643
93.9787
87.4314
86.4232
95.0236
83.613
86.9799
88.6566
92.9147
92.4015
80.7446
87.6855
87.6503
93.205
95.1052
82.8802
75.0575
90.407
93.4984
92.8223
73.1632
87.518
90.112
94.081
90.2736
86.8792
97.367
88.475
84.2879
93.9185
101.375
92.4922
85.7158
91.0889
94.8181
95.653
91.2095
93.2496
83.2113
90.8252
86.7136
78.0769
99.0644
91.6117
81.8707
91.3526
85.689
94.7151
93.4439
89.9132
90.4917
88.3727
84.6818
93.7259
90.0677
87.2628
79.0007
90.5702
85.2716
81.0195
85.0262
78.9964
84.6585
91.9241
91.8911
81.8707
90.2766
96.8925
88.2267
89.9978
95.2068
94.3805
90.4974
92.9663
90.5369
87.9582
82.3549
93.7387
89.8413
80.4503
77.9206
90.8697
91.1468
76.597
90.5649
96.0251
86.8466
97.8806
87.7971
85.1863
87.4528
94.0618
89.8195
81.0422
93.2423
87.7126
76.3306
84.9439
90.2875
85.4211
84.3117
86.4809
89.4798
97.1229
90.6771
87.382
87.685
98.8949
85.6388
91.7142
95.4147
80.738
85.5472
88.1032
91.0053
93.9462
85.4743
93.9304
89.1866
89.7304
89.3729
95.2839
91.5876
94.5491
88.7519
93.2237
92.7099
88.6984
84.7803
95.3417
77.0985
88.4729
83.8052
91.9637
89.7428
86.9388
92.1622
84.7113
88.1223
89.7335
90.7222
92.3485
93.8955
80.2404
84.3593
97.7251
84.1707
90.7611
84.7959
92.154
85.3188
95.1163
94.1935
84.8497
85.2194
83.6913
87.5144
94.2202
83.185
88.9565
85.3336
85.1661
91.2456
93.2338
86.2033
84.8509
91.473
85.8532
89.9146
85.1656
102.55
96.5757
92.3524
85.6822
87.6527
78.7145
89.2071
92.1457
98.1501
90.6174
95.0537
86.5619
83.6363
89.3231
84.4138
89.2709
98.4363
88.2158
105.78
95.3254
91.7599
89.474
89.388
82.5154
87.4161
88.7572
90.1498
88.1663
87.5326
90.6415
85.4069
89.5374
90.6224
87.3901
83.2508
84.9733
92.6012
100.473
94.9606
87.6837
91.294
93.9419
92.205
90.8638
89.3068
80.6595
87.3933
90.5517
90.5484
97.1552
86.6341
91.445
95.9677
83.4649
94.1862
88.2528
82.5559
85.064
84.017
100.605
95.6679
89.6219
89.171
87.6598
86.4551
90.6308
89.5636
100.194
84.9208
88.8596
82.9894
85.7861
87.4626
85.3543
96.7194
89.9469
85.9109
92.9294
88.6722
88.8135
94.4094
85.2314
80.5242
85.4972
84.3306
89.8089
83.1074
83.5746
91.553
98.7851
92.0448
94.3165
87.1731
90.4258
80.3707
90.1593
88.1539
93.8245
89.0392
92.3112
89.0652
84.1645
88.1423
79.3401
82.7491
80.6061
94.4932
88.7469
92.1383
93.6467
78.9017
92.7848
87.6476
95.3167
92.6419
93.0997
91.292
93.5444
89.9689
83.2678
88.2199
83.9474
84.031
94.9254
97.0515
92.8146
84.4193
97.0187
94.2953
91.6577
78.851
89.0738
87.3306
83.6213
92.5436
90.0234
80.8911
84.7731
86.6958
90.1524
87.359
97.0305
84.1664
90.2067
84.3272
90.2605
89.9221
81.2776
92.4533
87.7251
89.1304
90.8678
84.0382
91.1873
90.1083
92.3068
88.1326
97.3299
99.3563
85.9412
87.433
83.761
81.1122
89.1789
85.217
91.5064
85.3178
92.5528
82.2502
89.717
91.3789
78.9198
88.37
88.0117
84.9608
82.3562
88.502
93.1576
89.2296
87.3397
93.0163
84.847
86.1648
78.9283
86.196
95.109
81.5187
91.9224
91.3963
87.3002
95.0769
89.0263
84.0797
95.0332
86.9662
92.7003
85.874
82.2774
84.2186
100.208
87.9221
78.0828
87.8389
92.44
95.0097
86.3065
87.2565
87.2551
82.2462
93.5759
85.9541
83.9802
88.2686
91.1088
90.3226
93.4411
84.2237
84.2868
87.4871
95.8166
89.472
96.1613
90.9419
87.1062
94.713
85.5605
82.8918
90.8816
86.7163
96.7078
89.4327
97.5089
102.339
88.541
87.7305
96.6774
94.0997
93.0171
84.2727
92.9232
84.6408
88.138
75.4242
86.0822
88.2663
84.5435
89.0476
87.5799
95.8024
89.9994
84.8806
80.2095
80.0972
103.749
102.197
82.1795
88.7041
86.5516
89.3523
86.3572
88.1495
94.0449
92.5286
88.7022
89.025
82.9417
86.3803
88.7107
82.8293
92.4618
93.6559
102.293
95.8542
96.117
91.0291
85.8926
95.0768
84.6746
87.3135
90.8651
90.0285
91.9866
89.5002
88.87
86.6197
89.3217
85.3179
89.1602
84.3656
89.0786
87.9059
80.9288
88.3241
91.0697
87.2204
81.3563
79.5455
92.5564
82.3285
87.8173
86.9032
83.7785
94.1081
102.297
82.5233
87.3894
87.1078
100.002
82.5266
92.5812
87.1989
87.6211
93.5992
92.3058
90.6551
90.9221
91.0632
92.6281
89.5358
90.652
90.2383
93.6541
82.053
89.7458
92.784
90.7619
77.7682
90.2503
94.315
94.7608
92.4623
90.3958
92.0047
80.6476
85.4452
82.0498
87.629
92.8431
85.8635
88.3655
80.2589
91.3498
80.7809
92.6219
88.8732
85.8428
88.6959
91.3224
82.7475
93.6184
94.9059
104.593
93.4686
88.6752
87.9526
82.8151
94.4761
88.636
89.0096
92.2649
90.2212
91.8479
88.524
86.1588
92.4872
94.9492
89.8121
85.3101
83.1478
92.2935
96.2711
88.1364
81.0037
81.4371
91.1396
82.1089
89.869
88.3292
78.1997
93.8705
79.1206
94.8774
99.3266
83.7338
93.2003
81.4492
89.4
86.2346
84.3805
80.5941
88.8223
86.8454
95.3783
85.5671
87.9034
93.9316
84.0339
94.0748
83.9287
96.1304
91.1122
86.4776
88.3818
87.2128
81.5561
91.0595
93.1795
96.7132
83.5928
96.8201
85.872
93.9863
90.9385
88.7181
89.5152
86.1878
95.2921
83.7843
95.3279
83.2158
84.8907
84.4201
88.7389
88.4494
82.3484
91.1584
87.6283
78.9338
87.8447
88.7691
89.2498
87.4856
94.3963
88.0545
88.4781
97.503
92.5504
89.7483
104.291
84.7626
80.1875
99.0138
86.4038
104.32
81.2718
92.642
91.3813
90.6616
87.5294
90.2858
84.1578
91.7174
89.7586
87.3809
88.4543
95.0088
88.2134
90.9102
83.3728
80.0869
84.6053
83.5202
97.0404
84.2851
90.8691
84.694
89.8432
79.0302
89.0471
91.4401
84.6347
90.3098
88.0548
89.042
83.9191
91.6556
97.4805
90.0604
92.9205
91.567
94.1327
78.5665
89.3819
92.2323
85.6032
90.0099
88.9336
87.9857
89.5137
93.1398
94.6228
93.299
94.7559
99.0496
90.7858
90.2781
87.769
93.8172
90.3966
87.6934
93.4395
89.1031
87.6075
93.122
97.4033
87.0426
83.4843
85.4869
86.1789
96.4391
90.7473
93.9075
81.8333
82.4608
86.5347
89.5016
92.7771
88.2503
96.0847
81.5053
93.4068
95.6213
89.6094
88.8671
86.9872
90.5889
87.6258
93.3919
91.1999
94.5076
78.7036
91.0258
84.083
88.3341
88.4411
83.7886
87.5385
91.7129
99.0339
80.3694
88.7723
81.7899
87.985
84.3074
93.175
85.7457
105.215
88.4898
82.3845
81.1396
96.2808
87.7455
88.1874
95.5551
89.4686
82.8965
90.8365
84.8987
93.2166
94.2864
84.6767
93.3846
84.4265
81.1794
89.3068
93.9271
104.101
83.3915
89.4948
81.1658
84.9388
98.3999
85.0369
89.9764
92.3672
84.2441
89.133
89.6815
84.5098
99.4022
84.9965
85.2418
84.3841
91.6198
91.9654
94.3202
89.4695
89.1242
89.6523
89.3646
84.7484
96.1754
81.6239
93.06
94.3418
86.948
90.4276
85.4385
88.6469
97.8757
87.5253
79.4995
77.077
91.8193
95.8532
85.7709
86.7423
88.5331
88.053
88.4734
87.1033
88.3765
87.8258
95.1628
96.6188
95.3462
89.6672
95.0916
81.9785
83.6238
83.6178
86.5244
95.1931
94.9864
88.4001
91.1451
90.9774
98.6565
84.4885
94.09
85.6501
91.0208
95.8862
86.4902
85.7602
92.316
81.8053
82.5427
87.5729
87.3313
89.5601
85.762
89.7225
90.0647
91.3112
98.5589
87.5727
97.2852
88.0108
92.0319
91.5682
89.6545
87.1104
93.0747
88.2842
101.815
86.8707
92.0249
92.1654
93.784
88.688
86.2927
95.4818
103.151
86.2871
91.3061
91.6066
88.9115
81.7549
82.5216
86.6355
91.4536
99.4998
82.4146
85.8086
93.1955
90.4334
91.9346
86.4462
90.565
97.3918
85.2342
82.5446
82.189
94.5099
99.5323
93.9723
84.681
88.797
96.6818
83.137
92.4912
91.0646
87.7372
86.4954
96.9016
82.949
78.8096
93.3156
93.9262
100.119
92.9336
80.4514
85.2621
90.0601
91.9978
86.0198
84.1034
98.2434
87.7883
87.256
101.39
84.9296
90.3221
92.6137
81.0996
84.8997
93.6125
82.8929
93.4999
91.3413
88.7211
93.7147
91.2981
86.4516
92.103
85.4364
84.8858
89.9835
98.2617
86.4427
84.7953
77.0568
88.9213
90.2999
89.7034
83.6122
91.6344
88.4214
88.1411
84.9454
87.3579
94.0994
86.9254
85.0899
95.899
93.7637
90.7697
95.2181
98.9181
89.1082
90.9339
91.8217
85.0341
82.4006
91.6056
93.1685
92.8801
92.9304
91.128
80.0367
94.2191
84.3755
89.3327
94.3739
85.1938
88.6818
86.6011
100.109
79.8476
92.5289
98.4265
90.0492
83.2692
80.9758
84.0139
77.5425
80.5781
85.4386
87.6743
85.2791
96.9053
90.1485
99.1203
88.0222
91.1757
91.7928
88.5032
81.5403
83.3029
82.0281
92.2234
82.1509
83.174
87.4408
92.7205
81.6148
84.2674
86.5774
92.3855
82.7964
80.789
82.9378
85.0693
82.3389
84.6374
91.0543
86.5123
88.6062
89.468
86.7576
88.1284
89.4355
87.8208
89.3783
95.3175
85.2095
92.4041
96.2119
82.186
90.5136
88.3388
82.3974
80.3482
92.3787
84.2854
84.9574
90.6661
88.1379
80.0238
98.1142
85.9118
76.9574
85.7296
91.4876
88.0593
93.2372
84.5714
89.6066
88.4202
91.3612
83.7738
87.4668
97.2143
90.5638
88.8777
83.2418
84.5735
88.3907
84.9469
92.8411
89.6122
93.2866
90.1003
89.6638
86.8931
94.142
88.2805
88.9173
92.9011
88.7211
87.4552
90.4486
97.6774
97.659
95.4338
82.1417
95.0416
92.6581
90.2176
96.9123
92.168
89.9436
91.8219
83.6138
91.0902
85.9601
85.9251
86.0398
97.171
99.2114
93.0517
92.851
77.5305
77.8658
82.4783
85.1252
93.7151
93.0596
92.2419
87.8204
90.0268
98.595
90.335
94.2353
95.6248
83.6274
91.5242
87.188
89.7335
83.7997
87.1703
93.3025
85.6359
84.8168
78.2353
94.3092
85.1453
89.733
97.8826
86.8593
91.4705
92.5117
96.9695
93.259
82.7169
90.4437
91.445
91.4951
89.2052
89.102
83.1105
88.3301
92.0508
89.4508
87.4849
79.5778
83.5966
89
79.7916
95.9814
86.9631
81.7556
83.4185
87.9127
106.404
83.5178
80.4945
89.3344
89.2008
101.349
89.3457
90.0355
87.9877
94.6108
92.4422
87.3146
88.5963
91.7227
93.0234
95.5073
87.9361
79.9136
89.4343
84.3002
92.2829
93.2171
77.917
90.2325
94.4022
93.9721
86.6502
81.3807
83.918
85.7581
88.8561
81.4196
87.9518
93.6275
91.8287
93.0553
94.0588
91.8595
78.3462
84.4065
89.6987
80.7929
84.2897
94.0385
90.8591
87.5201
90.4508
87.731
94.2375
88.1214
90.8205
85.8865
87.6266
99.6322
91.6446
90.9181
98.955
91.7258
86.8875
98.9756
84.8149
92.1255
91.5469
88.6555
91.9691
90.4305
79.4338
94.0737
89.5219
85.5605
86.3762
90.8852
86.7699
83.8922
94.7583
93.2761
86.9315
85.6945
85.913
98.0571
89.1088
91.9613
96.7882
87.2704
87.0148
87.3417
89.8415
88.8814
83.8133
97.9971
80.5995
94.2152
101.049
86.822
86.5865
87.0745
82.8794
90.3734
88.1177
87.6055
94.1421
86.386
80.9146
85.5691
88.6682
92.184
88.8959
97.577
87.2
92.3656
84.9591
88.5673
95.3859
86.085
79.3136
88.5049
83.6715
92.7623
88.2554
88.7571
90.5374
79.6078
88.6845
91.2629
92.5069
91.2793
94.0283
91.496
99.2688
90.438
83.0693
82.8656
82.1962
90.2873
90.6366
81.9398
89.088
90.4768
92.6269
90.0249
94.3247
89.9678
95.7192
83.4214
94.6629
83.9879
92.4805
81.9379
83.7813
86.7673
92.2162
81.8034
93.5732
84.5843
86.0471
85.8895
94.814
90.2416
88.4228
90.1641
85.7759
96.6322
85.0428
84.3824
95.668
91.8444
90.7948
74.5945
98.8727
87.0532
99.8764
95.3391
80.7712
95.527
100.152
86.2362
88.0312
85.9244
94.3678
89.5761
80.2865
85.0466
90.8106
88.814
81.2343
79.5648
95.1334
80.38
82.5189
90.5233
83.588
89.093
86.7653
92.9042
94.893
91.6237
73.2698
92.5284
101.163
79.0441
95.6724
101.263
86.5789
85.8674
76.5504
89.25
95.074
86.7104
93.6648
91.4082
89.3491
93.0907
85.4765
98.4463
97.9136
88.7344
89.0341
92.439
93.963
90.2784
85.6967
83.4742
83.0001
88.0903
90.2652
89.4757
87.5532
93.4052
79.0804
94.4484
87.2832
88.4359
89.5911
88.7486
77.1776
95.2592
87.9949
77.3283
94.3296
85.1609
84.6331
88.8154
80.4655
95.5961
83.3126
91.7919
91.2526
92.5338
84.3408
91.2569
82.4582
83.2978
88.1863
90.8707
84.5338
82.3117
95.6715
83.8504
95.8441
93.8089
84.6067
85.5903
83.1816
94.4702
90.4746
94.1052
93.1263
86.5024
92.3112
91.6162
91.7608
90.2734
93.2776
83.716
91.5975
89.9301
92.6875
85.4456
93.8081
89.857
89.7784
86.736
80.9309
95.7539
92.611
87.9233
88.8605
78.6891
89.3497
81.2164
86.2609
92.1073
94.959
90.7285
87.0814
96.2399
89.7552
82.5026
96.7391
88.0323
83.7239
86.2273
82.44
86.7887
84.793
83.4203
95.2492
88.8451
94.8308
91.5902
86.8243
85.8863
99.5568
84.5005
84.5427
82.48
83.3291
79.5405
89.9135
80.4818
88.1656
81.145
86.0704
90.9314
89.2609
96.6719
83.5795
90.9343
90.7007
98.9907
85.6131
75.2209
86.3157
87.3432
88.421
91.5428
94.9639
84.0162
87.6685
92.7248
93.0374
90.5317
90.6812
84.3015
82.8702
91.558
95.448
92.8721
91.7457
88.485
89.687
85.1908
91.1851
92.7233
92.9883
82.3948
93.7062
84.2624
101.731
88.8498
82.9315
86.8925
89.1685
94.7093
86.5257
93.9223
91.7861
82.89
88.2279
80.1325
97.8788
90.8771
86.8514
93.1784
95.3763
93.4656
86.9969
88.9363
83.9393
89.8993
88.2175
82.7057
86.0039
90.8378
91.1678
90.9191
95.8772
97.8887
83.8814
88.1915
85.9028
92.9372
88.1553
82.0838
94.6314
88.241
77.2142
83.2334
92.2265
92.0826
93.0736
89.9227
108.541
89.719
85.6943
91.3222
97.8845
90.1091
94.3001
81.2608
98.434
87.9223
95.6055
95.0252
85.708
87.2971
86.437
95.6583
92.488
84.6672
96.0485
87.5325
94.8972
93.1454
92.7612
85.1438
86.3167
85.2466
85.8993
100.426
87.9634
92.4295
86.4569
85.5561
90.6107
88.2201
97.1687
96.5583
89.0513
88.4927
77.7261
83.0328
88.6511
89.3468
86.0035
86.5686
87.8532
81.673
87.1522
95.6806
92.429
76.913
83.9344
88.555
91.6938
91.991
87.0878
83.2253
82.7711
85.8087
91.4511
86.095
85.0969
86.7606
85.2111
95.0723
89.0893
91.4906
90.8987
86.1274
84.8021
91.3425
85.1625
89.4538
87.8663
94.1395
91.6403
80.1103
90.8424
92.5223
95.6571
91.9504
94.075
91.2669
80.6128
92.9655
91.1382
89.6763
96.1644
80.1231
94.0101
88.4146
98.9479
91.7746
88.973
86.2357
88.673
92.7454
91.2346
85.5317
94.6544
85.0864
93.6921
94.5294
87.6737
88.2268
91.7009
84.2701
87.7177
87.7595
85.3732
93.3321
92.9856
87.6498
92.6766
86.0278
99.0692
86.1471
85.1283
83.9224
86.4497
91.7143
86.9669
83.5747
97.559
81.0977
91.8143
88.5376
91.2048
91.8249
94.9211
86.5743
93.8229
88.0818
95.1722
83.9078
89.0367
91.4209
80.5998
88.6252
84.0837
89.8904
85.9333
94.1452
95.0588
88.1708
81.6848
85.1692
83.8051
86.051
88.0222
90.565
89.379
85.781
99.3992
90.9973
93.4269
79.2068
94.2751
87.8922
89.1633
86.975
88.2528
84.8307
90.601
88.0079
87.7129
95.0957
86.1503
84.6242
81.0714
89.7772
90.4389
85.1505
99.3245
83.9968
85.8895
87.8688
84.7644
88.9511
87.0808
82.0467
84.3693
97.0435
89.0734
86.0744
91.1083
91.1571
85.1205
85.8558
85.7067
91.248
84.8394
92.3168
105.336
84.1853
96.8853
90.5479
95.5286
86.9124
92.7128
81.4826
90.9858
91.8068
98.8833
91.9413
84.2928
94.0348
94.8435
86.9846
88.4053
76.8259
90.8599
84.6536
88.9187
81.0979
94.5226
86.9517
97.1447
90.5994
98.1101
81.2563
95.2682
88.6051
87.8328
92.9584
83.6632
94.5497
89.2823
94.6183
93.26
84.6501
89.9854
89.0572
88.4199
74.1913
91.3291
88.1534
82.2926
82.3539
99.3539
96.596
86.4771
91.6579
88.5611
82.9959
90.4413
95.4638
86.5908
86.9314
87.7826
94.3004
87.9611
83.5458
92.477
91.7317
85.8546
91.0413
90.22
89.2544
94.7772
87.9141
92.5746
97.7908
91.8772
87.5249
95.0883
92.9882
91.8116
101.479
85.5454
92.8373
88.6981
88.7285
85.9273
92.0632
89.8521
87.5537
96.5465
96.7797
102.623
95.084
103.63
85.238
88.6812
83.0325
94.5228
85.325
82.5519
77.3315
85.5568
80.9199
83.7649
90.9056
80.6568
79.2656
90.9669
104.666
78.6792
90.303
86.7838
85.9065
82.6841
86.8364
94.7586
82.3176
86.1951
103.244
100.03
88.8501
87.6236
82.9707
94.8745
88.5289
97.1289
83.0573
86.0356
91.2151
86.8815
88.6839
91.725
87.6811
89.7613
95.6452
85.0132
81.0062
89.1574
85.7638
85.9233
82.127
87.2671
89.8924
92.6914
92.8723
88.1919
86.0798
84.8148
89.5268
86.2507
93.838
85.2519
103.991
90.5869
93.2309
88.9166
84.3201
83.8418
85.4453
90.3628
90.0876
82.2007
92.3591
86.7825
91.5806
98.1908
102.78
80.8199
92.0326
88.9836
82.8271
85.0689
100.618
90.2941
95.4205
87.661
88.0986
91.6443
91.0287
86.7278
92.3381
87.5355
95.1539
85.4288
98.9716
91.2792
83.6297
91.0421
91.9918
89.1615
99.2677
86.4319
84.25
86.5226
90.3372
87.4772
88.9117
87.8273
91.7694
88.5718
100.3
83.7376
84.2216
86.9808
80.4603
97.2274
80.1607
88.4783
83.3138
88.869
91.0241
84.1719
90.9217
95.9613
93.1909
81.58
86.9493
84.08
83.2361
86.7994
82.6594
94.7726
91.69
86.8584
88.5641
83.9938
79.6323
80.4596
105.976
87.0853
88.7326
82.7543
93.6709
91.1393
86.9566
95.0404
94.1274
94.3462
93.0993
87.8822
91.4186
89.3268
82.8926
85.753
91.7538
80.3825
90.3377
91.7292
76.6605
90.9106
96.0863
79.709
84.7124
84.3098
92.2619
91.6052
89.4348
92.1436
94.5495
89.7948
84.5452
90.0114
101.297
90.6069
85.3985
90.6436
91.8524
99.6308
87.1459
79.2153
88.6529
81.2322
82.4551
97.3963
86.3664
93.9073
87.5257
86.8657
94.2495
93.2548
91.1881
94.6489
81.6612
92.7312
83.4862
77.1272
77.5983
82.56
94.2277
94.2002
97.4594
81.0807
86.3841
82.3331
84.372
82.6381
73.3719
91.7019
81.2906
81.9263
90.1979
83.1932
83.825
91.5152
89.5433
87.6867
90.9683
85.42
87.1665
85.9966
86.2016
93.2677
90.6039
79.8008
88.2058
84.0283
88.2824
90.874
90.2203
86.399
85.0101
84.9057
96.3672
87.178
85.1986
83.5671
80.0863
97.2784
93.0213
97.3335
83.0939
86.6038
83.7771
86.074
88.8853
87.5597
99.4746
84.303
89.0178
91.816
83.2932
81.9575
89.2002
87.8626
83.7642
85.1611
84.9002
90.9531
89.5185
81.9709
79.9198
84.9183
87.0044
95.1255
89.703
84.0754
90.9069
96.0539
79.3838
75.2961
97.3761
92.2824
80.1374
87.4249
92.2009
81.3241
85.3762
81.1724
86.8529
85.9827
93.9023
94.0818
93.3173
85.4673
85.9727
90.5475
92.6497
84.9134
85.0887
96.8035
88.6057
89.6174
98.8372
94.8938
89.6618
94.5566
87.0961
77.2863
91.6638
92.5294
92.1303
95.2884
87.4469
83.5778
96.4331
100.013
89.6335
81.7982
92.2204
82.2581
82.0143
80.251
85.4523
88.1157
96.7987
96.1857
93.098
94.0705
78.0363
93.7426
91.6718
75.6881
89.0708
87.7297
97.7496
96.5769
85.0594
84.2144
92.3519
92.3003
91.0201
88.6398
88.3749
91.0941
92.1132
81.6669
80.1671
83.5794
93.7116
83.6156
87.5314
86.0485
92.5578
81.4612
85.8051
88.5282
85.401
87.0345
89.9213
98.7487
81.5079
83.1403
99.5245
89.8595
96.6926
88.3214
93.1294
86.9516
98.4794
79.344
85.9537
100.326
87.9396
92.53
96.3089
90.1847
90.9335
91.5235
93.7954
90.2139
93.2601
87.9401
91.8504
89.5035
91.0918
97.8958
83.4249
87.3421
85.6107
94.7534
76.4987
95.0872
85.9128
87.6691
91.3308
80.7562
83.787
93.3681
84.4161
84.898
84.8285
89.3674
94.8145
86.5272
84.4094
89.4448
85.5743
86.981
81.9934
85.1549
92.732
95.8879
82.344
88.385
86.6716
80.6324
92.368
88.2523
108.933
91.6186
81.2203
87.1159
90.0595
94.0186
87.2455
88.5925
80.3324
90.0596
83.9857
83.7251
79.6503
86.0931
99.0368
81.3324
81.5035
94.5905
87.8997
85.4392
93.5801
91.197
84.8769
95.9762
79.5071
82.9231
91.4771
85.5629
85.3566
89.5775
84.4904
91.4724
82.5549
88.9995
95.5946
96.5338
95.0738
88.117
94.4734
93.1501
85.3357
81.1408
95.2926
85.2963
91.2319
90.1126
90.7861
95.3058
97.528
80.905
87.3245
88.2683
84.445
91.76
83.1658
85.7333
90.6762
91.8045
84.254
79.6765
82.3091
94.6077
89.8693
85.1717
88.192
98.5709
89.1786
96.0576
82.9736
85.0862
95.9691
89.8556
91.9112
93.9394
87.8318
86.4786
85.4736
86.9728
91.2767
92.6652
90.5679
93.4144
93.1401
82.3277
89.4441
97.5616
87.9478
86.0297
87.0152
92.4433
86.7774
84.152
92.7806
89.9489
84.1476
93.7507
86.7835
81.1014
85.6046
93.5561
95.7532
88.5989
98.0447
100.511
90.3383
84.493
96.203
87.0115
89.4692
86.4998
91.8853
95.3942
76.4379
88.3649
89.9191
90.1237
88.8111
88.5164
84.1285
86.6539
84.7361
94.194
86.803
91.8692
87.1783
92.2125
97.3833
90.3714
89.8854
86.4138
87.9744
102.806
84.5672
87.9105
83.9727
92.9211
87.7755
80.9656
93.5661
90.0591
88.5111
89.5952
99.1293
89.2223
84.2125
89.2489
86.2935
89.5217
85.8926
88.1647
91.2489
95.7517
92.8576
91.4031
92.3842
88.5263
90.2375
95.4111
89.5861
85.85
98.1612
87.2772
94.3452
89.1788
91.0394
85.5213
85.4583
89.1209
100.011
85.1269
85.7865
83.0631
87.4781
94.5145
91.7148
95.475
86.9435
97.2806
89.3101
85.2971
88.4992
83.5363
97.8815
82.2388
87.2042
92.9535
93.9767
85.0309
76.9921
82.4628
91.904
94.8332
88.0859
86.5439
92.9954
96.3377
89.2624
87.735
88.1435
83.9473
79.0931
75.9339
80.8041
78.1884
86.5072
80.0085
79.5875
83.7397
79.8801
86.7107
86.4334
81.7245
96.1149
91.935
88.2506
90.8276
96.9487
92.7763
94.5243
98.0891
100.902
81.1606
94.8579
78.8402
80.1075
94.8152
93.0272
83.3889
93.9082
87.6352
88.2307
80.2624
86.5781
93.3601
95.3404
91.0956
87.4372
98.1142
80.3997
97.9606
87.1881
89.932
87.9467
89.195
94.6413
90.6129
93.9385
90.3921
99.8189
98.5745
86.2931
88.1878
90.5662
88.4671
87.8135
84.5235
88.5652
83.2648
87.9832
103.5
88.5098
86.1138
94.0824
92.7247
91.7342
86.0852
90.363
91.3
89.0129
93.9902
89.9016
89.7093
86.7174
90.5776
95.3364
92.623
85.2392
91.8676
92.0586
78.4013
96.7402
92.2639
95.9856
84.6788
92.3326
86.1687
85.6407
85.3948
84.9744
87.6484
81.4788
87.8408
90.3583
89.6055
87.2648
97.7268
86.7739
91.4722
93.2334
96.0376
92.5581
84.2496
90.5206
80.4642
92.8308
85.951
95.114
84.773
78.8079
83.1068
95.4942
90.9151
82.7992
83.6482
90.7637
86.0244
96.0148
89.3512
84.6266
90.496
90.6099
90.9457
83.7004
97.0311
92.1919
94.4881
78.6008
93.2196
87.5284
87.2317
87.2578
87.22
87.9164
83.9583
90.1427
84.126
84.9328
94.9676
96.8371
83.9321
88.8152
80.3275
92.8466
87.5012
88.5618
83.1381
99.0758
86.4053
85.5027
92.4202
87.5737
89.248
78.4555
88.6576
91.5694
86.0065
94.0175
94.0119
85.7379
90.989
90.7962
90.9277
93.5949
90.2168
94.9923
90.9477
88.5915
94.3011
102.132
85.2697
85.0636
87.7376
77.651
91.562
81.4523
81.273
89.0573
92.0857
95.6549
87.2381
80.92
95.0183
87.6666
92.9202
88.2301
89.7896
82.0982
87.6468
82.4404
97.3056
95.8099
94.1882
89.7888
89.3222
88.1044
88.2459
90.8283
88.4868
88.7776
84.4128
93.5221
88.6754
86.5272
100.492
79.5942
85.4239
86.7677
80.765
94.5106
90.7795
88.2922
85.2447
88.3372
88.8052
94.1401
89.4042
90.4691
86.4429
87.926
87.6495
91.5894
85.0218
97.3668
81.6131
95.163
92.1845
88.6985
83.7157
88.8671
81.2172
86.4939
85.3758
90.9599
89.5584
92.965
87.4361
84.7578
84.4525
80.4729
86.0774
94.0174
82.8995
80.6666
100.926
96.1409
84.348
102.518
90.5565
97.4429
86.2001
87.0797
79.4445
90.5279
