97.6933
97.7314
95.6097
99.8434
91.335
97.1508
98.3999
95.9651
100.075
100.583
96.8165
97.0296
96.0112
93.2355
96.608
94.9763
93.5569
95.7305
95.2604
96.8175
101.75
98.4373
100.919
97.7202
99.7737
102.819
95.116
96.3998
97.2949
101.162
95.8319
101.809
96.8743
97.7362
95.5272
95.4066
97.2917
96.681
94.8069
94.4224
99.0303
97.1914
94.6467
99.6301
94.5342
99.6662
93.3383
95.3949
99.4777
99.0791
98.9318
94.4779
99.3292
101.133
99.262
100.149
97.413
94.0735
96.7323
96.0326
97.4866
97.5266
95.7274
99.7754
94.9026
97.3963
98.2752
95.2392
96.5941
100.67
97.688
100.057
95.8459
95.8519
95.8459
100.368
97.0973
99.9208
98.8658
94.076
98.384
97.5056
98.7351
99.8559
98.5707
98.1458
94.8426
94.0107
95.2649
98.0776
95.2555
93.8682
101.575
96.3938
100.195
98.7334
96.5275
92.5356
94.3716
98.122
99.9757
97.1847
98.1746
97.3792
97.4407
97.5552
97.1791
95.6693
95.9367
92.0629
95.9213
96.9347
98.4071
97.456
96.7697
98.365
96.977
95.0927
91.1988
93.5087
99.9113
97.8259
96.4491
98.6517
98.4654
96.1464
95.2244
95.2616
95.9034
91.851
94.6768
97.3617
96.9133
97.4366
98.0583
100.151
98.5924
95.5098
95.5662
97.5872
94.6755
98.4993
96.593
93.3585
100.055
99.0874
97.4841
98.4978
96.2116
96.18
99.3477
96.8241
100.261
98.2042
99.9708
103.089
93.5639
96.8555
95.6975
96.2328
100.223
100.336
95.0855
98.304
98.6651
95.744
100.913
94.2211
98.0006
93.5956
99.5776
98.3165
96.8765
94.8746
96.3756
98.73
96.9044
93.6826
95.7567
100.452
96.8241
96.4144
95.9495
99.424
94.9721
95.4085
97.9822
100.211
97.6978
96.6304
99.5102
98.3417
98.9671
99.1067
93.7526
99.01
92.9444
99.1911
95.9904
98.748
98.0046
100.761
95.3032
95.2808
94.5319
98.4175
96.1818
96.2945
100.156
97.5257
97.5942
94.6027
101.734
98.107
98.5604
99.7762
98.8041
95.4915
94.2001
99.4165
92.7944
97.9112
94.8005
96.3743
97.1952
97.3288
95.9517
99.3188
96.8075
93.3845
94.4398
97.5683
100.606
96.0267
96.1643
98.0943
99.1108
97.9739
98.4655
97.5141
95.6465
102.537
97.2735
98.1274
98.8443
94.9875
99.5065
99.1784
93.8386
92.9811
93.1211
96.3897
99.4306
95.3656
100.802
96.6565
99.6495
101.357
102.383
94.0682
96.6044
100.34
99.3918
101.914
99.5718
92.4993
101.562
94.8102
95.5652
98.4457
97.5117
95.5082
97.6131
96.1314
98.4099
95.9413
98.5796
97.9672
97.8599
95.0979
100.834
94.6368
100.615
95.0985
95.5654
100.834
98.0272
104.779
96.8823
95.326
98.0897
97.9705
101.497
96.9121
99.6366
98.4584
98.6573
96.1507
96.2902
96.5756
97.1688
98.4712
98.9752
98.1634
99.3143
98.5027
97.7645
97.6718
95.6658
96.557
100.102
96.8966
98.1528
99.5759
98.0372
97.6747
98.9419
95.8619
96.0403
96.1955
95.5953
96.3875
97.1704
98.39
99.2153
97.7633
97.6
94.385
97.1335
99.7236
95.1867
96.3981
96.4122
97.2237
102.871
97.4585
99.0485
95.558
96.5409
96.5891
94.9783
101.204
95.1888
96.1608
97.4647
98.0997
96.9529
97.0557
101.095
93.7704
95.228
96.7475
95.4273
97.7644
96.8564
99.2738
95.0188
92.1949
97.5347
100.492
99.0834
95.0478
97.9152
96.008
92.1247
96.0865
94.9281
96.511
100.33
95.7276
98.0749
96.1431
97.5835
92.1452
95.2085
96.9743
94.8704
96.2715
93.5969
96.0056
95.9465
97.4343
96.1325
100.204
99.2823
93.6538
96.8059
96.4301
96.184
96.3197
95.1869
91.889
97.1166
93.1969
96.7366
103.015
95.9588
97.6311
98.3321
97.4598
92.9355
95.5119
101.033
92.7589
98.1402
97.8096
97.1909
94.346
99.4828
96.2231
100.843
97.0312
96.8179
97.6993
98.7537
96.2609
96.1379
100.769
101.054
96.2
100.366
97.0759
98.4847
97.5707
101.476
93.4618
93.7037
98.739
97.9955
99.0513
98.7271
94.8305
96.3097
97.1336
97.9502
97.7619
94.3396
98.8026
91.2912
98.4469
96.7408
100.707
100.671
98.9602
96.4749
96.2274
99.4243
95.9184
94.2148
96.6813
97.9085
97.5395
98.8419
97.6591
96.6023
97.2187
96.2749
97.9034
97.8535
95.3151
98.8716
98.6563
95.977
98.8077
100.801
98.279
97.2773
96.8223
100.665
95.1498
99.3805
95.5671
100.886
95.2432
98.7073
99.6184
96.3635
96.7083
96.0054
97.8487
98.8287
97.6457
98.0466
95.0716
97.1096
101.573
98.8557
94.1183
94.5906
92.3635
97.0176
98.582
98.0883
97.161
100.766
99.6735
98.0325
93.1059
96.1793
98.1825
100.639
98.9294
97.6586
93.1696
98.4242
97.1521
97.2942
96.8139
96.7651
99.2761
94.46
100.356
96.5696
98.5757
100.689
96.193
98.6905
95.5734
97.9342
97.6214
97.6115
97.0498
101.108
94.3015
95.9306
97.6081
94.4264
96.5975
98.6397
101.433
95.7719
95.0968
91.8344
96.1214
96.9876
95.2897
97.3715
102.417
97.2145
93.6096
96.5539
100.623
98.5625
97.5457
97.9084
95.819
97.5535
94.0399
101.402
96.9368
98.4972
102.023
100.307
98.4783
96.3343
96.4685
99.0388
100.473
93.4663
99.6967
97.0506
98.6084
95.7213
93.9184
94.6854
94.4768
98.2767
97.1748
98.666
99.6183
95.1946
97.1593
94.9332
95.725
99.0185
92.6735
97.3577
97.1196
100.997
98.3243
101.427
93.2382
96.5512
94.7158
101.516
98.008
99.91
100.739
97.399
96.2512
98.7138
103.04
93.7642
94.3347
96.5363
99.2142
96.7567
97.0975
100.341
97.2819
96.1166
96.8302
99.4511
95.5106
93.2533
95.7148
99.286
96.9509
97.7061
97.0122
97.4285
95.4232
98.0738
95.6696
94.2563
97.5853
99.5849
95.9327
92.0325
96.2442
103.676
99.12
95.3087
97.7663
97.7245
96.9672
99.7441
98.8901
96.6471
99.057
97.2603
99.7149
97.9976
98.1904
96.4826
98.4645
101.076
93.241
95.4419
96.3487
99.8312
93.0747
96.8172
99.0747
95.7846
99.1069
97.0032
98.6732
98.6354
96.4673
100.446
99.6353
95.5683
95.6179
95.7591
97.4131
98.4015
96.1983
97.3718
103.078
95.28
97.52
98.4724
98.4478
97.5855
95.8895
97.2129
95.7045
99.8494
102.717
95.2163
97.8795
99.3739
97.5061
95.9728
93.8389
97.8621
94.581
95.2325
97.798
93.5493
97.364
99.4701
97.0699
96.1892
93.6499
99.5783
98.3384
98.6451
98.5381
93.1736
99.145
95.5553
94.9608
100.179
97.4476
91.8621
100.438
96.7952
101.606
94.9211
98.7584
97.0383
97.8498
96.0486
98.635
95.5264
97.7721
94.7154
97.1401
101.338
94.82
95.5544
96.8775
94.953
96.502
94.1304
98.7192
97.832
98.6574
92.8803
98.0166
97.0625
94.3836
97.0481
94.5781
100.54
99.2794
94.8024
97.2251
99.0863
95.469
98.6018
97.9187
102.162
95.712
93.6536
97.1935
97.6022
96.1388
98.2068
97.7204
98.5012
96.6948
96.0393
95.2053
98.461
94.9256
100.85
101.211
98.9549
95.3575
99.5391
96.3383
93.4967
98.1403
99.6061
97.6277
97.3598
98.9748
102.502
96.6733
98.9986
96.9453
97.4064
96.4483
98.2784
95.8969
96.7611
97.4872
96.6523
93.9719
97.1376
98.5457
96.241
97.1615
97.5472
98.7029
96.0691
102.268
92.3504
100.057
100.049
98.4083
96.1582
100.531
92.2099
94.1092
96.7126
99.8958
101.589
98.423
101.034
97.9674
95.699
96.149
95.7846
95.5664
95.1274
99.8932
98.3259
96.5649
95.9762
94.6915
97.155
97.5189
99.2523
96.487
94.4707
98.637
97
101.86
94.259
98.8464
96.5185
95.9145
96.5597
98.1662
101.295
96.5837
98.2703
96.5562
96.3429
96.3921
96.4367
94.2443
99.5579
96.6902
95.3811
98.6291
101.272
100.281
92.1923
100.025
96.282
95.8158
99.001
96.6407
95.2628
93.8415
97.088
94.6591
97.8228
97.6795
100.007
96.7054
94.1996
96.818
99.0489
100.464
98.4974
99.5223
101.992
94.4071
99.2215
101.801
95.2069
97.8383
95.4366
93.976
95.3474
97.9405
99.3883
96.8095
96.443
96.9567
100.826
95.1632
97.5089
99.5942
94.0658
98.1177
90.6678
98.1228
96.9624
97.2057
96.0141
93.899
101.946
101.472
97.8656
95.8943
96.7176
94.5381
93.9688
96.7998
97.8148
93.5486
97.455
98.2863
92.6676
99.9899
97.7913
96.0858
97.6606
97.9585
97.797
97.4084
102.105
92.0789
93.0084
97.7815
99.9602
95.2678
99.354
95.1679
94.3924
96.5707
95.113
96.9649
99.3959
95.0869
98.3784
95.4699
100.435
96.7686
96.6759
97.1672
98.7173
96.2584
95.1755
97.6728
97.7857
99.142
95.6797
96.8087
95.564
95.3274
97.6433
96.2563
100.575
97.9001
96.9148
95.3557
94.4154
97.2463
98.8092
101.659
101.537
94.4004
99.0386
97.9503
97.422
95.9113
93.8995
97.7107
93.6893
96.8343
98.4718
98.7648
94.7773
95.3667
98.1064
96.4322
98.1942
95.5043
95.6841
97.9982
99.4445
98.8144
96.6427
97.217
100.129
98.9986
98.457
93.901
98.4036
98.2291
95.3605
102.346
97.9504
93.2986
95.128
94.6593
98.727
96.8774
99.0711
98.6649
99.3677
102.037
99.1306
96.4369
98.6238
96.4533
99.2005
101.203
96.9545
94.8712
97.7152
102.58
97.2937
100.356
98.1385
98.7391
97.9389
92.2185
98.2546
96.482
97.2024
98.9693
98.1837
95.8265
95.0595
96.6591
95.4716
96.757
97.9557
101.404
97.4968
97.8724
95.9279
97.9098
100.367
92.2568
100.557
95.6474
99.4947
97.3315
98.1737
100.182
95.1173
100.152
100.821
100.644
98.8496
97.9135
99.4008
98.0894
98.937
97.5269
97.0906
95.6704
95.9554
94.9233
96.3608
96.3944
98.8604
98.5923
96.831
97.1231
95.1308
94.0651
99.5485
96.5943
98.2021
94.4844
95.9967
97.3846
92.6109
99.0609
97.5619
99.5364
100.842
98.2555
100.948
102.007
97.7047
98.652
97.3273
95.5505
97.8285
97.7722
96.148
99.4374
97.3591
100.764
98.2752
95.3743
98.8932
96.7662
99.4996
100.847
99.4884
99.4841
99.6664
99.1915
95.7471
97.1851
93.33
96.6631
95.26
99.416
93.0094
96.6857
95.8096
97.831
98.8579
94.6514
97.166
95.9652
98.3691
99.5037
100.1
95.8594
97.917
96.6549
92.4641
98.5547
94.1088
92.5666
94.2976
100.157
97.2204
93.5939
93.641
95.4626
101.568
96.3722
102.88
97.6954
96.123
95.7579
97.263
94.6813
92.5636
94.4036
94.9703
94.4031
98.0782
95.8929
97.2313
101.413
97.0484
97.2488
95.8177
99.4486
97.8243
95.7526
95.7634
97.0172
100.731
98.4941
97.9934
99.4013
98.6098
93.1613
97.9758
96.2241
95.993
97.7853
95.0867
94.9461
100.256
94.138
101.718
100.879
102.538
98.0181
99.2966
96.0918
98.6396
99.2379
95.3297
95.1485
97.7833
98.7465
92.8623
98.1011
97.6716
97.2092
99.2721
99.7575
96.7397
97.1964
97.1594
98.8803
97.3226
97.3922
98.4583
91.553
98.385
96.2105
95.9529
94.7991
94.8476
96.8097
100.671
97.5283
95.7755
96.9074
98.997
93.0326
98.1156
104.224
95.8814
95.9029
97.6521
95.7186
96.1405
97.2283
95.9969
96.2847
95.4932
100.069
100.185
99.2426
96.5986
95.575
94.4259
93.7241
97.4518
98.4981
97.4739
96.4297
96.352
98.7224
100.12
97.1639
99.7521
99.0374
95.9052
98.5447
93.8797
98.3413
97.3673
96.2275
100.375
95.8157
95.17
95.3526
95.0302
97.7762
96.7583
96.105
93.6096
98.0672
98.0767
100.277
97.5966
99.294
100.225
97.3339
98.4536
98.0186
93.1974
99.6401
94.8334
97.7409
98.733
98.0537
97.6851
96.9096
95.6113
99.0908
96.9616
97.5698
92.7387
96.058
96.1381
96.3315
96.0399
98.4398
97.1475
100.683
102.96
99.7106
98.0993
95.3774
98.8576
94.4162
101.978
99.1449
98.5378
98.3344
98.5415
96.845
97.4096
96.5797
96.8729
95.7565
97.5983
95.509
97.0656
98.3447
97.5181
93.8735
95.2033
98.7068
97.8639
93.4022
98.5752
97.5212
94.157
93.8008
98.1375
97.134
97.1536
96.4534
101.478
95.6453
102.276
99.6138
95.4171
96.0886
94.9276
95.3995
93.119
96.7114
97.5856
95.7633
94.4734
96.4324
97.7661
97.103
100.583
94.7532
96.0191
95.377
97.4497
99.0404
100.233
101.163
95.5343
94.9988
98.3305
93.9669
98.654
95.1053
98.5028
97.5744
97.045
96.8287
95.2517
96.4911
97.2169
94.9826
94.685
96.5523
95.254
96.1209
100.407
94.0699
96.3983
100.266
99.6005
101.368
100.862
96.5153
99.2591
99.0747
94.4563
96.8247
96.4922
98.8491
95.0764
92.3957
92.8721
98.0112
93.8249
94.5945
95.0091
92.9074
100.345
98.9244
95.6358
99.4848
101.191
97.38
99.4127
95.1132
94.3871
92.344
93.8835
98.5811
97.4426
97.0014
100.342
100.426
95.4711
94.466
97.87
91.8296
93.8994
93.5425
99.0657
98.8118
98.7773
101.662
98.7408
95.038
97.8632
101.357
99.7895
95.3871
96.1331
98.4989
96.8151
96.9022
96.0248
92.5393
98.7614
97.6232
99.4096
100.731
89.1859
98.0454
94.8597
100.314
97.0613
101.769
95.2247
96.2611
95.834
98.3785
95.0671
92.6039
97.3856
100.613
101.585
96.2468
94.5007
93.4209
93.8668
94.6399
96.6431
95.5297
95.2005
97.8443
96.8321
91.9569
98.3096
100.566
92.7074
101.647
97.3424
98.3205
99.5942
97.369
100.791
97.4173
95.963
95.0522
97.6965
97.5285
96.919
98.471
100.466
96.1242
92.2059
96.6053
95.5502
92.9781
98.3281
95.2143
95.4098
95.5854
98.7381
96.3079
97.1154
98.0353
103.303
94.751
95.7117
95.7245
98.2262
97.4367
93.0368
96.9405
95.558
94.3979
93.0899
97.2745
96.2229
95.6829
98.8777
97.5705
96.9366
100.331
100.006
97.8947
95.6854
99.1544
95.5652
97.4032
101.375
99.1845
95.0633
98.4353
97.4625
96.143
99.8245
100.013
98.5162
96.9609
97.6119
96.7113
98.5374
97.198
96.7353
98.3014
97.6254
97.0027
98.8722
94.0785
94.6199
97.2252
99.1488
98.2073
99.6017
96.3157
99.0226
97.3536
95.0973
100.657
95.2729
99.6031
95.2303
94.0153
98.8211
94.478
92.485
99.3703
97.2037
97.0607
95.7108
97.7673
98.3121
97.1554
94.2706
95.03
92.4222
95.2516
95.4704
95.6729
95.8594
99.8663
99.8175
96.2356
95.265
94.6493
98.1852
100.789
94.3093
99.6813
98.9615
99.7124
97.2672
98.3362
97.5683
102.88
96.3796
99.4478
98.0883
100.242
97.2965
97.0084
96.113
97.0984
96.8235
102.485
99.2957
97.7705
100.943
97.6169
101.09
98.3865
99.3062
98.2397
103.325
98.7077
100.365
95.9785
97.4049
98.2977
99.6118
95.3478
97.5798
99.8176
101.142
96.1082
97.7639
94.1058
94.0615
101.186
97.0963
91.4905
95.1923
97.9014
98.1563
98.0953
98.7867
94.7772
99.3638
98.9935
94.3365
97.5292
97.2621
95.4613
93.589
97.6092
97.8318
99.6832
100.098
98.7297
95.8095
96.737
100.694
96.0345
100.349
98.6536
100.84
94.7799
98.8039
96.2615
95.9244
94.9734
97.9008
98.0852
97.792
95.7415
97.492
97.04
96.9141
94.1546
97.802
98.8658
95.9733
99.8354
100.221
96.2671
94.1433
95.1205
97.3016
102.099
95.1158
98.3451
100.72
95.9013
97.386
97.3491
97.0456
98.1194
98.7283
98.0315
97.7379
97.7263
95.1611
95.5874
102.901
98.0217
97.8906
94.6228
92.6509
101.294
93.9039
94.8417
95.1838
99.4229
94.952
95.4401
99.0972
96.897
96.609
98.8473
99.203
98.1408
98.7024
97.0262
98.6315
97.7244
96.4796
96.0745
100.528
98.692
94.8911
99.6597
95.6772
98.0424
95.0817
97.1274
98.3123
95.9767
95.1407
98.2709
97.2199
97.343
93.5713
94.1154
96.5314
97.9164
98.6871
99.0333
94.5794
95.1565
93.8673
97.2775
101.88
97.2048
96.7506
98.1215
93.8463
94.766
97.4943
99.9329
99.0431
98.5273
97.2656
95.2765
99.5738
96.7568
101.669
93.9717
97.8101
98.7315
95.364
98.5427
97.388
99.5595
98.6244
96.8923
95.117
97.2221
95.6041
96.6594
99.9889
96.9418
100.816
94.8084
94.5059
98.9371
103.225
97.8708
94.4378
95.9848
96.1897
97.527
97.7562
98.2407
98.5292
98.5968
96.0744
96.2595
98.5738
97.5439
100.323
93.7915
99.9866
97.0439
98.7961
97.6332
97.1316
94.7884
96.9948
93.5336
98.4113
100.762
97.4764
97.6028
100.046
99.208
99.7542
96.0681
94.9353
97.6336
93.157
99.9975
97.0611
99.4602
97.7345
96.3696
96.9446
95.6126
92.8477
95.0833
93.6944
93.7017
94.8494
98.4627
98.7256
100.446
95.8349
93.4801
94.6506
97.0669
96.685
96.0069
96.4573
93.8654
97.1979
94.7818
96.1132
95.9917
99.1713
97.1537
100.488
95.6903
99.0801
97.466
98.4315
97.4059
97.5297
97.8467
99.1376
95.1682
96.1397
98.0176
97.5962
97.7243
95.6159
99.8418
95.5681
96.8883
100.258
99.6882
96.8086
96.3657
97.2294
95.996
96.4684
97.1097
99.3748
91.968
96.3507
100.238
99.4637
99.0339
99.3707
99.4275
95.6567
94.3418
96.4092
97.0254
98.3022
98.683
101.799
99.3362
100.929
99.4019
98.1542
97.1104
94.7501
99.3837
94.6097
98.1103
96.5254
97.5658
95.9517
97.1864
98.8309
96.581
103.026
95.7603
100.661
99.8756
94.8138
99.7904
97.6412
95.4639
96.3815
100.858
96.6128
97.9189
97.6685
96.1816
96.0584
98.1252
97.3842
100.619
96.2633
94.9357
100.565
94.0162
97.9052
92.6653
101.249
97.2466
95.8693
98.1265
94.9787
98.5565
97.7672
98.1073
99.3209
93.5883
97.5976
98.0101
101.622
93.8215
97.1523
97.1239
100.448
99.618
102.05
94.3064
94.6008
98.1991
95.645
95.7555
99.9217
101.836
101.322
95.0897
96.5075
99.1736
95.0567
102.17
94.6805
94.3352
98.7021
102.249
95.2029
100.309
99.6138
102.429
99.2701
96.2171
97.171
95.6653
94.5151
98.6827
99.2281
97.2849
98.9394
93.0967
95.4525
95.5321
94.551
97.5461
98.7598
99.6595
94.6709
99.8824
97.2166
99.7804
93.639
94.4953
97.3045
101.875
97.1823
99.0607
91.3922
96.7591
100.609
97.2574
100.506
96.0927
98.1488
95.4266
95.5331
98.9064
102.776
95.5798
99.3717
99.4884
100.04
98.0167
96.9147
98.6833
96.2273
96.6087
102.612
97.0912
96.4152
98.6065
91.9473
94.7234
92.0818
95.2838
99.5099
99.0672
97.2137
99.0382
95.0612
97.7864
100.928
94.4241
98.3112
100.612
99.1189
96.3811
99.0209
93.6941
98.0982
97.7067
94.2147
94.6309
94.9829
96.4844
99.3255
98.0778
97.1937
95.3919
92.7875
97.0102
97.2478
96.5389
99.9925
92.0887
98.3328
97.2731
99.7676
99.2594
98.6582
100.02
94.0305
96.8608
95.6556
94.0179
99.0651
100.579
98.5092
96.0874
101.539
99.4014
99.354
95.9043
97.5937
97.9464
98.7025
97.0713
96.6507
96.2024
96.4829
97.2312
100.49
97.633
91.6732
92.4195
97.5638
97.1908
99.7521
100.107
98.7138
96.6636
95.4006
99.275
95.2334
90.3326
91.5698
99.0627
97.8478
95.1672
98.9393
93.4388
97.8813
95.4429
97.5854
94.608
93.8194
101.621
96.1223
99.1479
96.6435
96.3952
96.8295
99.1619
100.374
97.3039
96.2549
95.9808
92.9422
98.6453
96.9397
100.172
96.1811
98.5085
96.9399
99.5551
97.842
94.4217
95.9273
94.2959
97.9592
97.2245
95.6328
98.234
97.414
96.319
97.8753
94.4988
100.818
98.4788
98.3263
98.4327
99.5358
94.8548
96.6571
97.2476
98.6981
96.3053
97.3612
96.8054
97.0779
93.8482
98.466
94.3831
99.0543
96.7463
101.047
97.9146
98.4138
94.8233
94.8537
95.3902
96.7851
96.0131
97.2111
95.9959
97.6887
94.509
96.9486
97.0525
92.9427
100.575
94.6507
100.805
98.3603
99.6613
103.125
97.1594
99.2535
96.4496
100.244
97.4535
98.7768
97.9805
94.3783
98.5008
97.3335
96.4679
96.4738
97.3919
98.3173
93.2145
95.1193
102.774
98.316
100.064
98.5783
94.6256
98.0778
93.198
96.3318
98.4699
95.1704
96.396
99.3741
97.9561
99.5207
96.2279
97.8163
99.1732
92.3042
97.454
94.3798
95.4154
92.5043
96.7574
93.6126
98.4821
94.4037
95.5736
95.3205
102.063
98.5893
97.8711
96.9611
101.341
96.392
99.2051
97.9102
101.909
96.2502
97.4359
98.6365
94.9326
102.933
96.1259
94.4749
96.4571
95.6653
95.3499
100.32
98.0014
95.6279
99.6947
93.6891
97.8502
95.5812
100.129
95.2886
98.0345
101.746
98.3404
97.0253
99.2999
94.3345
94.7558
98.5053
96.6792
101.415
94.7653
99.0169
98.6242
92.2698
94.1456
99.6717
94.7525
96.7014
91.1674
100.908
95.8678
95.8692
100.568
99.0964
97.1476
99.4056
98.3719
96.637
98.5126
99.5029
101.323
96.4485
101.277
97.6855
103.493
98.4119
100.423
97.0167
95.3729
94.613
98.6296
97.7061
93.3509
96.9628
93.7502
93.2985
95.926
98.0302
99.2338
98.3186
94.9479
94.8045
97.8312
99.1363
97.0035
95.4423
99.0243
93.9266
98.9051
97.6928
96.3526
98.9633
98.1935
95.391
98.6483
96.4185
100.615
97.534
98.8412
96.2337
96.1314
96.4437
94.7174
98.1664
95.695
93.6769
96.6381
95.921
97.0962
98.7746
100.064
97.3664
92.627
93.8172
97.2693
94.9264
100.479
97.3508
95.2389
94.099
98.8491
98.3875
97.13
94.7694
98.8794
96.1539
97.2109
97.2632
98.1856
96.1636
98.3178
101.595
94.3129
94.4297
93.583
99.6713
96.5172
95.0124
93.7982
97.0699
100.9
98.8076
95.8812
94.1372
99.7123
100.744
93.3954
96.9092
98.9917
98.5311
99.8015
98.3711
96.4193
101.309
96.1084
92.0051
98.7748
96.1325
94.3379
100.916
98.7925
98.1595
95.8349
96.9205
99.1414
99.9916
91.9868
97.5403
101.827
95.6002
98.4448
97.6396
94.3535
93.0058
96.6623
97.101
103.727
96.3095
97.7483
96.1972
95.2192
93.691
98.25
98.2061
95.1395
97.464
96.582
96.3615
97.9547
95.2661
99.2497
96.0543
97.4128
96.6133
98.5474
97.9399
96.361
97.6848
98.6638
98.205
98.0349
97.4425
98.175
92.8039
95.8347
96.0614
95.5504
93.3258
94.5891
93.8729
97.6846
96.6599
96.8251
97.7121
95.4889
96.3551
97.7172
100.968
97.8529
98.9651
97.3643
97.2393
101.139
101.859
94.7003
98.0631
99.8916
98.1348
97.9536
99.2479
98.7062
103.476
99.8235
95.731
97.6055
97.4194
98.5911
98.3367
94.8525
95.4787
98.2395
92.9551
92.7214
97.3283
99.0198
95.3828
95.9292
95.7543
96.7445
98.2684
98.4917
98.4865
100.283
98.4233
97.0488
100.111
98.8166
100.308
92.6467
96.5602
94.5059
94.2823
97.2066
95.6593
99.0466
96.704
97.4469
97.8294
98.4476
97.0117
99.0879
99.7128
100.591
97.763
98.693
99.1669
95.5843
95.7711
97.5203
99.8217
94.655
98.4847
95.8021
95.9071
94.3328
98.1333
97.7306
96.1863
92.7621
95.9076
99.584
96.9275
93.1998
95.7453
95.4332
92.6466
95.4891
93.2016
98.6788
94.0965
99.0934
96.5976
95.5879
98.1745
100.43
100.84
99.5835
96.4665
94.0777
94.2901
96.19
97.8897
99.731
94.3514
97.2052
102.133
95.0141
97.8036
98.2441
98.5862
99.7618
98.6249
102.254
98.1086
97.3249
99.4974
95.5335
97.9769
98.125
101.581
97.7979
98.2476
97.2462
100.376
97.9169
98.2622
96.5183
98.5366
98.1979
95.3142
97.9983
95.9931
95.9824
95.4933
98.8213
94.7424
98.7087
99.3835
98.4896
96.6381
97.8885
93.591
97.564
96.9211
98.8093
98.6984
94.1797
98.8109
98.9402
97.8621
95.395
96.6615
95.1329
98.7547
95.4736
97.3615
95.6904
97.1454
100.001
98.4224
94.684
97.005
98.5614
99.669
95.7366
94.077
98.5179
94.1976
99.1407
98.0964
95.6399
99.75
97.2752
98.1181
97.5214
95.6015
97.5951
91.7583
97.2119
95.4635
99.5328
99.5711
94.4343
97.7001
96.9051
100.571
96.3023
94.3981
95.8858
99.6101
102.826
97.3633
100.409
99.7145
97.645
94.4509
98.0661
100.485
94.7901
94.6392
95.5191
94.4872
99.089
99.3885
94.3905
100.293
97.5949
98.7783
95.7626
96.9925
96.2316
95.9836
101.777
95.2588
98.7577
97.8698
93.7228
95.5128
97.9104
96.4989
94.5116
101.284
95.6663
94.8339
98.4047
98.8296
96.5806
99.3158
94.6852
96.6954
97.2109
95.1343
98.2038
101.026
95.8765
97.4119
96.9585
89.8165
96.7577
98.6302
102.163
96.6335
95.0823
97.9688
101.393
97.2573
96.2302
97.6488
99.403
94.9055
100.774
94.0081
96.1174
96.3123
94.8681
101.352
95.8694
96.4524
95.2288
94.3105
95.7916
96.377
98.452
98.6435
99.3195
94.5186
94.6955
96.6235
100.91
98.4204
101.427
96.787
95.6648
95.1717
94.9369
98.3721
99.7339
97.4199
96.5562
98.9827
96.6162
98.9088
96.6703
98.1069
96.0902
96.8878
92.8848
98.2579
98.977
97.2207
99.1966
99.4792
97.1672
97.1461
95.7993
94.148
98.1139
99.4885
99.3091
98.577
94.6831
96.0309
93.5524
102.245
95.2601
96.7062
93.5617
96.2846
102.915
96.6347
97.8606
95.8161
97.7052
96.3418
95.5144
94.7172
100.008
96.757
96.5472
96.5203
94.8779
96.1015
98.5196
94.6095
96.7965
97.0817
91.3969
98.7373
95.4232
99.2595
95.8525
98.5757
97.64
99.3648
96.4473
97.236
99.6195
95.6098
98.9096
101.174
95.9291
94.2965
99.8956
94.2089
92.839
99.4199
96.9525
96.9695
95.4276
95.266
97.8699
99.4151
97.7776
93.6781
92.8645
95.9645
96.7003
99.7644
100.062
99.035
96.9946
95.6259
97.2649
93.0033
96.7856
97.2785
91.5247
95.7896
95.3634
91.8388
95.7089
95.4871
97.1682
94.4317
97.6441
97.3711
94.2535
96.7742
96.951
98.2487
100.412
98.2103
99.896
99.0116
99.1727
97.3674
97.2666
99.8723
100.615
97.0986
96.6632
98.6238
98.4138
94.3861
94.5216
99.3845
97.4637
97.1871
98.9544
99.5111
99.1308
91.8309
97.1276
95.2119
96.4515
96.8072
95.8031
94.2565
95.134
96.4214
93.8328
96.5065
95.0401
97.7922
94.1628
100.67
97.8755
95.4666
103.024
100.575
98.9921
99.0185
93.7204
100.595
100.157
96.5061
98.3259
97.8146
95.744
95.6994
98.3801
100.511
99.3223
95.6936
97.2048
100.087
95.1069
96.9848
95.7041
99.9228
93.255
94.9326
97.4275
99.4264
97.9741
99.2068
97.8602
99.6514
98.26
94.9433
94.2636
98.9021
94.3978
94.1427
99.1073
95.791
95.1785
99.1931
97.4103
98.1342
93.6207
92.3583
100.223
99.7991
96.0924
95.0395
95.2664
96.2935
96.8704
97.6696
96.5862
95.4492
100.581
92.8262
96.6481
95.8214
97.6423
95.816
98.8507
99.161
98.1931
96.8639
95.9746
93.5956
94.9371
98.4162
95.7564
98.6866
96.8565
98.8648
96.2292
93.7834
97.1387
98.3521
99.6785
93.4184
98.0857
98.4275
95.511
98.4384
97.7973
99.9225
101.166
97.4072
99.8117
95.321
98.0476
98.1737
97.0858
94.6938
93.9085
98.1342
98.2377
97.2181
93.6016
94.0226
95.882
98.7867
95.6081
97.1444
95.7568
98.8952
98.37
95.1207
96.9712
99.3691
96.8194
97.0244
95.4643
96.3636
99.876
93.8008
95.4541
96.9885
97.9295
97.8033
98.962
98.1204
100.332
98.8554
97.3189
95.2655
96.5736
96.4339
96.4393
100.469
96.0302
99.2508
95.5293
97.8182
98.3314
97.0051
98.113
96.219
97.6987
95.8307
97.3313
97.4981
97.0018
99.4022
99.8844
96.013
100.409
96.5584
98.2279
96.3478
95.2989
98.2048
93.0592
95.3319
100.139
96.2457
97.1632
95.6544
103.226
95.5431
97.4783
95.6304
96.3895
92.7985
97.1696
95.9386
98.1052
93.5727
100.571
96.1094
96.559
96.6332
101.766
100.664
97.2819
96.5441
99.8162
97.7388
97.6347
97.6758
98.329
97.4136
99.3426
94.8168
99.2771
99.6449
96.5281
93.5358
95.716
95.6195
100.688
95.6138
100.111
95.328
100.753
96.7759
95.3339
98.1942
96.8983
95.4751
97.4361
96.7319
96.3442
96.9903
96.6539
94.4084
96.3854
94.087
96.3538
94.7046
96.0304
99.4308
92.7466
97.1311
95.6732
96.0466
98.2901
97.4082
98.2661
103.032
95.0526
98.6523
95.0455
97.7303
95.643
97.2272
100.058
96.7541
94.8815
98.7733
98.9538
97.0944
99.1844
98.974
97.5704
100.822
102.531
97.7856
98.1309
100.731
99.2132
99.1895
101.613
99.8037
95.2099
91.8518
99.4339
93.6488
97.5264
99.6884
97.3186
96.3045
97.9197
97.7979
95.2343
97.2325
94.8844
100.13
95.3691
100.428
98.1814
97.8737
96.7565
95.4606
96.5235
97.2149
94.4717
96.8387
93.5689
96.5205
100.365
95.1887
98.0215
98.9083
96.048
94.0437
97.2259
96.5647
92.9453
95.1542
95.7192
99.3081
100.127
96.8204
96.9507
96.2374
99.5721
93.1181
98.6344
96.2604
90.957
98.3036
97.0298
98.7484
96.738
93.3414
99.9523
97.9657
98.2168
96.1393
97.594
99.5329
96.1327
96.1537
97.997
97.2378
97.3836
93.8572
98.9787
101.151
97.8247
90.8361
96.239
97.8421
98.0965
93.4968
95.1227
98.329
98.6674
99.3313
98.0772
96.1993
99.1517
96.4424
99.9939
95.1113
98.7743
96.1441
97.3959
95.5023
96.3998
94.5766
96.357
101.707
94.9384
95.0117
97.1892
95.2037
98.746
101.406
95.2628
96.7147
94.9982
96.7934
96.5654
94.5291
97.871
99.0623
100.373
95.2278
96.9414
97.1208
97.7548
96.5945
96.4468
101.851
95.797
96.4119
94.837
97.4004
96.6368
98.1445
95.8387
95.5164
95.5854
96.5706
97.0104
95.4144
99.9108
97.9738
93.2665
97.1834
95.5834
97.3988
94.1239
92.443
95.3501
98.326
96.2881
99.7901
102.406
98.0648
94.4211
95.9433
95.6279
100.385
99.9287
97.4733
97.5664
93.3312
90.4423
94.5771
94.3502
98.6855
97.2702
95.9015
98.0379
99.3087
100.856
95.4066
96.904
93.6473
96.4942
94.4603
97.9117
94.0429
97.3966
100.652
97.619
98.5827
99.3634
100.497
96.0084
98.9092
99.1976
101.197
96.9566
99.8992
96.2496
98.6235
94.6469
96.4522
96.9059
98.6352
99.2739
94.4486
97.4592
95.8733
99.1117
95.2498
101.794
95.6855
96.6333
95.7698
96.6628
96.921
97.1075
97.9573
94.8511
92.922
98.1576
100.515
96.684
93.7182
100.295
94.3332
101.04
95.7202
97.934
98.6083
97.7526
97.2853
96.109
95.8612
100.355
96.9756
104.908
98.305
100.183
98.4171
97.8973
98.1351
95.9839
98.5849
100.72
97.5525
97.5831
96.9917
96.2991
98.1468
102.809
96.9202
94.5551
96.757
91.8464
101.427
94.8477
98.0344
100.694
96.6638
95.5361
97.9907
94.8279
98.7678
98.7613
96.5737
95.9854
92.5478
96.3668
97.8205
96.1264
98.6267
98.2778
94.9551
100.39
98.2019
97.8775
102.538
98.5811
98.4326
98.3002
98.8004
96.2163
99.3678
96.3723
99.0905
96.4656
102.62
97.0481
96.3215
97.1362
94.9298
98.2598
96.6792
96.1424
96.6042
91.1543
99.4649
100.018
95.5697
95.2852
100.249
96.2955
96.2711
96.7661
93.0984
92.262
93.8645
93.7681
99.3275
94.6694
95.3391
96.0475
96.263
94.8115
94.1563
97.339
97.3206
97.5669
96.2954
94.1948
95.9312
95.1812
102.501
96.6608
97.0459
97.1761
95.0154
102.455
100.779
95.6019
96.2769
96.8666
97.4993
97.5649
97.2805
97.8688
100.042
101.171
96.0698
97.3416
96.6933
98.4791
93.7779
97.4607
96.6603
101.953
98.2261
99.2762
94.9818
95.0393
96.0607
99.5528
95.578
98.4847
95.3459
95.1878
98.8412
98.4919
97.3579
97.5079
95.802
102.295
99.6729
97.6221
95.8954
96.0836
97.5801
95.8895
97.2704
96.2312
99.5348
97.4078
98.2433
97.5694
96.5953
97.4187
99.815
97.5027
97.2711
94.3502
99.2213
98.057
96.8652
98.5004
99.8898
100.244
96.7196
98.0795
95.4284
94.3131
90.9643
97.4848
97.7887
99.2625
96.9532
97.9148
96.9209
94.7928
97.9441
98.4935
96.9041
95.6145
96.2932
96.2338
95.7959
96.9037
96.6778
95.1736
98.4725
96.2942
99.1461
100.977
100.683
101.959
96.3747
95.7764
96.1961
97.5226
98.8223
97.6021
98.1923
96.6338
93.4814
92.8793
98.2637
100.105
96.7802
97.497
100.696
94.8463
98.1914
98.1643
97.9723
95.7221
99.6165
96.0981
97.3971
97.8225
95.8243
99.3068
95.0955
96.7052
94.5565
97.0412
96.0786
96.0244
96.7593
93.8686
93.7052
96.7924
98.4488
95.6351
96.3413
94.6728
99.3075
94.0245
94.3504
96.821
99.9599
96.1039
94.9498
94.7463
96.9123
98.7289
101.613
100.203
97.1846
94.969
96.7038
98.975
97.6254
96.8954
97.9943
96.6347
100.412
98.7795
97.8344
95.8757
96.3916
98.8492
97.0065
95.2671
93.2269
96.6069
95.5345
96.8595
93.639
95.7729
93.8949
96.7952
93.4886
98.3267
97.231
95.282
93.2479
98.6442
98.3289
100.114
97.1614
94.2549
96.8663
99.0817
97.0179
95.2252
97.2163
99.841
101.04
95.8
98.9163
99.092
97.3289
99.4062
95.7992
97.3793
99.34
97.211
97.1417
95.3155
95.7623
99.4642
97.6617
94.7918
98.026
98.9781
98.7648
98.3069
98.9559
96.1043
96.1648
93.6689
94.5256
98.7854
94.7661
97.215
95.9358
96.3633
92.4867
100.555
97.6432
96.8371
96.687
96.6216
97.3455
102.15
93.5166
99.2249
95.6667
93.7423
97.1351
98.3966
97.9482
96.1068
100.72
98.2596
93.1268
94.7409
100.997
97.0353
98.8822
97.6862
97.2621
98.2587
103.292
99.8434
96.7781
99.0949
99.4068
101.688
100.147
100.24
97.1791
95.0068
97.0627
94.0561
95.73
97.9101
94.79
96.4141
97.6858
98.7955
99.2994
93.5148
97.2658
97.6205
100.194
98.4309
93.2936
97.5417
96.4035
96.7001
97.1563
98.0802
101.584
96.0173
96.2895
100.971
98.4569
98.629
92.4542
98.9895
96.0029
94.3903
97.6198
94.9034
99.75
92.0204
97.7072
99.9669
97.1773
93.6792
98.3693
97.9097
95.9512
96.6977
96.5077
95.7045
96.3835
99.2789
96.3772
99.5249
96.9705
98.4924
95.237
99.5404
98.1589
93.8533
96.302
95.1057
97.3799
96.6943
97.1104
94.6923
95.4126
94.6992
98.468
100.656
98.7173
94.8293
94.0096
98.7995
98.35
95.4279
96.7858
98.6614
97.28
97.3059
101.321
96.7228
99.625
95.4876
96.9888
95.3883
97.1508
96.4299
90.765
94.7952
99.8958
93.8677
102.285
96.0617
97.8974
96.0457
93.7681
99.7576
102.397
95.7757
94.8763
95.7058
98.2279
94.1626
97.9589
99.5798
96.9621
101.258
99.0934
98.0158
93.767
99.1508
95.7374
99.58
95.7348
95.6884
101.475
95.3528
96.7164
95.1481
98.4895
94.8714
96.3435
93.3013
96.9881
101.368
101.815
99.626
97.3071
100.591
95.7701
99.3699
92.8138
96.032
99.8672
95.5562
95.9964
98.5235
101.098
95.4277
96.8434
96.9098
98.3147
98.2124
97.0904
95.8047
97.8012
96.2669
95.4448
96.9034
97.8812
94.9202
97.0509
96.1835
98.6086
96.3398
94.7486
101.138
95.3779
94.0425
97.1617
93.4825
100.128
98.5975
98.4846
98.562
96.3396
94.0858
95.5685
96.3492
94.4241
98.5969
100.067
96.7443
95.8686
96.9442
95.4991
95.4081
97.1573
95.4048
94.5291
94.7865
99.028
98.0459
95.8608
94.7267
96.4183
99.1057
102.346
91.3623
96.3495
101.535
100.167
97.9515
96.3674
98.3425
100.337
96.8529
98.6554
102.312
97.929
97.6843
96.1444
98.1099
91.3626
97.5515
97.9585
95.2336
93.1533
98.4465
97.7556
96.0155
98.3422
99.2811
97.0662
95.6632
98.4728
93.5899
100.026
94.8817
99.8742
96.3237
97.5935
100.541
96.203
99.7845
101.206
98.8191
101.093
97.0999
100.271
92.0985
95.7244
96.0861
94.8743
99.9048
96.0149
97.1608
96.352
99.7461
96.7501
99.6831
97.4353
99.3189
94.721
99.5802
100.963
94.7132
95.0408
96.0024
95.0053
100.262
98.3869
97.4121
98.9482
96.008
95.354
95.3036
99.1939
100.381
96.6856
98.1854
97.8068
99.0229
99.0174
95.0591
97.1713
98.1434
97.5099
94.5805
97.8981
96.5589
95.2422
97.9558
96.9955
95.326
99.726
97.456
101.977
96.9406
98.885
98.9635
95.417
96.8721
102.331
100.669
103.361
96.8253
98.8909
97.1002
98.1778
98.7429
98.9531
100.566
97.5041
98.4782
99.6806
95.7353
99.8437
96.1247
95.2257
95.5262
95.3418
98.0773
96.2157
94.5674
99.5367
96.2148
95.218
92.5557
94.8425
97.8124
95.6265
96.8489
95.842
92.805
98.635
94.6002
101.356
98.0147
94.7015
96.9862
94.8885
98.2135
97.7698
94.8426
94.8009
95.785
95.7006
97.8831
96.9798
95.9726
95.4613
99.8822
92.0283
96.082
100.114
97.014
101.656
98.5015
94.6837
96.5628
98.8883
99.8618
97.7558
98.8715
100.312
99.107
98.7099
97.1278
98.6488
93.1999
99.0672
97.3571
99.4841
97.2197
95.925
93.8691
93.6469
96.0669
98.1998
96.8747
95.7048
94.9645
92.6322
99.5466
98.7578
97.6065
95.1217
98.279
93.7706
99.7379
96.0426
102.535
99.141
98.1715
98.9427
98.9863
95.7723
98.7339
97.2521
95.4699
101.05
97.5773
96.674
98.5716
97.9517
97.1024
100.617
98.7933
98.0159
97.6276
98.1653
97.7485
94.5987
98.5783
99.5635
94.8759
95.8993
95.3303
96.8228
100.071
94.1076
96.3349
96.821
100.594
97.5722
94.1928
93.6569
100.648
98.263
97.5195
93.7019
94.4119
97.8547
93.8141
95.5716
101.046
98.2187
95.2896
95.4295
95.484
101.256
98.7574
96.8476
96.3305
93.1538
99.6246
94.7245
96.3559
94.1942
93.3464
95.2642
99.9387
95.5491
96.0762
95.9897
93.8525
98.1381
94.9588
99.6494
95.17
99.6329
99.4951
95.2157
94.6611
98.369
95.0881
94.4346
97.7474
93.683
95.147
94.5428
99.9949
99.1665
97.4128
92.3701
96.3107
97.0123
98.1126
97.7176
93.9451
96.556
98.4118
96.2083
98.3846
98.5967
93.7882
100.023
95.5627
99.8043
96.4315
96.8174
98.3043
95.6055
100.32
97.1969
98.8994
96.1141
93.3589
97.7009
93.5328
95.2685
97.3925
97.5024
99.5268
97.4909
95.2853
96.6009
98.5468
98.9424
94.7545
99.9461
99.3629
97.1542
97.7274
95.1846
94.9022
98.5744
96.4189
98.2216
96.7091
97.5695
101.651
96.4175
92.217
96.383
91.5882
97.2313
96.279
96.5784
99.3403
100.925
95.9411
100.47
95.2338
96.0326
96.6071
93.7014
98.9068
100.241
98.8846
95.956
96.838
94.8992
98.366
100.82
99.6363
98.408
99.4694
101.036
97.1906
96.6027
97.8057
101.639
95.6588
97.1813
98.426
101.245
98.7029
92.9171
97.758
100.534
98.4065
95.3936
97.3748
98.9982
97.5749
96.0006
94.2826
94.7694
97.9613
96.0046
98.4327
99.9268
97.5018
96.7778
99.3726
102.257
99.5186
95.8673
95.8615
94.471
100.058
99.011
101.545
96.5575
97.6033
100.064
97.0361
92.6693
99.797
94.4358
97.6033
94.1269
97.2318
97.1667
92.5991
98.0198
96.4229
94.1132
99.1763
93.8796
99.7804
101.242
94.7662
101.546
97.0712
96.7386
96.3073
97.6691
94.1648
96.668
99.6445
98.0631
93.4653
93.0669
94.9859
95.6556
98.9628
99.5268
96.1008
95.648
95.0696
94.7238
94.1095
99.6825
97.4285
93.6267
95.8331
101.337
98.3561
94.0625
95.2976
97.7006
96.4118
94.9192
94.6095
100.208
96.2554
98.7389
98.8911
100.51
96.953
95.9007
95.1968
97.4607
96.907
98.3147
96.3932
102.643
98.2193
100.209
96.0891
96.8978
94.3569
96.6141
96.6029
102.575
97.7373
94.6436
95.4549
94.792
99.3073
96.9293
97.8076
96.3681
97.5038
98.3797
97.9575
98.045
99.7027
96.1295
98.5441
100.209
100.286
95.0211
94.3854
99.0968
99.408
95.9086
98.6152
97.005
98.481
95.3066
95.0201
99.1073
95.9965
98.7084
96.791
94.8532
97.881
92.8065
95.6871
97.6166
96.5512
94.4838
96.49
94.7685
98.0211
96.8641
96.7528
98.6063
98.073
100.043
95.947
97.8335
100.49
93.0645
99.3293
96.3373
94.0776
96.0159
95.4633
92.8236
99.0883
95.0449
99.332
95.5988
103.062
98.3756
98.3142
97.706
98.4002
95.3549
97.8165
95.7559
98.2253
96.5264
99.4653
96.6859
92.8445
99.2425
100.476
98.0536
95.2706
99.4827
96.5273
96.9986
93.3234
102.717
100.022
95.908
99.4794
100.381
96.1751
99.5172
96.0654
94.0687
97.3332
97.2524
99.6004
99.6827
97.6127
96.4117
98.8616
92.8771
90.0234
96.1579
95.5959
93.5149
98.7707
97.6588
98.9852
98.9673
97.6494
96.8534
97.5072
99.2069
97.9028
97.5026
99.0285
100.048
98.5804
96.2506
98.8973
96.3621
100.145
98.5802
98.1495
95.3269
97.1603
100.405
94.472
97.6604
97.6199
97.3216
100.188
98.1965
94.0834
94.7643
101.091
98.7454
96.8464
97.9125
94.7108
98.5966
96.9855
96.7462
98.1032
96.2834
98.6767
104.563
91.8049
96.7984
95.3276
100.015
94.3723
95.3402
95.6501
97.9824
96.186
96.8273
93.434
98.476
94.2016
101.189
100.255
98.6224
97.6078
98.2507
96.5414
101.378
93.6544
94.3547
99.2176
96.7336
96.5698
98.9548
95.5208
95.7101
95.9553
98.0314
98.3152
99.5609
99.3027
97.5815
94.4958
98.907
95.6082
96.6882
97.6152
96.3122
96.8329
98.5673
98.9988
97.9496
101.566
94.3968
101.677
99.0806
95.4501
97.6735
96.7646
99.041
96.6221
100.545
95.9939
91.5865
94.827
101.023
98.5382
95.6411
97.6369
97.7254
96.4048
96.482
95.3714
97.5405
99.1909
94.455
98.011
100.629
98.6256
97.1872
95.3834
101.403
94.9255
96.257
97.3915
98.2143
99.6371
96.4864
98.1589
95.1486
96.4706
97.1451
95.5654
96.9705
97.1904
96.6285
96.8972
95.6221
98.4159
103.211
96.3489
97.2207
93.3068
98.1165
97.7283
101.142
92.7185
98.0433
94.7967
96.0582
94.4812
99.9413
102.188
96.8435
97.3475
100.087
92.9625
98.0896
93.6029
97.5509
96.0207
95.8268
94.9591
95.02
97.019
99.6455
101.859
94.4602
97.1286
97.0954
97.9871
94.6157
101.316
96.3014
93.8096
98.1854
99.6231
91.0011
94.7467
97.8236
92.6501
98.8059
95.9917
95.801
99.456
98.3526
94.6042
100.883
97.1939
100.008
97.9949
100.066
99.107
96.4169
95.6434
94.1743
97.5996
97.2449
96.1064
94.7653
98.9799
98.0316
96.9354
94.738
93.7345
97.1182
93.2283
97.4587
97.6178
97.6152
98.8083
95.2228
98.3216
99.832
98.8259
95.607
98.6538
96.4262
100.563
97.2972
95.5433
94.6275
98.8875
98.4297
101.365
97.345
95.1542
96.1898
97.786
97.8633
95.2747
97.4068
101.4
93.2348
99.2912
93.9618
95.4767
96.1138
94.322
98.0439
99.8065
95.1769
94.183
98.532
98.8043
97.43
96.3583
95.9121
98.2832
96.9793
97.4488
94.4688
95.2624
99.4285
98.6578
100.243
97.2561
95.2691
95.9013
96.4452
99.5806
100.626
96.5761
99.7308
97.5684
99.7443
101.016
100.315
98.8189
99.0291
96.7765
97.0193
95.2441
99.993
99.3218
100.877
95.2304
98.8019
100.999
97.6943
92.8388
97.3387
97.0732
96.5188
98.3558
95.4729
99.2128
94.8849
94.094
97.8006
97.7264
102.096
96.9808
97.247
97.1085
94.591
99.7128
95.7846
95.5319
100.632
97.8911
96.4479
94.792
97.2883
98.6996
94.2846
96.8123
101.565
100.098
95.2328
95.4968
93.8177
100.752
97.9124
97.9925
96.6809
96.4265
94.3319
94.5317
97.082
97.9948
97.6239
98.3954
94.7633
93.1423
96.8903
94.8235
99.927
97.261
99.5418
96.9794
92.8364
97.7455
98.0626
99.7563
97.7583
98.6562
97.9316
97.4661
98.2519
99.8267
97.1054
98.5071
96.6387
97.242
99.6232
98.741
95.4998
94.4453
100.496
97.7752
93.1644
92.4078
95.7748
97.7518
96.1936
96.8104
94.3079
99.1615
101.196
97.095
97.2557
98.595
94.225
99.3259
92.743
97.4001
101.081
97.3845
96.3759
97.3043
94.8115
96.6065
96.8207
102.481
97.7808
98.4272
94.8868
99.3136
100.285
98.3401
93.5189
96.1049
96.2244
92.4102
95.6839
98.0889
96.0899
96.9409
98.6824
94.4131
99.539
95.9246
98.6533
93.8315
99.6289
98.8721
98.5861
95.977
99.8204
96.7565
101.458
99.7123
97.14
98.2468
96.4144
98.1469
96.7822
97.4301
97.5189
98.3748
96.4708
94.5789
98.0345
95.8038
97.4835
96.4763
95.3953
96.0717
97.0423
99.7155
98.7868
98.1218
97.2852
93.8488
99.6916
99.2702
100.742
98.4265
95.3777
95.1059
98.1452
95.9956
95.7232
100.131
96.934
94.9364
97.475
94.511
99.5127
95.8104
96.3794
91.6449
98.7528
99.466
100.083
99.622
98.6789
98.5336
100.652
97.7899
98.8076
96.2543
98.7483
95.5244
98.479
93.9067
100.45
96.6714
94.2307
95.7012
98.9973
95.2047
94.6581
95.5232
99.9796
100.007
98.3829
96.5223
101.551
97.9557
97.2744
99.8498
97.0955
99.2462
98.7299
95.2234
97.1991
96.5205
95.9449
100.673
98.0408
97.453
95.7066
98.4381
95.0618
96.6216
95.6124
99.7535
98.0748
96.9957
96.0485
94.2291
95.7615
93.7737
95.3224
96.079
97.3642
96.5449
99.0401
95.7694
96.2469
96.2598
97.6382
98.0875
97.3839
97.6768
96.7966
96.9554
101.53
97.7129
95.3885
98.4253
97.2982
101.707
96.9674
94.3181
94.3157
99.195
98.9075
97.1465
95.8441
95.3201
94.2711
94.1799
98.7197
94.9543
98.5936
98.9821
96.1027
99.3646
95.2249
97.7294
96.6884
99.6692
100.753
100.187
96.0924
93.7469
95.7636
95.5862
97.7591
98.9502
102.76
97.0023
96.8728
96.9771
96.4711
99.1536
97.4249
94.3131
101.953
99.4099
94.4259
97.101
97.9559
95.7684
99.4735
94.8969
97.0532
92.0967
100.145
99.5414
98.4909
95.9982
96.3174
97.2654
101.981
100.152
96.1591
94.984
97.0978
96.951
99.3629
94.867
98.6838
96.0527
96.4717
96.221
98.0797
99.6275
100.655
96.9794
102.891
98.3604
96.5909
93.6559
95.1124
92.743
97.3735
96.1879
92.8591
96.3276
103.721
97.5487
96.7587
100.71
91.6601
98.069
94.9123
98.0746
99.8297
97.4758
99.0115
95.9477
99.9544
98.0355
92.6335
99.1381
95.1036
96.3425
97.3634
96.5057
96.9163
93.4283
101.808
94.0429
101.128
96.1308
98.6989
96.9741
95.8728
98.1094
94.8872
100.674
97.1626
96.5603
95.3153
101.644
96.1357
97.7563
96.8846
97.6106
98.9122
96.4816
99.1196
100.624
100.215
92.4572
94.2103
97.3288
97.5172
100.263
95.8858
96.6013
93.9887
97.8103
101.709
92.9053
99.4967
98.0447
96.0172
93.1277
97.5346
96.5374
97.9905
99.2905
100.432
97.9587
97.8026
95.741
96.3306
98.9085
96.5194
96.2964
94.9001
94.4464
98.3504
100.058
99.4122
100.448
99.9131
97.9424
102.484
98.0163
96.6117
99.2198
100.164
99.8895
101.748
93.3565
97.0564
95.904
97.6154
97.234
98.2204
98.74
98.0387
95.052
95.4463
96.3277
98.8224
95.0833
97.7687
99.1644
95.0933
95.1716
95.8383
98.0016
97.6508
98.7916
100.628
97.6548
98.137
96.931
94.8777
95.7321
98.5684
98.823
94.1918
98.1827
101.437
97.5103
99.2626
94.053
98.0432
94.3289
100.536
95.5531
96.1644
93.5391
94.5158
97.1361
96.727
98.408
98.6554
94.8166
95.3041
100.656
100.131
99.4576
95.6961
99.0657
97.5722
99.6443
96.3388
98.0378
94.984
95.1671
99.2235
95.8487
100.172
99.8002
93.1788
96.4598
90.8404
95.7399
95.1331
94.9973
96.9541
94.1358
95.1875
97.6148
97.2925
91.7484
98.5852
98.3327
95.2123
97.6922
97.1381
93.934
96.808
100.246
95.2684
97.1483
98.2426
97.4535
94.6948
98.3084
97.4907
100.284
93.5785
95.2694
97.3774
98.755
97.3272
95.2486
96.1953
95.9209
100.996
93.9311
95.9278
95.4737
93.8911
97.5949
93.43
97.9526
99.0506
96.135
97.273
97.4871
92.8583
100.736
100.161
100.243
98.6006
98.1779
96.7803
97.0525
98.9303
97.2263
96.6542
95.1535
99.4905
97.9751
97.3944
96.0596
97.1147
95.6703
96.611
98.5501
99.0555
96.9848
99.0422
94.4145
97.0722
95.1032
101.392
94.6428
93.6169
97.8702
96.4014
98.6822
97.1937
97.7529
99.6587
97.4759
97.8123
92.7084
92.7863
96.7265
96.5424
96.0967
96.0466
93.7106
104.786
95.9339
97.2981
99.4057
96.7456
96.8974
97.975
95.0933
98.0936
97.6233
98.5072
100.089
97.8336
98.1658
100.51
96.8704
100.432
94.634
93.8037
94.8786
99.1461
96.244
93.1383
96.921
93.6046
100.115
95.9798
98.9134
96.7015
96.9692
96.9393
100.227
98.7538
97.072
96.1696
98.2447
97.8348
95.9859
95.3081
95.8182
98.0611
91.3994
97.5581
98.2208
100.854
97.9335
95.2262
95.3032
97.5226
97.8987
98.4197
102.321
98.6503
94.274
98.6507
95.455
98.407
97.108
98.8654
98.6511
98.5628
94.3518
95.4845
93.4202
97.0044
96.4136
99.13
97.5221
97.6271
97.5611
98.4381
97.0082
99.0464
97.4818
98.8527
96.1116
97.3177
96.5053
99.8521
98.0668
97.5719
98.1417
98.3048
98.4017
92.7109
93.1392
101.583
95.8218
98.3722
97.8269
96.3848
96.1932
95.895
97.0264
95.1886
96.2255
98.7645
95.7792
100.572
94.3952
96.0605
100.013
95.7852
98.1567
96.9312
98.475
100.54
98.6048
98.4631
94.1198
94.1588
97.8452
100.422
98.6605
98.632
98.5323
97.3243
93.0467
95.3783
99.3584
98.6958
97.2642
96.9428
100.587
98.3584
95.1961
95.129
101.524
94.5937
97.6854
102.684
93.6872
96.3305
97.2848
95.8242
100.795
94.0821
98.4101
96.0246
97.1485
94.4839
96.5944
95.4447
95.6966
97.9783
97.6896
100.672
102.128
96.2197
98.9671
98.6174
94.64
100.64
99.6224
99.5454
99.9164
97.432
94.2669
91.8941
98.524
99.4373
93.1292
94.0103
97.3137
93.7693
97.6633
96.6843
96.6358
96.8493
94.2162
96.0275
93.1832
98.6808
95.1846
98.1844
95.0364
96.4841
96.1842
95.6991
99.7607
100.596
99.7022
97.94
96.8217
98.408
97.1321
96.2481
97.5558
96.0762
91.2875
98.3425
95.0896
99.1075
98.9011
96.7589
95.2602
92.3857
97.8339
101.97
100.242
96.0167
94.0072
93.5785
102.832
99.733
95.3336
97.5341
97.3145
98.4302
99.9685
96.2573
93.706
93.5568
103.383
96.6237
95.0234
98.5395
97.9269
96.4559
97.2703
96.8006
95.2961
95.2651
98.7058
95.7453
93.8621
98.4918
97.3878
93.6965
99.226
97.2527
98.7515
97.255
95.0073
99.4859
92.8847
95.7898
96.4691
96.9368
96.5011
100.77
96.9997
96.649
97.3632
95.9354
99.4853
92.5299
95.2378
94.6236
95.3615
98.9257
95.4895
95.7602
100.546
91.4266
95.5817
99.5506
98.8417
101.098
96.2804
97.9449
95.624
97.0499
100.355
100.983
96.3511
96.4174
94.9807
101.367
100.263
97.8833
97.8895
96.694
97.9427
95.8732
97.4862
95.73
95.755
99.7004
94.1837
92.9042
97.1357
95.5578
99.6882
100.175
98.6775
98.0565
98.9864
93.0982
95.1484
97.5987
92.896
96.7739
96.2869
91.9392
101.334
98.6986
97.1521
95.6859
97.5738
96.3935
99.5401
97.5021
100.058
98.1279
99.0399
99.5153
99.6601
95.1455
94.8488
92.5227
97.9523
97.6939
95.9245
97.3136
94.4241
98.5909
98.5689
92.5782
98.4654
101.432
100.156
95.4919
94.9061
95.2994
97.0527
94.5484
98.6544
95.0361
97.1038
97.4173
97.7886
96.1056
100.196
100.276
99.5132
94.5361
95.0339
100.377
98.1879
100.34
96.0771
98.6853
95.7836
94.376
96.4712
97.0031
96.0328
99.524
96.4098
96.6565
98.4683
94.2345
101.238
91.5595
99.3946
94.9076
97.4023
94.6814
98.095
94.2301
92.7011
99.2025
100.715
98.0343
95.4305
101.197
100.101
101.681
95.9419
98.1855
98.0042
99.8597
96.436
97.3945
96.1661
99.0508
97.7382
99.5317
95.8536
92.9658
100.085
99.0195
99.1307
97.9599
96.3327
96.7649
93.1435
97.4584
100.144
97.4526
96.5005
100.032
97.264
100.143
95.1796
94.1199
95.9554
96.8117
93.6914
96.1349
94.5289
94.0218
95.9959
99.929
96.5541
96.4471
97.831
93.6024
97.7296
94.2583
95.5828
94.9186
98.4064
98.2559
93.3527
97.3256
97.4314
96.0569
95.6811
94.7248
99.7357
92.2469
100.009
93.8322
99.7296
99.8728
99.3693
99.362
99.3379
95.7229
99.8729
101.32
95.675
95.0079
95.5927
94.3775
98.0035
97.8628
96.4845
99.6794
98.8927
98.3802
93.704
97.9925
95.348
100.834
93.995
99.1612
92.5356
100.968
97.6089
99.8938
92.6251
99.193
95.9841
97.1085
95.261
95.5031
97.6775
95.0234
101.036
96.5835
102.044
96.3565
91.4922
95.4585
96.8601
98.1003
95.1311
97.182
94.4325
97.5168
100.257
98.0029
95.427
96.7851
93.5649
97.9999
94.4382
102.659
100.595
96.1332
98.8692
96.1349
100.862
98.2916
98.5566
97.1389
91.3942
100.689
99.9841
96.2094
93.4901
98.5195
97.1796
93.7586
95.1662
98.851
95.0931
96.8136
94.9989
96.8187
96.7737
100.511
93.6714
101.45
98.2678
99.6464
95.0282
97.4081
97.4788
92.2736
101.404
98.0102
96.1648
95.4443
100.544
94.3863
97.7557
93.4204
100.71
98.1436
95.6015
100.022
98.9836
95.5904
99.5161
95.5015
96.3805
96.6777
100.027
93.565
97.4787
102.412
94.019
101.886
100.036
96.3946
91.789
96.5524
97.1128
96.2426
98.4067
94.761
103.278
94.6787
95.9569
95.5123
99.2305
96.7911
94.2871
96.464
98.5139
97.3663
95.2386
96.8883
97.8714
102.09
96.0176
95.2909
97.4182
94.2217
94.4958
95.5143
96.3497
96.3825
94.8345
95.099
101.573
95.9462
91.9839
95.2253
98.8564
96.0293
97.3533
99.5566
98.3145
96.8669
95.9513
99.1362
97.0001
97.1264
97.3776
97.701
98.2032
97.0898
95.3674
97.0843
100.959
97.9367
93.8401
97.5183
102.661
95.5157
94.8207
97.077
99.0338
101.341
98.5835
94.5899
101.192
96.0666
98.4248
95.5672
98.4814
98.8017
98.9275
98.4436
99.8558
94.4012
95.6384
95.3785
99.0201
95.0164
98.5891
98.099
96.0295
95.6725
101.693
96.1765
95.2926
96.5877
98.0063
96.7448
95.4193
98.1813
96.751
97.7761
97.5174
94.5851
102.68
98.2126
94.3886
96.4467
101.475
98.7352
95.6765
96.5207
99.3774
99.2168
101.562
100.989
97.426
94.7239
99.5733
98.0139
95.9717
96.3045
93.1755
99.2414
97.3698
99.1172
98.0481
97.9893
97.3854
92.1591
97.8448
95.3255
98.2433
97.5908
93.828
96.3735
97.9498
98.4272
98.1271
99.547
98.3487
94.9032
94.531
97.8885
97.7906
94.0049
99.0543
97.211
96.9669
96.3842
94.1727
101.225
98.2591
100.054
98.1088
101.125
96.892
100.681
96.4634
99.0183
96.4918
97.5375
95.0125
95.9908
97.5008
94.7088
99.6786
98.3784
95.9897
94.7885
94.8482
94.6232
95.8336
97.811
97.9557
96.6666
100.393
99.061
100.008
96.9271
99.4121
99.1399
100.082
100.361
102.857
100.308
95.2751
98.502
102.138
99.9407
91.5012
100.258
95.4852
97.0364
102.429
94.2319
94.9744
99.9685
98.3145
96.9277
99.2103
98.7078
90.9266
97.4791
90.7362
95.4042
93.8359
97.1735
97.7796
98.0226
96.5319
97.4843
98.3111
99.36
97.0782
97.5506
101.61
98.1985
101.412
93.1345
100.393
95.5908
97.2931
98.0779
94.8221
97.3856
100.178
100.983
94.4675
98.6298
97.3746
97.5557
97.6936
95.4557
95.2171
91.9232
98.2327
93.8233
91.2657
96.6774
99.9546
98.8817
97.7897
97.8657
100.022
96.4245
98.9934
98.3914
99.331
95.348
98.1257
99.2124
94.6917
98.8405
99.3505
93.1748
96.8885
96.4969
101.048
95.0236
98.0093
102.381
98.9392
95.8902
98.6845
95.1337
94.4612
94.365
103.317
94.5304
96.023
100.031
97.3699
95.3901
95.5093
99.5533
94.6037
99.9184
95.1064
94.7805
102.458
102.225
92.5749
97.5878
95.4193
100.187
95.0838
98.9201
97.5326
95.6167
97.6065
94.6561
95.525
99.0524
100.69
95.4333
96.3958
97.5156
97.3849
98.9229
98.1017
96.5107
94.832
99.3663
98.8651
96.9677
97.0147
96.9168
102.097
98.4378
95.3139
96.1443
97.9729
97.369
96.8802
99.9639
98.1424
103.75
95.1071
96.7449
94.6105
97.5433
95.0748
102.792
93.5615
94.8398
96.2094
100.625
97.8421
96.4452
96.3897
99.406
95.1618
98.9207
101.373
96.2545
99.0147
98.3095
100.15
98.6632
96.719
97.6367
93.2398
102.943
99.3491
95.3447
95.3055
97.2542
96.1442
102.256
96.9212
98.0695
95.144
95.8502
100.144
97.4398
96.297
98.0557
98.4731
97.2643
97.7972
98.0368
97.0734
99.3579
94.7614
98.9336
95.877
100.35
94.0476
95.2224
95.4937
101.47
98.0054
95.965
96.2078
97.4149
101.805
96.1043
95.9244
98.1371
95.7402
98.7626
100.971
98.7748
98.8722
94.3121
99.3928
95.4601
97.7108
97.5105
96.5794
96.8711
99.7735
94.2129
96.4921
96.9581
96.8416
97.408
94.6689
97.8825
100.393
97.7508
96.2986
94.84
100.456
97.2024
93.0278
100.167
96.4693
97.2583
95.9033
94.5166
98.4333
95.7762
96.0604
95.3286
97.3521
93.3792
97.0076
101.985
94.6264
95.6163
92.7539
102.183
95.6246
98.0848
94.6302
99.3415
94.5124
100.533
97.976
97.2415
98.846
96.5049
94.4501
98.4608
89.9371
96.5367
97.7238
91.7744
97.626
100.494
98.4886
97.2349
97.8926
96.7325
98.7324
98.8971
95.5753
97.4866
98.0613
97.1268
99.225
96.6676
97.5428
99.1682
100.739
96.8426
97.7795
97.5825
96.6974
96.7314
97.8286
95.6152
97.5328
94.2329
95.6363
97.4948
91.4387
94.6947
95.7243
97.1279
97.6617
98.7261
96.9555
95.761
98.4756
100.006
96.7045
97.5194
98.8394
98.0912
98.9433
93.937
97.8288
96.2506
96.9837
95.9261
95.041
97.4409
96.4596
96.7345
95.6244
94.7701
95.4611
101.123
99.4187
103.031
93.8899
95.3904
99.1008
98.9743
99.6789
96.3998
96.2308
97.9548
98.8367
96.9684
99.0261
97.085
94.5452
94.5826
101.376
98.4833
96.3383
97.1213
96.0911
95.1238
97.8731
99.4069
97.1082
95.6948
97.725
97.167
101.571
95.4795
99.8752
99.374
98.0369
99.2247
95.9221
96.0176
96.9006
97.8888
99.5915
97.6447
94.4105
102.119
93.4975
97.084
96.5334
98.8384
98.042
97.3939
98.9101
103.332
97.289
97.831
95.6192
97.1248
97.6235
96.6383
97.3625
96.9736
94.8387
97.3413
98.0446
99.5371
96.634
97.6609
97.2855
98.2752
97.7846
99.0792
97.996
101.479
96.9732
98.9766
95.5465
93.8491
95.1958
99.0248
95.7018
97.8456
96.8606
95.6754
97.218
96.9132
95.8922
97.527
97.0766
92.4855
97.5405
100.922
98.3009
94.4785
97.9003
97.9422
95.5705
99.9291
96.1895
96.9222
99.5549
98.6706
97.9395
97.8833
98.4851
97.0848
96.6014
95.5363
97.5144
95.2316
96.255
93.9174
98.1742
95.4811
97.1849
94.5597
97.4469
98.4698
96.5187
100.711
96.3686
99.291
98.8638
99.2144
101.67
98.3854
99.8549
95.3967
95.9733
93.4454
98.0502
96.1559
96.8271
96.6667
99.5617
94.1523
96.6977
93.5287
96.3793
95.8334
103.347
98.9568
97.6815
93.7305
99.5881
94.9802
99.7974
97.832
98.7695
98.2245
100.184
99.5773
94.9819
100.531
99.9679
93.69
96.823
97.4607
96.2399
101.298
98.1492
95.0827
96.5455
99.4993
97.222
100.813
97.486
97.7861
104.446
94.9136
96.2527
94.0865
92.7363
96.645
102.185
96.7452
93.0416
98.3598
96.9359
93.9098
98.7166
94.8566
97.9788
95.8564
97.1856
96.7313
93.0478
94.1641
95.0685
95.8883
96.6819
100.298
102.414
97.5754
97.1088
96.2383
97.8095
99.3514
98.8189
94.6749
99.5073
94.3194
100.702
99.347
99.6565
95.1006
95.0679
98.596
101.32
99.5082
100.245
96.0153
97.1425
94.0072
99.3595
96.6543
97.9936
97.3958
94.4001
96.113
95.9054
96.4189
95.5939
97.8224
97.5013
93.9889
96.2415
95.9171
93.4029
100.285
100.937
98.6381
96.1524
99.2664
98.6411
90.7583
97.5856
99.4694
97.8921
99.7768
96.7886
95.3469
94.8358
95.4576
97.3956
95.5663
96.8365
96.7369
99.1454
96.2257
94.6173
97.5457
92.5464
100.448
100.299
95.6776
95.3663
94.5802
98.1976
99.1965
95.6815
100.948
96.5732
97.3801
96.4047
99.1566
96.291
94.817
102.266
96.3549
96.4204
98.7406
97.2023
95.1469
95.2147
96.549
96.8779
96.9159
102.636
98.5535
95.4845
99.6844
100.694
95.9792
98.5771
96.8016
97.2001
96.47
95.0801
97.2886
99.7803
95.9338
98.9131
95.4316
97.1485
97.2589
98.513
96.9218
98.1065
98.3346
98.3761
96.1249
97.3175
96.4827
94.673
99.172
97.1358
99.5094
99.4436
102.841
94.9387
97.9208
97.5715
96.3353
96.5107
93.0328
92.2911
96.5141
98.9765
97.3938
93.0141
97.678
96.4897
100.422
94.4969
98.0592
96.8103
100.564
100.773
97.803
94.9927
99.7093
96.8505
98.9367
94.9305
95.7611
98.0569
97.7157
99.9304
94.5478
94.4217
94.7633
100.435
99.0709
90.4877
95.5754
94.8827
100.19
97.3658
96.4889
101.388
99.9938
94.9818
97.6462
94.8554
100.037
100.999
96.3953
98.4322
93.1487
99.9509
100.308
99.9697
96.8817
95.5972
97.592
97.6252
92.5914
98.5967
97.8713
95.917
101.326
100.552
97.014
99.7511
99.0581
96.0867
100.319
93.4836
94.1354
95.1796
97.3444
95.6072
93.5849
97.3186
99.47
96.589
98.1443
100.526
97.7362
97.7913
97.4935
96.6142
98.8149
98.3341
96.3915
97.6364
95.5058
95.2572
96.1655
94.5929
97.9367
96.9842
95.5665
97.1911
99.571
97.2031
98.0159
98.1194
97.2135
102.099
95.6513
97.3992
96.2369
98.219
95.8393
95.9078
100.675
95.0062
99.2788
96.1779
94.9862
101.15
94.9004
101.343
94.4907
96.5298
98.8289
98.9095
92.8324
93.3978
99.1525
96.8341
96.2849
99.5514
93.8678
98.6825
97.9965
97.7171
99.366
98.9331
95.2994
96.883
97.1941
97.7349
95.5859
96.7833
96.5829
92.4622
99
95.1579
97.4468
97.1514
99.5422
96.3244
95.2795
100.858
93.0362
99.416
100.054
96.4045
95.7481
96.6659
96.7497
99.2851
95.1349
95.9164
94.0767
100.546
94.3629
99.8996
95.2175
97.9637
98.2902
95.3902
97.9427
96.3048
97.0031
97.1059
95.9204
99.4124
95.9618
93.4177
96.2799
100.292
92.4288
99.4582
96.5643
97.133
99.7854
102.69
94.6483
99.5307
99.7181
97.1694
97.3413
97.9885
99.5519
95.3747
97.2431
101.854
98.0494
100.275
97.9345
98.0917
92.6581
98.8396
99.1356
99.9981
95.7086
100.721
94.1736
100.623
98.0673
99.9582
97.3144
97.0013
96.6428
96.0686
101.397
96.5049
94.4237
95.4206
95.3092
94.7085
98.3271
94.7298
98.7973
97.3936
97.0908
99.2795
99.4647
94.9364
97.4988
98.1563
96.7556
100.372
100.44
101.555
98.3892
99.3322
96.1812
102.14
101.509
99.316
96.8446
94.8614
94.4212
98.3867
99.0339
97.6665
89.5473
98.4676
94.875
95.633
97.2051
93.7301
96.1726
96.3442
97.9201
94.9812
95.6196
97.9691
95.7482
100.715
98.9117
98.6264
95.1466
96.9724
95.5076
94.5507
96.228
96.6658
100.349
97.5845
96.0978
97.8174
97.6121
97.1416
93.0511
99.5044
100.007
98.1128
96.9792
98.0927
99.2503
101.304
96.6913
92.6159
97.5284
97.4784
101.119
95.7067
95.3013
96.255
95.3623
98.8006
96.7126
97.7838
98.3657
97.1028
98.7771
99.4458
95.5324
95.7854
97.3277
95.753
99.1656
97.456
102.293
96.6033
97.2828
95.3822
97.2874
96.3917
96.4137
99.74
96.4277
95.4004
96.6609
98.0686
97.0364
94.371
96.71
95.8387
96.5958
99.6811
99.962
96.9745
97.0803
95.3809
95.045
98.3866
95.6493
94.1551
98.3208
96.6923
96.3158
94.7425
95.0285
95.3041
97.5257
97.7908
94.7832
96.3426
94.526
95.1881
99.165
98.808
98.9609
97.4158
98.7183
96.7127
98.2956
98.7865
95.998
92.2723
95.1536
98.298
95.1695
99.9183
93.9412
100.894
93.233
97.8291
101.128
93.0323
99.5396
98.2176
97.8113
95.3435
101.344
99.3006
96.1483
91.4841
92.6916
95.9284
93.4699
96.447
94.8631
95.045
102.094
100.853
91.6825
93.4529
100.01
99.4312
97.4998
95.4283
98.282
95.2989
98.8032
96.2194
96.3049
93.6662
95.6874
93.0042
99.8851
96.9291
93.2956
95.4113
100.135
96.4751
101.45
100.893
95.6349
97.9489
97.1356
99.5102
97.5596
97.7377
99.8578
100.74
97.2801
95.9638
93.6894
98.8592
95.8438
97.208
99.2197
95.4411
95.2266
100.907
96.3562
92.0855
95.2758
94.1133
97.9736
99.902
95.1966
98.3036
100.363
93.498
99.7389
99.0969
98.4808
97.0197
97.0081
96.3249
91.9718
95.2047
94.5214
99.8989
95.1948
97.3127
99.9419
98.0609
99.078
96.4905
95.1923
91.2295
98.2905
97.9487
102.857
94.0139
95.3398
95.8974
96.9502
99.8831
94.8232
97.4803
97.2087
92.3824
98.445
92.7104
95.3674
95.1599
96.8894
96.0301
93.8377
99.0355
98.2134
100.586
94.564
95.3482
95.2676
98.3258
96.8653
95.2944
94.029
97.1228
95.3034
101.432
96.7746
98.1487
95.6709
95.8665
96.8431
102.215
95.9
101.804
95.4505
91.8793
96.4517
96.5251
96.6084
96.5761
99.2551
97.4481
99.8258
96.3052
97.9708
96.0147
96.6959
98.0157
95.5111
92.2948
97.7988
98.0297
97.5672
94.7755
93.3303
95.0046
96.2446
99.1501
96.3329
95.6729
100.199
98.5868
97.005
97.0385
97.4746
102.804
97.5972
99.7513
97.7097
100.202
102.916
98.4715
99.0133
99.3814
98.2133
95.7188
100.923
93.8157
96.7852
99.1029
94.2217
98.5047
98.2015
100.461
99.4225
97.8402
93.7777
97.0724
96.5095
99.0332
97.22
95.8906
97.4932
99.1016
96.4221
97.7679
96.1064
96.8986
98.0604
98.1016
97.3135
95.2156
99.1526
95.2689
97.2845
100.201
98.5989
95.8351
97.5628
96.3493
94.8607
97.587
93.7185
97.6403
96.6736
96.2256
95.8104
96.5487
97.5328
100.012
99.2722
98.1644
99.0667
97.4083
93.9489
95.5121
96.8862
94.995
95.9345
97.017
96.1924
97.8222
102.427
93.6267
97.1893
96.4137
95.1157
98.9559
99.2405
97.0499
97.8117
102.018
95.8391
101.861
97.2284
95.1446
100.829
98.2397
96.8713
100.477
97.5093
97.3676
97.8613
98.3012
98.325
98.0804
97.6643
98.9548
97.4451
98.2511
97.4687
96.3504
96.6471
95.42
94.0748
96.3798
98.6788
96.4358
93.7177
95.3802
98.622
94.0195
99.0414
96.3281
95.3324
97.0203
96.4937
96.354
98.5792
95.445
94.485
96.5537
96.6036
99.2289
97.601
102.021
94.5235
101.182
95.219
98.9068
96.4263
98.384
98.1242
96.4917
97.4738
100.472
96.6777
94.112
97.5808
95.2408
97.4571
100.236
96.8104
96.6133
100.824
95.6681
96.5052
99.2632
99.3635
96.8459
98.4776
97.8909
96.9446
94.4055
95.0516
95.1834
103.314
99.8047
93.554
95.351
95.8742
97.1045
94.1095
97.3388
102.695
95.1717
95.4404
100.072
97.9673
97.809
97.8962
98.1934
104.379
97.6773
95.646
92.7576
99.845
99.0744
96.9091
100.235
94.557
99.9529
95.9163
93.7021
96.3908
96.0721
97.8616
94.8408
96.3772
95.9931
97.8745
94.8605
97.4781
92.9077
97.5756
98.905
96.6812
100.737
93.9484
96.3986
96.4969
98.1846
96.2099
100.373
98.6853
94.9946
97.2246
98.4505
98.2893
100.525
97.3399
94.736
96.6708
98.119
97.4836
98.7502
96.5729
96.2167
97.6705
97.2778
99.0017
96.1912
98.2478
98.9582
97.1941
97.3077
98.6651
96.7185
98.4918
97.0846
100.272
91.1506
97.0952
98.9913
97.5405
98.5306
99.7125
97.427
96.1211
100.462
99.4142
95.7525
96.2665
98.9031
96.6787
99.9706
98.9764
96.0899
97.9138
96.7714
97.3358
93.7092
95.4691
99.0386
97.8797
94.04
97.597
95.4088
96.3398
96.5192
96.9066
100.508
99.767
94.8884
94.6355
97.6092
95.1102
98.9782
95.6277
96.8825
100.504
96.4051
95.5996
95.5
97.3772
95.8819
96.9185
99.9475
94.4361
94.6002
97.1486
98.0091
99.2765
98.0046
99.912
98.2282
96.0957
94.0163
96.0292
103.007
97.0217
94.6624
96.1797
101.04
92.9223
97.4567
97.8774
97.0189
91.6492
95.4318
94.7078
99.2195
94.264
96.7958
101.306
103.019
97.7492
98.1042
94.9382
94.4006
97.8425
96.8924
93.2329
97.8972
99.2618
98.249
100.437
99.6404
97.0511
98.6466
95.9385
98.6492
98.4785
97.9739
95.7913
97.2686
95.4696
95.8352
100.407
101.829
92.217
95.9425
97.668
100.027
94.8809
97.4154
99.0208
98.7219
102.99
98.7413
96.824
98.937
95.4718
98.0599
96.871
97.0119
96.4819
98.3843
100.227
99.3781
96.3403
95.7683
99.9129
98.1088
96.6653
99.9073
99.1504
102.736
98.2031
100.521
99.6092
95.7096
95.5753
95.3099
100.835
96.8042
97.9262
99.9884
99.1373
96.3276
97.6444
99.2174
99.4777
95.9042
94.4438
98.5663
95.6721
98.9249
94.2737
96.3192
98.6262
96.669
98.5636
93.4143
95.0536
92.8974
97.2036
94.9925
96.019
99.4836
95.6356
90.7781
98.7931
97.1198
97.2749
102.234
95.4475
97.4365
99.1156
100.64
96.1035
96.6065
98.5397
98.8624
99.2639
95.7103
92.7584
94.0048
97.1826
94.7107
100.274
99.109
94.9325
98.3103
99.5444
93.8155
97.196
96.0436
95.4079
96.6378
96.7909
95.7571
98.6096
96.21
97.5234
95.2826
97.1943
96.5303
101.77
92.5717
95.7758
96.9897
92.3475
97.4739
95.6186
97.4335
95.415
93.195
97.6824
96.8985
96.2611
98.0687
98.9755
98.6215
98.3969
96.1446
95.2836
95.7275
95.5845
97.366
96.2521
95.015
93.4625
96.1427
96.769
93.2182
97.4689
100.241
99.2576
95.0385
96.7845
96.5779
100.932
99.7386
95.4516
97.8522
97.7537
98.4897
98.7766
96.7783
93.1291
97.2709
94.1128
96.32
97.7366
96.5016
97.5312
95.4332
96.2139
93.4713
98.3286
98.122
97.3626
96.1886
96.7943
96.5051
97.2649
98.5395
95.8775
99.7565
93.309
95.9098
97.6609
94.5461
97.1211
97.0243
97.8731
97.7116
99.0171
101.28
97.6231
100.907
100.334
99.0399
97.2689
96.9387
95.6587
93.7192
94.5395
94.1322
98.8938
99.6449
97.245
93.7138
96.8698
98.4545
97.6178
96.287
98.1953
92.7723
96.6074
95.7627
95.6596
95.7376
94.7728
96.6758
95.9935
97.9448
97.2506
95.5029
94.0444
96.467
97.8165
94.9961
100.192
96.8575
95.8951
98.3266
97.5566
98.5372
98.9574
100.663
97.8623
102.641
94.4822
100.906
101.635
93.7808
97.7616
99.7438
97.3019
90.5315
91.7541
97.283
99.2099
101.277
94.8046
98.3024
96.7265
93.1882
99.2654
97.4018
95.8303
93.8325
97.176
95.7494
102.394
92.7604
95.568
98.9828
98.6627
98.2672
98.4833
96.9098
95.8117
93.6667
100.806
96.005
97.7909
95.2077
97.0206
93.297
99.3289
96.1003
98.8749
94.8295
96.9279
94.5163
97.8761
94.7085
98.6984
96.8555
94.039
95.7292
94.1951
100.795
96.7437
95.1138
95.1532
98.7035
96.167
97.6171
96.7138
100.68
97.8549
96.9551
98.0671
99.3393
95.1332
92.2989
94.0284
97.9467
98.584
97.2697
94.4645
100.03
96.1682
96.1326
97.9509
101.812
98.8961
96.6342
96.2135
99.7441
93.7424
97.7053
95.1018
94.6059
96.0981
96.1241
93.3534
97.9166
95.9766
91.9251
98.267
95.971
97.1278
100.13
100.243
97.3042
99.4868
99.6099
92.5419
101.616
98.3888
97.8857
100.08
94.8915
96.0075
100.584
93.0851
91.4863
96.4912
99.4178
98.9983
98.8376
102.074
94.5456
98.1375
98.8887
98.1549
98.2585
98.793
97.6186
96.3221
94.0729
100.548
99.376
101.041
99.6204
99.4496
97.7463
95.5995
98.9832
98.5474
95.7913
95.6312
97.0409
97.3558
92.8471
97.2216
98.8637
97.5471
97.974
94.3517
100.656
100.458
96.6251
96.8519
101.226
100.313
94.2196
97.5249
97.848
100.508
98.0971
99.2546
98.6103
95.4084
95.7318
95.2247
97.8375
100.334
97.2121
98.1364
97.1869
100.097
96.7637
99.9897
96.535
94.6418
92.8647
102.402
94.4161
100.682
101.487
94.6025
95.9404
98.5087
94.3322
98.4864
96.4803
93.5663
99.9354
94.1194
98.5281
95.7897
97.4738
99.2242
95.7107
98.5095
100.287
93.5961
95.9238
94.1785
98.0457
94.8021
96.2009
98.4099
98.2515
98.0217
96.3225
97.1754
96.7795
97.4151
93.4145
101.184
93.4399
95.995
97.4531
96.1052
98.0807
98.5836
95.795
95.4266
92.5666
97.5661
95.2267
95.2998
95.8292
100.114
97.0041
97.2309
96.2092
100.851
97.8503
98.6651
99.5241
100.642
96.2837
97.0319
98.1288
98.5266
92.2472
98.7525
99.4476
97.7013
95.3028
98.9784
101.298
101.854
97.1094
94.6673
97.9307
98.5353
98.8486
100.407
96.3983
97.6462
98.6584
98.8581
97.0244
93.7723
98.3535
100.82
96.7601
96.6771
95.8263
100.022
96.7621
95.3029
99.1029
96.7739
92.8644
93.7796
99.3777
99.4295
96.5187
98.8799
96.628
94.6964
100.119
98.6556
97.3216
99.1729
95.8378
94.9454
97.5999
99.5191
100.18
97.7144
97.1803
96.9854
97.483
93.9895
97.0386
101.892
91.298
100.848
97.5394
98.3729
95.5767
97.596
96.1156
94.9939
92.0905
102.35
93.6133
96.2191
93.4017
97.9733
97.5475
96.9904
94.5613
98.1142
97.2243
95.5064
100.454
93.9269
97.8024
95.7386
96.9906
97.6602
97.0838
99.9568
95.3535
94.5751
96.0591
94.2756
98.8811
98.5757
97.8498
99.1943
95.6402
97.6175
94.3385
95.7666
93.6485
96.9597
96.6601
97.8094
102.767
94.797
98.7284
93.4642
95.7083
98.8249
96.9816
97.1063
96.663
98.4435
100.996
97.2554
99.6871
98.7392
95.5922
97.0906
97.2691
94.8759
96.4817
95.3114
97.1249
94.1641
98.0366
95.7446
96.5497
100.543
100.369
98.9622
100.485
96.2494
98.3303
94.4806
97.4261
94.2545
96.3984
99.3984
97.1369
99.3274
99.3954
97.3351
95.9612
97.9585
99.6679
99.1799
95.1996
97.48
98.9236
102.575
95.9083
98.7278
94.1198
95.5809
97.5905
94.5984
95.0188
97.9375
93.9787
97.1618
98.4016
94.8975
97.2782
102.34
97.6413
98.4039
100.962
94.7425
97.2137
95.601
99.1466
96.5919
98.0368
95.3526
96.5635
95.831
95.7112
96.5502
95.2368
95.9477
98.063
97.9386
97.0794
97.0868
96.1381
96.5134
100.157
95.8578
91.2586
94.1504
93.9431
101.468
97.9332
98.7238
96.0934
95.0761
95.6468
95.7023
98.9966
98.7187
99.643
97.2664
97.4397
96.7389
99.8484
98.5064
98.925
96.8275
97.8462
98.8338
99.0352
100.234
100.074
99.4615
98.2718
93.7584
94.2748
94.001
96.4987
96.5906
95.5638
96.7719
97.7297
100.008
98.9052
99.0454
96.7383
100.697
99.9729
98.1907
99.697
93.7582
98.757
97.7484
94.7084
97.0869
95.5932
95.8581
96.2707
91.2477
98.1652
94.6273
99.1893
104.415
96.9414
97.558
97.6569
97.889
93.7378
94.592
92.9402
103.092
95.5787
98.3653
97.5592
101.396
98.844
95.3983
96.7044
100.111
98.1845
92.242
92.5716
98.9892
95.1633
100.966
97.3108
97.9014
95.1877
98.2631
93.3754
95.7979
97.555
98.1323
99.6764
97.4243
97.6099
98.0439
92.282
100.274
98.6304
95.9941
95.8356
100.345
97.7365
94.7967
95.9965
100.555
95.0312
99.4848
96.0332
101.317
94.8892
95.834
99.8925
100.302
97.0697
94.0235
99.8883
97.0999
96.0384
96.0919
96.722
96.3584
101.681
97.7704
99.8157
99.1044
92.776
102.508
101.462
98.0131
96.3786
94.4727
97.4763
95.6709
99.6264
97.8148
99.8406
98.2255
96.2869
97.9354
92.6099
95.2284
96.0788
97.7343
97.9626
100.054
91.9607
96.4819
98.1474
93.7206
98.0802
102.187
98.1014
93.0057
96.6987
100.657
101.319
94.7599
98.9974
96.8779
98.2147
93.1964
94.8876
96.1582
97.0381
98.287
97.233
98.3504
96.7353
95.1922
98.4993
99.0815
96.9454
94.424
99.9167
92.6432
97.3563
100.835
100.338
98.7537
95.4834
97.2456
99.3254
98.2452
98.3958
96.2321
97.6135
97.9818
94.9529
98.3781
94.4114
97.3455
98.215
98.6955
96.4469
96.4477
95.2007
98.0595
96.5523
95.8824
96.9321
94.4529
98.327
95.5345
99.4913
94.0039
96.4372
95.7649
101.701
97.2711
94.2973
96.9138
98.7757
93.2687
99.183
94.8377
94.5984
93.9766
98.1304
96.5717
96.2521
100.943
100.82
95.1908
94.8374
96.8691
95.1428
95.9519
93.7578
97.2591
98.2823
96.3795
91.7478
99.078
98.5963
93.3533
101.942
97.5172
97.9789
98.4492
99.466
94.7224
98.616
99.7603
95.8341
100.305
95.7083
93.2988
99.6286
92.3488
94.1714
98.3538
95.7433
99.1136
95.3576
98.7467
100.62
99.8777
97.5536
95.987
97.3947
92.8579
95.7958
96.0378
97.0511
102.302
96.9309
98.9188
95.4297
102.537
99.0266
96.9558
98.4743
97.3847
94.5122
99.151
95.3609
95.9463
96.7172
100.625
95.7224
93.6742
94.0118
94.1566
97.4715
94.6162
96.8133
100.372
97.0965
98.0758
94.4817
98.3975
95.8283
96.386
98.0845
95.6324
98.1203
99.9356
98.3057
95.0975
96.5317
96.0505
99.0232
97.0485
93.1271
100.396
99.9124
95.2245
102.422
97.9344
97.8673
95.8785
96.5624
93.1944
98.3617
97.8346
102.277
96.5094
96.9391
101.528
95.5215
96.1166
94.5876
100.122
94.7944
103.003
91.3919
96.5696
97.3406
100.062
97.3739
96.5007
101.116
103.671
94.1658
92.2718
98.5225
95.6268
97.1043
97.1999
96.6855
95.5545
100.321
97.4528
93.1957
96.7253
94.629
92.6224
98.5939
98.377
98.097
95.9255
96.3803
99.2347
98.435
97.3908
98.1623
103.767
98.8049
98.1633
99.5256
97.7556
97.6265
99.4625
98.3403
96.1797
99.9016
90.8936
98.6284
96.301
92.488
101.218
96.885
94.7403
102.458
93.6039
96.9746
96.0702
97.6519
95.9324
98.6904
96.5036
101.749
96.0222
99.7027
93.5479
100.908
95.842
100.607
98.3739
101.163
96.1675
94.0571
98.9681
92.4462
96.4244
98.0813
97.6085
99.3549
96.302
94.6129
97.4647
95.6664
94.0197
94.3384
96.0775
94.3568
100.369
95.9218
96.5729
100.551
98.7145
98.7906
98.4007
97.3529
96.2917
95.1891
96.3165
99.8876
99.9474
104.768
96.3336
99.2401
98.006
97.0019
96.4597
98.8218
99.8811
97.3545
98.7483
95.2868
97.5319
101.178
98.9721
92.5323
96.2839
94.7553
98.1577
96.917
96.3596
96.5538
97.2626
95.6292
96.3636
97.5424
98.8974
101.611
93.013
93.5451
96.7876
100.335
98.9409
94.7851
96.5362
97.621
100.793
95.6705
98.8204
99.0372
97.2602
96.3479
97.9172
96.6316
96.0074
103.035
98.0823
97.2328
96.3664
96.3462
96.1824
103.321
104.125
95.9706
96.0315
95.2634
96.542
96.9976
97.6439
98.664
96.6971
91.9954
97.4763
96.8809
96.8744
93.9792
93.9255
96.3789
98.0627
96.5096
99.4222
96.9706
96.0726
98.7245
97.717
97.9015
102.324
95.3595
96.9136
95.5088
100.15
95.5306
99.369
96.7245
93.1922
93.5862
92.2967
93.9659
98.1386
98.0258
94.95
96.6672
98.3086
96.9461
97.5387
98.206
94.4401
97.5388
98.5036
98.739
96.2108
93.4171
98.2364
96.4106
98.2563
96.4154
96.4389
94.8503
100.155
96.6834
95.5311
97.1974
95.7278
98.1253
98.9794
95.1558
96.3389
95.5233
96.8636
98.2538
92.5601
97.2771
96.1318
98.8613
96.5922
95.7914
98.1039
95.6203
96.4698
94.0947
95.3827
96.735
99.2219
97.8687
96.3102
99.072
95.5101
101.392
98.8346
98.566
97.3836
95.9175
95.8459
96.4393
99.35
102.393
100.695
100.275
96.3683
100.335
95.7652
98.4492
100.94
99.9983
98.6746
98.105
100.497
96.1223
99.868
94.5484
98.1409
98.413
98.6951
95.6648
97.9564
94.4279
99.7737
94.9846
93.5807
95.4299
95.1029
95.8434
97.8053
100.669
96.1138
99.3164
96.984
97.4449
97.4915
97.9008
96.5406
98.3849
99.7696
97.0055
97.5934
96.785
98.1352
99.2036
97.086
97.4975
96.8463
96.315
98.4795
97.6229
101.018
99.6326
99.0641
96.6235
97.1392
97.2579
99.9653
97.3002
94.072
96.5042
97.9424
95.4603
98.7121
98.8934
92.343
95.2054
102.018
99.1328
99.1376
98.7694
96.0854
95.9596
96.1362
100.529
100.103
100.049
98.2877
97.4291
95.7154
99.4557
100.952
93.8509
96.2003
99.2232
95.9504
92.8232
96.1633
98.7424
96.495
99.3911
99.0243
91.8362
99.1044
93.9247
98.8505
100.527
94.8521
98.8597
94.0851
98.0113
99.0373
98.5461
98.8368
96.5407
96.714
99.8413
99.7357
96.0077
100.458
98.314
95.9084
96.3156
99.4957
94.2369
97.1384
98.158
98.6927
97.5395
98.2549
91.952
96.7737
99.4194
98.7608
96.4445
97.5195
96.0311
97.7761
97.081
97.3283
100.506
97.3605
96.2894
98.257
97.3573
98.8248
97.765
96.7141
98.3691
96.1733
100.525
99.8427
101.203
93.3469
97.1308
101.958
95.9565
95.3654
101.577
96.0482
98.1006
102.025
100.015
102.933
97.4192
95.8169
96.4494
97.9691
96.5059
95.7355
96.2313
98.5468
97.6924
97.3312
96.3071
96.7893
93.2658
93.7116
97.3118
99.1402
93.7616
97.9334
96.069
95.1177
94.6805
99.2173
96.5956
95.3823
100.035
98.9668
99.0284
94.9266
99.1984
98.4929
93.3936
100.501
100.35
100.029
98.4148
94.507
95.4892
96.1482
100.805
97.7572
99.698
100.332
97.7832
97.6004
93.6001
97.0526
100.696
95.0686
94.0808
94.7957
94.9998
96.9669
96.9393
96.2116
96.1884
100.238
92.58
99.3818
95.7324
100.111
96.0307
95.4725
96.7197
99.8495
97.3725
96.8772
96.3868
92.1747
98.8154
93.5521
96.1838
95.1879
92.4048
99.0183
96.3419
92.5842
95.6647
98.2312
94.9793
97.2487
96.2616
95.3918
101.043
96.9832
98.8463
98.9745
95.7478
97.7307
94.2641
96.5112
96.0579
101.581
99.0628
98.4718
95.3427
96.3727
96.7472
98.2955
100.185
100.778
99.2248
97.0803
100.764
98.0278
97.0497
97.5504
96.0147
96.8181
94.0812
98.2121
97.593
98.7796
97.1324
99.0943
100.94
98.7648
97.0651
96.4424
97.5265
98.1804
95.4259
94.1993
96.756
100.378
100.573
100.305
94.6961
97.1937
93.9945
101.487
97.3787
96.6711
94.9441
99.7057
98.2226
96.7022
98.2649
101.046
96.9362
98.615
95.5529
92.7148
95.3032
98.3057
97.0665
94.3231
98.0481
93.5446
99.0108
97.2734
96.8473
94.9457
95.9588
98.3399
97.165
96.3452
96.634
100.233
94.2968
96.7088
97.5449
97.4043
96.4284
97.9743
100.634
94.8818
96.667
97.3478
94.1027
94.9085
97.6962
96.1729
95.4995
99.5798
97.7022
95.5768
95.8085
95.694
99.6417
97.4354
96.5219
99.5797
97.0221
97.6447
99.1357
95.9576
97.4553
97.9549
96.7055
96.0557
99.6105
96.918
98.6804
94.7639
93.9599
98.9821
99.7888
96.1181
99.6859
97.7078
93.7291
99.4619
98.6274
96.953
96.8357
98.0483
94.9539
97.472
99.7057
103.585
102.234
93.8567
93.3517
96.9441
97.3603
97.6145
95.2092
95.7223
100.324
97.4182
100.397
99.41
97.7447
96.5646
97.2533
98.0526
97.6297
98.0177
96.0024
99.3042
95.33
102.979
98.3871
97.4176
95.4964
91.0715
94.4738
94.3142
98.4808
98.5133
98.2988
97.261
94.483
94.4063
96.155
98.5812
95.0412
101.55
95.9932
96.5429
98.0644
95.7167
99.6146
99.8859
94.6909
93.1027
98.0741
96.698
100.524
100.605
93.6647
98.8634
94.1147
93.7698
97.5149
96.669
101.216
96.9432
99.0578
91.8437
97.0445
95.9712
99.8114
96.5057
99.972
96.0859
100.435
97.0083
99.4515
97.9893
96.2424
93.9433
95.9415
98.5449
99.8445
95.8844
96.6867
94.8743
96.4237
98.8037
94.834
94.7275
96.5588
100.627
102.578
97.7924
101.665
99.0493
93.519
95.4646
95.025
99.3211
95.7542
95.7559
98.2983
97.829
96.8425
101.168
95.6461
96.8404
96.4365
99.508
92.4068
100.11
98.6321
95.5675
96.5263
95.3265
100.898
96.6859
95.7251
91.5843
96.2798
98.3603
96.5795
98.8591
99.97
96.1692
96.1224
98.2306
97.2825
95.6914
95.1859
96.1681
97.456
95.8042
98.5371
96.9206
93.5608
99.5051
95.7087
98.2406
104.148
99.6779
99.2101
101.406
99.6267
93.3871
96.6914
100.367
95.5807
95.7968
97.5997
100.011
94.5629
96.9414
94.2326
98.3863
97.4445
95.7751
95.7152
103.166
100.521
100.29
101.677
97.1972
99.9764
96.8771
97.1736
93.4585
96.2264
93.6537
99.043
94.6059
102.016
99.2545
101.536
101.366
91.8952
98.8789
97.1522
98.4833
98.3165
96.1213
97.0799
94.116
99.8994
98.894
96.7585
99.0935
97.0383
97.5329
96.0651
96.5284
98.8785
100.588
97.6695
94.6574
98.9788
99.8948
100.13
96.0148
100.204
98.2798
99.3348
98.3835
94.541
94.028
96.9572
96.5632
97.4996
99.2951
97.3664
97.4535
98.7041
100.248
92.3896
95.0395
97.9994
98.9926
98.5593
96.6752
98.2334
97.9639
98.4432
97.6145
95.9044
93.8536
93.3075
94.7017
96.5943
100.731
98.6989
94.1485
96.7838
96.6735
97.5238
100.433
97.0706
95.5078
94.6754
102.384
95.1331
97.4352
100.525
95.9874
96.4744
96.8996
97.3772
99.5048
97.6096
97.6752
96.4456
94.4684
98.4256
95.0697
96.4356
96.0198
99.7546
94.9373
97.2499
98.2603
98.1303
99.0427
95.9039
99.4996
98.6844
97.6592
98.3051
98.3153
92.5947
96.6957
98.774
94.2999
95.9402
95.043
97.5534
96.5029
95.1985
99.2959
96.0628
99.3185
98.6882
97.5365
94.3474
92.8343
96.3373
101.314
97.6676
95.0253
95.4899
96.4085
95.8705
97.663
98.5491
96.6627
95.0215
98.5355
96.7914
101.232
97.1567
97.724
98.4914
94.968
96.7603
101.094
98.3323
94.1344
94.1723
98.7318
101.249
98.1697
98.1844
96.6057
96.1114
96.9505
93.3663
95.2124
99.7839
99.997
93.9059
95.4263
99.5212
94.1198
103.319
99.3382
95.6942
95.5029
91.8572
97.2154
94.4153
96.7505
95.564
92.6795
97.6106
92.0086
98.2827
101.674
98.3301
99.465
94.9872
98.3138
95.2216
100.09
98.1254
97.6382
95.5276
96.3558
95.4213
99.6899
98.2017
100.166
92.9206
99.7381
96.1446
93.9918
101.675
98.9874
96.7359
92.7461
98.2479
97.8835
98.2382
95.1198
97.2469
98.087
97.2045
98.1845
96.4698
98.1792
94.6894
96.7069
97.2616
94.5097
93.9094
99.5918
98.5145
99.3304
99.4323
98.3947
98.3831
96.1417
100.438
94.4443
101.798
94.0142
95.5622
93.8241
96.1517
92.3113
95.8477
94.4798
98.0155
96.8729
95.5601
97.5671
97.8036
95.1956
96.477
93.9824
92.8886
94.5626
98.2134
93.4464
99.1125
96.01
100.967
95.1721
97.346
96.9102
99.643
96.7744
98.8471
97.415
98.3546
96.0094
96.6056
96.9234
96.3424
94.0815
98.967
99.0624
98.4109
96.7129
97.0462
97.1228
94.7169
98.9748
93.4455
91.9975
96.1933
94.6238
96.5287
97.5234
96.7104
102.418
98.093
95.9277
98.1474
102.528
97.031
98.1799
97.5862
95.3552
91.1743
99.1224
95.7457
98.6046
96.1281
99.4843
96.3568
102.08
97.1736
95.7053
100.58
99.601
99.0662
99.2346
96.186
96.9031
98.5901
97.6078
98.4201
95.17
98.7428
97.3332
98.0905
100.358
95.1944
96.7445
96.8307
97.0328
97.9932
96.6333
99.308
97.8791
100.138
96.3822
100.835
91.4734
95.962
101.276
98.3267
95.9361
93.6053
99.5033
97.3658
97.5472
96.2712
94.5932
99.691
96.0776
95.3395
96.0277
104.26
92.0825
98.0627
98.8345
94.9343
99.1712
97.1855
98.1929
95.031
97.659
101.408
97.7671
90.8321
97.7301
95.8858
94.3641
95.1558
93.1613
98.7303
96.8487
95.6829
96.6244
96.0323
93.6014
100.006
97.5964
98.0208
95.2114
96.8542
96.8387
96.576
100.066
95.8233
94.0276
100.577
93.8548
97.0906
93.9812
99.7274
94.8469
97.2569
93.0799
97.8609
96.377
99.4816
97.3539
103.691
97.588
93.5951
95.8714
97.2935
95.3553
96.5069
94.8374
95.6514
96.1891
95.8701
103.84
97.2589
93.2409
96.4854
95.2593
95.1617
98.0822
98.2562
96.9046
95.2006
100.694
97.4722
95.2967
97.7741
100.734
94.4443
99.4361
99.4826
96.9602
97.8213
97.3687
96.391
95.7213
94.8773
97.1062
95.9826
96.4068
99.0636
96.643
96.4348
95.1773
103.072
93.3712
98.0262
100.289
101.228
99.5585
93.7215
95.3947
95.2422
95.449
96.7458
95.2855
98.4871
97.4117
98.1425
102.112
99.5483
96.6727
97.0458
98.0317
95.7212
96.5805
96.0515
96.2962
97.9063
96.8553
95.6483
100.461
96.8035
97.3438
99.1574
101.262
98.3796
99.0991
96.9026
92.2085
96.7923
94.378
98.7568
96.2037
96.6702
94.1471
99.998
96.0791
99.6743
96.1747
100.333
99.0733
93.4269
97.3409
99.3002
99.3364
104.884
95.4145
97.0413
94.3778
99.4405
100.259
96.7671
98.0257
95.3881
97.822
98.6813
101.347
94.3382
96.3337
97.2138
95.0251
96.127
94.463
97.3366
89.7786
100.852
96.7088
98.5666
97.7848
97.5334
96.5371
97.3345
93.6235
95.6571
99.0028
93.0103
98.9618
94.834
95.3959
93.8334
100.08
99.2823
96.7618
94.7047
95.5592
97.4565
95.7574
96.578
94.8377
98.4657
99.6788
96.5472
96.8265
99.1854
100.253
94.9748
98.4016
97.8133
100.197
95.4185
99.2864
98.9258
97.0669
98.3631
97.2538
98.2822
97.2504
96.5765
98.8711
99.4196
97.7656
99.6814
98.1334
96.4292
100.27
98.7326
96.5564
99.7273
92.025
94.5865
93.0504
97.8677
98.1581
99.6858
93.7437
94.176
96.9224
95.5153
97.867
97.5729
96.6905
98.1596
100.683
97.2475
99.849
95.3943
94.4488
97.4695
97.9194
98.822
102.844
90.3947
95.5217
95.9579
96.7984
99.333
98.8444
93.4007
100.876
94.4985
99.606
100.81
95.6952
95.7606
98.5872
96.0702
96.0371
100.51
99.3704
93.1764
100.167
97.2108
96.8842
95.889
95.2275
97.8069
98.6785
94.2536
97.9721
98.3127
101.066
97.6181
95.5511
99.1656
97.4401
97.3388
95.1325
94.8145
94.0009
96.0497
96.8062
97.4858
93.4729
94.0404
97.1062
98.4992
95.9242
101.757
95.3111
98.955
97.2819
97.546
99.8285
94.6143
98.4119
97.5258
99.3413
96.3955
92.2166
97.4201
94.7059
98.5799
97.9471
99.1988
99.4978
103.511
101.08
100.383
99.4565
98.778
95.7096
96.9834
99.556
97.5845
90.4725
98.6269
98.1622
96.6142
98.2471
92.4763
92.7891
96.7115
98.2354
101.075
94.9669
93.901
95.6474
96.1256
99.6606
97.0821
92.0678
96.2856
93.6059
101.686
95.1645
101.032
100.992
97.5208
96.2489
92.3846
94.4357
95.1282
101.489
93.913
96.348
103.098
98.1767
96.9867
97.9027
95.786
95.9752
95.8524
98.004
95.2206
97.9073
98.5002
95.5743
98.9605
96.3475
101.861
98.9084
93.6706
95.1511
100.738
95.2111
96.2323
96.169
99.2731
98.7083
92.9673
95.8794
99.6936
95.3349
98.7831
95.8365
96.4615
95.7055
100.232
94.5383
93.982
96.9146
99.1155
98.08
100.062
98.7852
96.5107
96.8098
96.8245
95.917
96.2246
95.4487
97.0548
98.0503
99.4306
101.997
99.9159
99.7915
101.019
101.837
101.619
91.2455
103.976
100.58
98.5531
97.906
94.6076
97.449
97.6346
99.4514
96.3646
97.2026
98.1173
95.5486
97.0273
94.1485
98.4734
97.2005
92.3847
102.588
99.5885
94.1226
96.5345
99.2781
97.3582
98.1439
96.2336
101.282
103.037
97.0935
93.3519
95.9316
96.571
96.6435
97.7736
101.73
95.2187
96.9351
96.9985
101.072
95.7071
95.1845
97.4093
99.6175
98.2291
98.6925
96.683
97.873
98.1896
96.6194
93.5859
96.6178
95.7286
96.0445
99.7472
95.6086
97.8856
94.7241
93.3267
94.8474
98.3319
97.0051
94.5179
96.2934
96.3041
98.877
93.9964
95.403
99.7806
95.8117
98.0384
97.5102
101.186
99.0987
96.9031
94.2102
93.8131
96.2763
97.0354
95.7659
96.7445
94.8263
95.5542
96.2566
98.1061
98.4779
96.9934
97.5725
96.2208
96.1267
98.2815
96.4104
97.1315
97.3239
95.1372
99.5954
96.5838
95.7474
97.31
94.1435
96.4371
99.2289
101.268
100.28
95.8642
98.12
99.7249
103.617
96.1281
96.2528
96.3488
93.943
95.4521
101.802
94.6283
95.1664
96.4375
99.4089
91.7376
98.0092
101.842
99.039
96.3212
99.255
98.6505
96.3896
98.4245
97.7191
101.275
95.5213
96.0704
93.5713
100.247
99.998
99.0704
98.9794
98.2435
99.8062
98.179
94.4953
93.1959
98.0206
96.373
97.7175
100.262
97.4753
96.9362
95.3533
98.9743
98.0012
98.0632
100.405
96.48
95.3613
99.0776
97.4761
98.2997
95.3535
95.791
94.6007
96.8561
98.0109
95.7968
97.5039
96.5067
94.7022
96.1274
96.6195
96.7065
97.0913
95.7536
96.2119
93.7291
97.6258
97.9075
94.1991
98.9193
96.1717
96.4873
95.741
98.0205
100.677
97.0384
98.7801
101.66
100.663
99.5342
97.4802
99.1594
94.1975
96.486
95.7672
96.7779
97.6248
98.9692
95.576
98.3807
98.7382
97.4887
96.6834
101.858
95.7312
96.5216
100.883
92.1607
97.9469
97.7854
100.157
98.7891
94.9048
97.577
94.7255
94.497
96.9647
98.8783
95.8245
96.4968
100.564
95.8826
95.853
99.1816
100.724
97.7697
97.3313
95.7226
97.193
95.7918
94.1273
98.2462
93.3987
92.8172
97.6361
101.041
98.2629
98.8588
100.363
97.0241
97.884
98.9919
95.9282
98.2371
96.3302
95.7627
97.2789
97.0216
100.27
96.9264
99.4319
100.451
96.3439
98.0197
98.241
97.352
94.5399
98.6866
97.2664
99.4902
90.8356
97.3203
92.3388
100.509
100.787
95.5548
97.9532
96.6774
98.9311
99.0967
96.2627
94.6421
96.0967
94.4854
97.8557
96.3399
98.9354
99.8573
