93.5687
92.8131
89.3066
91.5599
90.9747
92.3294
91.7267
91.7869
91.457
96.1657
94.2892
88.2042
91.9576
91.1685
90.3878
92.7161
90.9583
91.6572
92.4514
92.8744
94.5869
91.7055
89.987
90.7525
92.4106
92.3025
92.2064
93.7384
93.4426
91.0599
93.1939
91.9494
92.3092
95.6919
91.814
92.8007
91.1511
93.468
94.8581
93.137
93.7834
92.4835
91.8199
94.0024
92.0265
92.2816
95.2785
91.3661
92.0372
93.5896
91.763
90.4827
92.7423
94.9759
92.4776
92.1709
89.8868
89.6495
94.1148
89.2803
91.4578
92.0366
93.882
90.7948
90.6005
94.0371
90.5153
92.6409
90.0621
92.3625
93.5708
91.5451
92.3718
89.8831
92.0792
94.7589
92.3208
89.9539
93.2581
90.1215
92.0204
90.4554
92.5122
92.8116
92.7014
87.5463
91.7814
92.3286
90.7564
90.2668
90.1825
90.9148
91.3537
94.6404
92.5455
91.6538
95.2723
94.6485
89.3285
93.5658
91.3504
91.781
92.437
96.4985
92.9151
91.033
89.9111
88.3788
90.9364
92.9919
91.7534
91.2761
91.3737
92.2139
92.2885
93.2698
92.0656
93.6438
89.6176
93.5203
92.4198
95.078
92.7179
92.67
91.2949
92.3212
89.6703
91.6843
92.1227
90.2991
91.0097
92.384
92.4418
92.4482
93.3951
90.2398
93.8555
92.8561
92.7311
90.5873
92.0528
95.1618
92.5181
92.7959
92.8536
88.4723
93.2487
91.6711
92.5714
92.1414
92.4599
94.0729
95.5631
90.9205
92.5758
92.8041
91.5622
90.9519
93.4788
92.6852
91.878
90.6499
91.5269
94.5018
94.7838
91.7437
92.9787
93.3644
91.0043
95.5141
91.1644
91.4216
94.8714
90.9825
89.6509
91.8883
89.6142
94.1895
94.5949
95.2001
93.4323
91.105
91.3617
92.2569
90.8648
91.7355
90.1373
92.7929
94.338
88.1586
90.4002
90.0647
89.5278
92.7481
90.9878
92.362
90.924
91.2244
94.7417
91.3398
93.0057
94.4682
93.9655
90.9179
94.6113
91.219
92.1505
92.8925
92.8265
92.1493
90.0041
90.0888
91.1826
93.5574
91.1788
89.5435
93.4007
92.46
93.0057
90.1854
90.5583
93.9371
94.1546
94.3471
91.0184
89.2954
89.9674
89.6849
92.9364
91.3534
90.3853
88.7917
88.4219
91.7677
91.4084
93.6349
89.7896
94.4026
89.7159
89.1556
90.6514
91.1789
93.0353
91.2854
92.5601
96.0836
90.6119
89.6316
92.1321
90.3126
91.1808
92.3182
93.0233
91.3528
93.3589
93.5298
92.3723
90.6521
93.9185
90.1098
91.8364
92.5951
89.9784
92.7618
92.205
91.47
88.8638
93.3847
89.8819
92.5423
92.5809
92.3979
91.4351
92.4531
91.3315
89.8495
87.6757
93.6921
89.8083
91.5064
91.6809
91.0882
91.1558
91.1795
91.1514
89.8541
93.7836
92.8419
90.6202
91.4086
93.1969
92.1937
92.7982
92.497
92.6657
93.3764
92.6598
93.8693
94.9533
92.1804
93.986
93.2449
91.5929
91.2596
96.1921
92.1044
89.1058
92.9262
90.1447
95.3915
91.9794
93.5232
93.216
90.7071
94.0746
92.6056
92.5855
95.8013
92.505
91.7065
92.0325
92.3941
91.5859
91.8909
91.9616
92.2051
92.1309
92.4591
90.9696
95.1449
94.2361
92.9453
88.6612
91.1767
92.2804
92.82
93.3958
94.0634
90.9389
91.655
90.9801
91.3758
93.6371
95.8693
90.2221
94.1757
91.0168
91.0294
90.6116
91.8196
91.659
92.2765
91.6315
92.6829
92.2499
90.4047
93.1212
90.5675
92.8621
91.7317
90.5818
90.1201
90.3798
96.1933
94.1095
93.1311
88.7257
92.5575
92.2679
87.962
94.2459
91.8997
92.4709
92.9262
90.968
91.8063
90.3409
93.7638
95.3688
92.5614
93.814
94.4897
93.662
93.2392
91.4013
95.2603
91.4802
91.7137
90.9628
92.9071
91.3441
93.5121
90.5022
92.4492
90.2299
90.9707
90.0772
92.2453
92.2833
95.6658
93.3709
92.5109
91.8029
92.5888
90.2136
93.944
94.5655
96.4202
92.1337
91.5063
92.258
90.7254
93.3802
91.042
90.8407
91.3282
92.6973
92.4373
91.5038
91.4936
93.2703
91.6746
90.5628
91.3617
92.8749
94.3525
91.6027
90.7213
88.8791
93.4451
93.407
90.9451
91.7264
90.3137
90.5067
90.8217
92.7152
90.1682
92.2894
90.9863
94.0521
92.3927
94.1283
91.9296
90.0567
93.4888
93.827
92.857
92.4385
95.9543
92.1541
90.2759
91.481
91.7213
90.4792
95.6107
91.6035
90.2378
90.8374
94.2928
92.972
92.61
91.6
90.5917
89.8137
92.7985
92.9698
91.9708
92.397
92.2246
92.3452
90.8566
92.2178
92.0707
89.9651
90.1862
93.8738
91.6994
93.7495
92.6522
90.3352
91.3866
92.0049
89.9637
93.4368
90.7219
91.8229
92.1746
90.4171
92.7851
95.5986
91.1843
93.1041
91.5745
92.5563
93.9825
92.4013
92.6526
92.4792
92.7564
90.5471
92.7941
91.8825
88.9308
92.9843
91.8535
90.9941
93.8351
91.1515
92.16
93.9526
92.8823
91.8013
91.122
91.9024
90.6313
88.8915
88.9369
95.4287
94.7467
89.733
95.3479
93.1005
92.2865
95.2123
91.3306
92.703
93.597
89.6862
91.3181
90.6972
91.6586
89.4796
92.5263
91.4978
92.6184
91.5496
91.9196
92.2117
89.6911
92.4507
92.281
93.9512
88.6938
92.1522
91.0952
93.9144
92.3806
92.927
91.7168
93.0041
92.9711
91.4897
90.7905
92.2877
88.6627
90.1902
95.0099
91.9503
93.6872
90.8874
93.1641
94.035
92.3291
90.0601
92.2686
92.7117
88.2617
92.6888
94.5482
92.5819
94.106
92.5561
96.4686
94.0286
91.7247
91.4896
93.9924
90.3172
93.7392
93.0692
93.3591
91.0292
94.1736
90.3191
93.7998
90.6465
90.4954
91.1565
94.5978
91.2926
92.0073
92.1564
90.1711
93.0209
94.849
92.6399
92.1876
90.7549
92.7837
92.7291
94.0016
94.1913
91.4806
93.3545
89.3671
90.2133
91.9085
90.7612
91.569
90.663
91.6688
92.3918
94.1769
92.8149
92.8804
93.2116
95.3654
88.9319
90.3877
90.4672
91.8589
92.1119
90.2525
89.3531
93.9158
91.2923
95.2601
94.6339
93.0377
92.105
92.7598
93.4167
89.4498
92.1188
91.0078
92.3878
91.6226
94.6842
93.7922
94.3129
92.2647
92.9458
92.8053
92.6972
90.7843
90.9263
91.4086
91.9855
92.2293
89.2233
94.0453
92.3443
90.4404
92.3523
90.0857
91.8257
93.2492
94.7902
91.6076
94.3359
90.4742
90.5033
92.4133
90.5043
89.4952
90.4086
91.2194
90.4458
91.1108
89.561
92.856
92.4032
93.2555
94.4519
89.4552
90.3666
95.1762
93.0588
93.5424
95.6252
91.1508
92.1371
92.3441
92.2507
93.5888
91.6495
90.5431
94.9894
92.911
91.4151
91.7982
90.4458
93.1324
94.0555
91.8612
92.7375
90.7526
94.6259
91.5229
89.0591
92.8377
91.9523
89.8917
89.869
92.6453
90.9569
92.252
91.206
91.1454
91.9594
94.2258
93.4929
91.9472
89.6228
94.404
93.1212
90.5719
89.7767
91.2193
91.3634
94.2976
91.746
94.916
91.8307
93.1781
91.1823
94.2348
94.9983
92.7373
93.206
89.6938
87.8941
88.966
92.1037
92.2421
93.4537
90.446
93.57
91.017
90.0818
92.4661
90.2403
91.3226
89.7021
92.3249
92.436
92.1898
90.9829
89.9493
90.7195
92.9017
88.6708
92.7716
88.989
93.174
92.1227
92.4881
91.6227
90.2458
90.2705
92.6483
92.5011
92.6632
91.0262
90.2182
93.565
92.9174
90.7939
90.322
89.4129
94.7726
90.5574
90.8779
91.6783
95.5515
93.7063
91.8557
91.0983
90.5339
94.5247
94.9925
92.7813
93.7851
89.5116
91.6416
93.8226
91.7709
91.3084
93.627
92.2376
94.3006
91.8232
92.7417
93.8175
96.7947
92.4084
90.933
92.8228
91.3149
92.9831
89.8066
94.3346
93.0588
92.157
90.2692
91.8223
93.0344
90.418
94.2442
90.4331
91.3398
91.4148
91.5268
90.4889
91.1116
92.4085
92.3178
91.2039
91.3342
91.9076
91.1901
94.4151
94.2676
93.0301
93.6516
92.1246
90.8936
90.036
94.4202
92.2888
91.5533
91.177
92.5247
89.7331
93.677
90.4111
91.3407
92.3363
92.3185
96.0208
89.9696
91.0179
95.2196
92.9302
88.9132
92.0066
91.5681
91.098
93.7709
94.3103
92.1135
92.2498
91.8216
91.6032
92.5899
91.6871
92.1927
95.6868
91.0123
91.11
94.6204
93.4061
89.6507
94.8086
91.61
92.2525
90.9411
89.4177
93.8522
92.8642
89.3557
94.9582
91.8837
93.6531
92.8948
90.3804
91.3608
92.9939
93.7811
94.2622
95.35
89.7745
90.9193
95.2019
93.2231
95.3212
89.6552
94.7904
88.1508
93.4069
93.1666
93.1864
93.1062
94.2458
92.1583
91.7604
91.0042
93.7159
94.358
98.0713
91.861
91.477
92.5819
89.9779
89.5522
91.5053
93.2471
92.4589
91.216
93.0771
87.9549
93.4852
91.3294
91.4909
90.0851
89.9185
93.0202
90.5951
93.6534
93.5045
94.674
90.5836
90.0496
89.9417
89.4912
92.2832
92.5755
94.7826
94.0786
93.6054
95.408
91.7315
93.757
90.5514
94.3011
89.1266
94.4014
91.9764
91.4025
89.0644
92.1759
94.984
91.4404
89.7907
91.8587
91.873
90.6101
92.7154
92.5827
91.315
91.3744
88.2522
91.4508
93.216
93.5058
90.8071
90.3858
90.4854
93.2288
88.7543
93.4916
89.1226
92.5402
86.8051
93.165
92.9873
95.2715
90.2612
93.4719
94.3508
89.7877
91.6932
94.8229
91.1803
92.8357
91.4055
89.8722
90.6122
92.7198
89.2394
95.0109
89.2917
92.1348
93.0383
89.1394
92.3763
90.932
93.9782
91.5799
93.6644
92.878
90.389
91.0911
90.9665
90.8414
91.8669
96.2909
94.4022
94.2066
95.7511
91.4878
92.4268
91.6251
93.2842
90.991
91.4548
89.8425
92.6182
92.9348
92.8108
93.1275
93.6468
93.118
90.1259
91.3246
94.9302
92.5434
90.4932
93.1904
93.0969
92.3568
94.7372
91.072
91.7316
91.9555
94.2805
93.4182
95.9452
94.564
90.8278
87.0325
88.9621
94.0762
93.3841
91.0047
91.5387
91.6995
93.4254
91.866
90.4068
90.7405
90.04
92.9838
91.2309
92.2707
92.8091
92.7444
90.5832
93.5565
91.534
92.2275
92.9366
89.0568
92.1485
94.5915
92.1253
91.7347
91.8851
95.9782
92.2257
95.8859
89.9836
90.2198
91.8827
93.8498
91.282
94.2807
89.3917
92.6509
91.8006
90.9421
90.9609
92.1465
93.0766
93.8396
91.8629
91.2931
91.0494
91.2281
91.4928
94.2677
91.7866
94.6344
92.8207
92.7146
94.8757
90.5594
89.1953
94.3695
90.4994
94.3211
90.148
95.6701
94.0048
92.2611
91.076
88.6923
95.4862
91.4167
89.1997
93.6516
92.6732
91.28
91.0409
90.4477
88.9645
90.8622
94.0968
88.8903
89.9827
92.8828
89.8479
90.5049
92.3178
92.9658
91.4561
95.2415
90.4358
92.4671
93.5064
93.0574
93.8487
92.8985
92.171
93.0281
88.3032
89.1911
91.6601
94.4556
90.9223
90.5422
92.2348
91.4799
91.8941
90.194
93.0991
94.2426
93.9629
91.4178
90.4785
93.7971
91.2488
93.8355
92.0894
95.3678
92.1471
91.2641
92.091
93.0589
91.8667
94.1562
95.6551
91.8086
88.7283
90.1494
90.3647
90.5432
92.5511
92.2847
94.1518
91.7092
93.257
94.0385
90.1145
89.3374
91.8664
90.796
93.4299
91.2947
94.4872
92.2863
91.7023
90.0579
90.0125
90.2592
89.1127
93.458
93.1603
90.89
91.3466
87.9059
92.5557
93.4789
91.476
91.0812
92.0473
92.6955
91.7793
95.6546
95.4978
91.5833
92.2563
92.1483
90.4945
91.8874
92.027
92.4669
94.3317
92.2657
92.4411
90.8847
89.1021
89.523
88.4857
94.136
92.0494
88.6173
91.3128
90.8671
89.1234
95.298
89.8836
93.8435
92.0349
92.9189
92.7247
89.4053
90.9579
90.4748
88.788
87.9782
93.1645
91.0797
92.9075
89.9563
91.7978
93.9464
92.6322
91.5424
91.1446
90.4382
92.1871
93.3013
90.3343
93.7833
93.4927
89.1909
92.6939
93.086
92.2841
90.7708
91.3469
90.385
91.1126
94.0517
91.4499
92.3763
90.4554
89.8552
90.9311
92.8248
89.7324
93.4994
92.8836
89.9314
90.6801
88.6759
92.6427
89.8722
93.0786
90.849
95.3589
93.906
90.9766
90.5677
89.1846
92.0545
89.9778
89.4733
91.659
89.6547
93.1656
90.6227
91.6817
90.7687
89.0416
92.5484
92.873
89.2342
91.7464
96.2088
91.953
92.8443
92.4971
90.9722
90.5123
89.3302
90.3717
92.7334
92.3844
91.9831
94.3323
92.2683
89.8701
89.0122
91.3307
91.908
91.321
89.1192
93.1535
90.572
92.0033
92.3943
92.6143
93.7614
91.9261
90.683
94.1495
91.6836
92.752
89.3489
93.0788
90.0081
94.2287
94.5515
92.4327
92.3426
87.1881
91.8291
93.6549
89.542
90.7026
90.7263
92.1849
90.5362
96.3181
91.7417
96.0719
92.0096
91.1178
92.7132
93.2093
90.6412
93.6609
92.2567
93.8823
90.9282
91.2083
93.9765
88.8273
93.8457
89.5797
88.3903
91.3636
91.8899
92.3436
91.9331
93.7904
90.5712
93.3154
95.0837
92.6297
96.9277
90.5731
89.8274
92.0638
91.4541
93.0698
90.1678
90.631
90.3954
90.088
96.7468
91.4331
93.3713
90.4486
96.9223
89.4301
92.3827
88.613
90.8905
91.2767
93.5126
94.469
94.3892
91.3513
96.0451
94.3281
92.8008
91.1499
92.0063
92.4526
91.0974
92.7909
92.8574
92.7078
89.0531
94.8341
90.1636
94.6723
90.2034
92.961
91.0871
91.3826
92.3442
89.3012
89.7574
93.9098
94.2483
92.6509
91.0319
89.1355
96.0562
91.1615
94.5066
92.6371
96.7084
92.8647
92.8125
92.072
93.6153
92.5623
93.7444
91.9225
92.0044
90.4069
92.2147
91.0289
92.1696
92.6128
89.4011
94.9858
92.6907
91.4508
92.7646
93.118
92.4628
92.5898
92.4282
90.3443
90.4224
94.9682
92.5071
94.3311
90.5999
90.9534
93.6025
90.8926
93.2819
92.0427
92.4697
95.6592
92.8059
91.237
91.1229
91.3065
92.5165
92.2901
96.0984
92.7451
90.4331
92.4592
88.4337
91.1158
89.6437
93.0621
91.2694
94.3499
92.9637
91.9386
93.5333
92.8744
96.8113
94.662
92.0983
90.6484
89.1088
90.3216
94.0219
89.9171
88.8804
91.637
92.3833
90.372
91.319
93.1986
90.621
90.5469
91.6476
93.4172
95.0939
92.2776
92.3607
92.7081
94.4153
92.0254
91.3668
93.2796
92.0579
90.6377
91.821
92.9144
89.4978
93.2459
90.6833
88.0485
89.5216
90.4888
93.7682
91.84
92.8749
90.6574
94.1289
94.2584
89.5328
91.8737
94.9082
90.9908
89.9047
92.0293
90.955
91.622
92.0418
93.0237
91.9042
91.0095
92.4931
95.7509
87.5971
91.3513
90.4477
89.4448
91.5172
94.807
92.1537
90.5065
91.5126
90.1777
96.6759
90.8743
94.2152
91.0631
91.0569
92.4522
92.2471
92.4658
93.2111
94.8879
93.3743
91.1075
91.3426
88.8183
91.9153
90.8984
92.4507
89.9208
94.2852
90.4143
87.8565
93.1531
91.3152
90.4709
92.1967
92.4459
92.4805
90.8744
90.1814
91.2611
92.6581
91.7497
89.8805
92.7348
92.5776
92.1144
92.538
92.3336
91.7099
90.4408
89.8809
92.6402
91.5563
89.7543
89.4097
93.3756
90.7395
95.6045
94.4704
90.2882
92.9747
90.751
91.4358
91.0158
92.0944
92.7398
89.1435
93.9791
90.4869
92.9724
90.2357
93.9233
90.9284
96.3767
89.0213
94.1608
93.7896
89.0894
92.1697
92.4977
92.1045
92.8868
90.4333
93.4785
93.9337
93.7366
90.7586
89.4775
94.6219
92.0852
90.1625
95.7086
90.13
92.7304
92.2174
90.3076
92.3569
92.7067
95.2215
91.1776
94.5552
91.4408
90.6659
91.3028
92.2011
90.6972
92.6518
95.2393
92.9963
88.1451
90.3638
91.5779
90.0328
90.0668
94.1811
93.6564
95.1694
92.441
93.2444
92.4888
89.3807
92.8161
88.1265
92.2344
92.6056
93.5404
93.1696
91.6966
91.6936
92.566
93.3815
91.1618
93.0509
90.9723
90.0535
94.172
90.5704
94.5909
90.767
90.6302
90.6941
90.2003
90.5792
93.7527
90.4369
93.5088
92.8883
92.6561
89.9438
91.9259
93.1307
91.6269
94.454
92.5178
89.8372
93.7348
90.8062
91.5467
91.2793
92.0406
91.1255
92.2954
92.8626
91.5904
91.2743
93.3338
91.1516
89.4566
92.9076
89.9585
91.0034
91.5172
89.9434
94.3708
91.5661
93.5355
94.7601
94.291
92.7671
89.1289
92.9441
91.0529
91.5197
91.4641
93.6054
91.6307
92.7047
95.3899
93.426
92.5555
94.4951
87.0059
93.4435
93.3016
90.3951
93.2472
91.774
89.7757
93.9649
87.3551
93.5348
91.7988
90.2858
93.9291
93.5754
92.2564
89.3321
92.0604
88.4508
92.9342
94.2929
93.7011
92.567
92.4042
92.7841
92.7714
91.8127
94.1239
89.6156
91.3732
92.0905
90.5607
91.6555
92.2775
92.4823
96.4987
93.7969
91.3676
94.1931
91.7087
94.3031
95.2505
95.1827
93.3683
93.5536
94.0729
92.2892
92.7608
91.1854
92.5172
93.5915
91.336
91.7118
93.1593
90.2705
90.5977
91.761
92.6829
92.1753
91.5165
90.2643
92.3496
90.2407
91.6212
91.973
92.2508
93.2639
91.6098
91.344
90.6775
89.4264
91.2394
90.6393
91.4319
94.3665
93.3357
93.2744
93.1486
90.635
90.2686
91.0918
88.9599
92.1609
89.9603
91.5839
92.0318
94.3026
93.5895
91.3909
92.4752
91.5843
94.8488
93.2046
92.5383
94.716
96.3016
92.9921
91.9038
92.1502
93.4
92.4519
92.9698
91.6065
93.5992
91.4995
94.243
91.4051
93.9867
92.1529
94.1318
92.0138
92.6597
89.6653
89.1332
90.8867
92.4757
92.9259
92.063
94.4362
92.3193
92.6476
91.983
89.2591
91.1866
90.2409
92.5043
92.8976
91.8375
93.2881
90.3632
92.9397
94.4351
91.6037
90.8741
88.9998
91.7032
90.2332
93.3443
90.4232
90.6554
94.776
91.7989
93.3482
94.4157
89.5507
94.1116
91.7965
93.6164
94.8807
93.6808
91.233
89.0233
90.0386
89.2126
91.7936
93.5363
92.1768
93.8341
94.5533
90.5626
92.5601
93.1495
92.3667
91.0952
94.3739
91.6611
91.9013
91.2703
92.1097
92.3393
88.3464
92.3715
91.0978
91.8571
92.216
89.3631
93.9118
94.6161
92.4012
89.1086
92.433
92.1306
92.5288
90.6472
92.221
93.0194
90.8405
91.7322
93.5
93.3794
90.366
89.6753
88.5708
92.8869
93.2538
89.7116
90.9257
91.7112
92.0296
92.7882
94.386
89.0448
91.2826
92.4393
91.993
95.0496
92.0722
91.322
91.567
90.3226
92.2092
90.3916
90.7063
90.8452
92.1629
90.6708
92.4371
95.7276
90.7569
93.3791
90.4246
92.5822
92.5698
88.6839
92.7879
93.297
90.7275
91.6188
92.4854
93.0243
94.0776
89.4989
94.4915
91.2173
94.2931
92.2574
89.5869
91.7702
91.9007
92.7867
92.294
91.7382
92.6925
92.4387
93.9996
93.417
93.0941
89.3898
90.2003
91.1982
94.3697
91.762
89.0238
94.1777
90.8545
92.758
90.4825
94.0503
91.7741
93.1751
93.4516
90.9127
94.2292
92.905
91.3493
89.6811
91.0553
95.2156
93.3927
91.4092
88.7549
92.0269
93.202
93.5847
92.5236
93.4808
90.1308
92.8259
91.6877
91.8918
93.5718
92.6883
93.8295
92.7064
92.0701
93.5694
95.4888
91.2857
91.4889
92.2
92.5136
90.6184
96.4501
90.5332
96.239
92.7877
92.303
90.9544
94.4083
90.2798
94.4732
89.4501
93.9723
92.4339
92.6016
90.9888
92.1802
93.655
94.3964
94.5901
92.2002
91.0012
93.9091
90.995
92.3881
91.1976
93.0941
91.7821
94.1833
93.5906
95.1099
89.8131
92.3327
93.8093
93.6692
93.3612
93.0498
88.0068
91.8542
90.3878
91.7419
93.5778
89.2433
88.2323
93.6626
88.8551
90.7778
91.8395
91.8511
92.796
94.4617
90.2118
87.7097
91.5901
92.7702
93.9862
89.9699
92.8095
90.2816
92.0431
92.3742
92.3914
91.4025
93.5881
91.4255
93.5504
94.1179
90.4475
91.704
94.0809
93.0061
91.3622
92.3393
88.5242
93.0147
93.2874
90.8126
92.7765
90.2705
91.7001
91.2063
93.0845
93.2328
92.5318
91.0646
92.6889
92.451
93.1896
91.7009
91.3898
93.2182
93.0453
93.7647
91.4372
93.3521
89.8342
93.0642
93.7753
94.3495
92.4123
92.4786
95.838
94.4976
91.979
92.7243
91.0223
94.1209
91.9496
90.7235
92.779
94.2077
89.8226
90.5121
95.1455
91.5892
94.0129
91.1971
91.859
93.5269
95.4781
92.9319
92.0428
91.4882
92.0736
91.4048
93.9547
94.7232
94.0395
93.3846
90.7882
91.9059
91.5726
92.4477
89.9215
94.8781
94.5627
91.8124
94.4256
91.8611
91.3808
93.8934
91.065
92.0363
92.025
92.0564
90.988
90.7563
93.9646
91.7588
92.2749
89.9844
91.9191
90.9683
92.0012
92.9832
92.6123
93.2704
92.0084
95.5408
90.7208
91.7075
93.664
90.2767
93.8874
95.5221
88.5255
91.6237
96.892
94.4514
93.2305
94.9923
92.1714
89.0768
94.5511
91.5366
91.6985
93.7857
89.9161
94.7615
91.2032
90.3244
95.0247
91.2979
90.505
92.002
95.1069
93.3776
90.0002
92.0686
90.6059
91.5248
92.3793
95.7792
94.5154
92.7955
89.0269
88.9428
91.9274
93.6592
90.5629
92.2946
93.9876
91.1004
92.7193
92.123
93.3865
91.1345
93.8458
89.5303
94.4076
94.5014
93.8756
90.6614
90.486
94.9969
93.822
96.0009
93.1364
95.336
94.182
93.2382
92.0937
90.6972
92.2693
92.1256
92.6237
92.8801
93.7973
94.741
91.1311
95.6099
91.3239
95.1917
93.822
92.6526
92.2566
90.3822
92.8755
94.8286
91.5864
93.6641
91.8568
94.6362
87.4545
92.048
90.8507
88.5559
91.388
91.587
90.1204
90.6934
89.7731
92.6371
90.7535
94.5992
93.6858
92.6669
94.3495
93.3076
92.1596
93.4375
89.7101
93.2577
90.9352
94.5211
92.1634
92.0058
92.0584
91.8928
93.7718
91.5937
91.4213
88.1294
91.5786
91.9025
89.2669
96.1782
95.4459
91.8811
89.9885
89.2529
91.8789
92.5495
92.1574
90.6795
91.806
94.0457
94.9306
95.9869
90.6798
92.4036
92.0223
93.415
90.913
94.9982
93.241
89.715
91.5635
92.5677
95.4314
90.4694
89.912
91.7495
94.9869
90.7179
91.9238
91.781
91.1608
91.4896
91.5872
92.068
91.4457
91.413
92.0246
92.5595
93.2368
93.1097
91.5737
91.83
90.9634
91.3217
90.1395
91.9321
90.5068
91.6961
91.514
94.3407
93.2758
93.058
93.537
89.4423
90.7249
93.8237
91.7282
95.6172
95.6343
94.8468
93.2189
91.5623
88.9673
91.5061
92.9606
92.6824
92.2985
92.2977
91.1698
93.2981
94.7456
91.6107
95.4847
94.3995
93.4187
92.5164
94.1564
90.4425
92.1632
96.067
93.4625
94.3175
93.2428
94.5216
91.6236
90.7279
92.144
91.3772
95.6653
91.7442
95.2954
88.6394
92.2574
91.3776
93.1857
92.4418
92.0184
92.3367
90.1981
93.6431
92.4159
89.7069
91.789
92.1211
91.7749
94.0587
91.282
91.854
90.3613
92.0746
92.8545
92.6916
89.5186
91.9946
93.1788
92.527
90.3209
93.9284
94.8583
90.1421
94.1415
90.9782
94.5525
89.2691
92.5171
88.5455
91.5163
91.1034
90.7778
90.6182
91.3051
91.3036
90.6997
92.8388
90.6083
93.6628
92.5082
92.688
92.8571
90.4347
92.2974
94.4246
96.5425
87.2157
94.6143
92.4015
93.4961
93.9961
90.1249
92.4016
91.5076
92.9631
90.7428
94.9487
91.8284
88.4614
95.3641
90.7701
91.7672
94.2748
91.0693
92.8348
92.592
91.9989
90.0856
92.2827
90.2992
93.9625
92.9178
91.6423
90.5574
93.7461
91.2567
90.1864
92.1675
93.9749
93.7301
92.48
94.6329
92.3073
89.5109
91.6794
91.2878
93.9206
91.0664
92.2518
94.0269
92.6874
89.6888
91.3414
92.5759
92.8447
94.3646
96.5228
89.2569
90.6988
89.9179
91.6356
94.3573
93.5829
92.7626
95.0271
91.1704
93.5748
88.0359
95.5318
94.3592
90.9847
94.7981
96.2415
91.2451
91.5874
92.2002
92.209
90.6742
91.7556
94.1596
88.7922
92.9235
89.6795
93.4264
92.1596
91.2427
87.886
93.2906
92.7539
89.7295
92.0388
90.7584
95.5397
91.7945
92.0909
88.0663
92.3531
92.1682
93.8465
88.5581
92.449
92.1524
89.9246
92.5196
89.5295
93.7882
93.4833
92.202
93.3233
91.0717
95.7051
94.5303
90.2349
92.3786
89.5212
93.397
91.4166
89.2696
90.4997
92.577
93.6293
92.9578
91.8968
90.8698
90.1149
89.3206
92.2223
89.3314
93.1418
93.399
93.1182
93.6928
94.8254
94.7979
90.8473
92.2521
96.5946
92.2704
91.4031
90.0551
94.4666
90.185
92.5051
92.5681
91.2448
90.3918
90.4364
91.7225
91.5293
93.073
90.8787
92.3451
91.6
90.6895
89.3407
95.0822
91.0826
89.5384
93.2571
93.0085
92.7224
96.6056
87.6994
90.2309
89.1285
89.6069
92.4194
90.0646
90.1877
94.3767
90.8877
92.9061
91.932
90.8015
93.5478
94.8242
89.0696
89.8243
94.4819
95.2794
91.1446
92.5406
94.5463
92.9059
91.858
94.4599
91.6617
91.7214
92.3191
92.232
92.7529
92.8773
94.3102
90.5352
89.9723
92.0196
92.0136
91.5807
93.2518
90.8239
92.9495
92.3609
91.7967
93.3791
94.1456
93.1334
92.0123
91.2901
93.9202
93.6126
89.6908
91.0437
93.9266
95.5421
91.9838
92.3221
92.8579
91.6687
88.564
93.2464
91.8941
91.5208
91.3801
91.7482
93.5585
93.2074
94.7024
91.0737
91.4693
93.9274
92.3767
89.4912
91.6485
94.3627
90.2533
92.1031
95.2936
92.609
90.6617
90.7155
94.0335
95.6425
95.327
90.1026
91.6204
91.9733
94.56
95.0889
90.915
91.9861
91.4113
91.8141
91.2435
91.7335
92.3331
90.1202
92.4928
90.4908
94.5972
88.6019
91.5706
93.4081
91.1083
90.9534
90.9233
89.1028
90.9638
91.3955
95.7097
92.2798
92.2185
91.0437
94.5418
93.6166
91.4723
93.5519
91.2111
91.5476
91.3344
91.062
93.1409
92.3309
94.486
91.5761
92.9517
91.9036
89.6456
91.6585
92.5838
89.2932
92.1306
91.4571
92.3799
92.3448
93.6477
94.633
93.2922
93.1706
90.4356
92.6515
93.7409
92.4385
92.4903
91.6264
93.4885
89.3769
92.8094
93.3992
91.8163
91.6059
89.1656
96.4004
92.3134
94.9244
93.1056
94.1747
96.8532
93.8394
91.9405
95.5269
92.5822
90.094
92.8932
92.6851
93.915
91.9304
93.1823
90.1764
90.5701
91.2474
94.0905
91.7361
95.4041
91.0603
93.9524
93.5938
90.4828
93.9747
91.869
91.8384
91.2278
88.8976
90.9999
96.7859
91.1801
90.3202
92.1855
93.1909
91.9956
93.008
91.5334
93.1616
92.597
93.1798
95.4116
90.7948
93.7384
91.831
91.8737
94.2971
90.9391
92.2494
89.4107
91.2896
92.2059
92.6691
91.5888
93.3955
92.6592
93.6702
92.1417
91.3738
90.8046
90.9934
94.6327
92.7162
90.4626
92.3959
92.3761
92.6442
92.1338
92.1595
92.6876
92.8712
91.0538
92.8222
91.8465
92.4488
92.7494
93.7403
93.1015
87.315
88.9687
92.3369
91.4836
90.1861
93.423
93.6472
91.5626
90.9464
91.4714
92.5159
91.8898
90.1172
90.5959
88.3016
92.5375
91.2141
93.6961
88.6687
89.7252
88.7991
93.4238
93.6396
92.3076
94.9234
93.0096
92.8621
92.8543
90.8918
88.3735
93.2466
92.512
90.038
92.8649
94.5464
90.6165
90.8081
91.6496
94.3324
90.8143
94.4571
93.1868
93.5472
91.2487
92.745
94.5874
90.4093
91.4073
91.1464
91.4347
91.3397
93.8328
92.77
94.1985
92.2814
88.9321
89.1364
91.8723
91.7756
91.6378
94.1386
88.8819
92.3001
90.0574
94.1551
91.0314
93.1462
93.6562
91.6029
93.3443
90.6675
91.5518
92.7461
91.1695
93.9768
91.0108
93.9421
92.3873
94.1914
95.5975
95.122
91.5657
91.4428
89.7835
91.1609
92.1172
91.0783
92.7047
92.7668
93.0738
92.7643
89.9875
94.4283
90.8375
87.8963
90.8443
92.7144
93.3871
89.5378
90.5862
92.3461
95.3198
91.5671
92.9746
93.1812
91.5457
91.8608
92.4917
92.0887
90.5112
92.4382
93.0262
92.6129
93.4307
91.6029
95.9498
94.3055
93.6661
93.1132
89.4801
90.0108
95.5911
89.4498
91.2911
92.4353
91.8971
92.3306
92.7051
92.0299
92.4886
93.0442
93.1741
90.1446
92.3816
91.5284
93.4838
92.3882
94.3754
93.9231
91.2283
93.2402
90.0834
91.0588
90.7062
91.1709
94.1577
93.0523
92.3628
93.3679
91.0718
94.3498
91.0506
89.3806
91.296
93.5843
94.0706
92.8857
91.7042
92.6369
92.277
89.6008
92.7217
94.7522
90.1176
90.8036
92.2756
88.8109
93.0252
95.9996
95.1294
93.2311
89.7752
91.101
93.4966
92.4553
89.8934
88.6058
92.0695
90.9008
91.4683
91.1751
92.1404
90.3211
92.3233
91.2449
91.7503
90.8896
93.7425
91.2085
92.4819
91.2234
92.3126
92.1606
94.7143
94.1572
90.0692
91.185
91.1812
92.4586
91.9953
92.1897
91.0355
91.9693
92.1838
94.3259
94.9609
92.6055
93.7488
92.0789
93.0247
90.8021
90.8637
91.3674
93.0274
91.7242
93.531
95.123
92.8853
92.9545
90.5814
91.7811
93.8318
93.3411
94.3462
87.7519
92.1012
94.7254
89.8329
91.6026
93.964
93.8892
91.7165
93.8478
92.582
91.727
93.7546
93.4443
92.9408
91.7762
90.024
92.9358
92.6637
90.7901
94.1666
93.0478
92.1656
93.7155
95.9455
95.8662
92.1704
94.4616
92.1934
88.8058
95.5149
91.3866
90.1349
92.7908
95.1271
89.6066
92.4035
91.7173
89.846
91.0714
89.5308
94.305
90.4096
94.1251
94.6695
90.7646
90.5031
91.609
91.7207
91.2672
95.1842
92.138
92.4874
92.9808
93.7578
92.0248
91.8034
92.7286
95.5207
91.4743
93.7557
89.4671
95.1868
92.4556
92.0903
93.7332
91.5726
93.2171
92.0718
93.5054
93.6697
91.1362
92.5766
92.0076
93.3008
90.816
91.7143
93.1208
91.5661
93.6217
89.4417
92.6822
89.8227
90.4648
91.1954
94.3687
91.5566
94.8243
91.2585
92.6475
92.6617
91.7377
88.5189
89.8839
91.1646
93.7215
91.8352
90.6404
92.4396
91.0776
92.5559
90.4117
94.1161
94.6317
90.3617
91.0561
91.9933
91.8835
90.7632
91.4239
92.5498
93.0603
92.6014
92.5295
89.2393
91.0652
92.7973
87.0918
93.4305
91.5229
90.8279
92.6183
93.0108
91.0834
95.1085
91.2747
93.4243
90.2041
92.1868
92.6156
91.8263
92.8658
94.2423
90.9609
92.0194
94.3479
92.3293
91.7432
91.0182
90.6173
95.7264
90.072
91.9065
92.0189
93.486
92.6421
93.5798
92.3174
92.1593
93.417
94.0303
92.4978
91.2266
95.0746
93.74
91.5037
93.5931
93.9288
88.0405
91.2546
90.2722
93.2655
93.8065
95.578
97.2219
96.786
94.4678
87.6218
91.3986
91.2839
93.2073
95.0715
93.2224
89.9236
93.2107
91.3207
90.5779
92.713
89.2624
94.5526
90.9645
91.7471
91.1751
92.0708
92.3677
90.7938
90.6007
93.1936
91.8127
92.9598
92.585
92.9125
89.8211
92.3498
91.2527
91.3728
92.0594
92.9326
88.7853
93.9249
90.4329
92.4869
87.8893
93.4914
90.6666
87.8559
88.1197
93.2455
93.4596
93.1817
96.3733
90.7598
94.1407
93.7572
90.3139
92.5921
94.787
90.733
94.2055
91.0674
93.4995
93.4496
94.574
91.1561
92.5869
95.2259
94.2166
92.5101
91.0132
90.5834
90.9389
90.888
93.7531
96.499
92.5823
94.1549
91.5081
94.171
93.0623
92.9107
90.9301
89.9982
91.2292
93.799
89.8744
96.822
93.0717
91.7627
91.145
91.3556
91.4706
93.7731
89.9257
93.5815
93.7808
91.293
92.6024
93.6036
93.6591
92.601
92.3878
91.7532
87.085
92.8861
87.9802
91.8108
90.7756
92.5805
91.9934
91.6305
91.5072
94.4375
91.9689
91.1129
92.3651
88.5322
91.8956
93.2507
93.7574
92.8117
89.7116
93.2683
92.5382
91.1611
89.9742
91.7966
94.7062
92.0868
94.3108
90.6234
90.6903
89.4159
90.6722
94.6506
91.6097
90.0223
91.344
92.3417
87.8529
91.4877
93.0784
90.8904
91.627
92.5233
87.7641
93.8878
95.0201
90.5493
93.7854
90.2639
92.9114
92.209
92.0302
92.7782
93.1362
92.3389
94.8015
90.9141
91.295
92.3707
91.2981
93.6105
92.7104
89.5372
92.2409
91.6802
88.8664
91.6129
89.6849
94.5795
90.7851
91.0714
90.2621
92.1008
95.5455
91.6753
88.2128
88.5155
94.2497
93.1903
89.0774
92.0831
92.0137
92.2451
91.9929
91.4529
94.9863
91.3154
87.9089
90.0539
91.7677
92.5939
91.1364
91.957
94.3338
91.8427
88.3443
93.1821
89.5872
92.0942
91.1449
88.2526
93.5139
92.4264
93.988
92.7759
91.5463
89.6019
90.7064
92.2293
94.8026
90.8981
91.6368
90.6423
94.8439
93.5195
91.0481
93.9582
92.8943
92.3999
90.0645
91.3136
90.7738
97.4862
89.6813
91.5569
89.9326
92.8596
90.2364
93.3529
90.7947
92.6177
92.2202
90.9276
90.8696
93.1309
90.0183
92.2136
94.468
90.3873
93.558
93.8511
89.703
93.5497
94.9816
88.7908
93.6818
90.7822
91.8686
92.6318
90.5188
94.1452
93.324
94.7315
93.0866
93.0873
91.1641
92.8766
90.6998
93.305
92.9214
93.5184
89.9108
90.6235
92.5667
92.4624
91.4713
92.0008
91.669
92.4875
92.7292
92.9668
89.0721
93.2717
90.6334
91.3647
91.4264
89.919
91.9139
89.9627
92.6848
93.3343
92.6141
91.0786
93.1383
91.607
89.382
88.7017
92.7897
90.2775
92.4026
91.5477
91.4706
89.9227
92.9206
90.2869
91.7851
93.6748
91.5911
92.6121
91.2115
93.6549
92.5595
92.0337
92.3381
95.2145
92.0285
93.9562
90.2331
93.6103
93.1325
91.533
93.3023
90.7427
95.2482
91.5725
91.777
92.4588
92.0756
92.6305
90.4072
91.4135
90.778
92.3416
92.4647
91.7623
92.9914
92.0744
91.874
92.2056
94.9332
93.531
92.9817
89.3944
95.2078
96.4403
92.769
93.0982
93.2588
92.1808
91.4197
92.2433
92.4759
90.4311
93.1229
92.4606
94.6765
93.6149
93.5807
92.4402
91.3409
91.4719
91.0807
87.8385
93.8529
93.4463
90.8487
94.5011
92.5695
94.6161
92.141
95.3195
91.0763
92.3263
93.2402
90.4019
94.9224
91.7872
88.9854
92.2868
92.5177
91.2624
92.6981
93.9463
93.4463
93.0292
90.1575
91.0056
93.4629
92.3341
89.0043
90.0169
89.0613
92.8753
92.4162
89.8551
93.2217
90.1703
83.7725
91.1878
92.5126
92.1363
94.6831
90.327
92.1639
92.8476
92.5833
94.3711
89.3884
93.315
92.8729
90.8212
90.2898
92.6531
92.6655
93.0803
93.1239
93.0317
93.2796
91.3156
90.7322
89.9222
95.2314
93.9192
93.8653
92.4719
91.9291
93.5367
86.678
93.8856
90.0696
93.1471
88.4664
93.6048
93.5831
93.8774
88.7646
90.5658
91.864
93.6966
91.4929
88.0705
93.0795
90.9031
91.3239
93.888
93.6852
92.3734
94.3305
93.0878
94.1721
91.1666
93.0931
94.4944
89.9497
91.6617
88.2046
92.4072
91.3971
89.9034
91.6043
93.587
88.3253
93.1782
93.8019
90.0232
97.0686
90.3221
89.7651
92.1628
92.4048
93.54
94.785
91.7
91.228
95.0839
93.8488
89.4967
92.7619
94.6411
91.3446
92.0859
91.0188
92.3376
93.6335
92.2024
90.6824
90.3005
93.997
93.8098
91.9685
90.3109
93.5201
89.2583
90.8564
88.7518
90.2641
88.9867
92.8053
90.6108
90.7353
92.2528
90.8076
93.0196
89.74
90.8094
92.732
91.4242
89.6134
92.9761
95.6097
89.3387
94.4512
89.4253
91.7603
92.788
92.1989
91.3669
92.1376
92.715
94.166
90.7898
92.8876
92.3593
89.9509
89.1651
93.2114
93.0972
91.6651
90.7766
90.2969
93.4917
91.0186
90.1497
93.859
91.9635
89.9359
90.7101
94.3259
91.4334
90.812
89.3449
91.3387
90.244
91.6077
92.5987
93.2912
93.4106
89.5432
90.2919
92.6431
90.415
91.9615
91.1169
93.4976
92.9623
91.8876
91.7007
87.5504
90.6288
91.7566
91.2436
92.2518
93.1106
92.844
96.0082
91.9863
90.8345
92.9061
94.046
94.5219
90.7938
91.6439
92.4894
95.2681
91.6259
94.0916
92.8336
91.9481
90.2928
93.3751
90.9634
92.2076
93.7499
92.5522
92.2174
95.3984
92.5504
89.9714
91.8299
89.8656
92.3269
91.4406
91.4786
94.3662
91.547
88.8037
91.0321
94.9983
94.6352
91.6933
94.0595
94.6327
90.5329
94.7029
89.3043
93.3478
90.4676
92.2112
90.8369
91.0563
91.2712
90.2939
95.8714
93.8937
93.869
93.8609
91.9315
91.1278
89.2899
93.2144
93.7965
92.3678
88.4668
88.846
93.3783
90.1557
90.5179
92.8159
96.0706
93.833
89.1005
92.0432
92.452
87.1465
93.8064
91.6012
94.0976
90.8316
91.2081
93.1469
92.845
92.3967
90.6426
95.0609
89.0119
94.5594
92.6805
91.2819
91.1955
93.6678
90.3274
94.2955
94.7083
93.8427
92.5674
95.6238
90.4278
92.6262
93.0171
91.5711
91.9788
91.597
91.4793
92.0715
90.0435
92.5065
95.8822
94.8146
94.2785
93.351
89.206
92.7554
97.0561
93.8988
90.6481
93.2921
91.8228
92.7573
92.2954
92.7697
93.087
94.5018
94.8256
91.1459
89.9901
91.3822
90.6167
89.8426
95.5816
93.4168
93.4982
90.0979
94.8051
92.6598
93.0234
94.1942
90.5942
94.1668
93.3716
96.5491
92.4707
89.3909
91.351
93.611
91.902
91.247
90.5701
93.9754
92.7672
91.6705
93.3458
93.1836
92.2598
90.0889
91.1464
92.1663
92.1095
91.4861
90.6403
91.6106
94.7135
90.8044
93.19
92.2243
92.9495
92.5965
92.5695
92.01
89.117
92.3413
91.2001
91.9407
89.9403
93.2933
92.7107
91.5749
93.5521
91.0892
95.3601
92.8844
94.4645
94.4445
93.273
91.1684
90.8328
90.865
93.8393
90.7518
89.4994
92.9085
90.507
92.9476
93.1856
90.1734
93.774
88.2635
88.9361
90.8217
94.1329
88.9031
90.9453
92.5759
94.0601
89.4461
95.5247
93.0782
95.0661
90.2115
92.3207
91.6248
89.8729
89.6296
89.3995
91.2764
93.1307
90.7843
90.5185
91.9452
92.3771
93.0731
93.307
91.9851
93.9442
91.4178
92.1883
91.7364
93.5531
90.948
92.5817
89.3202
91.8798
91.8443
91.6534
91.1671
92.401
93.2505
92.1723
93.2835
93.8726
90.7877
93.5901
92.7585
91.4873
92.0708
93.2509
91.8763
93.9311
92.4759
90.7685
94.0453
88.2634
92.6267
91.7287
91.427
90.4076
92.5355
91.9748
91.6053
91.3028
93.2919
89.6226
91.6987
91.7676
93.6885
90.6304
93.2891
92.9907
92.7203
91.3539
91.5321
92.0924
91.4136
94.6103
90.7765
94.803
92.9913
92.3437
94.3549
93.3657
94.0252
91.677
93.9067
93.2673
91.5205
91.4503
93.5353
92.0372
89.4198
93.1895
93.0907
92.1058
90.3498
92.3472
89.8834
89.0617
91.4295
91.6373
93.336
92.7007
92.5523
93.0837
92.7211
93.6878
91.5808
91.7722
92.4395
87.9717
90.5514
94.4467
94.2179
91.9583
91.8905
90.9022
91.2825
92.5598
92.1824
94.4995
90.1703
96.5673
96.7974
94.0618
93.0602
89.9752
92.8971
91.1797
93.3426
94.0213
91.7326
89.6859
93.7103
91.7317
89.6143
90.9144
92.008
92.3757
92.5094
89.7173
90.4224
92.4627
94.5112
94.312
93.9954
92.9445
93.7772
91.664
91.8075
92.4235
95.3046
89.0843
92.0619
92.2323
92.632
94.2892
90.7644
91.6253
90.0919
90.4609
92.8715
94.6172
89.6853
92.3359
90.0916
91.2534
89.9273
95.2995
90.8519
92.7896
91.6982
95.7351
92.0167
94.759
92.0316
93.6122
90.7602
90.7312
90.6556
92.585
91.0309
91.4092
87.4884
89.7903
93.7744
93.704
92.0567
92.2381
93.2342
93.3207
94.9414
91.9459
91.1201
90.3579
89.5277
93.0935
92.1446
91.9788
89.0144
92.3758
90.1621
95.1358
94.2273
92.8177
94.3625
93.037
93.6768
92.0912
89.5351
89.5761
93.2392
92.1627
91.1308
90.1111
91.3058
93.9517
97.425
90.0168
92.6734
93.9556
95.1364
92.3813
93.5645
93.0576
93.6365
91.4609
93.4413
91.421
92.2711
93.3258
90.6652
88.4657
91.3085
92.9407
92.5767
92.5346
93.3778
93.4194
93.4863
92.661
94.9229
91.0774
94.3579
92.229
92.5892
89.5499
91.2717
90.3172
94.4373
92.0445
95.715
93.1201
94.5396
90.1075
91.5968
96.1877
94.9939
92.0406
96.2447
91.344
90.9253
92.2768
91.271
92.0328
90.8612
92.7292
91.8513
93.8761
89.6309
91.5081
93.6834
89.813
92.5105
94.5934
95.9934
92.6949
89.8677
91.4203
93.043
95.6417
96
95.9836
93.6046
93.2783
92.5741
87.8744
91.0846
91.2112
93.4365
87.7666
91.0754
93.4373
93.5278
92.6682
88.463
92.5476
89.9055
93.4548
94.2151
90.5369
92.7022
91.527
94.9475
93.1558
90.6142
91.64
91.186
90.4081
93.1775
89.2836
93.6686
92.1102
93.4408
93.0211
92.6991
91.9318
91.6149
96.897
92.6783
91.1826
95.6902
93.4363
90.1595
93.612
91.2251
92.5932
92.6439
93.8279
92.9485
91.0977
95.8448
95.361
94.0565
93.2821
92.1567
94.5721
90.2733
91.3468
92.8434
89.2107
92.6983
93.5086
94.0188
92.2019
88.9029
89.4091
91.5729
92.7805
92.0628
91.9996
95.2481
92.5896
90.4002
92.4067
89.8585
93.982
94.1015
88.9598
90.7729
90.7303
94.1152
92.1811
92.9288
92.0756
93.0687
93.7337
90.5916
88.8115
88.7696
91.1895
93.2435
90.9945
92.2399
91.6046
90.501
94.848
91.6221
92.3044
93.059
94.7177
93.2779
91.6915
90.5594
92.7328
92.7657
90.6389
92.6822
91.8053
90.2467
92.5783
90.3871
93.7257
92.5266
91.0555
93.648
94.1194
91.8566
91.0365
89.2248
93.3595
92.6294
92.3121
94.6829
92.1162
92.1937
90.3815
92.2856
91.5188
90.2468
93.0886
93.0332
95.0673
93.8627
91.5954
91.3292
91.8348
94.0705
93.001
93.5618
90.3646
94.6301
93.3237
93.3997
91.9509
92.7135
89.3421
91.0093
92.6224
91.0043
91.7224
91.6737
93.8958
93.8518
92.8347
91.8141
94.1061
89.215
91.7154
89.0352
90.2377
90.8889
93.0648
89.8779
92.2995
90.0928
90.4183
89.6666
92.6921
91.1062
94.5868
89.9302
90.4789
92.826
88.7607
89.9366
92.1734
94.265
92.7529
95.3825
91.6794
91.1074
89.6322
94.7225
89.767
94.4697
93.8327
90.5705
90.0497
90.5615
93.6682
94.5259
91.8933
90.9189
90.0942
90.7397
91.4676
91.6066
93.6929
92.1753
92.7286
89.8957
92.573
90.7978
92.1418
92.6951
92.2517
88.7334
95.7469
90.2228
91.6247
91.3564
89.2417
95.8106
91.478
92.728
88.3125
89.4146
90.1871
91.8696
92.2496
93.0309
91.1553
96.4862
93.754
91.9829
92.9905
91.6232
91.093
95.3335
91.2624
92.7178
95.0032
89.3931
90.077
92.6466
93.9569
91.294
92.8926
91.9096
95.1159
90.8271
91.3667
90.3565
92.7878
92.7535
89.5174
91.9153
89.9198
93.4842
94.3271
90.0462
92.5855
90.8231
92.8618
95.62
94.2331
90.618
89.3183
92.0635
89.4611
90.9204
92.0451
91.1044
89.4426
91.1609
93.399
91.6537
93.8036
92.2166
89.7878
93.43
96.7069
91.9558
93.9368
93.3319
90.5123
90.9971
93.5908
89.9702
94.2755
92.4494
92.2404
91.2731
91.1348
92.1772
91.9334
92.5676
93.3943
93.4065
91.0291
91.4914
92.3335
92.1526
95.8418
93.1877
94.5763
92.6716
92.8128
91.6822
95.8811
90.9755
91.3927
91.6518
89.73
91.3421
93.386
90.693
93.2658
89.9021
93.0494
94.5277
93.7803
93.6688
89.7308
88.3021
88.4534
92.5547
89.9652
90.8755
91.6675
92.0576
93.0064
92.8555
95.4506
91.9329
93.0978
92.8669
93.6287
92.5475
90.8849
90.7412
93.063
95.6854
88.6672
91.4025
91.9947
91.7272
94.6379
92.4383
92.8398
91.736
93.4245
89.239
95.7997
89.6925
92.8357
89.0508
89.2561
88.0811
91.8247
91.0525
93.4376
93.5748
94.1509
93.4029
92.2364
92.8207
90.9098
93.208
92.3847
94.875
90.271
86.4021
90.8799
89.283
89.9483
95.0714
88.7922
92.9547
94.0115
93.9761
91.8097
92.7768
91.2666
92.6132
93.1658
90.1863
92.465
93.0285
93.9829
91.1767
94.1389
91.4821
91.1994
95.2917
90.7811
90.9243
92.1244
96.7423
91.7178
90.8872
94.2893
94.294
92.7704
91.5055
91.5272
90.5803
92.6975
91.099
92.6067
92.8071
90.6432
93.9173
91.6825
91.4313
90.6652
92.2877
92.7848
91.4848
94.3899
93.0801
93.4537
93.105
93.8096
91.9697
89.6781
92.0917
90.0146
93.0106
94.7474
89.5297
93.4508
90.1244
94.136
93.8977
92.4502
94.3167
94.2015
92.4648
93.5568
91.0715
92.6639
91.5615
88.035
93.7619
90.7965
90.8718
89.236
92.4762
92.428
91.2842
92.9033
89.1091
93.0707
91.702
94.2114
91.7735
91.2587
93.122
95.5185
91.5305
90.1516
94.8563
93.2218
93.156
92.2076
92.4056
93.8748
90.434
91.654
92.0666
90.7538
91.553
94.1353
92.6819
88.512
93.3907
92.332
91.5961
91.7257
93.643
92.6061
95.4984
91.2111
92.1794
92.1307
93.0211
92.7627
91.4688
90.2267
94.5574
92.2265
92.1561
90.8958
88.882
92.3913
93.1926
91.1473
91.4045
95.9095
91.3988
93.8467
90.8383
94.4081
92.1762
91.133
90.5425
91.3117
94.5793
91.677
90.0925
92.6109
88.795
92.2697
91.7427
94.0188
89.979
95.7659
92.9354
93.3249
91.2527
93.1711
92.0413
93.9425
91.753
91.4434
90.7433
95.2101
94.0563
95.3743
95.2552
93.8525
91.3831
89.7222
90.8007
92.5432
94.0079
94.9293
91.9565
92.0734
92.2143
90.4077
95.6649
92.2528
92.8334
91.5586
91.491
91.4606
91.2953
93.7268
90.6442
93.3201
91.3777
92.1829
89.4787
94.8037
90.5844
91.5694
92.4861
92.0779
91.1598
93.7633
95.1133
90.2908
94.3684
93.0543
92.9359
93.4845
91.4814
90.8726
88.4214
93.9085
93.4147
90.693
91.7513
91.2742
91.7116
95.0253
90.7703
91.7966
92.8968
90.5237
95.3063
91.5613
92.7091
92.2584
93.2257
90.0125
93.0551
94.268
93.1395
94.6198
91.3239
93.5073
93.2033
92.4376
94.9932
90.721
90.9459
94.6096
89.8773
95.7175
92.3632
90.6337
93.7626
94.3067
94.7845
90.8277
91.3393
88.3903
95.3333
93.6163
88.6141
93.1949
91.07
93.2756
89.8748
93.1047
93.4508
94.0742
92.3422
91.096
95.354
91.6413
92.6017
92.6922
92.7603
90.3362
92.6317
94.0067
92.3257
96.455
91.7379
87.7469
93.6017
93.9041
95.1511
91.6261
91.5426
88.928
89.5783
95.1036
93.4669
93.253
91.2386
91.2732
92.4979
95.0593
91.4206
90.643
89.9821
92.9385
93.2733
93.6236
95.5842
93.3823
91.8539
93.1957
91.5586
93.4834
90.093
93.3264
94.222
93.1069
91.3418
92.3853
92.7606
92.207
91.5877
90.4646
91.859
91.7557
93.0374
93.0771
92.5607
91.0415
93.1162
89.5606
90.3985
90.4567
90.1227
89.0192
91.3046
95.3322
93.3456
91.5507
90.5391
88.9873
93.2166
90.0442
91.7533
92.3242
92.5505
93.3429
90.2044
92.8077
90.7932
90.7077
90.5039
90.7851
89.1362
90.9698
90.6124
92.7352
91.0542
95.8008
93.4962
91.6402
93.6626
90.0709
92.3426
90.4784
92.9924
92.9549
93.0287
92.7035
93.4369
93.3549
91.9086
92.8754
94.7162
90.8556
93.3727
91.3405
91.4313
91.2676
92.604
91.173
91.8356
91.8397
91.4448
92.236
90.8967
95.0048
90.6451
92.2608
91.7483
90.7929
93.5521
93.243
88.6693
91.8991
90.1899
92.8566
92.2641
92.4003
94.4893
91.5015
93.3977
91.083
90.5751
91.3374
92.6425
91.146
90.2985
89.9682
87.787
92.5793
92.6177
93.2267
90.5777
92.3353
92.3359
94.1617
90.4693
95.4955
89.7534
91.6732
89.257
91.6075
93.5103
93.3518
92.4237
94.4797
91.8741
93.2224
93.508
92.1038
89.0699
93.9012
91.2851
91.2663
92.6752
94.1097
92.1561
93.5716
93.4317
93.1933
93.1533
91.8778
90.3143
91.412
95.3831
90.8993
95.3146
93.9992
91.5103
93.1968
93.2265
90.3372
90.5073
88.8971
94.3713
88.6644
94.3243
91.4287
91.9614
91.3947
92.5239
92.0989
91.8506
93.1533
94.1183
92.2176
88.5336
93.3364
91.8676
93.6091
91.7815
91.7269
90.6427
92.171
92.9612
91.5557
93.9019
90.5752
94.7569
95.5586
90.2547
93.7754
90.8472
94.7731
91.6933
91.8741
90.4916
94.8512
92.6537
90.3175
94.3147
94.4689
91.8126
95.7695
92.3935
91.0978
96.8712
91.5347
91.5803
90.0554
90.8932
90.4664
92.5247
93.5878
91.7319
90.6222
94.5064
95.3638
93.2397
92.9367
90.018
95.0825
90.8532
93.4481
93.89
93.9941
88.8839
94.6081
94.25
92.7455
91.4146
92.5513
90.0819
92.2034
91.3476
90.4488
92.5883
93.1595
91.6256
91.9486
90.8975
93.7404
90.6428
93.4208
91.2778
92.4768
92.646
90.0796
91.5707
95.5527
92.6002
92.6004
91.2536
90.4773
91.404
92.1479
95.4777
92.3364
93.2786
90.4503
92.7027
93.0552
93.2932
96.9091
92.6306
91.4953
92.7436
91.7901
91.8811
93.0067
92.4234
90.683
95.23
92.4937
88.9316
93.6059
94.9803
90.6325
93.8714
90.1695
91.5987
91.8847
91.9657
91.1654
91.4663
91.2386
91.787
91.6663
94.1059
92.7256
91.8881
89.8031
91.9375
92.7404
91.6195
91.322
93.252
91.9035
94.3677
94.0727
90.6709
90.0236
91.0399
90.5189
88.7274
91.0389
91.2847
92.3249
90.4485
92.0067
92.7898
92.2814
94.4465
92.798
91.2093
93.6487
92.7576
90.2206
91.7451
92.1762
92.1678
93.3459
91.1327
95.0175
92.6821
90.9675
92.5356
93.5893
91.3518
92.9128
93.1297
91.1113
89.5966
90.7871
93.3682
91.6848
92.1048
90.0261
91.4398
93.9772
92.4877
92.7106
92.2754
95.1606
91.8199
92.7784
95.1101
87.668
90.6208
90.5866
91.9152
92.4866
90.551
90.5792
93.5213
92.4574
93.4468
92.3684
89.1056
94.2175
97.076
89.2976
92.0767
92.7215
93.4629
91.5775
89.3731
93.1629
93.2702
93.4338
91.699
94.5626
93.5001
92.8453
93.7541
90.361
90.3293
92.0139
94.8912
92.9661
93.3632
93.5638
94.4303
91.9982
93.4628
89.6989
91.4996
94.6207
90.2241
94.2553
93.0952
90.7563
92.3303
93.7335
93.7339
93.7225
91.8615
90.4269
90.7147
95.3271
93.6009
92.7292
95.2976
91.9918
93.3675
93.1082
88.8667
94.714
93.033
89.7681
93.1582
89.3793
94.675
92.1968
92.2647
92.6768
91.6677
91.9286
88.6609
93.1533
90.2352
91.6973
90.7003
91.8048
94.0211
92.1365
95.1584
91.291
93.3381
94.0828
89.9846
92.7119
92.1381
94.0508
91.8278
92.5906
93.3021
87.3732
92.9911
91.2695
91.7309
93.1748
89.2833
92.5708
92.5754
93.3645
90.7063
93.9836
91.7714
89.9592
90.2052
91.1695
94.7206
90.2861
94.7892
92.8487
89.1773
95.0892
86.0067
94.0041
91.0501
93.3799
89.8693
90.8559
91.7899
93.3371
92.5161
90.7336
95.8474
93.1698
93.3204
94.1743
92.7479
94.1185
91.9643
92.716
91.8325
92.9234
90.5172
91.687
89.0241
90.7735
90.8075
88.983
91.292
92.0646
91.7195
92.9088
93.678
90.6352
94.5974
92.3978
94.5751
92.2209
89.7231
90.9269
94.3278
93.715
93.5547
94.3704
91.7321
88.5327
94.6912
92.7975
90.0648
90.9541
94.271
88.4504
89.4447
92.7795
89.1469
93.128
91.0631
92.8164
92.4358
90.8443
91.6496
95.0239
91.2561
90.5273
91.7802
93.9511
91.9304
90.4185
91.364
92.363
90.691
89.8086
91.9141
89.6475
92.6867
89.9773
92.675
93.1569
94.1891
89.0987
89.5664
90.9138
93.7314
91.783
92.3921
91.0503
93.538
91.5171
91.0752
90.4594
94.2527
90.3277
91.7368
94.8824
93.2492
91.8887
90.3323
90.9534
91.0483
87.9943
92.9092
93.2276
91.7294
92.145
92.0601
92.9847
93.0377
92.9111
90.8874
90.1174
91.4132
90.3386
92.4068
91.6543
91.5278
94.0637
89.9046
92.6842
91.0037
90.1712
93.122
92.0626
93.4234
93.104
93.8005
90.7682
91.6687
94.0088
92.0892
91.5617
92.051
94.5168
91.335
92.468
95.9142
90.3708
90.0262
90.0201
93.8974
93.1211
89.5415
93.8115
91.5911
91.1339
88.8306
92.2889
90.1992
93.5861
93.408
93.0264
90.1373
90.9801
92.5526
94.0667
93.5148
90.2012
90.4103
93.5488
91.1816
95.8504
94.4113
86.545
91.0038
90.5626
93.0495
93.624
92.0581
93.2033
90.9839
90.8866
91.9146
93.087
90.9276
89.855
91.4245
91.0948
94.1796
96.2135
90.6173
94.7037
89.9411
88.163
90.1191
92.2204
90.3961
93.724
93.458
94.8617
93.8348
90.7394
92.7953
94.2539
91.0813
91.725
91.2112
91.4492
92.3467
92.2723
91.8994
89.9325
94.253
93.6465
93.4504
93.6154
93.8426
92.611
91.8829
94.9898
89.9432
90.8338
90.4667
95.6341
91.8337
95.5614
92.6586
93.8054
90.1339
94.0359
94.3713
93.6207
90.0418
91.0512
90.1325
90.1361
93.1083
90.9529
94.4534
88.7206
91.1882
92.8545
92.8085
94.6091
91.4094
92.7163
95.6561
92.88
94.3523
92.8366
90.2018
89.6348
91.3446
92.8251
95.9263
91.279
89.9545
91.2658
89.6328
94.255
92.5808
93.5438
96.5134
95.2551
92.0783
92.0226
92.1418
91.1575
93.9139
91.0241
92.8736
90.9502
92.214
94.7312
91.5278
93.0508
94.0183
92.2072
93.3771
91.2913
93.2329
91.8702
93.4879
94.2174
90.2077
93.3325
92.3753
88.8305
92.1356
91.1762
94.3143
93.5152
90.0179
92.5088
89.7469
92.9713
90.8827
90.8465
92.5202
92.5272
94.1192
92.6924
92.7965
93.5114
93.7313
90.8389
92.6034
91.6415
91.0028
89.4924
93.8176
94.5338
90.3962
92.6708
94.1544
90.2749
89.7694
91.7629
90.4837
94.8879
92.8476
91.392
92.3855
92.6934
92.062
88.6119
92.7948
93.1043
93.2686
91.1002
89.9969
90.9538
92.4118
90.5387
91.7478
90.4158
93.8092
92.4361
93.4412
91.5512
94.1814
92.3319
93.6312
88.3327
93.6794
92.4784
93.1508
90.2812
93.1285
89.6696
90.6843
91.923
94.6446
92.5443
91.7543
95.7937
92.252
91.9131
92.6677
94.5181
91.0084
96.1338
91.2728
91.7887
90.162
92.7958
92.9679
93.03
91.9584
91.2275
92.7498
93.0642
94.499
93.8051
90.5101
93.8252
91.6722
91.2807
91.1621
90.9937
91.0363
92.0907
93.3795
88.968
92.2661
91.4538
89.7453
89.4163
91.4091
93.4851
91.3233
91.2369
89.8602
94.6351
93.9387
92.8664
90.3061
90.5079
89.6105
91.9447
95.8787
90.4628
91.1243
89.9119
88.821
91.027
93.3916
91.3375
91.8864
93.7447
91.2021
93.347
91.5916
95.0304
90.2203
91.0924
93.391
88.8751
92.6004
91.9509
92.6807
92.4067
94.5435
91.2058
92.8917
91.1747
89.5558
93.9692
92.9489
91.5918
95.0911
91.5789
94.2487
93.9758
92.3784
92.3592
91.6711
92.7123
94.788
94.6333
92.7495
93.7169
93.5061
94.0642
92.1068
93.7999
93.0817
92.7236
89.9209
92.5571
93.7587
89.2434
90.8325
90.4164
93.2719
91.7484
92.0657
91.5215
92.0664
88.6545
92.1864
91.9518
94.0638
94.1353
91.5261
91.8416
90.7373
89.3511
93.6166
91.1669
92.6047
91.543
94.4411
93.6084
95.4929
89.8918
91.6526
92.5353
89.7341
93.0517
91.5194
90.6517
93.1209
91.5881
92.5895
90.4032
93.7684
90.4763
93.9105
92.3922
95.7246
93.9992
90.3898
92.3834
91.5892
92.4338
91.2904
91.4404
89.4497
92.7966
91.6596
92.9282
89.163
92.7411
90.206
92.2486
91.212
90.7046
90.0001
92.813
92.2023
90.9748
91.8073
90.4667
91.4188
92.643
92.6107
92.5321
96.2203
93.6557
89.5746
90.6292
94.5608
91.6514
91.3219
92.2204
89.7572
95.2753
92.8753
94.0807
90.1755
94.6136
93.2214
94.6813
91.0701
92.8
91.6662
94.2497
95.4084
92.3103
93.0236
92.5056
93.1401
92.2878
92.0825
92.4943
92.6919
95.4441
90.5311
93.5668
91.4463
95.2698
87.7633
93.5284
89.3701
94.7583
91.507
93.8277
91.3209
87.7038
94.1282
93.0203
90.0198
91.6649
91.6569
88.4754
91.8107
91.2438
92.8463
93.4465
92.3
86.6333
90.2576
94.6337
89.3246
90.6593
95.2848
93.2081
92.9191
92.0041
92.0351
93.1629
95.5691
94.8183
90.7224
94.4286
90.184
91.3769
89.2526
92.3752
92.2078
90.3911
93.4326
91.6577
92.0331
91.8049
91.0347
90.8622
93.1465
90.9539
91.8417
92.3595
90.2961
93.3615
91.0235
90.0932
93.1613
91.5185
91.8967
92.3455
95.5466
92.4737
91.7653
90.8761
88.2298
92.6843
94.8075
93.6131
93.6122
96.0101
91.2415
91.7791
92.9337
90.9061
91.3138
92.2298
93.5251
91.1339
91.3322
91.4402
92.9129
92.529
92.6931
93.7106
95.3274
92.353
93.7509
90.4593
93.0668
94.0925
91.3391
90.9643
92.6528
87.7764
91.4694
91.4199
91.4939
92.4253
91.6301
91.8488
93.9958
91.4041
92.9944
92.4023
94.9171
93.2945
92.9458
93.9983
92.765
89.2805
92.9762
91.5638
91.4342
91.5418
90.1561
89.8872
93.5568
93.4152
92.6002
93.3379
94.9202
88.5095
96.6848
90.3905
94.8116
91.2004
92.7679
92.5124
93.4282
91.2246
92.4217
91.4027
91.7292
93.0434
93.2366
94.3333
89.9854
94.2789
91.5471
91.1456
93.4845
92.6496
93.2831
89.2644
92.3716
92.5211
91.7985
92.8582
91.0397
91.2897
89.9403
92.9226
89.7216
94.9084
92.5496
93.0171
90.7218
89.9272
91.8209
89.715
92.7547
90.4593
91.5967
89.464
92.4071
91.7215
90.8352
93.6128
90.0855
89.2742
94.0767
91.2682
92.0311
92.0028
90.8043
91.4698
92.6191
88.8135
94.8762
91.9433
91.9382
91.8791
91.2348
91.0643
89.925
89.1127
91.4806
92.2323
91.9488
90.6604
93.2014
91.1039
92.7287
94.8656
92.6661
90.765
93.0889
91.6162
92.9681
92.5064
90.1477
91.8006
92.9559
95.099
90.9417
92.475
91.7999
93.2398
94.6136
91.1315
94.3731
94.781
89.598
91.2486
91.8255
94.3935
94.0096
92.1461
92.0916
90.6884
92.6397
90.845
92.9833
92.4012
87.9431
90.7617
90.5501
93.8893
92.2604
94.4685
90.2741
92.8146
90.7791
89.6604
89.0723
89.1097
94.1323
96.2539
91.4219
89.2661
91.7907
93.2692
90.9203
92.5432
93.4417
94.7259
92.2886
93.5412
94.2836
92.8998
92.1007
91.671
92.0134
92.5033
90.5624
90.9019
91.7392
94.5352
95.0635
90.9513
93.4235
92.8849
89.5548
93.5077
92.255
89.6679
87.7335
95.5817
94.3984
93.7161
93.6231
93.3488
93.4057
93.9649
89.9971
92.0159
90.7283
90.9801
92.0955
91.4373
93.6094
88.8775
94.9265
92.7051
93.413
93.7366
95.7468
92.7609
91.5263
94.2331
91.6748
92.2392
92.2233
91.2579
92.3743
92.1986
92.7055
90.6575
93.5032
90.9651
89.7641
91.1961
92.1002
91.7396
90.8989
91.696
92.2034
90.4831
94.4761
91.7513
91.778
91.0282
92.1291
91.8185
93.8471
91.2211
91.3014
92.3985
88.7347
94.989
91.8132
92.6398
94.6825
90.5212
90.2373
92.7794
89.8484
89.2884
94.0598
92.4225
91.0452
94.2359
90.2429
93.0611
91.2333
92.4562
89.5555
93.1051
92.6334
94.0002
94.4182
93.3027
94.8037
93.6112
92.599
90.6612
93.9033
87.5242
93.3028
95.0201
91.5734
90.2003
91.5487
88.737
94.5792
91.7375
91.5515
91.307
94.7518
90.195
90.881
91.5012
90.8998
91.1144
91.7628
94.9675
90.2876
93.3357
92.5294
93.2326
90.8878
91.0432
91.7274
92.8614
92.1402
92.5019
92.086
92.2382
94.5258
96.3281
95.0503
93.7707
90.5259
94.6382
93.4302
92.6528
88.3841
89.2994
93.5697
91.0306
92.4775
89.5627
92.1233
94.5738
91.3822
94.8672
92.1322
93.1729
92.3744
90.6731
91.6413
90.7889
93.7126
92.7961
90.5651
89.6273
90.8163
90.0689
96.8157
92.8249
90.9789
90.4159
91.9365
92.1258
93.265
94.24
89.8956
88.7496
92.3789
92.4516
94.609
87.5425
92.4927
93.7558
91.8041
91.6051
92.7547
91.5775
94.6369
93.9301
89.8088
91.3305
92.1074
92.7205
93.1511
91.1268
93.5612
90.2514
92.0166
94.1476
95.138
90.9151
93.0842
90.1621
90.634
93.4329
91.796
90.2803
91.9839
92.6844
91.4028
91.9273
94.465
90.2555
94.0728
92.8631
91.7191
93.1594
91.2185
91.4437
92.0963
93.2507
89.5104
90.2373
90.4121
93.1719
88.6738
95.0696
92.9972
94.3309
90.3743
90.801
93.9318
91.3856
93.0945
92.7774
95.9805
93.7985
89.5536
94.5441
94.4206
90.8298
90.588
92.1042
90.2416
95.452
93.292
91.2794
93.2787
90.5298
91.9752
91.0578
91.6408
89.0482
89.8535
94.2772
92.3763
91.6043
92.1469
95.2955
92.9261
91.6768
90.1282
91.8199
91.8709
94.6405
91.0576
92.7464
93.7672
91.6108
90.9341
93.62
88.3493
92.6788
92.3194
93.2728
92.2077
89.4734
89.3791
91.0972
93.2072
93.5239
92.1172
93.7793
92.6317
92.6856
90.4804
89.9435
94.3872
92.9132
92.7671
88.7063
93.4603
93.2557
95.4667
91.6498
93.1259
90.7345
92.6339
92.3853
92.5575
90.6881
92.4037
95.5562
93.2104
92.3454
90.5525
92.0991
91.3027
91.91
91.9964
94.4388
89.083
92.2053
93.0547
93.9135
90.8905
88.6824
94.5906
89.7588
91.0363
92.6182
94.8304
94.0006
91.8173
91.2328
94.2342
93.8367
91.4744
93.6068
91.4703
94.4959
95.7612
93.6197
89.5224
88.9898
92.788
88.5535
90.6314
92.7864
93.4002
93.764
89.2091
93.1654
88.824
93.4955
89.8271
91.2458
91.9145
92.4724
93.5092
95.1435
92.1024
91.67
91.2623
93.6583
92.4323
93.5138
95.56
91.9355
85.2669
91.765
91.9608
93.9614
91.069
91.2414
89.3703
93.4994
93.0059
93.9337
93.1895
92.2898
91.4463
92.0793
92.8123
91.8448
92.8608
92.0787
91.6213
89.9478
92.9373
90.4196
91.8141
94.1577
92.3203
92.0502
91.7493
91.6807
89.8709
90.6781
93.4618
94.8256
92.9277
92.638
91.2704
92.5099
90.168
89.3992
93.7937
93.4511
89.5692
91.492
93.5056
92.5242
92.8657
90.3362
89.4309
91.8574
90.658
90.3033
92.6965
91.8275
90.6959
93.662
90.5619
92.3158
93.9293
93.8379
94.9831
87.5205
91.1038
86.181
90.8711
90.6497
91.4434
91.1472
90.6834
90.2743
91.214
88.961
95.6173
92.8397
93.394
91.0321
92.0138
90.686
92.7272
93.7128
93.4995
91.8949
89.4069
92.7687
91.9205
90.1587
91.1172
95.0824
90.2932
93.8135
89.7372
90.4912
92.8856
91.3944
94.6705
91.7057
91.2061
93.6865
91.9799
93.1682
92.2095
92.4452
89.9755
92.6692
92.5323
88.6986
93.0241
92.9933
91.4083
91.1525
92.5248
93.5214
91.9846
95.04
93.8659
91.3814
92.9116
91.5001
96.143
93.0634
89.1398
91.8121
93.8829
91.744
88.9541
92.4763
90.9931
90.5473
89.9195
90.5364
93.5986
94.5621
92.4188
93.0897
94.3548
90.8425
90.642
88.8169
91.0061
90.7446
95.4457
91.9004
92.0588
89.3703
94.6315
93.4998
91.8286
90.5864
90.5994
91.7988
92.8898
93.1833
93.8401
86.9041
94.357
93.5372
92.6296
93.4675
94.6816
89.8745
91.8423
91.6381
91.1285
96.9226
97.3025
94.5816
95.4117
92.0224
87.9303
92.5215
95.5518
92.1486
90.5777
93.9783
90.1272
89.642
91.4153
90.5481
90.0643
93.8143
90.3156
91.5859
89.4776
94.3682
90.4801
92.9219
94.1352
93.8782
91.6
92.6895
93.3159
93.9309
94.0797
90.2841
90.1411
93.1762
91.099
92.75
92.0665
93.1525
92.1003
89.4804
92.5037
87.8393
89.7452
96.8336
91.2463
89.6045
91.5359
89.2658
93.1411
92.8106
91.2391
94.1896
92.1661
94.7242
92.9015
91.5628
92.9932
89.3233
93.2719
91.2648
93.9425
89.3023
95.9173
93.0862
93.177
90.8801
90.6962
90.5981
92.9696
92.5761
94.8234
92.8324
93.2956
90.0621
90.8167
91.057
94.2084
94.0784
91.9911
92.6242
90.6862
92.6684
93.2199
93.2687
91.8383
92.0996
97.1986
93.1767
90.6702
91.1856
90.8007
94.6436
91.4458
93.421
92.3931
89.3524
91.3842
91.5219
93.0461
92.4978
91.4709
90.7106
94.6179
94.1099
93.0687
88.1889
91.0305
92.4731
94.6781
92.7644
92.9466
91.3117
92.694
95.3203
91.5925
93.6255
92.0613
95.4924
91.8842
89.0365
95.8821
89.7072
92.9861
90.8659
89.7751
93.0615
91.8224
90.0884
93.3377
94.0857
89.1057
93.3609
93.7225
91.15
90.3554
92.3956
95.0335
91.8413
94.1304
88.0549
88.7967
91.6528
94.2562
92.0683
95.6431
93.697
90.7126
93.8733
90.2411
94.6968
94.2163
90.2613
91.5745
90.1526
90.4306
93.8747
91.7654
92.5917
92.3523
93.1296
90.2894
89.438
91.0911
94.1309
88.2817
91.8034
93.5143
94.1164
91.8944
92.5985
92.5037
92.5277
91.7245
89.9042
94.2001
90.1468
89.0154
92.9548
92.082
92.7666
87.7038
94.2835
93.5338
91.6953
94.6582
91.0582
90.5749
92.8375
93.5625
91.5071
90.0451
89.1728
94.8747
90.4412
93.8348
91.6264
92.868
92.2996
89.2553
90.6516
89.6417
92.4724
92.3717
88.4976
92.404
94.9022
90.1192
91.8834
91.4577
91.693
90.1342
91.8882
91.4991
93.1451
92.8548
91.1916
92.6053
93.2072
92.4771
91.6266
93.6245
94.1809
92.392
89.4193
93.2747
89.61
92.987
92.2934
92.2806
95.2388
94.8072
89.0769
91.7667
92.0623
90.0748
91.5387
90.0069
92.8586
90.9203
93.3012
92.2418
92.0523
93.8587
91.8387
92.3111
92.466
92.7544
89.6843
93.7143
94.0558
92.814
93.1918
92.949
94.011
90.9772
92.7958
93.04
91.7568
92.3956
89.7467
93.6941
94.8314
94.2698
93.5961
90.8622
88.8398
89.9379
93.2448
93.6974
91.0663
94.076
92.2356
92.5754
96.1189
90.9547
89.1638
93.186
91.9212
92.0154
92.1896
92.3162
92.205
91.3086
93.211
92.8336
91.7441
91.0966
89.4173
90.612
91.8459
89.8296
93.027
93.6594
91.6242
91.395
91.8149
95.8435
92.5425
88.8481
91.6543
92.6134
92.4819
89.448
94.2062
92.4799
92.7419
89.8677
89.8127
92.5201
93.2436
90.2421
96.5888
93.8465
90.2488
89.8053
93.1915
90.992
92.7165
89.453
90.7706
88.7845
92.4893
91.6905
91.4761
91.9779
92.1605
94.7409
91.3921
94.538
91.2208
93.4085
90.0793
94.1148
91.8185
90.2615
92.243
93.4435
94.469
93.0187
89.9581
91.5674
92.675
91.5336
94.4502
91.1768
91.3088
92.3746
90.3572
91.5453
94.0177
94.2465
89.7467
90.3382
93.2186
93.3659
94.1437
91.1826
91.9154
92.9738
96.2075
93.9224
90.9621
91.5458
93.8253
92.9324
91.3864
90.6969
90.2523
88.826
92.4486
90.6209
92.8636
95.3642
93.2875
93.0202
89.8543
90.2014
91.6638
92.5719
93.8724
93.3323
93.5403
93.2098
93.4369
92.7931
90.4754
92.1542
92.0346
92.0292
90.0276
94.2585
93.935
89.1344
91.0979
90.8664
92.3686
94.3986
90.1583
92.6891
93.5255
90.0269
93.5625
88.0386
95.5754
92.2053
95.562
90.4238
92.6043
92.7749
89.4735
90.842
91.4869
93.3358
92.6806
94.3095
92.1449
89.379
94.6893
92.9858
92.4916
93.3434
88.0306
93.1944
90.9782
91.233
87.3278
90.0229
91.6379
91.4569
93.0938
93.7395
92.8865
90.8187
92.3113
91.1965
93.1644
95.2811
94.442
92.6366
93.2244
91.0343
94.3024
95.7076
94.3575
89.5305
93.9944
89.3844
92.8658
91.8224
93.8121
96.1105
89.9688
92.7195
93.4854
91.8278
91.6237
92.1872
93.957
93.2646
94.2176
96.6535
89.7254
89.8775
90.8403
93.2346
92.0597
94.0763
89.3708
94.7727
93.7057
94.4624
93.2076
90.6193
91.0442
94.0956
93.1108
90.0833
92.287
92.028
90.2965
92.2136
89.7406
93.5375
92.106
93.8758
90.4962
94.338
91.9104
91.6193
93.3209
89.9006
93.2911
90.9193
88.6815
90.7787
92.0714
90.3086
91.9949
89.9778
94.519
95.4143
90.2409
92.7362
93.9365
89.5678
94.2253
93.4295
89.2442
91.7499
90.8011
92.0511
93.2508
93.7861
90.5536
91.3
92.8432
91.2063
91.5806
92.66
90.5069
90.9529
91.9484
89.9931
95.6619
90.0705
93.3213
93.7056
93.2019
91.7057
89.9312
96.9756
93.7268
94.7861
91.206
92.3457
90.911
96.0543
95.6231
90.7998
90.5104
88.7572
92.1919
92.8809
89.0503
89.0355
93.6978
92.4711
91.0844
95.2112
93.7444
92.499
89.8564
90.9395
90.3512
93.5213
94.376
89.7707
92.4332
91.1556
89.8201
91.4953
93.1703
92.4282
90.5359
92.7135
94.5715
95.2102
91.3042
91.9963
91.5288
94.6747
93.5941
94.7574
91.3538
93.1182
93.475
93.5676
94.1778
89.2923
92.2016
94.2648
91.9418
93.8317
91.9497
91.0554
93.8805
93.1074
90.049
93.5703
92.1873
92.602
89.6589
90.7954
89.6943
93.8726
90.5643
92.6883
93.1206
93.9846
95.695
91.3586
93.0191
93.6514
93.9134
94.303
90.291
93.5275
92.7003
89.8841
91.1159
93.5439
92.6254
92.7963
91.2467
94.3666
92.4494
90.2356
95.1039
92.374
91.8631
92.1767
91.8017
91.6404
93.6845
89.7554
91.9175
89.4306
92.8877
89.4516
92.8667
90.8146
91.6798
94.0566
91.319
91.7936
97.1488
94.0489
92.8026
91.6336
91.254
92.5759
89.1785
94.4341
92.2809
92.3
91.8033
91.909
94.3058
90.6974
93.6685
91.7951
91.9843
92.3183
91.4784
96.3452
92.4265
92.9514
92.175
94.8353
91.7756
89.5813
90.9475
92.7268
91.7394
91.8764
90.4552
91.4776
91.9411
92.5092
92.1214
92.1037
94.429
94.803
91.7487
92.0699
93.3145
91.411
91.2289
94.3741
95.4121
92.7452
90.3288
91.0192
89.6437
94.5242
92.0955
91.2923
94.0869
91.366
91.5055
90.5567
92.5205
93.2018
93.0019
94.0681
94.1999
90.8645
92.5206
90.7513
90.9113
92.5484
92.5604
89.9256
93.8695
92.1871
92.5631
91.5568
93.7635
94.2188
93.404
90.727
90.5737
92.7154
96.0065
91.3902
91.7416
94.7095
91.8915
91.9479
93.5192
91.8271
89.8704
93.0417
94.9869
89.8505
87.6451
94.5339
90.3302
91.8655
93.8592
91.1005
93.7924
91.1959
92.69
94.3291
91.0414
90.3566
93.4804
89.3084
88.8795
90.3059
93.1237
93.8977
94.5894
91.1936
93.7621
89.9645
93.0551
91.7446
90.12
89.1726
90.829
92.9643
90.5422
92.4476
93.1564
95.2037
94.2083
91.5355
91.1756
93.7773
91.5651
89.9283
92.3178
97.0066
90.705
93.1428
92.4226
94.2584
91.4712
93.3388
89.9155
91.7363
90.0585
92.9795
93.453
92.0107
93.5026
94.3325
93.2165
94.4755
94.5381
91.0814
90.7611
91.0351
91.2361
92.3279
94.3076
91.4319
91.9112
93.5194
91.5193
91.0183
94.1239
93.9811
94.4259
92.2928
94.2813
92.261
94.5556
89.7841
95.8899
91.4997
93.6498
91.2289
91.5889
94.2504
91.166
94.7229
93.0661
93.7203
89.8247
96.2551
94.1398
93.7775
95.0894
91.193
90.6596
90.5897
90.4402
88.3166
92.5982
91.1871
91.0662
92.0759
89.9668
88.8919
93.0642
90.4984
92.6491
89.3201
89.0899
90.4726
90.6881
91.5795
90.4636
92.1754
94.6864
88.7936
93.0283
92.033
95.928
93.6233
90.8824
95.7027
92.9724
93.7527
92.5133
93.1815
90.1661
91.1892
91.5766
93.3023
92.3676
90.6286
91.603
91.6438
90.9573
90.4075
88.981
91.8489
93.1617
93.3107
92.7634
91.0617
91.4438
93.0013
93.2712
94.2341
94.2979
90.2092
91.5633
92.8324
91.0333
92.211
89.7824
92.3572
89.6665
90.1024
91.9638
93.8576
92.2132
95.7638
93.4099
93.1348
90.6918
94.5585
90.9391
93.3063
91.5594
92.0707
90.7603
92.8114
95.6693
91.9262
94.2841
95.7249
92.4447
93.8455
91.7143
90.9138
88.82
92.0972
95.3927
90.9606
91.0954
93.3796
92.0665
94.3861
92.5297
90.1092
91.7718
90.2651
92.0158
93.5385
93.8255
91.7057
91.1207
93.145
89.2183
93.6563
90.4066
92.3513
93.816
91.4478
95.8293
96.4987
92.6247
92.3944
89.3863
91.9988
93.1949
94.4547
91.5827
91.8293
90.7316
89.8742
94.6331
88.9735
90.7287
89.587
92.3042
90.8526
91.7973
93.9461
93.9869
93.2858
90.3746
91.7975
93.5058
97.3087
92.5456
93.7355
93.5212
90.9962
91.967
94.2277
92.4099
92.2357
93.0828
93.448
92.1538
89.5146
94.7177
90.7899
93.1227
89.8881
89.8556
91.3538
88.366
92.9359
90.2535
93.4564
91.5984
91.0712
92.1803
92.4778
92.4969
93.9652
90.3224
94.6586
92.0696
92.2167
91.1118
88.9496
91.2004
88.7343
92.4955
89.5677
92.2157
90.7139
92.6681
92.893
92.5415
93.5813
93.9424
91.1963
92.3071
90.1308
93.9796
94.1344
92.4575
90.3035
89.8116
88.2935
92.0492
93.3404
94.8041
93.8302
93.3329
93.8591
90.7661
95.2825
91.4283
92.4234
96.7217
94.1873
92.9562
92.257
95.1957
92.9214
93.8526
94.3299
92.0489
92.8958
93.1697
91.8155
92.7441
93.3094
90.6147
93.5772
92.2534
96.4256
93.5078
94.7449
93.5947
91.1504
91.9919
93.4526
93.8273
94.704
92.7275
93.1019
95.3382
93.0264
90.8613
90.8901
93.1458
88.9114
94.787
90.0038
93.7428
92.3264
94.4973
91.6704
91.199
93.7965
89.5076
92.5712
93.5443
88.1068
90.2636
92.8292
91.7761
92.8681
91.8083
94.6999
93.4765
92.5746
91.787
90.7917
88.1093
94.9535
89.5614
89.7661
91.3516
91.0297
89.9795
88.9529
92.356
92.4552
91.64
93.8515
90.6683
91.6573
91.5014
93.4602
90.7075
96.5174
92.3466
94.4498
91.2907
94.3554
90.2609
89.9991
92.3641
92.2996
90.5722
91.0665
93.2134
90.3703
93.7132
90.3796
92.2494
93.9119
92.3555
91.3221
95.9947
91.2834
92.008
93.4348
90.9227
90.9321
89.6082
91.0501
94.8516
90.4669
93.4074
92.3998
91.5737
91.9333
91.4097
85.7436
91.3403
90.511
88.0517
92.6461
94.4034
92.4422
90.7951
90.2951
91.8018
91.9719
89.911
89.5804
90.8497
88.1655
89.6388
93.1492
91.1109
92.9262
93.1373
88.7756
96.0657
89.1181
94.2266
88.6449
89.8028
90.9802
92.3088
93.1837
94.2217
92.3617
89.8508
91.1933
93.9217
89.5757
92.8094
91.2533
91.4774
91.3673
91.9339
92.2953
94.0739
90.1277
93.5887
93.8425
91.0001
95.6372
94.6131
93.1454
91.1695
92.7878
92.4458
88.9418
91.9375
92.4223
93.2259
92.9267
90.0099
90.5832
89.6864
89.4856
91.5515
92.0047
92.1075
90.9404
93.5796
93.2866
90.1689
90.1217
92.3841
90.0225
94.9769
90.4738
93.876
93.481
92.2778
95.3381
91.6848
90.9362
88.97
91.6417
92.9674
94.529
91.5978
92.2186
91.7246
90.1297
91.9489
91.6231
91.1816
91.6062
89.2093
94.2639
92.8682
93.5386
90.6685
92.3555
89.689
93.6742
91.3351
90.3492
92.6245
92.3015
90.3979
92.052
94.126
93.867
94.6109
91.4871
93.5754
91.0004
90.0499
93.3835
94.2779
89.9252
90.8095
91.9447
87.3738
92.8406
90.0455
92.3612
94.3648
90.6352
92.6175
92.6862
92.2351
94.2371
92.1434
91.2584
90.3207
93.2546
91.9383
93.4371
92.0956
92.7699
92.3904
91.6964
91.9661
89.7597
94.4099
91.5457
91.3377
93.0186
94.113
88.4064
91.9794
94.548
96.0915
94.2264
91.0635
90.9549
95.6114
92.7477
92.8087
93.7629
91.4624
92.9346
91.6421
88.9067
91.9304
92.9228
93.5318
93.7994
93.0141
89.6496
90.036
89.8777
93.9583
89.1476
93.0052
93.1556
90.9919
91.9256
93.8405
92.2468
92.8758
95.064
91.5674
91.6465
92.2746
90.33
96.3192
92.4687
93.5418
88.6315
92.4192
93.7054
94.308
87.6855
89.8649
91.8293
96.1491
90.4202
90.5058
91.9564
89.5961
92.6872
93.545
92.0324
92.8957
90.7448
92.841
92.6524
91.1872
91.1021
92.4962
93.0294
92.7855
90.3276
92.5776
92.9964
90.3952
91.1179
89.3719
92.5004
93.1957
94.1235
88.5737
91.0956
94.9042
91.2885
91.1092
93.1826
90.2195
90.8211
93.391
93.9151
90.5907
91.5447
93.0787
91.0588
89.7128
88.8516
93.8305
93.5292
91.3148
94.7018
92.2183
87.3474
90.4454
92.8066
92.4873
93.4721
94.3889
88.5046
91.6066
92.0159
92.525
93.0697
93.9868
91.2208
90.1966
87.4749
94.4984
93.2729
93.8901
90.8998
93.3223
92.58
91.3646
89.6951
90.5067
93.1879
94.3474
87.9731
90.3074
93.0057
92.2628
95.0063
92.2291
92.8614
91.2951
90.4005
90.9323
92.4467
92.4192
89.9523
92.5625
91.3903
92.721
91.1334
94.2524
94.3961
87.8102
92.3716
93.1274
94.4556
92.144
92.6485
93.7997
93.3008
93.7892
93.7846
90.4794
92.8478
94.1941
93.1954
91.9374
91.4808
93.8867
90.26
95.0672
94.5576
95.8714
92.1348
92.9638
95.6742
93.3502
91.9933
93.8959
89.9269
92.1691
87.6344
92.4498
92.4176
89.3992
91.9869
92.7629
94.1489
91.0139
89.3911
92.4255
94.7126
94.3094
92.2892
90.8195
90.9707
91.9587
90.5419
92.8795
92.2125
89.4905
92.7519
93.3627
93.5833
92.0979
88.6811
92.3111
92.1496
91.1867
92.6877
95.291
94.0263
91.2576
93.574
96.4248
91.9885
91.4232
92.9095
91.5073
95.142
92.575
91.1066
92.5035
92.2713
95.6175
89.5105
93.3872
92.3484
93.4929
92.0909
91.6707
91.5014
91.7528
91.3348
95.1183
90.4188
93.5505
91.2213
93.4881
94.1571
92.9066
91.4974
94.015
95.3552
89.9115
92.3245
89.5964
88.4516
89.7796
92.4634
92.8534
92.8455
92.3212
90.6138
91.1318
91.8386
92.1306
95.2623
90.4152
91.3904
92.5223
92.5245
93.3883
90.4169
91.7262
92.1173
91.1523
92.1645
90.6379
89.4034
94.7785
91.0598
90.7766
90.5953
96.5174
92.5888
92.5263
94.4152
95.11
93.881
93.6661
93.3666
92.8982
94.2891
90.4795
89.29
90.7798
94.7252
90.6746
93.5189
93.5787
92.2884
92.7008
91.6433
96.5468
90.7003
89.8234
93.4613
94.8278
90.372
94.2947
91.8773
92.5543
89.7206
93.5238
93.9867
95.6749
91.8642
91.49
93.6729
95.6987
90.7076
93.5624
92.6268
89.9525
90.5331
93.1355
92.5953
91.2902
91.9858
96.1248
93.7044
92.756
92.0177
93.9489
89.6797
94.7708
88.7994
94.1271
91.1821
93.12
94.2394
92.7811
89.4398
89.5769
92.8462
95.6627
94.0437
91.46
90.2846
92.3967
91.5984
92.8533
92.6151
93.4053
91.4705
92.618
92.1969
93.3441
90.5075
91.5043
94.4649
92.7665
93.364
92.1591
91.4562
93.7152
89.111
90.44
96.5822
90.4553
92.6744
93.9333
92.3361
93.1253
92.5617
92.5341
96.2663
90.8846
93.0773
90.6628
91.3058
94.115
92.4349
93.9232
92.0343
91.1932
93.734
92.4273
92.5922
91.3401
92.9957
91.826
91.536
91.7101
91.2991
92.285
95.0891
92.4902
93.041
93.9102
91.4765
90.9061
90.2029
94.3022
90.6486
94.2358
91.2366
94.4844
92.6073
92.9336
92.9367
94.6518
91.0199
91.3916
91.5311
93.0831
92.8626
92.092
92.6502
92.5787
95.7105
93.0735
88.8401
89.4555
87.9885
92.179
90.705
94.9012
96.9619
93.3819
93.2402
91.5526
92.8871
93.8963
94.7055
92.5794
90.9993
93.1286
90.4425
91.6983
93.6722
88.9343
90.9924
91.3202
92.2521
91.4119
90.5405
89.8747
92.1651
89.1148
92.5955
90.8174
91.3795
93.4466
92.5447
94.9278
90.4228
94.6689
92.3095
91.983
93.012
91.8501
94.7353
93.3214
89.3541
90.5501
91.5982
94.2933
92.9727
94.9722
90.8954
90.7691
90.0493
93.7177
93.5469
92.6027
94.9121
91.5934
93.6238
92.5175
92.9212
90.0368
92.3373
94.1864
92.2681
93.2755
92.6934
90.5418
91.9147
90.0862
94.6878
92.7022
92.5991
90.6009
93.0791
92.9518
91.0584
90.8984
91.1175
88.1385
92.3817
91.8755
92.3372
92.2954
93.9881
94.2067
92.1508
94.2388
92.2525
93.1863
90.9079
93.7869
90.6472
89.8294
91.2838
92.715
93.1474
94.1533
95.6704
90.3787
90.7218
92.9536
90.717
92.4102
92.8722
91.4532
90.2908
93.6219
93.1316
90.0682
94.2258
93.58
92.6086
93.9765
91.8738
94.6285
94.6126
92.1019
96.5131
93.7953
94.6636
92.7922
93.1459
90.5922
94.0961
93.0403
94.5949
93.2432
91.3433
92.703
92.7364
90.6887
92.1841
92.8278
92.3925
91.0435
89.0781
90.8204
90.6429
92.8423
90.5279
89.4577
93.5855
91.9914
92.0718
94.593
90.1901
92.2684
94.3237
91.8947
92.599
91.9396
90.0275
92.0456
91.7534
90.1011
89.8242
89.7939
92.5275
92.2071
92.8759
89.9602
90.2142
94.2946
92.3292
93.312
96.4264
91.8806
94.2098
93.222
91.1487
94.2215
93.7536
90.8916
92.6459
93.279
93.1774
90.9205
91.275
92.0076
93.075
93.2504
92.6828
87.2316
93.6159
90.1915
89.6857
93.7068
93.5373
92.5631
91.4341
92.6632
91.5789
94.8843
96.0066
95.3779
93.5796
91.6441
92.423
92.044
91.5476
92.6803
92.9001
93.7719
91.0772
95.4653
90.6886
92.558
92.7205
94.8542
91.9679
93.3459
89.528
91.8185
90.4221
92.5174
93.5009
93.6541
91.9497
91.7167
93.3755
90.1275
90.396
92.3372
91.6818
91.4341
94.3003
92.3928
91.0486
92.9312
94.8913
92.9914
91.5823
93.524
93.3337
92.1326
90.8658
91.0843
91.3999
91.0934
91.7081
93.5679
90.0787
92.724
91.0746
92.0925
91.8763
89.1374
93.4893
94.2078
92.0393
93.324
90.0398
92.8628
88.7448
90.3666
93.7019
92.1792
95.3429
94.6669
90.8483
94.1037
94.3645
90.5053
93.4344
90.2131
92.1899
94.1498
92.6379
91.6164
93.1598
90.5988
93.4199
89.9307
90.9257
92.8482
90.94
92.5016
94.633
91.4972
89.1535
91.6609
89.2368
91.8905
90.2628
91.4411
95.9296
91.06
91.3807
92.1455
92.6397
95.468
88.9201
90.0822
90.6947
90.0702
94.2518
93.2071
88.5743
89.4147
89.4227
93.0043
88.7028
93.3537
93.14
91.9238
92.5983
90.7474
92.5477
88.5205
89.6866
94.85
89.477
91.5011
90.6808
93.4772
96.1648
95.5648
93.4592
89.921
91.1141
92.249
90.6231
92.3387
90.9034
90.5601
92.7954
91.6114
90.3079
93.3449
89.6156
88.8233
91.5187
92.6282
90.1443
91.4321
92.2348
90.7417
91.2518
92.7587
93.8731
90.0591
93.4104
90.0503
91.0498
92.2411
92.7662
91.6601
90.2089
93.3446
91.5375
92.1033
91.8721
90.8802
89.7522
92.1631
93.3703
91.9663
91.1383
91.8241
92.1687
91.3598
92.1134
92.6637
89.8525
90.1191
94.9525
94.209
90.3323
91.4314
94.452
92.5127
90.114
89.9859
90.734
90.5136
94.1448
92.2461
90.2353
89.8333
93.2941
89.0738
93.5868
92.2806
91.8642
90.6031
93.1581
92.0878
93.8999
91.7014
93.3499
91.0543
91.6321
95.652
90.7728
95.0763
87.8984
89.6181
91.7268
93.2761
91.4854
88.568
91.8956
91.1355
93.3106
91.447
92.9197
91.965
90.4219
92.4792
88.7266
93.3152
93.5276
93.0378
92.0497
92.588
93.4942
94.3929
91.1712
93.3763
92.6471
92.4582
91.1051
90.1361
91.7746
91.237
92.4729
91.5337
94.3295
88.2213
91.7793
93.2195
95.0869
92.3308
94.722
92.3091
90.1468
91.6287
92.0548
89.7467
86.1276
93.8741
90.3452
90.7244
90.7193
90.8975
88.5727
94.2906
89.4528
95.5651
93.8423
93.5057
89.3453
93.0344
94.3973
91.4325
91.6429
91.7349
93.3346
91.395
90.279
91.6296
91.6934
94.0441
91.7297
90.9659
91.8173
91.8195
92.468
90.1639
93.0809
92.1835
94.3204
89.7546
94.1209
93.5102
91.0856
93.1279
92.1271
92.9523
91.1343
94.0566
95.6655
94.8917
91.9211
93.3843
90.3507
90.6654
91.26
93.8373
90.5589
92.5812
94.1772
90.4044
92.1651
92.7925
88.5396
91.3933
90.9269
90.2588
90.5849
94.8191
93.428
93.1002
93.0663
90.3914
93.9541
90.3354
92.8352
94.0565
92.9628
95.1366
89.6867
91.1924
90.671
93.8934
92.1373
91.9413
92.0279
93.2738
92.1954
90.3008
94.4995
91.3206
93.4487
92.4883
90.75
92.1719
92.5081
91.3635
91.3583
94.4447
93.3467
93.1441
92.8163
94.5596
88.2647
91.4173
93.5398
90.312
91.3923
96.2435
95.5077
91.4157
92.8478
93.9066
89.7459
93.0293
92.3227
92.0805
89.0215
92.0915
93.1728
90.7618
89.601
93.8636
89.5961
92.6202
91.4569
90.3419
90.5435
90.3146
92.8222
91.6666
92.5208
93.6208
92.3037
90.4645
92.6991
93.8672
91.5975
90.8405
91.9713
89.6156
89.475
95.7552
92.645
93.2876
95.3869
91.0347
91.4375
90.9395
92.5208
92.8947
91.379
94.1801
93.1957
92.7112
91.9623
95.0006
95.5755
90.2
94.0078
90.1844
91
91.4161
93.6634
96.0889
90.8619
90.9039
94.1765
91.3534
91.9777
93.2137
92.1747
94.2844
92.269
93.6535
94.0025
92.9464
93.2491
92.923
88.3165
89.1951
92.0494
87.9923
92.6788
90.3057
93.98
92.8589
92.9006
89.8704
92.3101
91.9775
92.2949
89.9098
91.8102
90.4216
90.5139
90.5857
89.1222
90.0715
90.9704
93.0964
89.6423
93.5431
89.9468
90.6183
94.1987
91.8337
95.5904
93.2007
93.2742
93.5333
93.3873
91.9759
92.4483
91.6308
94.8804
92.1314
91.2496
92.6303
90.5645
91.0543
91.57
91.4544
90.3989
89.9594
90.1807
92.8606
91.9474
93.3333
91.2463
92.2355
94.1224
92.2984
94.7918
91.0494
91.7797
90.2151
92.3279
90.5239
94.1143
93.4254
92.6689
92.9947
91.1957
90.2145
95.1495
90.1436
91.9192
90.997
95.6861
94.1436
91.4106
91.2877
93.8213
93.2195
89.8013
95.9083
88.2835
92.9879
93.9594
90.7214
92.9351
94.4186
93.7462
91.9277
92.0819
91.1311
93.0641
92.2663
92.1645
92.7484
92.1654
90.3831
92.6831
93.3225
92.8
91.5003
90.6398
94.8008
94.8791
90.8666
90.5663
90.4244
92.1081
93.1637
91.9609
92.9761
95.0308
91.0784
92.3319
90.107
95.7337
90.1451
89.6538
95.2551
92.0861
94.2279
89.7049
91.0093
96.6288
95.2093
93.805
93.7835
91.2972
92.375
92.501
92.0889
91.9134
89.904
91.3054
91.6549
92.9406
91.4049
91.9628
93.323
92.2568
92.1975
91.8333
89.9988
90.6338
90.0431
90.064
88.5415
91.6418
93.9685
91.0243
92.1611
92.7124
92.6058
93.4949
91.1919
92.7894
92.7172
92.8002
92.5062
92.6231
91.3086
92.2779
92.1521
91.1276
90.3688
94.3033
94.4688
92.9758
88.0118
92.5574
90.666
91.6989
93.998
90.657
93.0821
92.0422
94.2662
90.4013
91.4607
95.0931
91.2791
92.0208
92.964
94.9905
92.007
93.4212
88.2618
90.6785
92.6415
95.9854
93.6674
91.1578
92.3986
94.2023
93.5201
94.3433
92.3916
93.6331
91.1181
94.3587
93.5428
92.0561
93.3542
92.3271
92.1717
92.1112
93.0105
91.6598
88.582
90.9756
94.438
91.677
91.7996
92.3546
90.5382
92.2626
90.8724
91.681
90.2755
96.4782
91.2997
90.2451
92.6444
91.2543
90.2331
90.6735
94.3797
93.8134
90.5405
92.1975
90.2213
94.3237
93.6394
92.2342
91.3231
91.9619
91.5622
93.7281
90.1445
92.9727
89.0162
91.6271
91.638
92.1425
89.5058
92.0963
94.0597
93.3653
93.5265
94.3414
92.3654
88.7752
94.8033
90.2499
92.6622
94.2419
91.0896
92.4782
94.4967
91.9194
91.1713
91.1709
92.0378
94.1528
88.4642
92.8957
90.1556
95.2879
90.184
92.5036
92.3343
93.3199
90.6373
89.5123
93.4062
89.809
97.0557
92.0494
94.3222
92.3761
93.1439
91.9268
92.6214
90.2591
93.9776
95.5001
93.8334
94.3092
89.9368
88.2573
92.8741
91.8668
89.7216
91.1684
94.2458
92.6718
91.147
95.9078
91.9679
91.5218
92.3321
92.2033
89.48
93.2946
91.6559
92.6196
96.3406
94.5402
91.5532
92.1119
93.0254
96.1515
94.5005
89.9199
92.602
93.7679
92.3856
94.712
90.6496
89.9886
91.9327
89.6302
90.3371
89.6103
92.1536
94.127
92.4257
93.3338
95.9351
91.0016
93.5371
90.8236
93.5814
95.9466
92.3413
90.6681
92.193
96.0858
92.3908
95.0736
91.7978
91.1154
93.2528
94.9712
95.5161
93.2624
87.2043
90.8944
92.2075
95.3453
94.7651
94.7849
91.8612
89.7968
91.0322
91.1245
95.2908
92.7491
88.0067
91.6471
93.417
91.6178
91.3574
93.5491
93.0256
92.4387
89.3277
94.1511
94.6385
89.1796
92.3213
89.9109
91.8118
94.3677
95.4909
94.3888
91.3704
90.6882
91.7222
93.8242
92.9172
95.4074
93.9188
92.4391
90.9828
91.5628
91.617
94.1325
93.2306
89.7057
90.2752
90.9339
96.1566
90.9739
94.8059
95.515
89.8963
93.0928
92.1354
94.4426
91.7222
94.4667
91.3089
92.8106
90.8371
92.0671
92.0539
90.738
95.1849
95.3416
94.1814
95.8293
90.3146
89.4618
92.5327
90.2748
94.2347
95.2481
94.664
91.9521
91.9089
89.8121
92.6151
93.4181
92.2604
92.7977
94.8489
90.6456
94.5917
94.4757
93.5254
93.3014
92.3052
92.6753
91.4021
92.6578
91.7743
94.7361
89.9278
91.665
94.3924
92.5579
90.7863
90.5322
91.8352
93.7121
92.7767
93.4566
91.9131
93.3437
92.1261
93.6971
94.3047
90.2742
92.2203
91.765
94.4493
92.4772
91.4879
89.8364
91.5084
92.3087
92.1525
91.8457
87.1887
95.0246
93.2362
92.3185
92.9963
96.2638
92.9323
90.5956
92.811
89.1211
90.2513
89.4759
93.1602
94.1777
92.0937
93.4842
94.5555
93.58
94.1966
89.9402
91.82
94.2914
96.067
91.5701
91.3623
89.258
92.3271
95.7613
89.7389
89.3153
90.9541
91.7437
94.221
93.0973
89.9934
91.1925
93.0083
93.17
94.28
92.8366
91.3065
88.3742
91.6637
93.593
92.0872
91.0389
93.2246
92.4755
95.5014
90.163
90.4862
89.8495
93.7724
92.6867
89.8414
91.5584
90.8418
92.2229
93.408
92.0335
92.5098
91.3003
92.2103
90.731
90.9114
92.1521
87.8402
92.2053
90.7783
92.9284
92.9519
91.0574
93.4176
95.5898
90.6517
95.4682
91.375
92.8778
95.6422
92.0506
88.9477
91.0609
94.5934
93.3121
90.9525
92.0026
92.8015
91.6475
94.6642
91.8733
94.0537
92.0204
92.8457
92.4573
92.4581
93.2698
92.8006
95.7385
92.4474
95.8708
89.9599
91.8271
93.3659
90.5111
93.4254
92.7318
89.857
91.2612
94.8038
94.9978
89.9124
92.6071
93.2223
92.5631
90.917
91.9001
92.141
93.0478
92.9652
92.7133
91.2969
91.7541
90.8401
95.0141
90.1838
93.4016
92.0646
95.0286
90.746
94.5088
93.6829
92.1732
89.2329
91.1418
91.9826
91.9903
93.0765
91.2706
92.643
92.1007
90.3431
94.4246
92.0571
92.0567
92.8544
91.6962
94.2934
94.2892
94.0846
91.7873
94.2453
89.7793
92.2855
91.5452
93.6144
92.2773
93.4443
93.2464
92.6273
93.0829
96.4127
94.4129
91.1644
93.6362
93.2388
91.4309
92.0853
93.4429
92.6862
91.4573
91.1486
89.4049
91.4045
94.3645
93.1236
92.763
94.1179
93.353
93.5537
87.1689
91.0204
91.0139
93.5397
92.0404
91.4059
92.5624
95.345
94.3793
94.5665
95.4588
93.2434
92.6826
92.5912
92.5705
92.4218
89.974
90.6432
87.0151
90.5815
90.1478
91.411
88.5315
89.5379
92.2164
92.0866
91.4389
91.46
94.0832
91.8204
91.1322
92.4446
93.8831
91.3458
90.7578
90.771
91.4669
93.3189
93.682
91.0304
89.9782
88.4765
92.4296
93.6
92.7904
93.6415
92.4649
92.3625
91.8651
92.8865
91.6115
90.6858
92.8677
93.2935
94.716
95.4829
92.4279
93.5482
90.5908
93.3055
92.2579
89.8124
93.6263
91.5142
94.0985
92.6331
90.8541
90.9064
90.6485
92.5302
94.0333
92.2351
92.6217
94.3145
91.7091
94.8664
92.9779
90.9488
94.2384
90.7692
90.1664
94.3046
94.7824
95.1595
92.2191
90.1715
90.5587
95.4504
92.2682
92.3473
91.3824
93.8945
91.7418
93.3885
93.0713
91.95
90.489
91.2308
92.2075
92.8919
92.1429
93.2499
93.7272
90.9146
91.8149
92.5385
92.4926
88.6012
87.7673
91.0723
92.2251
91.7836
90.492
94.1991
92.5685
91.4463
92.8088
94.535
90.9444
93.0291
92.9258
93.9654
91.4369
89.9965
90.3159
92.7577
91.9794
91.7401
91.0473
93.1346
91.8318
93.4027
95.1213
93.6028
95.1757
94.6049
92.471
93.516
92.7424
92.7486
92.4787
93.8737
88.5917
92.871
94.6465
93.9038
93.7135
93.4568
91.2817
91.4117
91.6913
95.7067
91.224
91.061
91.0336
90.6072
93.3494
95.1216
92.2546
95.4822
91.3349
92.6441
88.2172
88.9928
94.8229
94.3096
90.3824
93.3173
91.9354
91.8335
93.064
92.0023
90.4303
92.3209
94.4917
93.6939
91.798
93.5972
93.5297
90.4148
92.9862
91.2855
90.92
90.7544
89.5323
92.0112
91.4012
90.4171
89.2077
93.5362
91.1412
93.053
91.0035
93.0175
89.5504
95.513
93.1621
92.3803
90.3793
93.7446
91.4915
91.0446
93.0785
92.4538
89.989
92.9098
90.8125
90.9335
90.6422
94.1171
91.099
90.5377
91.5835
91.672
93.754
91.9318
93.9813
90.861
90.8838
90.9334
89.6777
92.7691
89.2943
93.8606
93.8906
91.5441
94.1648
88.2135
93.4373
91.7444
95.2242
94.3277
91.9342
92.0843
94.4065
92.8249
91.2177
94.823
95.1738
93.1676
93.5063
92.7851
92.7924
94.9373
92.3477
91.7554
88.6467
92.453
93.863
91.9915
93.2726
95.177
89.0688
92.4917
93.1972
93.1703
90.0241
94.6841
95.8696
92.3889
90.1006
89.9029
91.8413
93.3535
97.3495
89.0015
93.4445
93.0316
91.3314
92.6713
93.4222
91.87
92.8275
91.1662
90.5504
93.713
90.718
94.3532
89.2653
93.135
91.6273
95.2927
92.6426
90.4851
90.922
91.2026
93.7508
89.7879
88.7438
92.8143
92.1721
93.1289
91.0173
93.1907
93.4333
94.0199
92.191
94.877
92.1059
92.0062
93.1507
93.6212
91.4267
88.8316
92.3003
93.6922
93.3965
89.4879
92.6303
93.4019
89.1251
92.4651
89.257
94.9497
91.2239
90.9354
89.63
95.0441
91.5794
90.9881
90.2762
90.9567
91.9803
91.8046
93.9546
91.149
92.3005
93.7874
91.9224
91.4593
92.9805
93.058
91.297
92.7899
88.3874
92.0835
88.4424
92.7127
91.4161
94.8258
96.1422
94.1944
91.6317
91.5358
91.0036
94.9223
90.9046
88.3433
91.4259
93.6844
90.486
92.6078
92.5678
90.1712
91.6913
89.7898
91.7166
90.276
94.1966
91.8239
92.7938
91.7398
92.2533
94.817
89.047
89.1238
91.5418
90.9209
92.7755
92.629
92.8931
90.8179
91.0417
91.2693
91.4867
91.8217
93.3497
91.0061
91.7585
93.4947
93.3364
94.3466
89.73
91.4998
93.2625
92.1332
92.2185
92.2673
92.8634
93.0599
93.2285
92.4619
91.6177
91.1358
91.622
90.0245
92.3081
90.1738
93.2286
93.2724
93.5693
92.8783
94.1344
91.6581
88.1461
91.2303
89.317
95.7082
89.7602
90.8558
89.7553
91.3234
92.0917
90.5133
93.2092
93.3826
92.0081
96.2078
90.1981
93.0451
90.7103
90.9528
91.2584
94.2084
90.4426
90.5761
92.3767
91.0119
93.1171
90.5438
93.4094
93.6857
94.4775
92.9651
92.7432
88.6698
93.4371
91.8242
90.8843
90.9847
94.6369
90.4202
92.7996
90.6579
92.6943
90.6063
89.9041
90.7732
95.3341
89.5473
92.0643
92.5082
91.4352
93.6771
92.143
93.0375
92.7459
91.5356
91.8273
88.1477
92.4737
93.0715
90.6559
94.2427
91.0212
92.4347
92.4093
94.0633
93.4628
89.4825
93.9385
95.3102
92.4641
93.3629
90.5139
90.5281
95.9795
91.6976
89.9087
91.0684
93.3221
94.5295
92.9221
93.5984
91.3373
90.5908
88.8576
