91.4117
92.2104
91.2638
93.177
91.5211
94.6077
94.608
94.5247
91.5976
93.9532
93.4098
94.1097
92.4011
93.7164
91.8722
94.6129
91.4569
92.5263
92.7691
92.9785
92.4163
94.179
94.6119
91.9431
91.3392
93.0121
94.8308
92.5773
92.6971
91.287
91.9684
92.8923
94.7257
91.2424
93.5179
93.802
92.5357
91.0434
92.7483
92.9835
93.6514
94.0822
92.9276
94.2721
93.5555
93.1081
92.7314
91.5524
91.7157
92.8096
91.9719
94.0276
91.5115
91.511
91.7477
92.8217
91.5312
92.1997
94.0055
92.6613
91.8959
92.1896
93.4347
93.426
95.6383
91.9208
91.9501
92.3362
92.9247
93.4745
94.0019
92.7029
91.8828
93.7446
91.6265
94.4103
93.7494
90.9675
94.197
90.7285
92.6769
92.2372
92.6311
94.3887
94.8186
93.6162
93.5201
91.5757
91.3358
92.0071
92.8001
93
92.1993
92.7808
93.0649
93.3711
92.264
92.5779
93.2725
94.955
90.5925
92.8233
93.0932
93.744
92.6655
90.6749
91.3866
93.6938
92.6523
94.3223
91.9298
93.3812
93.1031
94.9254
91.818
93.2864
92.9521
92.304
93.0204
93.5843
90.4849
91.4683
92.7815
93.5484
91.3565
90.2294
91.6568
94.8783
93.1879
90.4634
92.5647
93.2909
92.3465
96.0727
92.1085
93.6174
91.5523
94.6609
91.5879
94.9474
91.8255
94.6364
91.6416
94.0951
92.5247
92.0641
91.5863
93.7763
94.3733
90.6857
92.9944
91.6632
90.4373
92.8138
93.5039
92.9
93.5417
91.7953
93.9105
92.9224
95.1475
93.2316
94.6629
95.2707
93.6366
90.3049
91.8185
92.4426
93.0948
94.2203
93.9363
94.7766
94.9827
93.1096
91.4791
93.3732
93.1724
92.0019
90.0824
94.2023
91.7221
94.2647
93.0151
92.5152
92.5906
91.3263
92.8517
93.1621
92.6814
93.1167
91.993
95.2121
93.1051
92.6904
91.5332
93.3284
95.887
94.6339
93.5501
93.4256
93.4755
93.5349
91.1243
93.8599
91.3274
90.9091
95.0712
92.0704
92.0756
92.0919
89.1384
95.4491
91.4736
93.0395
95.5955
94.6852
93.3053
92.4814
92.0097
92.3095
92.4607
92.8883
95.6812
93.6044
93.2286
92.0802
95.3599
93.4311
94.0245
93.9998
93.0047
90.6821
91.5964
96.7446
92.7536
92.7549
93.7174
92.5831
94.2516
93.9213
94.0785
92.6879
91.0156
93.4647
93.9927
93.0373
93.2113
93.3393
92.3051
92.8131
95.9852
94.3618
90.8943
93.3518
93.8696
94.0742
91.9623
92.0489
92.3642
90.8895
90.0026
95.6274
91.6906
93.4942
92.1963
94.2975
92.5398
93.4495
92.1222
95.4102
92.6756
91.2809
93.6277
92.5548
92.9373
93.1685
94.3335
94.8427
90.9218
92.6276
90.9506
91.4013
93.0352
91.7588
92.6131
92.4943
92.6493
92.7178
91.8327
92.7745
93.5724
92.2278
93.133
94.3641
92.1838
93.2513
94.4989
92.4982
93.9592
92.4714
93.7185
95.2326
92.4801
93.0497
90.1425
93.915
92.2191
95.0184
91.0894
91.9449
92.8729
92.9011
93.9654
92.282
95.3151
92.8319
93.2217
94.2305
92.8729
91.2594
93.8799
93.6147
92.8873
92.8822
90.6637
94.52
92.4626
91.8391
93.2737
94.0972
92.9845
92.2328
91.8743
94.6525
92.8169
94.7884
91.1861
94.0976
92.1947
92.9185
92.8958
92.97
92.0551
94.1149
94.7815
92.3509
94.1519
94.2642
92.3775
91.6855
93.0346
94.0141
93.5869
93.0223
94.0282
92.0948
93.2726
91.8947
94.2683
91.5813
93.2638
93.435
95.792
93.4455
92.1356
95.4306
92.8011
92.9461
90.6363
94.2354
92.7958
92.3931
95.955
94.4103
93.453
92.3778
95.5406
93.8059
91.8859
93.6769
92.1407
93.1532
93.359
93.2105
94.7611
94.695
91.4479
92.9575
95.2512
93.6622
95.3077
91.3459
91.7027
93.8015
93.3177
94.0014
92.9847
92.8998
93.8066
95.5684
92.392
91.823
92.9122
94.1569
94.4106
92.5521
92.8488
93.6263
94.3466
94.5498
94.2722
90.6045
92.2288
92.9985
92.3953
92.3677
91.4152
93.129
93.2003
92.2157
93.8515
96.1239
92.6123
93.8664
91.3688
93.9661
92.9365
90.6871
93.4887
94.356
92.7957
91.8218
93.5012
92.0306
93.0044
92.4218
93.7831
91.5291
93.0638
92.8503
92.6671
92.2209
93.4524
93.5474
90.3299
92.7511
91.1678
92.8671
93.7828
91.0621
92.2879
93.1553
93.5254
91.4658
92.7808
94.439
91.6808
94.121
93.8977
92.7348
91.5798
92.9151
91.543
92.5971
96.5804
92.3098
94.1537
92.2216
93.0127
92.9273
92.7115
94.5629
91.6011
95.4294
93.7337
94.3139
93.28
93.8093
94.6465
91.2777
93.0531
91.4363
91.3683
91.6762
92.8358
92.4563
94.307
91.8055
91.9212
93.9082
93.7908
92.9502
93.8679
92.4058
92.5616
91.1827
91.6114
91.7912
92.1385
93.7579
92.533
90.5196
94.8786
91.6285
92.9745
93.5526
92.8253
93.508
92.6276
93.7443
91.8799
94.4224
92.8978
95.5761
91.7549
94.9239
94.6652
94.9946
94.3187
92.7655
92.7461
92.4428
92.7552
95.2927
91.5999
90.7851
90.9285
93.6986
94.7123
93.1061
95.4913
93.7773
92.7889
94.3655
92.2265
91.8268
93.1337
92.6724
91.5501
91.3222
94.2622
91.6579
93.0195
94.9402
92.5334
92.5794
92.8818
93.122
94.1245
92.4061
95.0818
95.5611
91.092
92.9888
93.0367
91.2987
92.6934
91.9136
93.3484
93.7327
93.6739
93.2334
93.094
92.2469
92.5362
91.1811
92.9015
92.2549
92.8184
94.5993
91.0193
91.6458
92.1879
92.1661
93.8109
93.8795
90.9789
93.9984
92.0265
91.555
93.3715
90.8646
91.8679
92.2692
92.3443
91.5363
91.1239
93.3591
93.4479
91.3792
94.4919
93.641
93.1552
94.1003
94.9215
93.9777
95.8149
93.0987
91.5283
94.809
92.1455
94.4599
91.1607
94.7419
92.9126
93.3628
93.3133
93.1457
92.5111
92.4493
92.4357
92.253
93.6015
93.5829
94.5405
92.4407
93.2776
94.7667
92.7534
92.4184
92.6566
92.1509
92.7739
93.7504
92.1115
92.3422
92.974
91.7455
93.1933
94.1505
92.7232
94.694
90.591
92.6625
92.6721
91.9132
92.2697
92.0559
95.6957
95.3277
93.791
92.8631
92.4049
90.75
92.4824
92.1142
92.2879
93.7002
92.1399
94.7531
94.4767
93.1229
93.2391
93.5516
93.9741
92.3891
92.4934
93.1
92.2694
91.6199
94.3014
92.5513
91.6233
92.1714
91.5063
92.6315
91.9846
93.8906
91.6534
92.217
93.1099
94.2907
93.3808
92.7893
95.5202
92.683
93.7474
92.5883
92.1151
95.216
92.8421
91.9967
93.4316
93.1651
93.2347
92.4344
92.4871
95.6863
93.8068
90.7933
94.5833
93.2859
91.8726
93.0526
93.1079
92.7259
91.008
92.5083
93.1524
94.0625
93.621
94.6431
92.9228
94.4768
91.9379
91.2533
92.5092
93.8797
92.2015
93.5894
92.4443
93.4281
91.6205
95.2251
92.4895
92.5439
92.6136
91.4945
90.2923
91.6719
92.8451
92.0982
92.3099
93.5176
91.3568
90.9865
91.7199
94.1949
93.8102
93.7135
93.8609
92.5246
92.1419
95.5716
92.9111
93.1903
92.5063
93.7578
93.7102
90.862
93.3619
92.875
92.4324
92.0182
92.5561
95.2455
93.629
95.2046
92.5891
92.4273
96.8044
94.1695
93.0349
93.3108
94.3912
91.7042
92.6754
92.2345
92.4918
92.9158
91.5976
94.1548
93.6247
93.0371
92.2477
93.3271
94.7406
93.9218
94.1619
92.781
94.6832
93.3102
92.0988
93.6373
94.0325
92.4847
92.6611
92.6152
93.6351
91.9379
93.3029
93.078
91.3758
91.5836
93.7896
94.6774
91.9859
93.4338
93.3534
93.1142
91.5743
93.0082
92.9887
93.1977
93.4925
91.8331
91.7237
92.3736
93.2948
91.4745
94.3282
92.6824
95.1954
93.6552
92.5855
90.2343
90.7793
94.9902
93.8022
95.6185
91.3944
92.3234
92.7604
94.1697
93.1922
94.6666
91.0968
93.513
94.7815
93.2408
93.4184
93.5891
92.7223
93.5273
92.1351
92.0508
93.0164
92.5794
91.9009
92.1331
91.1881
92.2224
94.1357
93.8505
94.3046
94.6484
90.0031
94.9044
92.2213
91.0636
93.119
92.4572
92.5324
92.0711
94.0471
92.4122
94.4729
92.2492
92.9526
93.0492
93.7324
93.8449
96.1238
92.6904
92.9285
93.6779
93.1564
91.8281
91.607
92.6744
92.6623
95.5615
92.7383
91.8456
93.2691
90.9776
91.3475
93.3299
92.2337
92.5993
92.8274
92.9504
95.1553
91.8156
93.3676
91.3601
92.2115
93.7249
94.6418
92.6638
90.314
93.9133
91.8763
92.7716
92.9454
93.805
92.3131
92.2078
92.5151
95.9751
94.0305
92.023
90.6048
93.0077
94.1931
92.3649
93.3937
94.4152
92.4653
93.8176
93.6619
92.1365
93.2706
92.9042
92.2266
95.5254
94.1676
93.5985
94.0199
92.2217
93.1939
92.5961
96.1546
91.7681
94.8261
93.3667
93.6857
92.5421
94.6522
92.2543
91.4523
94.0961
93.4656
93.1012
93.255
92.4524
93.0734
93.5769
90.691
92.4758
92.4378
93.119
93.592
93.3901
94.3698
92.5705
91.4728
91.8961
92.3221
90.6811
91.8658
91.9495
94.7167
92.8649
92.9258
94.8223
92.3339
92.2346
93.9094
93.2679
93.6575
92.4346
94.1513
93.2367
91.9239
91.6928
92.143
91.383
92.2169
93.6343
92.1559
93.9943
92.9536
93.4456
92.6497
93.9894
93.6362
92.6406
92.3488
91.4971
91.4185
93.5233
93.4497
93.6708
90.4113
93.9691
94.0672
91.8188
95.3663
92.6599
90.7699
93.7591
93.6647
90.3608
93.4449
94.5179
92.6299
91.9343
93.0489
91.9754
91.9377
93.8273
92.5946
92.3782
92.4738
94.543
92.6771
92.8115
90.3873
94.0415
93.5864
94.4413
94.5611
93.123
94.1894
93.0537
92.422
94.7909
93.3646
92.2486
93.7279
92.4431
91.9156
91.4035
93.4864
92.0585
93.5367
92.988
93.205
94.7621
95.2168
93.8587
93.2263
93.1503
94.4493
92.7955
93.4155
93.7207
90.2439
92.741
92.0486
90.8252
93.2005
93.1017
93.9373
94.885
90.2691
92.1942
93.9801
94.3197
93.5552
94.743
94.7569
94.884
91.5929
93.5197
92.277
94.3481
94.2064
93.247
93.2768
95.1716
93.1226
91.2538
94.4518
94.3119
92.1448
94.8252
93.0494
92.5726
92.4111
92.5516
92.4598
94.7267
93.4784
92.7829
91.7566
94.672
94.2023
92.8483
92.8481
92.6588
94.4362
92.5956
95.3011
94.0801
92.7508
94.3074
93.433
92.7256
93.2768
93.2783
93.4952
90.9859
93.9141
92.621
92.8133
92.4402
91.772
92.4661
91.0053
94.2134
94.4866
92.2567
94.0557
93.7398
92.0518
91.3374
93.8298
92.5254
91.7075
93.3724
91.0466
90.6541
93.6175
91.6457
92.2446
93.7988
92.5111
91.9515
92.2131
92.8629
93.061
92.3677
92.3056
93.0364
89.403
93.9804
93.8408
92.2959
94.7809
91.519
91.3612
91.5068
92.0092
92.3222
93.0009
93.1297
92.3657
92.1677
92.2048
93.3405
93.3198
94.4608
92.341
92.9051
94.9252
94.9019
94.641
92.5888
92.6821
93.4825
93.8067
92.068
92.563
93.4092
94.2058
92.046
95.897
90.0115
91.8617
93.6263
92.7357
92.8221
94.1204
90.785
94.1583
92.1853
92.0967
92.1217
93.8791
91.909
90.5288
93.766
92.9498
91.3306
91.5341
92.2474
93.5728
92.5879
92.7633
93.494
93.7104
93.4235
94.2811
94.3938
92.7814
92.2944
93.984
92.55
95.2852
93.0969
94.1175
95.1883
91.9031
94.871
93.3285
91.0786
92.0593
95.461
93.6783
94.7884
92.6445
91.4494
91.9711
94.7981
93.6073
91.0372
92.1189
92.4532
93.1213
93.3901
93.8726
92.197
93.0063
93.4731
92.6639
92.3759
92.3484
93.1864
92.3168
93.7442
91.15
93.4243
91.831
93.0329
91.5904
90.8266
93.1294
94.2588
95.4702
94.0092
91.7119
91.925
91.3849
93.8984
90.6431
94.0106
93.4195
93.3692
93.3237
92.9398
92.7907
91.2343
93.6508
91.0628
94.2343
92.9055
94.8986
92.3754
91.9852
90.9446
92.1753
93.9678
90.8228
91.4905
93.3141
91.6417
90.1464
91.9289
94.1674
93.9526
93.3207
91.9484
94.6219
93.4483
92.406
93.0172
95.3402
92.5516
94.3735
92.2299
91.8877
92.4437
93.6479
92.609
94.4432
93.2382
92.1182
93.0553
91.9426
92.8797
92.7099
91.7377
92.7972
92.9247
95.1524
94.0777
92.2037
91.0276
92.637
93.376
93.2354
93.3656
95.0834
91.6761
92.8706
91.4709
95.2469
91.5518
92.696
92.7733
92.5192
92.7314
93.7395
92.8757
91.8272
92.4224
91.7539
94.01
92.5771
90.1089
92.2989
93.1925
91.0773
94.346
93.1643
91.8609
93.7385
91.7178
93.9875
93.3825
91.873
92.7049
94.0546
91.5393
93.7457
92.7748
94.3884
91.5706
92.034
92.6159
93.2656
91.8988
93.8511
91.009
95.393
92.8352
94.1472
92.0362
92.4886
94.492
91.4522
93.125
93.2068
93.8956
94.3116
93.5476
92.4784
93.0276
94.4823
91.889
94.6269
93.0315
92.6321
90.8349
91.3661
93.1887
94.5105
93.5729
92.3162
92.5197
93.5397
93.1448
94.5515
92.0624
92.2955
95.1697
93.4064
90.1622
93.484
91.2045
92.561
92.0805
91.9746
94.4753
91.8077
93.0449
92.0301
93.2717
93.4845
91.3227
92.3153
94.7834
91.9794
93.5569
92.4201
92.0992
92.2201
94.5037
94.0148
95.1044
93.5099
94.8773
92.0695
92.1944
94.9619
93.3462
93.2475
92.6141
93.5758
91.0792
92.3957
93.5918
91.9127
92.2655
92.8728
92.24
91.6818
93.2257
90.9254
89.4223
92.8203
95.1401
92.1822
92.3277
92.2958
92.3279
93.4811
92.8988
92.1378
93.0272
91.7353
90.7774
89.5239
94.2507
93.046
92.6071
91.0807
91.9235
94.5199
91.4554
94.5306
91.8385
91.763
92.8965
92.1587
91.4321
92.1667
92.107
92.9254
92.3038
94.3488
91.6237
89.9024
92.7947
93.4182
91.6734
91.9437
94.3031
92.5519
91.3343
91.5006
92.3439
92.0007
92.8865
92.3658
93.1312
93.6907
94.0664
93.5771
91.9678
93.7715
93.3236
90.9366
93.1443
93.1163
95.1593
93.739
93.8214
91.76
91.6382
92.302
92.0153
93.7839
93.2924
91.236
91.8596
93.2269
91.5971
93.4458
91.4002
91.316
93.9348
93.6286
94.2076
91.6396
92.5866
93.5353
91.5488
93.2043
93.7354
92.341
94.2185
94.1867
94.5956
93.0065
90.0196
94.7504
93.2437
93.0971
93.7318
92.7911
92.7701
94.4442
92.4986
91.4309
92.5402
93.4573
93.7048
94.3542
92.9128
93.1138
91.382
91.6057
93.6224
93.5105
91.8493
92.6563
94.0716
91.5858
93.1052
93.3938
94.4081
92.66
92.6192
92.8821
93.6951
93.1809
94.2143
94.0075
93.3446
91.7965
91.9503
93.2094
95.1454
92.349
94.0799
91.7661
93.1034
93.6997
94.5699
93.4764
92.402
95.108
94.1993
93.3929
92.9174
94.9804
92.6805
92.3353
93.6964
90.3493
90.8498
92.6028
91.6531
91.9792
92.3719
95.0357
93.9513
92.7977
92.9079
92.0081
92.1068
94.3084
91.8943
95.3767
95.6699
93.5153
93.3871
92.7762
91.1241
92.4344
94.0735
93.6491
91.7441
93.4492
94.159
93.9267
92.6686
92.7566
92.1018
95.3297
91.3431
94.3942
92.8895
92.1351
93.8952
94.2945
95.1179
91.3484
90.5324
93.0845
90.2832
94.232
93.6204
93.2243
91.1289
92.4189
94.0695
93.5963
95.4211
92.597
92.9611
92.8441
92.5938
94.2153
93.6707
91.3464
91.7053
90.6788
92.7858
93.5425
93.3573
92.4403
93.8755
92.6921
93.4026
95.0662
95.5752
93.2547
92.3749
94.3074
93.1134
93.0521
91.6788
92.161
91.5187
93.0321
93.8017
91.3921
94.0673
93.2822
95.715
92.4068
92.4186
93.4122
92.2472
92.5261
93.2898
92.4824
89.6421
92.1082
94.2668
92.6545
92.7713
92.8442
92.2596
93.893
92.3596
90.4841
93.4846
92.3075
92.5064
93.385
93.734
92.2593
92.119
91.069
91.5733
92.7699
93.4532
91.4052
93.2967
92.3285
92.4331
90.9382
94.1415
90.6326
95.1546
90.8317
95.3282
92.7559
93.6929
93.96
93.4741
93.6418
93.2354
94.5579
92.7996
93.5499
91.102
91.4326
92.4813
94.1325
92.3936
94.9084
91.4279
93.9822
93.2528
92.6361
94.2014
92.02
93.9652
92.7304
93.5928
92.2608
91.0973
93.6677
93.6904
94.495
93.5304
92.5407
92.9902
91.2384
92.1457
91.7487
92.3976
91.6929
92.174
92.3055
91.982
93.0297
93.7241
92.491
91.2763
92.2841
92.5496
92.9916
91.5051
93.7297
91.5791
94.1936
93.1345
93.9324
90.3547
92.9857
91.3148
93.7875
95.2298
93.3906
91.8642
92.3696
92.4905
91.1439
90.7119
95.2352
92.9859
89.7622
92.6615
92.8076
90.7661
93.768
93.6461
92.5346
91.6555
94.0836
94.5812
91.7428
93.7655
93.2013
93.757
92.9489
93.3545
92.8307
93.1803
91.4174
94.3135
93.414
94.9761
94.3021
93.1779
91.4963
93.5447
94.5379
91.7861
93.4783
94.5052
92.4134
92.7145
94.0103
94.097
90.9618
95.108
93.3546
92.0271
92.9527
94.0308
93.4572
94.2659
91.4862
92.6619
93.9122
92.979
94.5585
94.4835
92.0283
92.4352
93.9978
93.3998
91.955
91.8767
93.5169
93.1502
93.2787
90.3591
94.608
92.1616
90.5829
93.4356
90.7225
91.0738
91.9859
93.5015
92.2744
93.6354
92.9504
92.0954
92.9449
93.1602
94.26
94.3101
94.9803
95.2902
93.0215
92.7344
92.6894
93.5679
93.2821
92.4611
94.003
92.2298
94.8168
94.1923
91.297
92.2386
91.9944
93.8901
91.8062
92.0417
92.3078
92.1763
91.1197
96.4767
92.3483
93.2188
94.4466
93.5138
91.8732
91.4957
92.3066
93.9432
91.8315
93.3633
91.5227
92.2623
92.2333
92.6282
94.6496
91.8253
93.3875
92.9897
93.8167
93.0076
92.7317
91.6957
94.0746
92.5618
92.2169
92.169
92.8739
92.622
93.5348
92.4827
91.114
94.5659
94.8253
92.612
92.7329
93.6679
93.9579
92.0257
90.4407
92.7362
94.0348
92.2829
92.2139
93.6966
91.4152
92.6952
92.9765
91.9507
93.1656
92.6769
92.8318
95.0215
92.5661
94.0469
94.0613
90.1048
92.52
91.6366
92.9502
93.2284
91.4199
91.4759
92.2842
96.9433
92.5004
93.5858
93.3028
92.053
89.8343
91.6503
93.1791
94.0814
92.5937
92.375
94.4571
92.7251
93.4434
91.884
95.7234
92.4655
92.5033
93.5478
94.5839
92.8972
91.6534
92.6382
91.5294
92.0043
91.4216
92.4011
93.1475
94.3717
92.0693
92.9352
93.9033
93.2526
92.1172
92.2717
91.8902
92.6806
92.7849
94.2059
93.1346
91.5625
92.6723
92.2421
92.6606
92.1167
95.3659
92.4349
95.0856
92.8881
94.1718
93.0631
92.5069
91.9272
95.9338
91.8875
90.3756
92.7855
93.3897
92.9253
94.4895
94.2391
93.5371
93.4177
93.4627
93.5633
93.891
91.1618
94.0726
94.4091
90.9651
93.9912
93.6661
93.6217
93.2093
92.2235
90.3491
94.1615
93.7502
91.6966
92.4883
92.295
92.6296
92.8297
94.175
93.1586
94.3413
91.0518
90.9047
91.384
90.7728
91.011
93.3627
93.4022
95.294
91.836
94.8733
92.1995
91.1674
92.7202
92.2438
93.6269
91.9162
93.9289
93.6476
93.3535
95.8748
92.2897
93.936
91.9467
93.2627
93.7896
95.1706
92.2448
92.8731
92.1828
94.0059
92.653
94.9858
92.0442
93.0587
92.2787
93.2818
91.8976
91.2919
92.243
90.9318
92.4684
93.5582
93.6601
92.5331
91.9715
93.9978
92.1046
91.545
92.9391
93.7596
94.4551
93.0375
93.0229
92.4248
93.7187
92.3344
92.2413
92.1332
94.8226
92.4024
95.2286
92.1647
94.3033
92.0798
92.0151
92.6132
93.7601
91.884
90.9492
91.5456
92.906
92.8531
92.7256
92.8056
92.6179
92.6601
95.9197
92.5718
92.3486
93.4268
93.4197
93.3506
92.3643
93.4303
92.2126
93.7389
92.8332
91.7034
92.8647
94.2351
91.8053
92.2898
91.7294
91.6599
91.814
92.7451
92.4507
94.438
91.7867
92.0121
92.1525
91.687
91.1521
92.2893
93.056
94.5062
93.1218
93.9534
95.2232
93.5297
92.3609
92.5719
91.381
94.2271
92.7543
92.4555
92.2328
93.7273
94.1713
94.0946
94.0202
91.5571
91.9648
92.8215
93.562
93.3402
92.8555
92.5226
93.4026
93.0027
93.1444
91.8017
93.3011
93.8392
94.2313
92.3886
92.1598
95.1173
92.739
91.3863
91.9433
93.2498
91.9688
94.1087
93.2234
94.1926
92.9023
90.1624
91.6369
93.6217
92.3606
93.1453
91.9328
93.8568
93.6669
92.5586
94.4145
90.2863
91.855
92.3675
93.5706
92.4964
93.3039
92.5171
92.349
94.8184
92.5411
93.7807
93.1864
92.8137
92.4287
91.7876
92.8391
93.012
92.6057
93.2932
95.2323
94.0325
94.1588
92.7323
92.8913
95.2756
94.1071
94.2616
93.2267
92.0513
93.4064
94.3997
93.3689
92.5842
93.838
93.7891
92.466
93.04
92.2115
94.1871
92.296
92.8507
90.6618
94.787
95.4497
94.0667
93.1604
92.2937
92.792
89.6139
95.6158
89.9105
92.747
94.4646
94.2816
91.3979
92.2672
91.6858
92.0232
93.2783
90.8173
92.3168
94.752
92.4823
93.4662
92.645
93.2727
92.4792
92.5976
92.6923
93.5312
92.5263
93.6468
92.7979
93.2139
92.6254
94.3922
95.6206
91.6574
93.2675
92.7492
91.9626
90.2737
92.6136
94.2573
93.7404
91.5015
93.7335
92.9356
92.83
92.0287
94.7263
91.4914
92.6208
90.2139
93.6698
94.391
92.4266
92.6735
91.7839
93.4521
92.0998
92.6161
93.5153
94.1161
93.7766
92.8297
91.1663
92.6791
91.7777
93.2754
93.5858
93.3123
91.515
91.8081
92.292
92.6669
91.7808
95.7689
93.9872
94.809
92.5844
93.2292
90.9537
94.7954
93.2017
94.3873
93.7052
91.5685
94.4277
91.8684
92.142
92.6646
92.8039
94.1113
93.6963
95.1665
93.3671
94.1742
92.496
93.2437
91.7807
93.8179
91.9601
92.2421
92.403
94.9472
91.8484
92.688
94.6377
93.1642
92.585
94.5376
92.0269
90.492
93.6472
94.5482
92.0645
92.9723
90.693
93.8251
92.9534
93.5162
94.4148
92.431
93.0942
94.0386
93.6394
92.0052
92.7288
92.5307
93.7586
90.426
93.1032
94.4744
93.8757
93.3038
94.0912
93.728
93.1535
93.0957
94.1859
94.8709
93.4102
92.7227
94.6201
93.3641
91.8506
92.5449
93.1852
93.7962
91.7998
92.1258
93.0274
93.0214
92.7663
92.8168
92.2545
91.4784
92.0916
93.3557
90.5941
92.9901
90.7449
93.0973
93.4782
92.2735
91.0783
89.3694
92.5362
92.3265
92.4854
92.4914
92.1418
93.7051
93.802
93.7998
92.8494
91.93
93.4351
94.105
92.8288
92.5743
93.548
92.3494
91.1179
94.3637
92.3356
93.9904
95.24
92.5065
93.4144
92.7758
91.3522
92.4952
92.8805
91.724
92.9341
93.0944
91.209
93.2983
92.1807
91.2339
93.9193
93.2448
91.8361
94.5133
92.1473
95.0859
91.7271
92.492
91.8346
92.9419
92.6586
93.8009
93.8437
93.9583
92.2208
93.0027
95.5431
95.2006
93.9418
93.6265
95.1481
93.9455
93.0744
94.2639
94.1337
93.5427
94.6774
94.0896
92.8921
91.0803
91.2617
92.5109
91.8922
91.6643
93.1864
93.6587
92.9787
93.8515
93.7517
91.5752
94.4932
94.4718
93.3777
92.2285
92.407
94.7597
92.5369
92.2255
94.2277
91.4901
92.7305
93.8089
92.7747
92.2754
92.6411
91.929
90.9723
92.1559
95.2402
94.765
93.4743
92.8215
92.3405
94.4374
91.959
91.5633
92.5751
89.8771
92.9989
92.8135
93.6617
93.4323
94.7389
94.0779
93.8956
94.695
95.1097
91.8386
91.0302
94.4573
91.6399
92.1786
92.8736
93.4673
92.4284
93.1913
92.242
92.096
91.9352
91.7106
94.3093
92.6813
93.092
92.8322
92.8062
92.7673
94.2186
93.7767
91.3693
95.9015
92.6494
92.8782
93.6105
93.3762
92.909
93.0041
94.3568
94.6018
92.3292
93.5728
93.9073
92.6492
93.5788
91.8697
92.8083
90.0329
92.9797
92.7295
92.1234
92.2495
91.2955
92.958
92.8829
94.48
92.1972
91.9741
94.3275
93.2349
91.99
94.2781
91.8935
94.9314
92.094
94.2846
92.4154
91.5089
91.9538
93.7375
94.2133
93.2219
94.1871
93.4182
92.3993
91.1402
91.2885
93.6876
94.0695
93.7861
92.3841
95.3351
92.3693
91.715
91.9117
93.9162
94.2314
92.9646
91.4491
90.7557
93.3682
93.3747
91.6224
91.2707
94.0523
94.7385
92.8947
91.8415
94.0994
95.4334
92.8256
91.7669
93.938
93.6486
94.2051
92.4155
93.085
93.8874
93.2513
93.2022
95.7131
94.1122
94.3449
91.7235
91.4826
92.1744
92.6581
93.0934
94.1693
93.2856
93.3756
91.3879
95.1063
92.5994
92.9279
92.4705
92.2905
95.0708
93.4719
92.5974
93.3262
91.0606
90.8588
92.8189
93.1079
95.2465
93.0797
92.8278
93.5697
93.7724
93.3024
92.211
93.1196
93.4033
93.8735
92.7474
95.3274
91.2918
91.9146
94.2195
92.4927
93.4499
90.8967
93.0363
93.9441
94.4771
94.4387
94.4835
91.6367
93.1852
94.2622
92.0891
90.987
93.4631
95.1301
92.5246
93.9672
92.1933
93.9466
92.3247
91.6306
92.1023
94.2156
90.7982
93.0772
91.1859
96.5217
93.9572
93.8856
91.9442
93.9471
92.9519
91.8536
93.7942
93.2377
93.088
93.1833
92.8386
93.7918
93.2182
93.7327
90.6624
94.8671
93.1311
94.5335
92.1952
92.6243
93.3797
91.6707
93.6783
92.1906
92.2827
94.0004
93.8248
94.3087
93.3413
93.3958
91.4521
91.2568
94.2398
94.3609
92.8154
93.4692
94.0117
92.6235
93.7086
92.2874
92.8635
93.6058
94.3333
94.671
91.9115
94.558
91.1021
92.4381
92.5633
93.0109
93.5337
92.8839
92.6222
91.7389
94.2672
92.7704
95.145
93.1467
90.816
93.0426
92.4291
91.5999
94.2897
93.267
91.7974
93.5575
94.0744
92.9839
93.1141
91.5201
92.6726
91.6063
93.9012
93.2809
93.6085
93.4185
93.9661
94.9663
91.8101
93.5639
95.0424
96.1269
92.4375
92.5627
92.0507
95.4922
93.9094
91.162
92.3684
92.6427
96.0655
90.4502
93.1605
91.8336
92.6506
92.6101
92.1958
93.1873
92.1421
93.3078
92.5517
92.9023
93.3702
92.2854
93.3188
92.6618
92.1984
92.8643
94.2446
93.4329
94.4823
92.7013
91.5287
91.4561
91.7476
93.2421
93.1936
93.5968
90.5014
92.2532
93.507
92.3118
94.8215
92.6226
93.5567
91.6
93.6574
93.3089
93.9681
91.3634
93.9585
92.122
92.3093
91.6249
91.6874
94.211
92.3926
92.9028
89.8093
90.653
92.244
94.214
92.8556
92.4373
94.0816
91.3645
93.241
93.0866
92.2912
91.7414
93.3236
95.9231
92.2266
92.8618
92.7114
95.8112
93.7393
91.6053
92.3649
92.3218
92.6958
93.1101
93.014
93.5831
90.9521
94.1134
92.9731
93.6096
93.3857
91.4356
93.8123
93.2094
92.3777
94.1954
93.5189
92.4251
94.3171
92.5597
93.534
95.0645
90.3373
95.1587
92.7134
93.8237
95.5063
92.5178
93.4135
95.0793
93.8016
94.3669
94.3424
94.3067
92.3647
93.6171
92.6285
92.8031
94.0698
92.6634
91.4872
93.4371
93.8035
91.9871
93.0053
91.8953
94.2983
93.8708
93.6728
94.407
91.1547
92.9001
93.2859
93.0648
91.7792
94.8409
92.1003
91.6431
90.5311
91.4846
93.0629
93.7817
93.9252
92.4429
92.6961
91.1862
91.3113
91.881
92.9336
92.4741
91.9259
91.8502
92.2086
91.1198
92.2695
94.2136
93.4908
93.8149
92.4933
93.5173
93.8226
93.0894
92.4499
95.2641
90.6194
94.8482
94.6494
92.8184
92.5294
94.3202
89.6502
92.9014
93.2357
92.2686
91.3969
92.1603
93.5416
96.2805
94.6434
93.4835
95.3061
92.7677
95.8
93.3666
93.109
94.4666
93.0033
94.0709
93.3537
93.5848
93.8391
90.5627
92.6943
92.3004
94.3224
94.2828
91.8686
91.3252
94.8401
92.3052
93.0216
91.9013
93.5604
93.8798
93.8712
90.5407
90.4654
93.7686
93.9392
93.1098
91.6533
91.9866
93.7376
94.7442
93.0868
92.7565
90.4901
95.854
95.1612
93.2957
94.1373
94.4521
94.4526
93.688
91.1865
91.9773
94.8967
95.0177
92.9635
93.2025
92.3803
92.0479
92.9818
91.6963
94.3755
93.4468
92.9029
92.4114
92.0611
93.8459
94.4738
94.9405
95.684
92.4285
92.3659
92.0059
91.3161
92.1416
93.2663
92.3982
91.3683
92.1798
93.4074
93.2587
93.6861
92.4415
92.7748
93.774
93.0874
93.5933
92.7275
93.2151
90.9426
94.3253
93.852
93.7331
94.5235
94.2518
95.3823
91.9424
93.6555
92.4004
93.6105
90.7709
91.0457
91.2313
91.803
91.9433
91.4314
94.2517
93.7241
93.7152
94.2639
92.1577
91.2308
91.2221
91.8762
92.169
92.7705
93.8258
92.7967
94.5049
93.6213
94.0176
91.9955
91.5333
93.0925
95.594
94.3938
94.179
94.3587
92.2122
95.7617
94.0262
92.6364
92.247
93.0303
93.2813
93.4085
94.2653
92.2503
94.3384
92.4966
92.3921
92.6078
92.6152
91.8702
93.1382
91.81
93.3505
93.0918
94.2352
95.6561
92.3576
92.9258
92.8639
91.7371
91.3544
94.7581
90.6598
92.2229
93.1005
92.8447
91.663
92.0704
92.95
91.6709
93.6608
91.0416
94.6197
92.5927
92.4522
93.9847
93.51
93.9455
91.9887
91.8091
93.8314
94.5926
92.4342
93.8217
92.4804
92.2691
94.1769
93.9669
93.1282
94.2869
91.3672
91.731
92.3695
93.0648
92.5367
92.8484
93.6035
93.2546
93.915
93.78
91.7406
92.3025
94.3328
91.4176
92.9529
92.9876
91.5035
93.0887
91.7774
91.8739
92.3353
92.0385
92.5821
92.6621
95.4977
91.5321
94.1083
91.9092
93.2666
91.8969
92.7306
93.9295
92.3215
92.4784
92.5258
94.2574
94.6026
91.3635
91.7355
93.1354
94.1296
93.9178
92.5875
94.2635
93.1584
91.7072
93.5032
91.8677
92.9139
91.5511
91.3273
92.1395
93.1587
93.1384
91.1254
92.5321
93.4299
92.4441
92.8996
94.5888
95.2815
93.0837
92.1648
92.3848
93.7348
93.5443
93.399
91.3109
92.9991
93.4121
95.0443
90.6479
92.445
93.793
92.1107
94.0796
91.7495
92.5949
91.3206
93.6196
92.238
91.7113
92.1099
92.0378
92.7282
94.4505
91.8321
94.3149
93.371
92.3522
93.0469
93.2451
95.0423
91.873
92.2694
93.7118
92.4905
91.3549
93.9452
91.9562
93.3975
91.8755
92.1064
92.1233
90.4534
92.2215
92.1053
95.2183
91.0214
93.1803
92.9451
91.9627
94.3634
92.2698
92.2463
93.6633
93.6239
93.3723
91.5623
94.2199
92.518
93.6736
93.7984
92.1704
94.1196
93.1181
91.9748
95.3754
92.8181
94.7779
90.9143
91.6439
94.9258
93.2431
92.6186
93.0654
97.0735
91.5041
91.6274
93.0612
92.3418
93.7546
93.1631
94.1864
91.4671
91.252
94.8677
92.2774
92.5648
93.1585
92.5595
92.0972
92.933
92.4501
93.069
93.7982
91.9921
91.4282
94.9652
93.5259
92.2801
90.7945
93.9585
93.0239
91.4334
94.7935
93.8714
93.8964
92.299
91.5226
93.3474
92.4495
92.6256
93.4962
92.4015
91.5217
92.1681
91.7736
91.4267
94.4437
94.191
91.7926
91.3558
93.001
93.969
91.1748
93.3265
91.7173
92.0878
92.3855
93.0654
92.8121
92.8188
92.7012
93.1782
92.4691
93.6645
93.8102
90.7151
92.5632
94.2289
93.6826
95.1387
93.7156
92.4449
92.4826
94.4671
93.8776
91.8861
94.0398
93.4697
92.2643
92.6745
92.786
92.7803
93.1957
92.9777
94.0113
92.2213
92.1141
95.7646
93.339
92.9246
93.9325
93.7445
93.8961
93.7921
94.4602
93.6088
93.4055
91.641
94.0798
92.3362
92.701
94.0072
95.2587
94.5521
91.5989
91.1772
90.6414
91.6454
92.1045
92.0001
91.8506
94.2249
93.7734
93.9432
91.1166
92.6374
93.0732
94.0763
91.2383
92.2812
93.6226
92.3538
93.2186
93.1354
91.6994
91.31
92.2614
92.9714
94.4986
92.2606
93.1759
92.9867
93.1079
94.1558
92.7869
93.0612
91.4638
94.287
92.3144
93.0022
93.8832
91.8391
92.4484
93.7609
93.5833
92.8748
94.6415
93.204
93.4864
93.6644
92.1606
91.3996
93.6062
92.1505
92.4836
92.607
93.2225
93.3214
93.6923
93.0183
92.5326
92.4446
92.8041
91.7179
90.5837
91.7306
91.2986
92.9514
91.962
91.5356
96.1608
93.8678
92.6879
93.1769
91.137
93.2197
91.61
95.0163
92.0423
93.2634
93.9257
93.0377
94.3089
92.7155
91.3159
91.3309
92.3712
93.9061
93.9246
91.2007
90.9405
93.4453
95.0229
90.8706
92.9867
92.8036
94.2748
92.1469
93.3542
92.3709
94.3752
91.5092
92.6435
94.3556
92.0275
92.9614
92.4636
91.9922
91.4774
90.4839
93.8363
93.4538
93.7933
92.1107
93.3887
93.1113
91.3248
90.6958
93.2332
92.1686
92.5279
93.7325
93.4708
93.8206
91.7325
93.793
92.6785
92.4514
91.4932
92.8663
92.5126
94.792
93.0028
93.9778
93.1366
94.8219
91.6408
92.6801
95.4
92.8409
93.806
94.3929
91.8959
92.7264
94.4283
93.3219
91.872
93.6312
94.8807
94.7955
92.1819
91.5424
94.6394
94.2355
90.6411
92.3262
93.0142
92.348
95.3295
92.7091
92.9286
92.4217
93.3684
91.4808
91.4851
92.3192
91.8687
92.7568
91.1378
93.4694
91.887
91.8665
91.8713
93.1048
93.216
92.994
93.7572
95.8314
91.5551
91.8865
92.9407
91.6162
90.904
91.6114
91.6847
91.5305
92.9152
91.1304
93.6255
92.6386
92.8165
93.3262
94.4622
92.9309
91.8386
92.8266
93.9461
92.7112
91.0668
93.6545
92.6114
93.2662
94.1202
91.8346
92.9746
92.5482
92.1559
92.3719
91.8915
93.2405
91.6674
93.8969
91.9567
93.2975
93.4258
91.6457
91.7923
91.8047
93.364
94.7689
93.4795
93.0339
92.2916
94.9054
92.3289
95.1864
93.7551
92.5467
94.6495
91.9931
91.9525
94.1578
93.633
94.15
93.559
91.6052
92.7809
93.4091
92.6342
91.2757
95.0359
92.4963
93.1182
94.6502
92.6017
92.8521
94.7866
94.1323
92.2504
92.865
93.4895
93.9526
92.4943
91.4861
91.4067
92.0164
94.3671
92.8478
93.0287
91.3178
93.3042
92.4133
93.3118
94.1041
93.7752
93.7938
92.1387
92.2372
91.8582
90.3553
92.6804
91.8678
94.255
93.8367
93.7376
93.5093
92.4735
91.5517
91.3135
93.1323
93.0382
92.7333
90.9686
93.8405
92.246
91.8227
93.4103
91.6063
92.8009
92.4255
93.0699
95.09
89.942
94.515
93.0162
91.3725
95.2096
92.9781
94.3649
93.4742
95.034
96.8488
93.0989
92.1265
91.0283
92.5121
93.2391
92.0144
93.2413
92.3519
91.9196
92.2141
91.5495
91.9271
93.3202
92.3819
93.3885
91.9729
95.224
92.4637
92.9189
92.9914
92.3392
93.1568
94.5902
92.1292
92.7459
93.7459
91.6143
92.5986
93.9648
94.4135
92.5409
94.6799
93.7566
93.5005
92.0153
93.8115
92.2376
96.7238
92.3345
94.675
93.4321
93.51
92.1048
94.784
93.4735
92.7156
93.0807
92.5659
94.6528
94.3211
92.5078
93.5722
91.0979
92.891
91.9819
91.328
92.16
93.7284
92.479
91.2028
93.5543
92.2857
91.4553
92.5344
92.6288
92.261
93.1936
93.6789
95.513
92.2965
93.3004
94.4614
95.9128
92.0295
93.6937
92.5269
90.9244
93.2308
91.8193
93.0737
92.4941
93.2343
92.1865
91.156
90.9808
91.3708
94.0019
92.9346
91.0574
92.5759
91.5393
93.13
92.8814
93.0468
93.5452
91.8573
93.0883
93.379
92.3858
92.9173
93.0181
92.0147
93.5741
92.1425
94.664
91.7574
92.0353
91.5809
93.7312
96.2793
93.5088
93.141
94.4318
93.3569
92.6838
93.4509
92.7285
92.4335
91.6765
95.0448
92.3517
92.9182
93.3954
93.103
93.2736
91.3243
92.5792
91.4746
95.0983
92.3946
92.3428
92.8121
93.6129
94.9273
93.3887
90.9973
91.6488
90.8263
90.5562
94.7356
91.0458
93.8717
94.6827
92.7891
94.9037
92.74
93.1054
93.1245
93.3864
94.6788
91.9553
90.9854
92.9046
90.5895
92.7876
93.0996
91.1865
91.7876
92.0738
91.9321
91.792
92.5654
92.8962
92.1293
91.2864
93.262
93.3872
91.0045
93.8383
90.2066
92.049
93.8409
92.8409
93.4089
92.2071
94.6005
90.4831
93.0345
92.1751
92.8809
93.1812
94.0362
92.6163
93.6892
92.9904
93.4579
92.7062
93.6851
90.935
92.2677
91.9422
91.7833
92.9858
91.9182
92.6316
93.2711
92.4473
93.9673
91.6421
93.0202
92.373
92.2077
93.5131
93.3091
91.6133
92.8537
93.1445
92.5025
92.356
92.4824
93.2388
92.4341
93.1509
92.7057
93.9283
92.1939
93.1248
92.8409
94.9219
92.002
93.9979
92.0652
94.7998
94.5393
93.6219
92.9457
92.468
91.2609
94.8339
93.7337
93.494
93.9755
92.5376
93.5847
95.0345
92.2962
93.7268
93.8233
92.8789
93.4857
92.6014
93.7001
90.9207
93.4513
92.3221
94.8091
92.5016
94.0227
93.8752
93.1667
93.4031
93.5813
91.7405
94.2664
93.0618
94.3052
92.499
92.6492
92.6789
92.3037
92.628
91.6266
94.1899
92.9959
92.8818
95.0732
92.1519
92.7432
95.5364
92.8041
92.5308
93.9623
92.4279
91.5659
92.5298
93.6877
92.5754
92.1711
91.4886
94.5476
93.5452
90.7896
95.4576
92.9496
93.5509
93.3613
92.5896
93.0199
94.5207
92.6645
91.5805
92.9044
90.9977
94.8721
92.3303
89.9481
93.5803
93.2764
93.5091
93.8792
91.5846
94.0393
92.9509
92.4149
91.9679
92.762
93.3787
92.9874
94.3022
92.7352
93.0345
93.6246
93.7704
92.8099
92.3861
92.9008
92.5034
91.9082
93.5128
93.623
93.5554
92.9692
93.6283
93.7307
91.2106
93.677
91.7149
92.0454
93.5815
93.1634
94.2446
91.8657
94.8142
92.5443
92.9581
94.2007
93.8995
94.3859
91.6456
94.1502
92.9055
90.9668
92.0347
94.7537
92.9466
92.656
93.891
94.7534
91.6675
91.1482
93.9103
91.807
93.9145
95.1999
93.3906
92.7126
93.2603
93.0236
93.4134
92.5441
93.8996
92.7225
91.3249
92.9958
93.8711
94.4576
91.5079
91.947
91.8423
90.0199
92.8766
93.7327
93.9158
94.0346
91.0609
93.2884
92.9368
93.1777
93.9275
93.4253
92.8549
91.3034
93.5476
92.1682
92.5923
93.6762
94.2462
93.3312
93.3014
93.1412
92.8181
93.324
93.9925
94.6737
93.0287
91.6212
92.0015
92.1542
92.5204
91.9195
91.5477
91.3769
93.3513
94.5139
93.1242
92.2141
93.5874
90.7105
91.0686
91.3578
92.4456
92.8486
93.1027
91.9685
94.3482
93.7777
92.7127
91.8773
93.2649
92.869
91.478
93.0825
95.0683
91.6819
92.9409
94.3793
92.6193
92.4414
93.4702
92.1844
91.3509
91.5116
93.218
92.7362
93.1591
92.1729
94.3118
93.8122
92.8273
91.9327
92.4348
92.0738
94.5155
93.4665
93.9755
93.6938
92.7005
91.7746
91.3245
89.9263
93.9196
91.1242
93.1475
92.2144
93.4067
91.3845
90.761
94.3721
92.3897
91.6052
93.7282
93.8742
93.0162
94.4744
91.8217
91.6837
91.9077
93.9486
94.5014
91.6516
92.3849
93.7931
92.0835
92.8313
92.4554
92.8082
93.4593
91.1939
92.5037
92.5008
94.285
94.2814
90.9699
93.8324
93.6918
93.7266
92.2331
92.8374
93.1357
92.6639
93.698
93.3808
91.8024
92.3914
93.4337
92.1384
94.0214
92.7022
94.3026
91.2589
94.2202
92.7516
93.3555
91.807
94.0621
92.7331
92.2783
94.1703
92.0379
90.9281
92.3993
91.7408
93.1634
93.9118
91.3921
90.5318
93.7398
93.5201
92.3752
91.7537
94.4074
92.3676
94.4663
93.1788
92.0684
93.8381
91.6158
93.0701
93.0637
93.9809
90.0769
92.8222
92.3252
94.2254
92.7054
93.0277
94.9089
92.9751
94.3284
94.1911
94.5799
93.055
91.667
95.0934
93.6654
94.1043
94.9084
93.4761
93.2176
94.0518
93.9942
92.5383
92.3917
92.1766
93.3464
94.7292
91.5208
93.143
93.6802
93.2423
92.1369
91.0179
91.6103
93.7065
91.4508
92.0808
93.3978
93.1732
93.9771
92.636
93.1921
93.3533
95.7105
91.8603
91.7643
93.1427
91.5754
94.112
91.7253
92.5391
95.1011
93.8164
92.5065
92.1102
92.6063
93.0321
93.3753
93.9406
91.9933
93.1281
94.6684
94.1897
93.2259
90.8588
90.8829
94.9202
92.1932
94.0375
93.486
91.6502
92.6097
91.369
94.3416
95.0655
92.6759
92.5714
94.4931
92.9055
94.0542
92.7497
93.0528
91.537
92.2155
91.9729
90.8807
93.4596
91.4082
93.9306
92.4302
94.6973
96.1974
92.5938
92.9076
91.8963
91.8656
92.2421
91.7225
93.0484
92.8597
91.4688
94.2504
92.6533
94.1048
92.5892
94.3662
93.789
94.9527
92.1378
93.3235
93.6153
92.5894
93.1193
94.0701
93.0729
91.836
94.048
93.8431
91.9326
93.7403
91.9174
92.428
91.0222
91.3694
91.2241
92.8241
94.5467
91.114
94.5291
92.8117
90.8047
92.942
91.3965
92.0198
93.8647
93.847
92.5125
92.5715
92.9041
93.6388
93.4597
92.0897
93.2989
94.0029
92.0905
92.4756
95.5057
93.1347
92.8741
92.0544
90.4614
92.9356
90.717
92.6795
90.8538
92.545
92.7897
90.7317
92.7366
92.9625
91.6117
93.0988
93.0073
92.7464
94.1092
94.388
93.0856
91.6267
92.6368
93.3066
95.3127
90.9747
93.8929
92.875
91.3232
93.2526
93.3043
93.3315
92.2427
95.0015
91.0483
91.649
93.9061
92.5394
92.4739
93.0529
94.2753
94.0981
92.0433
92.4906
92.0578
93.1713
91.2343
92.4407
93.5657
90.3461
92.3381
94.3794
92.1824
93.6767
92.8397
92.811
93.8236
94.1879
93.1707
91.807
89.8261
92.8143
92.5131
92.5545
93.2803
93.254
91.1142
92.6981
91.6627
93.0961
92.9496
93.0708
93.096
92.7565
93.9042
92.5578
92.5936
92.6822
90.7402
92.7029
93.2567
91.5076
90.7994
93.2272
94.3914
92.4072
92.6968
92.5501
91.8701
93.9664
92.9505
94.7766
92.9407
92.177
93.1539
94.5967
93.5317
94.1681
91.8004
93.1775
91.5303
92.2986
93.1574
94.0446
91.7671
93.7769
94.2732
92.9013
95.2416
95.7293
91.5779
93.2616
94.1651
93.9631
91.7655
92.463
93.9725
93.5609
94.0647
92.5874
92.229
93.5575
91.7408
93.091
91.0933
92.8153
92.5994
92.6256
92.4036
93.9033
93.1546
92.4937
91.3238
95.0017
93.6841
93.1694
92.9494
91.2016
93.6581
94.8007
91.8779
90.164
94.2905
93.2413
94.3932
92.4668
91.0679
92.1853
93.79
93.3972
92.634
93.9279
93.3443
91.8913
93.8668
91.0539
94.0815
91.6819
92.7884
92.9826
94.5561
92.7712
93.385
93.5747
90.5806
95.0444
92.3521
91.2389
94.3086
92.4653
94.9159
92.9841
95.3748
92.5871
92.2554
93.12
92.3887
92.6722
93.0671
92.9023
92.0398
94.6611
92.3905
92.9368
91.1395
92.7517
92.3506
94.0778
94.297
91.0058
93.8303
92.9582
92.3409
95.1263
92.6869
92.8338
93.6707
92.8655
92.2424
93.0604
91.6036
92.4365
93.4153
93.4457
93.2547
91.4839
94.8075
89.5417
92.9437
92.7454
92.9467
92.3716
93.5086
90.9734
94.4879
92.7902
94.391
93.5639
93.391
94.6342
92.456
92.8784
93.7979
93.3493
94.0561
93.0454
94.2071
93.5006
93.8485
91.1753
90.9247
92.7278
94.289
90.8896
92.2394
92.1641
93.8057
92.2307
95.3553
93.2224
91.3511
91.987
92.4307
91.9814
90.6206
90.8203
93.7175
93.9115
93.5601
93.3982
94.8501
93.4471
93.822
92.8938
92.2047
94.1078
91.8818
92.6579
93.208
94.0735
92.8704
94.6414
94.1271
92.1388
91.0928
93.9973
92.9583
92.7556
93.6304
92.8685
93.2586
94.4213
93.832
92.6726
95.3026
92.4696
91.5497
93.1355
92.4082
92.6112
93.2703
93.2672
92.2369
95.0972
93.5306
92.0785
92.964
93.5846
93.8787
93.2789
93.4354
94.3228
92.9678
91.6142
91.0039
92.6026
92.6578
93.6015
92.6978
93.3507
92.1732
93.0893
90.9699
93.4898
91.6268
92.1602
93.2683
93.2959
92.7152
92.2404
93.6737
94.2939
93.3137
93.2714
93.8902
91.8237
92.5641
92.7844
93.8566
92.9173
92.4024
92.6607
92.9224
91.3985
92.584
94.4441
91.1462
93.358
91.7218
92.7105
95.2244
93.0423
94.1846
91.7233
94.0936
92.6611
93.1948
94.8721
91.8202
92.684
92.2751
91.5788
92.566
91.9568
92.3456
93.6478
92.0197
91.7443
93.1288
93.3062
94.3593
92.3674
93.4998
93.2594
92.0856
93.9233
94.3444
92.0883
93.3962
92.0578
91.9898
91.6965
94.1946
91.4164
93.4626
93.4872
93.0038
93.094
92.7319
91.7978
92.7343
92.1302
92.8263
93.4161
92.2236
93.9332
94.2462
92.8441
93.2151
92.4993
94.5165
93.4238
92.653
94.6542
94.6259
92.4203
91.9669
93.3502
93.2652
93.5906
91.1624
92.9099
91.1993
91.1169
93.3321
92.9926
93.5296
93.1373
94.0775
94.3651
93.2782
92.1079
94.0855
92.0993
91.8655
93.6741
91.0647
93.8623
91.6992
91.7736
92.1877
92.6005
93.1175
92.4282
93.2953
92.9823
92.2757
93.2546
91.7623
93.7257
94.342
94.091
91.7497
92.2235
94.5662
91.0172
91.7913
94.5455
92.6002
93.0727
92.4812
93.7617
92.606
92.2617
91.1783
91.4608
93.9976
94.0729
94.4975
90.8199
91.863
94.5659
92.0969
94.675
90.7279
90.6181
93.2713
92.2468
92.6865
93.9656
93.4627
93.6046
93.7537
93.8287
93.5559
91.8044
94.6155
93.1036
90.6305
92.8238
94.3216
92.5201
93.3606
93.7563
91.7868
92.8691
95.4317
91.7172
92.9733
92.8312
91.8448
94.1171
94.0065
92.2416
93.1229
92.9974
94.4893
92.5116
91.6896
92.106
91.3158
92.8766
94.5362
95.1868
92.7799
93.2092
93.7467
93.6979
93.4448
92.4366
93.9612
90.2934
91.5575
92.549
91.8
93.3641
92.2566
93.8922
90.5901
94.2649
92.76
93.3217
91.4009
93.7966
91.2238
92.9305
93.8963
91.0028
93.3307
90.4382
93.0083
91.0389
92.1253
93.199
93.9439
93.9572
92.9503
92.0532
92.2062
91.0443
92.8192
91.2426
93.8506
92.6678
93.5389
94.474
92.9555
93.8409
92.5378
94.8495
91.7061
92.5128
93.8677
93.4289
92.7306
92.9591
94.8035
94.0947
93.59
92.768
90.7865
93.3985
94.8508
94.4381
91.9005
92.9683
91.5993
93.4834
91.7586
95.0567
91.8431
92.4136
93.8914
94.4956
93.4866
92.3698
92.0075
93.2569
92.3269
93.4596
93.1023
92.6997
93.1088
93.2073
92.6168
92.9324
95.5429
91.9718
91.6717
94.2841
93.0685
95.6078
92.4449
93.4426
92.5438
94.8303
91.5914
92.3385
93.949
93.6505
91.7842
93.9796
93.0765
93.3171
94.2675
94.4949
92.7468
91.8292
91.956
95.2907
92.978
94.0291
94.28
92.5803
92.8582
92.8081
92.3194
93.2739
94.0439
90.8773
92.1765
93.8793
93.2659
93.6339
92.7488
93.6188
94.2894
93.3885
92.5623
91.1625
92.1365
92.7032
92.5117
92.2758
92.6804
91.0794
92.1123
93.2264
93.9744
93.5128
92.6304
90.5903
94.3783
92.6715
93.5395
93.1559
94.4633
92.3991
92.1386
93.0201
95.1103
92.4667
92.4698
92.8393
91.7887
92.6836
93.5097
95.1262
92.5655
92.9363
92.9637
91.3498
93.3334
92.8522
93.3886
95.4168
92.9566
92.4855
91.7841
92.8726
91.1342
94.0389
92.6598
90.4794
93.1555
93.141
91.5517
90.009
94.0862
93.7055
92.4173
89.9687
90.115
92.8108
91.1787
95.1995
92.3429
94.5611
93.1641
93.8175
92.1297
92.2932
91.4741
93.0578
93.2121
94.3887
93.0284
93.1241
94.2444
93.5963
92.8199
93.5214
93.0105
94.4656
92.9999
93.4691
92.1303
92.4306
92.5784
93.871
93.3485
91.5221
91.4901
94.1109
94.3131
92.4175
92.6126
93.1539
92.102
93.0137
92.0152
89.8743
91.8976
94.351
93.9341
94.4058
94.6611
91.9683
91.5933
93.4655
94.1455
93.8203
92.9855
91.4194
94.8861
94.7994
92.7834
92.0286
92.0878
93.9727
92.2951
93.2442
92.3113
93.9894
93.3014
94.1632
94.0941
93.2077
95.1111
92.1341
92.8219
93.7997
92.0668
94.7106
93.2307
93.2995
91.6245
92.1816
90.8984
93.5538
92.6717
90.9111
92.8803
91.5558
94.9762
93.2015
91.2773
92.9231
91.1658
92.9841
94.0813
92.336
92.3663
91.9702
93.2823
92.2297
90.848
93.7227
92.2266
94.1252
94.0182
94.2713
91.7706
95.334
92.656
92.8765
95.8708
91.3124
94.672
93.0091
94.0214
93.5855
92.5973
92.8305
94.2468
94.0474
94.3895
94.0753
93.5272
93.6449
91.4273
93.0059
92.3116
93.5228
91.6504
94.0306
91.7708
93.8685
93.5214
93.7627
92.6274
92.2553
90.7999
91.476
93.4165
93.1065
93.8204
92.5156
91.2525
93.8687
92.4871
94.6742
93.1626
92.5882
93.3771
92.0034
90.619
92.6668
93.1691
92.9768
94.0955
94.0832
93.7567
94.1817
93.9665
93.0915
93.1156
91.7067
92.159
95.0979
90.5171
92.5015
90.8983
93.2787
93.2541
93.1452
93.0217
91.7814
91.4136
92.315
92.1682
93.1182
92.7812
93.3838
91.4875
92.9513
95.7687
93.1954
93.9868
92.1761
92.8291
91.7279
94.0799
93.533
91.7129
93.1471
92.4817
89.5358
92.6604
94.7219
91.8482
92.7028
91.4565
92.8791
93.0382
90.6614
91.0567
93.4273
93.0433
92.0547
94.5579
90.9849
91.009
91.1607
93.5443
94.0117
93.0003
89.2884
92.5108
94.7839
93.5405
92.4386
92.992
94.1756
93.9944
93.3765
92.4643
96.5275
93.5582
90.7351
89.3071
91.0854
94.6484
93.8821
93.8826
92.8094
92.4256
93.2168
93.6967
92.9562
91.187
92.8073
92.8982
93.1081
90.5641
93.0051
93.4167
92.4411
93.9374
91.3285
94.1808
94.1283
93.0749
91.7001
90.6716
94.3993
91.493
91.1813
91.9201
94.71
93.6716
92.5528
93.2184
91.4933
93.1363
92.3453
93.1893
93.4091
92.6881
91.6237
94.1356
95.9059
92.8653
93.3825
94.8619
94.2975
93.1626
94.5308
92.035
91.9875
90.3837
93.9504
93.7454
91.7986
89.5681
94.5168
94.0299
93.2939
92.1929
94.1146
92.3981
94.0426
91.2555
92.0852
92.3787
93.7612
93.8878
92.6855
93.2231
91.5541
90.9752
90.7498
94.2161
94.236
93.3846
91.8324
92.7999
94.2644
93.2685
89.8909
93.393
91.8358
94.9376
91.5231
94.7199
92.6481
93.0808
92.0261
92.9728
93.791
93.4752
92.6385
92.9217
92.1464
92.0135
93.0297
94.7525
94.7858
94.1722
92.9946
92.9381
92.3654
94.4263
92.2043
93.7247
93.2702
92.6099
93.3966
93.1463
92.3225
92.03
93.2425
93.221
93.05
94.0551
93.5642
95.3236
93.437
92.2715
91.8778
92.8689
92.0764
92.0678
92.5391
91.3688
91.7804
93.3488
92.5387
92.7764
91.3034
91.5684
93.3332
90.5568
93.5427
92.3121
93.242
94.4569
94.562
92.7025
92.2402
93.9767
91.2012
92.6578
92.8264
93.7439
94.0253
92.3938
93.327
91.589
92.8286
92.2513
93.1012
94.0473
92.7155
93.2452
93.3615
91.0428
94.7166
93.1638
92.9889
91.1808
92.9784
93.2
93.386
94.5996
93.0579
92.0968
92.7805
93.1297
91.6832
92.2023
92.8726
93.4223
92.5206
92.602
92.7391
94.1214
93.699
94.1604
92.6982
94.1741
94.6058
92.965
94.0953
91.1805
92.0766
93.4959
91.2253
93.4052
94.6128
93.8076
93.6057
93.668
94.365
93.0627
93.7554
92.9388
89.6431
92.9309
91.9511
90.7694
93.2112
90.9821
94.015
92.8066
93.4435
94.7597
92.8748
93.3913
93.4663
93.7103
93.6856
95.516
91.9279
90.7465
92.5486
93.3942
91.3831
93.246
92.3463
91.4743
91.8023
90.8115
94.0314
92.8881
93.5961
92.781
92.2956
93.5113
92.6256
93.065
93.3557
91.9991
92.0511
95.1253
92.7271
92.1953
91.7796
91.8791
94.3682
91.3623
92.6038
91.6596
93.0907
95.7845
90.6395
94.1024
93.7618
91.5042
92.8996
91.2505
94.2843
94.4627
94.1762
92.2885
92.3883
92.5569
91.3194
94.1544
94.8781
93.4526
93.4938
92.2898
93.4124
91.1747
94.0062
93.5496
94.2379
93.2093
94.8598
93.0246
92.9268
94.4045
92.0885
93.8588
92.4353
94.3711
93.9762
89.7749
92.2453
92.9273
94.6809
94.0326
93.198
92.4714
92.5987
91.781
94.4748
94.2782
91.446
94.9564
93.5155
91.9354
91.5772
94.7852
92.1662
93.2001
91.2762
91.6775
94.626
93.324
92.1204
92.4723
93.945
92.3122
92.5705
93.0452
90.5329
93.8408
92.0829
92.6562
93.4624
91.9846
90.3421
92.9889
93.4054
95.7024
93.2657
92.502
92.137
91.3439
92.4653
91.9637
93.9349
94.2087
94.154
92.7159
92.212
92.0844
92.6639
92.6363
93.108
92.157
91.946
92.0646
92.771
93.0503
93.9913
92.6141
92.1942
92.9879
91.8248
94.0908
92.9123
92.2682
91.7589
93.1536
92.3257
91.1421
94.8379
92.1407
92.6148
93.0442
95.5172
92.5083
91.9344
94.8557
92.8521
93.4111
93.7233
92.4436
94.1792
91.9767
92.5878
93.7619
92.4939
93.4831
94.7711
92.6818
93.7567
92.4958
92.9164
93.1928
91.1404
93.8768
92.7218
94.542
93.362
91.8773
94.8426
93.0246
92.9941
92.9333
94.3366
90.654
94.9697
94.7862
93.9105
94.9186
92.7016
92.4931
91.5833
96.3956
91.8575
91.0469
92.7484
93.0154
91.3229
92.4901
94.614
93.4562
92.1988
91.4865
92.4412
93.2173
90.4566
94.0462
93.2626
93.2025
93.6144
91.215
93.3157
92.621
93.4317
92.5379
93.0346
92.5815
92.5425
93.3392
93.3211
93.2281
93.2444
92.9362
92.573
91.7512
92.9706
93.5193
94.6077
95.1076
92.4533
93.9684
92.8988
94.1561
91.1642
92.2692
92.0112
93.5158
90.8527
94.3271
95.8574
93.5552
92.075
91.9076
91.6636
93.0706
91.6155
94.865
94.4902
94.4661
93.4577
93.7797
93.7314
94.1413
94.5857
90.9728
93.077
95.0413
96.3007
91.4594
91.7367
92.0929
92.6455
95.46
92.4288
93.9343
91.4837
93.9427
93.4661
93.0789
94.6872
93.7148
92.4744
92.2164
91.0905
90.6532
92.0667
93.1799
93.175
92.4096
90.6022
91.0992
92.6926
94.7483
91.004
92.3877
93.6674
92.6645
92.1104
94.2765
93.0305
92.7708
91.9501
94.0351
91.7331
93.565
92.6947
94.702
97.7118
91.3162
93.3766
91.3941
93.2249
90.3831
92.1945
97.2486
90.6157
91.2432
92.157
93.758
93.0423
93.8466
93.3355
91.0218
94.2068
92.5357
93.9064
92.4912
93.2601
94.5019
94.4895
92.0351
92.8425
93.1255
91.9312
91.4929
93.7659
92.0543
93.8162
94.0234
93.3127
93.8087
92.451
92.1237
92.6228
93.9142
92.7948
94.028
90.1186
93.373
94.1652
92.7657
91.1897
91.9064
94.2044
93.2942
92.4546
92.4606
91.9248
93.8358
93.0731
94.8819
93.6174
92.88
94.4426
93.8705
91.4635
92.386
94.4208
92.0317
91.4278
93.1412
92.135
92.8449
91.401
92.0572
93.4225
94.756
95.1728
91.8422
91.4997
92.9873
91.5285
92.7755
92.5081
91.8193
94.0404
92.7237
93.281
94.1489
92.9759
92.7001
92.3896
91.8251
92.755
93.0333
92.9677
92.1966
94.2936
92.3734
90.839
91.925
92.2695
93.846
93.2794
93.6925
91.8133
93.3493
93.7059
91.123
92.5356
92.5155
92.5738
94.1075
93.2186
93.3803
91.3332
92.7931
94.1603
93.5403
92.563
90.3721
93.3532
92.1614
94.2794
94.6753
93.2986
91.4036
94.792
92.3807
92.8925
91.7947
94.4717
93.8974
91.7123
93.9879
94.3347
93.8544
93.6204
93.6709
92.9649
93.1593
93.4126
93.1386
91.932
92.8219
90.9393
92.5967
92.8568
91.3311
93.9372
92.8583
92.2582
94.1687
92.2178
94.658
96.5684
91.7397
92.418
92.2011
94.3214
93.1254
93.3108
91.6022
92.4308
91.9219
92.0114
92.7084
93.1808
91.6768
90.0237
92.29
93.4355
93.229
94.2251
92.3484
95.4943
91.5708
94.2858
90.8414
93.2474
90.6259
91.712
92.5603
93.9966
93.2835
92.7775
93.4534
92.8709
92.7136
93.3699
93.2006
95.4499
93.6311
93.8111
92.6411
91.9837
91.0241
92.6292
92.3402
93.3749
92.903
92.6986
89.5133
92.8564
92.6157
92.1543
93.2827
93.4175
94.728
92.1361
94.9262
93.7475
93.7607
93.2821
93.5154
93.9617
94.6166
93.3588
93.8923
93.8732
91.8536
93.5038
93.7066
92.3617
92.6001
90.8128
93.6098
91.791
94.0692
93.1254
91.8122
93.2543
94.5037
93.4144
93.6108
93.0983
92.3735
93.9173
92.7801
92.392
94.2216
95.7567
93.3044
90.8184
91.8863
92.5089
91.8299
91.8208
93.2261
91.7096
93.607
91.4325
94.1769
90.9242
92.7822
93.344
91.3419
94.2209
91.2238
93.5547
94.449
93.7148
90.4583
93.8329
93.5563
91.9906
91.9011
93.9172
92.8337
92.4928
92.4256
93.687
92.5428
92.8551
94.0954
91.5587
92.5841
93.449
95.6188
92.1107
92.4862
91.1857
92.8516
92.2187
93.093
90.5544
91.6614
92.7575
93.5366
92.6967
92.9611
92.8176
92.7851
93.6711
91.6243
93.3841
94.3182
93.9621
91.5067
92.086
92.7611
93.7582
93.6064
93.3161
91.7396
91.948
92.354
93.5748
93.5807
92.5104
93.464
94.4758
93.0499
93.8819
93.8358
92.0066
94.3483
92.4569
93.267
93.6502
91.157
93.0376
94.6352
92.1648
94.6262
91.4961
95.2668
92.1903
91.3075
93.2116
92.1673
93.2715
93.7257
91.6885
93.6006
92.8238
93.018
93.1178
92.8207
91.934
92.0582
92.4221
93.3096
93.5008
93.9719
94.5974
89.8692
93.1905
92.9053
93.0521
95.4309
93.6974
92.7722
93.8824
92.0572
92.8799
91.5717
95.5256
93.7562
91.6646
94.8038
92.3736
91.832
94.264
91.6062
91.9111
91.1135
92.196
91.805
94.1232
92.8255
91.3954
94.1657
92.8966
92.1393
93.3623
94.2609
94.9519
92.549
92.675
93.3573
92.7893
92.3424
92.0995
92.4984
92.1254
91.9585
94.1434
93.4623
91.3592
93.4606
93.4406
93.2598
95.3892
94.5141
92.3941
93.4068
93.279
91.2308
93.5624
92.7157
93.3252
92.9913
93.1287
93.2483
94.0344
91.9524
93.6018
93.1417
94.3338
91.2606
92.4395
92.8891
93.4738
92.2896
94.9751
93.1249
93.1256
93.0401
92.6675
92.8604
92.9412
92.0875
92.1024
91.6347
91.7683
92.9338
92.6131
93.5778
92.0688
92.2857
93.2694
93.596
94.4007
92.8314
95.3379
93.0179
91.8177
91.7244
92.3243
92.2636
91.6586
91.9952
93.2002
91.9323
94.0949
92.2483
93.2022
93.0967
91.711
90.0099
93.6804
92.8614
92.1108
91.8905
91.7299
91.0977
92.7213
92.8527
94.2765
93.636
92.1357
91.3032
94.7332
93.1415
90.0061
92.6395
92.0961
94.3783
93.5003
93.3691
93.0145
93.7854
91.1534
90.9174
93.4834
94.0077
93.3824
93.7483
94.8246
92.4866
92.773
92.8891
94.4796
91.4042
92.2348
92.3381
91.9659
93.1538
94.0694
90.5894
94.153
91.375
93.9358
92.9078
92.1019
91.1097
95.3791
94.8454
90.5779
92.377
91.6062
93.6863
92.8229
94.3077
91.0571
91.5725
91.8914
93.6584
91.4269
93.504
93.8551
91.4222
93.6098
92.0854
91.8034
91.293
93.5137
92.902
93.2676
92.8448
92.1555
92.3422
91.5826
93.4538
91.9157
92.0966
92.7073
91.9407
93.4958
91.7934
92.5636
92.2642
92.3494
91.4467
92.5925
94.2284
93.2616
91.8648
91.9097
91.7718
93.0598
92.9561
92.8216
89.2429
94.026
94.0404
92.3506
93.3971
94.168
92.9893
96.0258
93.5748
92.0541
93.4054
93.6913
94.0839
91.9038
94.2564
91.6896
91.9255
93.8211
93.6523
92.336
93.4283
92.9942
93.3144
94.5883
91.9418
94.347
91.6562
94.3542
93.2396
93.6819
92.9892
93.1806
92.0897
93.0722
94.5899
92.5281
93.4471
92.1163
93.454
93.93
92.4597
93.1653
92.3619
90.6507
92.1295
93.6361
91.9198
93.355
95.2744
90.9405
93.2592
93.3946
92.2508
94.5265
92.7013
94.6859
93.5024
92.2118
91.6057
93.2426
92.4245
91.2014
93.1662
93.4624
92.662
94.1031
92.7599
95.6883
94.8992
94.7999
93.6691
92.2276
90.9578
94.3356
92.5138
94.5854
93.2171
93.069
94.6971
91.5596
93.5521
93.2355
91.9211
91.3137
93.406
93.6262
93.3659
90.7406
94.1215
91.0791
93.954
94.7805
91.8926
93.8657
91.2466
94.3451
94.376
92.2239
93.1813
95.0094
91.8611
94.8346
93.9505
92.0405
94.8903
93.4572
94.0045
93.9823
93.0575
91.3459
93.1671
90.8943
94.5507
92.2202
94.2577
91.2531
91.506
92.0524
93.0279
93.3939
91.9982
91.3038
92.6344
94.0743
92.0294
94.3312
92.8094
93.0919
93.6957
91.5361
91.4807
89.8932
93.7812
93.2727
94.425
93.4551
92.6852
94.2447
94.5395
91.3079
93.1135
94.0553
93.6239
93.2913
92.722
92.1763
94.6526
92.4288
93.363
92.8281
93.7586
91.2375
90.8381
92.841
90.0635
94.5871
93.1504
91.8797
93.2025
91.3942
93.3874
95.1686
92.0983
93.8591
93.2011
93.3815
91.8635
94.6998
91.5977
93.5233
90.646
94.0853
92.0245
91.5148
91.1529
91.9351
93.4329
92.3944
91.5763
92.5704
94.3628
92.7607
91.7092
92.345
93.6722
94.1644
92.0432
92.3408
93.072
94.1245
92.9879
91.7929
92.6421
93.2921
92.8745
94.8641
95.1668
93.2131
92.7464
93.2211
93.8037
95.7651
96.9731
92.0017
94.107
92.1888
93.6321
92.1415
93.0318
91.1721
92.8801
92.1942
91.8184
91.5108
93.8618
92.6023
94.0386
93.12
93.7499
94.4886
91.6226
93.7316
93.5973
92.2892
91.1488
92.9153
93.3701
92.4503
91.8395
92.0583
92.8794
93.1393
92.4071
91.7075
93.7678
92.0796
92.9732
94.7925
90.2153
93.8325
92.4649
93.2271
93.6478
95.4704
92.4353
94.9672
91.8193
92.0634
93.1965
90.9158
94.9862
91.1863
96.4404
90.8648
92.1753
91.4647
93.3675
93.4351
93.897
92.6738
93.9554
93.6628
91.4871
92.6365
92.7262
93.5407
93.1153
92.2681
92.5043
90.8424
92.6844
91.4754
92.9297
91.6274
93.6345
93.2653
92.8106
92.0822
91.4882
93.8794
94.1235
93.821
92.3802
93.1938
90.4709
93.5196
91.867
91.482
94.2362
90.6412
91.4546
92.8306
93.6115
93.8724
93.1581
92.1661
92.546
90.8894
91.6906
92.2423
91.7364
90.191
93.4343
93.1495
94.4205
92.953
93.6045
91.3749
92.9349
93.1899
94.7233
93.4897
93.0287
95.2601
92.6255
93.8319
93.668
92.2976
91.4375
92.2305
92.4078
91.179
91.7313
93.3037
92.0943
93.0129
94.3429
93.0435
92.8972
93.5976
92.7783
93.7067
91.9982
92.9455
94.6778
91.3893
94.1195
93.6888
91.3113
93.9279
92.8174
93.468
92.4662
93.6502
92.0298
93.8324
90.8298
91.8534
93.7565
91.3594
93.9073
93.9243
94.5807
93.427
94.0391
93.2761
92.9926
92.3383
93.5126
90.442
94.3018
92.7256
96.067
94.434
93.7474
92.9297
91.1625
91.8739
93.9781
92.6127
93.9497
90.6817
93.8573
91.5884
93.104
92.4166
91.7464
93.5007
91.8433
93.1608
91.8304
94.183
90.3875
93.3203
91.1807
93.34
92.1802
93.6825
92.1375
94.8987
92.6087
93.027
92.5926
91.7754
92.9097
92.7642
93.6601
91.8423
92.0174
91.2203
92.5899
92.6109
91.5928
93.0025
93.2079
92.9717
92.2062
94.4527
91.2481
92.9208
94.0033
93.3727
91.6569
92.355
93.042
91.9267
93.6257
91.9013
93.1884
92.5078
93.5548
92.3645
93.5936
93.7778
92.5141
92.7436
92.6554
91.7719
92.2035
90.8775
92.9752
92.8714
95.6583
92.7933
94.5967
94.615
92.1237
93.8959
92.6063
94.9012
92.3441
93.709
93.7562
92.764
92.7255
94.4694
92.1802
93.7238
93.1859
93.1973
92.7891
92.8325
93.7909
93.2318
92.9008
93.2228
90.6538
94.3188
93.582
91.653
92.5888
93.2492
93.3183
94.1252
92.5657
91.409
92.2534
92.3385
94.7909
94.5457
93.3163
92.3528
94.3143
92.6121
94.2222
90.6699
94.4968
91.8709
92.6508
93.0868
94.6371
93.1635
94.0694
92.4905
91.675
92.0894
93.6046
92.4873
95.0763
91.9352
91.8483
93.9137
90.5222
92.9953
94.5244
94.0542
92.5453
91.5696
95.9989
93.1661
92.6619
93.5195
92.7569
93.3335
92.9174
92.0451
93.41
95.2255
93.4783
94.6561
94.3517
94.3786
93.7808
90.6598
92.9292
93.7577
94.5075
91.6161
92.2425
94.2431
94.1607
91.8324
92.5374
92.4464
91.9433
93.9695
92.5369
92.9524
92.0289
93.5329
93.3746
92.0659
94.2097
93.2882
91.9374
92.1184
92.7474
93.2526
92.5601
91.1838
93.445
91.2522
93.0121
92.2214
90.2086
95.0891
92.0425
92.5556
92.8714
93.0633
93.1633
92.902
91.1773
91.9175
94.5455
93.6616
93.4144
94.3216
94.348
94.1242
95.9378
94.8662
92.3227
93.9176
93.032
91.8376
90.2193
92.2419
94.0943
94.566
93.531
93.4512
92.0453
92.2618
92.3921
90.6299
91.8106
93.4767
91.1682
91.9095
90.9457
93.2613
92.0723
93.797
92.1721
94.677
91.0501
93.0065
93.3367
93.5062
94.4627
92.8147
92.9915
90.8714
91.6607
91.9796
91.8698
93.4781
92.0665
92.984
92.0929
92.0686
93.4152
93.8196
92.8434
93.4698
93.6147
90.1946
92.4101
93.6715
90.7382
93.2836
93.8462
90.6497
93.5848
93.8825
92.2631
92.7579
92.4429
93.0141
92.6863
93.6684
93.8477
92.4292
92.8019
93.4867
90.9765
92.3584
92.488
91.9817
91.7943
91.7758
93.55
95.9859
93.1842
94.1677
93.2274
92.1197
92.816
93.4428
92.8622
90.9991
96.7966
95.1797
93.9749
91.7739
91.5262
92.1716
92.6483
92.3584
93.3723
93.3806
92.2813
92.4224
91.7696
91.2842
93.8477
92.6529
93.7755
92.9791
93.3504
91.4791
92.3123
92.3357
93.1333
92.0986
90.2583
93.7532
92.4669
91.6297
91.952
93.6082
91.744
91.7052
94.1532
91.9602
91.5707
94.6135
92.8534
92.6422
93.5637
92.0606
92.2832
92.6992
93.1175
93.4254
93.5199
94.1014
96.0357
91.583
92.2109
94.4287
93.4768
92.5672
92.1678
93.0551
92.8891
95.9567
92.1855
93.3872
92.0358
93.9254
93.4789
94.6949
94.6652
93.9592
91.5993
91.5329
93.6707
94.6301
92.9424
92.8697
93.0882
94.0743
94.1356
93.2068
91.3189
91.6446
92.524
94.1501
92.6907
92.8513
94.1108
94.4373
92.0622
93.0616
92.7469
92.0246
94.5068
92.7048
94.7695
92.4487
93.7434
95.2636
92.2215
94.2663
93.8899
92.8188
92.4348
93.3368
92.0979
91.831
92.7656
91.1053
92.2895
95.7306
92.2435
93.4936
92.7871
94.3719
92.7531
92.3297
93.0792
95.6928
91.6293
91.1936
91.7612
93.7714
93.2321
94.2779
92.2952
93.5914
92.9769
92.372
93.5562
91.5646
93.6702
92.7217
93.6795
92.8489
93.4706
92.3893
94.3205
94.13
94.7047
93.4265
93.6236
90.1643
93.4544
92.7944
90.2625
96.5543
92.2479
92.9577
92.4235
93.5815
93.0503
93.4583
93.9421
92.0709
91.6287
93.0056
94.6693
90.8721
94.5002
92.8243
92.7232
93.1521
94.2355
93.4365
94.5102
92.2932
91.5857
92.917
93.1165
94.675
93.7616
90.5032
92.4163
91.237
94.7282
90.9462
92.9084
93.3457
93.6918
91.0426
93.5684
91.7558
90.9734
92.4281
92.6901
92.7601
94.1889
93.2871
92.5389
94.0934
93.4612
91.9512
93.8321
92.7332
92.8951
93.8344
92.4929
93.8621
93.2277
92.3773
90.9478
93.9499
91.2165
93.624
92.6677
91.5457
92.9223
91.7861
91.6193
92.8144
94.1474
93.5467
95.0719
93.2138
91.919
92.3933
94.0307
93.0034
94.4592
95.4464
93.2174
94.5836
93.4966
91.3186
93.0402
92.4216
93.8165
93.8956
91.3314
93.1528
92.0099
92.9132
90.8288
91.5428
93.4974
94.1901
93.2562
93.0721
93.7286
95.124
92.7341
91.462
93.9316
92.1468
92.5085
91.9302
93.4289
91.7502
94.205
94.2925
91.7074
93.2429
92.0325
92.4391
93.4077
93.0782
93.5292
94.5036
91.4902
93.9391
92.0355
92.9796
92.8286
92.8316
94.4423
93.9087
93.1359
94.6992
92.5874
95.8346
93.1372
95.8455
92.7901
92.5449
93.061
93.2588
90.6059
92.7024
94.0419
93.9777
93.1641
92.5355
94.5474
92.5955
94.3941
93.6234
91.2777
93.5407
91.1409
93.4952
91.2917
93.0539
92.4062
93.1218
92.2684
94.6713
93.4701
92.2436
91.5397
91.9379
90.4791
92.7274
91.644
93.146
92.7157
93.2175
90.2853
92.9449
91.5098
94.0404
93.1962
93.8536
94.1735
92.6645
92.3972
92.6104
94.1439
94.9905
92.3762
94.4253
92.7308
93.187
92.7368
92.696
91.5286
94.3838
93.3372
91.638
93.7168
91.6225
91.6659
94.5798
92.8725
93.2379
91.4268
92.0085
92.1648
92.8092
94.3859
92.3933
92.0214
90.8498
91.7293
94.7081
93.2479
91.8536
95.6912
93.9617
95.9426
93.4094
91.1904
93.6031
94.8727
94.1193
94.7719
91.9869
95.038
93.5972
93.2737
94.2581
94.702
93.1269
91.9627
92.563
92.723
91.8485
93.7701
93.7756
95.2458
93.4721
91.3025
94.4884
92.6789
93.52
94.0604
95.1267
92.2809
93.4522
92.2661
92.6092
93.9632
92.2441
91.9972
90.5639
93.334
92.8748
92.8891
93.4945
91.5953
92.9
92.8446
92.4487
93.6078
93.4735
93.6105
96.3719
93.1038
93.3217
95.0081
92.1664
94.0139
94.275
92.5229
93.0933
90.4889
93.7097
89.9784
93.7803
93.4443
93.2228
94.0557
92.1333
93.1401
93.8447
94.4036
93.5223
90.5841
94.1032
93.9006
92.8073
91.5054
94.7221
94.2301
93.2873
92.0697
93.087
92.7407
92.8449
90.8325
91.1724
91.5948
91.9576
90.6281
92.8926
92.6028
92.0937
91.4922
95.1323
92.2956
91.4096
93.7195
91.2056
93.0417
93.0202
91.5097
92.5753
89.7942
90.9815
94.1131
93.9094
93.9665
91.5419
92.7959
93.4462
94.7018
91.5653
94.4977
94.8279
91.4759
92.9475
93.3142
92.8396
93.6202
94.4597
94.1126
92.3168
91.247
90.109
92.864
92.7087
93.0155
96.0393
93.9103
92.4065
92.3262
94.1228
93.8666
91.5113
91.8108
92.0871
92.2519
95.1811
94.2863
93.4735
93.3414
93.3927
92.368
92.5682
93.585
92.7393
92.2401
94.5401
91.4187
93.2847
96.5147
93.458
92.1692
91.6966
92.3233
93.3326
93.7361
91.5468
93.2919
91.879
91.6259
91.209
95.0813
90.3684
95.2638
94.2044
91.7199
92.5593
91.949
91.6816
92.8115
91.8028
95.8589
93.0443
91.1009
92.935
92.0002
94.1097
93.4098
92.4581
94.4898
92.5342
92.9596
94.4051
93.9957
93.7182
92.2591
93.2015
93.2396
93.2747
93.4168
92.3352
93.7002
94.3888
91.665
92.6133
94.3383
92.1769
91.7107
92.5157
93.5912
91.5106
94.9583
96.5225
94.5672
91.0589
93.257
92.9552
92.7261
91.0846
93.6395
92.7727
93.4811
92.9492
94.3404
94.4218
92.1774
93.9225
93.0488
92.9617
94.1707
91.1266
93.8404
91.4758
94.7061
92.8319
94.1865
93.9942
92.0554
94.4971
93.2626
92.5824
93.3366
94.518
94.2249
91.9291
93.6258
92.5117
91.7076
95.0127
93.1928
91.8522
92.6653
91.9091
91.8145
92.7916
92.1303
93.668
91.8562
91.2567
92.6397
91.7787
91.8994
93.1541
93.5541
92.8037
93.078
92.046
93.9687
93.6478
93.1077
92.7337
93.4506
94.059
93.7822
91.9041
93.5384
94.4448
93.5686
93.5545
92.5714
95.6351
93.3883
93.421
93.8992
91.7846
93.8234
91.6021
92.8885
91.3018
93.6372
94.5849
92.4306
92.8705
92.5345
91.6707
94.9164
95.6051
94.9962
93.1794
92.1756
94.4547
93.0938
91.9097
92.2455
89.9065
92.8012
93.6913
92.9014
92.1531
92.3393
95.0709
92.8982
93.6242
92.4487
92.7699
93.7226
92.685
91.5378
91.3308
93.5049
91.9442
90.0093
91.6454
92.6977
93.4772
95.3314
92.6644
93.7882
95.4621
92.6005
94.2166
93.8425
90.4386
93.4933
92.9663
92.9393
92.9226
93.5042
92.4229
94.4134
92.5478
93.0632
89.8756
91.8305
94.4053
91.5771
93.8868
91.1398
93.1568
91.4296
93.3819
91.4817
92.1511
94.5056
92.3217
90.2756
92.5231
92.4299
92.7206
92.3952
94.6616
94.1803
91.8728
92.1891
93.9978
91.0015
93.158
93.9367
91.4575
91.6831
91.0741
90.514
93.128
92.5576
93.5435
92.7676
91.8555
93.7611
94.3035
92.5032
90.6107
90.965
94.1344
92.726
92.6896
94.7068
95.3322
92.3976
93.0335
91.5614
92.2696
94.4677
93.2831
92.0194
90.9552
91.8718
93.1567
95.8667
94.2765
93.851
92.3342
91.6998
94.8779
92.6165
92.4507
91.2065
92.8233
92.6585
95.296
92.2218
90.9259
91.6574
92.6214
92.8301
89.6979
93.7082
93.9231
93.007
92.3377
93.1914
93.7436
94.3251
94.9854
92.5706
92.6145
93.2389
93.4637
95.3709
93.6822
93.8359
93.2958
92.0564
92.0736
95.0512
93.3627
93.7863
91.5412
93.7933
94.0929
93.2189
92.4935
93.4505
92.6005
93.1112
92.8611
92.8929
93.1782
91.667
92.8727
92.7577
93.2603
93.9476
93.7482
90.3741
93.9515
92.3336
95.1068
93.1901
93.8827
93.9144
91.3901
92.46
94.099
92.4381
92.7754
93.687
92.7798
95.3724
92.9536
93.4564
92.6839
91.9218
91.9297
90.6506
91.9623
91.1997
92.0779
93.495
90.4619
93.4089
90.5413
91.869
93.6472
93.9704
91.7591
94.7909
94.2897
93.7927
94.3208
92.878
91.5373
94.1989
92.6046
92.7139
94.9072
93.9471
93.5698
93.6644
92.6917
92.6613
93.99
91.5814
94.1034
93.1057
92.7984
93.7671
92.8818
91.3084
91.0387
92.9432
93.2891
94.5905
91.9378
92.9279
92.7923
93.5459
92.9507
92.6369
95.14
92.7496
92.707
93.9049
92.2366
94.222
94.0085
92.8383
94.881
92.4971
94.4189
93.8
94.8719
92.2526
92.5657
92.4967
92.894
95.9471
91.0773
92.2203
93.9484
91.48
94.852
93.6072
92.4004
92.5963
91.6496
92.3244
91.8838
93.2788
92.2315
93.3017
92.5017
93.4317
93.244
92.8084
91.3389
93.7247
92.736
93.6998
93.1073
93.2914
94.1611
92.4227
91.3278
92.7761
93.1709
96.1445
91.8837
93.3438
92.5712
92.1017
92.4872
94.301
90.9638
91.7528
93.9758
92.6082
94.7382
91.3277
93.7147
92.8931
93.8862
92.2696
93.6248
93.0074
91.7551
92.205
92.1029
93.0029
94.7815
91.9729
93.4983
92.309
92.1409
94.3524
92.8437
91.9904
93.4784
94.7965
93.9741
92.8156
92.8806
93.6415
93.6289
93.4905
91.6244
91.9994
95.3405
93.8044
93.1291
93.6374
91.3082
92.7081
92.3466
93.3495
91.7021
92.3649
93.7978
91.8194
93.228
93.2885
92.5151
93.7688
94.107
91.7338
92.2901
93.545
92.5005
92.9946
94.9497
91.6466
92.4468
93.4656
93.8506
92.5669
91.8077
94.7435
92.1983
92.9425
92.6646
90.833
91.6668
92.4023
94.2678
93.017
94.3623
91.5113
93.6903
93.3583
93.876
94.3937
90.7718
93.7651
94.7002
92.0817
92.9878
92.68
92.6049
91.4672
93.2511
93.5869
91.423
93.0979
93.7947
95.0953
93.0201
93.5001
93.9279
93.4717
92.6076
93.8259
93.0906
93.8117
92.1223
94.5976
92.0002
94.1983
92.2076
91.8238
91.957
93.4258
92.6642
92.2092
90.598
95.4424
93.6449
94.1557
94.4765
92.6632
95.0749
92.3275
92.3825
91.2686
93.7459
93.7164
92.9943
93.7693
92.2694
94.6416
93.2954
94.6949
94.1681
93.867
95.2502
94.6212
94.128
92.3601
93.9297
91.2034
92.0565
93.9027
91.8863
93.9112
91.8446
92.5301
93.4883
92.5076
93.7101
92.4513
90.8696
92.6079
93.3076
91.7395
91.5731
95.4106
94.9193
93.2092
93.1628
93.1408
91.8002
94.0922
92.8912
92.7031
91.0345
91.8956
93.6891
94.4231
91.0379
91.2757
93.7257
94.3303
95.3856
94.1456
92.5949
94.1411
93.5269
94.3026
93.4009
90.8664
93.1296
92.5862
92.4577
94.3123
92.5456
90.8735
89.3707
92.0395
93.3757
95.0569
92.9929
92.51
92.5924
91.502
94.1294
92.0697
94.4413
93.6611
93.36
93.4696
92.649
93.6088
90.7068
92.146
92.3654
93.0056
93.0745
93.6462
92.7741
93.7702
90.2864
94.4047
94.0937
94.7672
92.4076
93.2238
93.0359
93.6394
93.1953
90.7753
90.8261
91.9033
93.1734
92.3958
93.65
94.4111
92.0838
92.7914
93.813
94.7476
91.2292
94.514
91.4559
93.2639
93.3871
93.0395
93.3286
93.7804
94.6578
90.5971
92.8366
92.071
94.3811
94.5964
94.3801
91.8744
94.0777
93.0076
94.3611
92.7063
92.7468
92.6283
91.4729
91.9321
94.716
94.0199
94.7036
92.0733
93.2141
94.5063
93.4547
91.7573
91.4439
93.232
93.2227
91.2285
93.7182
94.7105
93.7771
92.548
91.8252
92.4239
91.7516
91.5233
92.5218
93.9077
91.0402
92.206
93.2749
91.6142
89.5797
93.0836
93.8619
91.7611
92.2139
91.6844
94.5697
94.1817
94.2713
92.6045
92.173
91.757
93.1095
94.3937
93.1138
92.7945
93.4545
95.2066
93.6372
91.6905
91.6164
93.1989
95.5226
94.7528
94.1973
94.4989
95.1029
93.2793
92.8878
93.039
90.9663
91.5064
93.1871
94.931
92.8459
93.7301
92.9939
93.281
93.063
93.489
93.1539
93.2703
91.5282
91.1608
92.6482
93.1557
94.5317
92.6095
93.9941
91.106
92.9614
91.3155
92.0693
93.2506
93.0889
92.6125
92.4405
91.0876
91.3477
94.5186
91.598
94.3411
94.0846
92.7864
92.6468
93.0397
92.1775
94.5897
91.8685
92.917
92.2756
91.1377
92.336
92.0626
93.0742
93.176
94.4674
93.0337
94.1311
93.9366
91.9241
92.5956
92.7383
91.4688
93.8377
93.3239
93.0904
92.3939
92.9969
92.7783
92.2143
91.3925
92.5198
93.024
92.3716
91.6115
95.0006
92.4672
95.1795
92.2838
95.2979
93.4405
92.4163
93.7242
94.2168
92.0192
92.1094
92.9189
93.2206
93.1116
92.3501
93.8577
93.8945
92.5751
90.8646
93.5312
91.4471
92.0511
92.4411
91.1431
94.12
94.0761
92.7057
91.1002
94.0191
91.3048
93.0484
92.5979
93.2316
93.0495
92.5275
94.3418
93.8752
92.7099
93.6403
92.7246
93.6687
93.4557
95.1955
91.7815
93.3794
93.5059
92.3064
92.4964
94.5752
92.528
93.1344
92.3526
91.9682
93.3147
94.4441
92.7704
94.4952
91.9878
92.998
91.1864
93.4899
92.7626
90.8327
90.9104
91.4764
92.1909
91.664
92.881
91.3951
95.1706
92.8462
89.5401
93.8002
90.1745
94.8829
91.0459
95.1822
94.7214
91.6347
92.9152
93.3058
92.847
94.4875
95.7701
91.7928
94.333
92.6989
92.492
93.6725
94.7229
92.2524
91.0198
93.6853
91.5249
91.5615
90.8111
92.8416
95.4297
94.4884
91.9461
92.9345
93.5108
92.3813
90.2583
92.028
94.096
91.9506
92.9692
92.0524
94.2498
91.166
93.655
90.549
94.0184
92.6735
93.6329
96.036
94.0018
91.1839
92.2696
92.245
94.8242
91.0602
91.9902
93.8895
90.9092
92.3172
93.1546
95.1499
93.6979
93.5445
92.1683
92.6988
91.8689
90.9372
94.6927
90.8587
92.4805
93.6238
93.4478
90.836
92.8797
91.0113
93.1331
92.8661
89.9142
93.6899
93.6034
93.6244
93.9378
91.4429
92.5327
93.4115
93.7609
91.2628
91.2968
92.283
93.0789
93.23
92.518
91.5376
92.0279
93.9084
92.7022
92.3445
93.6894
91.8075
93.876
93.1994
93.627
93.2743
92.3273
93.1537
91.8582
90.6056
91.7535
92.1596
93.786
92.3791
92.453
92.903
93.5023
90.9777
92.4428
93.6359
93.2374
92.2305
92.7134
93.0133
92.1107
93.3417
92.5984
92.9601
92.1769
91.7966
92.3208
92.7643
94.0022
95.5014
90.2271
91.0686
92.4305
93.3998
93.1802
91.1952
93.228
91.6306
92.4272
92.4497
94.1427
91.0031
95.3976
91.6275
94.9772
93.396
91.6153
92.8837
92.1421
93.8482
93.5779
90.7817
93.4505
93.4605
91.7861
94.4663
91.607
92.6708
92.4227
91.0501
94.8556
92.8758
92.6004
91.8237
91.797
93.431
94.004
91.8862
92.0895
92.8729
93.4263
93.7756
91.0954
92.9512
92.3473
93.5528
91.5795
89.0288
92.7752
92.9595
94.9369
91.658
91.6019
93.0883
93.8127
93.1617
92.253
92.9608
93.9407
91.5796
94.8273
93.0391
91.5557
93.3019
93.2612
93.7477
94.446
93.2055
93.0649
92.2307
92.9541
93.349
94.4921
91.6801
93.6347
90.6645
91.4255
92.7488
91.877
94.5137
92.9333
92.4115
92.2677
94.8887
92.8121
94.3302
90.81
93.5211
91.4566
94.6311
91.3211
91.3597
93.2113
92.3205
91.0224
92.3681
91.9847
91.7064
94.7044
95.9209
92.04
91.6263
93.8017
92.6572
93.5455
92.3768
93.3439
91.728
91.2777
92.0624
92.8209
92.6442
93.8396
94.011
93.2128
92.3871
92.8278
91.0299
93.3869
94.0498
95.0901
93.9537
93.5124
92.3758
92.2534
93.7627
93.214
94.518
92.1461
94.6513
91.18
92.9043
92.0981
91.4153
92.7711
91.9713
92.6908
91.8783
91.3249
91.8848
92.1897
91.36
91.0972
94.0921
90.6852
91.3091
92.1216
91.7586
91.9189
92.0791
93.535
93.206
94.6628
93.9817
91.992
93.259
93.5444
94.7599
94.3661
91.7337
93.6871
95.4154
92.9612
92.5741
92.878
92.4813
93.2554
92.5354
91.2853
93.5249
92.7272
94.4663
93.5651
91.9615
94.109
94.1801
92.4508
92.9047
90.53
90.4096
91.3462
93.0681
94.2997
94.6251
93.8478
92.9268
93.2803
92.7307
91.167
93.1007
92.7751
93.7819
93.7451
93.1591
92.3791
91.995
89.4811
93.8572
91.5345
92.0381
93.2494
93.1034
93.5039
94.4045
92.4615
93.7126
93.1091
90.2382
94.0504
93.092
92.0757
93.7118
93.8958
92.1254
92.986
93.2781
92.2258
92.8049
91.1416
95.4934
93.0675
93.4232
93.3159
92.7955
92.4375
92.1811
90.6664
92.5203
92.3385
94.3296
93.8904
90.3721
91.7552
92.2316
90.707
92.9674
94.178
94.1167
93.8787
94.2658
93.5278
92.879
92.8072
92.5927
93.5718
93.3727
92.6906
94.0457
91.7682
91.6908
90.7979
91.6299
91.8251
93.9915
91.7724
92.0418
92.9089
93.9909
92.2416
93.9913
91.3309
91.6638
92.5236
93.7169
90.0554
92.7472
90.3505
93.0311
93.4322
92.6576
91.9128
93.4923
94.0231
91.9229
90.7676
91.3366
93.5016
92.9131
93.2655
91.9709
92.066
94.4506
93.3323
91.6135
92.7216
93.9953
94.3079
92.7798
91.5715
92.0541
93.5225
93.4944
91.8702
93.272
92.3807
91.8681
93.6877
92.6956
93.879
90.7287
93.3335
92.2569
92.6208
90.9529
92.984
92.2431
94.8443
91.8517
91.6103
93.9353
93.3967
93.809
94.164
92.0915
91.6753
92.0004
93.7629
93.6255
91.9963
92.4615
92.5926
91.7149
93.8075
92.8398
92.6345
93.2506
93.7199
92.6757
92.7347
93.5285
92.8621
92.4393
90.9148
93.2008
92.7825
92.3305
92.973
93.5025
91.9714
93.9737
92.0738
93.3367
92.2056
93.4373
93.0183
93.0087
90.2755
92.1284
94.5566
94.4519
92.6022
92.474
91.9435
91.6665
93.0663
93.2504
93.4928
95.6652
90.9415
94.5779
94.1971
90.9199
93.0559
93.9445
90.7045
93.4532
95.2438
92.114
93.978
93.0639
92.5336
91.1707
92.4991
91.4
91.5433
90.6046
92.364
92.9927
92.4023
92.8629
92.0647
95.8833
93.7755
90.8862
93.6909
94.5442
92.955
94.0615
91.1514
94.0474
93.2721
93.1882
93.1022
93.8695
93.6603
91.8545
94.4501
94.1447
91.1594
93.4484
92.6966
91.9803
92.1963
91.9804
93.4376
92.1979
91.387
92.8888
92.31
92.6653
93.2624
93.1943
93.2361
93.2571
93.4362
90.8159
93.2307
93.4831
92.8994
91.4063
93.1472
92.2208
93.8259
93.6686
92.8416
92.9562
94.0911
91.9658
93.9226
92.4754
94.445
92.9785
92.7938
93.1575
94.0822
92.0197
94.3943
91.6761
93.5399
91.9795
92.4974
93.889
93.3789
94.2664
94.6677
93.0354
92.1827
93.1448
92.4206
95.6115
94.1188
94.0565
92.8715
94.1134
93.0188
93.2483
92.4981
95.3881
95.3639
91.177
96.4268
94.2688
93.5115
92.1245
92.2728
94.2376
93.222
92.465
92.4151
93.4372
91.4113
91.769
92.9298
91.5505
91.6469
92.6625
93.5504
93.1887
93.5407
94.2008
92.4516
94.23
92.4064
92.6582
94.9293
94.7895
93.1837
91.464
90.8112
92.1291
91.2358
93.3501
91.8217
93.8994
92.1497
93.2923
91.7969
91.7496
92.9461
93.9651
92.257
91.7649
91.7229
94.3237
95.7515
94.2182
92.9939
93.2811
94.1654
93.4941
92.1607
94.8316
92.9125
92.4849
93.8276
93.5326
92.5605
92.3495
92.2814
93.4139
93.2264
93.2125
94.0282
92.3343
92.8273
92.9502
92.6716
94.562
92.1663
93.5682
92.876
93.2551
93.1947
94.2413
92.64
92.5265
92.5751
93.7779
93.673
92.0626
94.4856
93.1571
94.8028
91.2051
93.7766
93.7296
93.8891
94.543
92.9043
92.9267
92.9433
91.3212
95.2446
91.7911
93.0254
94.8995
92.1256
91.5739
92.7787
92.9943
91.6305
93.2334
91.7968
91.5846
94.0498
91.302
92.5579
91.8382
91.4557
92.6925
92.6391
91.6876
90.9522
91.9715
92.5316
93.2529
90.482
92.0442
93.5373
92.4354
93.238
94.6422
91.571
91.4682
94.5705
94.5189
95.2024
91.8389
93.9707
94.1572
94.7335
93.0151
92.1387
92.9091
93.4079
93.1469
92.4059
92.1058
93.2993
93.1078
92.5835
91.1516
91.1443
93.9115
93.182
93.1799
91.7238
93.9452
93.5936
93.1505
90.3586
91.5219
94.3034
92.5839
92.0031
93.7102
91.5295
91.8685
91.4298
92.5145
91.7733
92.6563
92.222
94.2229
91.7904
94.1303
91.9544
93.6631
93.4926
92.0718
93.0533
91.933
92.8625
92.9538
93.2153
91.8935
92.2508
93.4206
93.2843
93.1172
93.5399
93.2999
94.5635
92.127
93.0662
92.0297
91.4145
93.7718
91.2988
93.0591
94.2924
93.0014
90.6545
91.7829
93.4301
92.6579
94.7235
94.1859
92.3284
95.265
92.5806
92.4104
93.779
92.5819
95.0334
91.2125
94.3834
93.399
92.4752
92.529
92.9667
91.4273
93.4551
93.0046
93.6418
91.451
91.7799
92.4434
92.6094
91.6911
91.5401
94.872
95.066
92.6394
94.7593
92.6591
92.2046
94.5339
92.5686
92.1351
91.3876
92.489
92.8839
93.4699
92.0482
90.4623
95.1533
92.1152
94.07
92.2398
92.611
91.1853
91.9403
92.5001
93.528
93.1664
92.279
92.1049
91.7288
90.221
93.0781
92.024
93.8723
91.4431
91.7092
91.978
93.4001
93.8798
94.4255
93.8521
93.729
92.2695
91.7178
92.095
91.9798
92.9772
95.1758
91.9854
93.5371
93.3873
92.3525
93.754
93.1115
93.5149
95.5308
92.6331
93.6229
92.8708
92.9551
94.3008
92.2644
93.421
91.3564
92.9078
94.692
92.7495
92.2434
93.8629
92.413
93.54
91.6947
92.657
93.8527
93.0092
92.7816
93.225
92.4958
93.6762
92.4168
91.4722
94.5931
94.0935
94.9307
95.1386
93.3949
93.1224
93.2378
92.3727
94.114
91.344
93.373
91.277
95.3431
90.9832
89.735
93.0047
92.378
92.929
95.1767
94.9489
92.3082
92.2239
93.8395
94.4061
92.0801
92.439
92.6172
92.9203
93.652
96.433
91.7142
96.0709
91.881
94.09
91.6293
91.6228
94.2364
91.9073
94.7056
92.3222
92.9895
93.4717
91.8892
92.4888
94.0297
92.6137
94.1636
93.3198
92.7817
93.7544
92.7094
92.2316
92.05
93.9467
93.0362
92.7448
92.5827
93.4751
93.0879
92.6245
94.5101
93.3499
93.088
92.4336
94.2072
93.6549
93.6163
90.4276
92.8741
94.0797
93.0984
92.8574
91.9191
90.6269
92.9593
93.4354
95.153
91.4723
93.3701
92.0283
90.5235
90.8239
95.1751
94.4563
92.3807
92.7573
93.0026
94.4205
93.7287
94.137
91.0009
92.8756
93.8348
95.878
90.7182
93.6194
92.8327
92.5613
91.4204
93.9207
91.0112
91.4916
92.2634
91.5681
93.2934
92.3061
92.9405
92.2684
91.881
92.8499
91.0159
93.3123
94.7182
91.7824
92.104
90.8579
93.6051
94.2764
92.3157
91.7499
95.7046
92.8724
92.4271
92.0895
91.9214
92.8775
92.2298
93.7982
94.9485
92.8616
91.5316
97.0772
92.348
91.2122
92.1699
93.2441
93.446
93.3845
92.576
91.7435
95.9846
91.3982
93.8169
92.8644
92.9106
92.3956
93.8043
91.8075
92.3475
93.0356
90.9627
93.2931
92.6819
91.8646
92.8132
92.6031
92.5188
92.5382
92.905
92.5704
91.5944
91.5209
92.5721
92.5514
90.4996
92.6138
94.1428
93.1158
93.0255
91.9933
92.7045
92.0277
92.5505
89.4474
92.0839
92.2015
94.1373
91.7527
92.5702
93.0787
92.8631
90.5985
93.0135
93.2286
91.3661
94.3313
92.856
93.286
93.1572
91.0531
92.8459
92.5069
92.2464
94.3923
92.7189
90.9029
93.9328
92.5942
91.2118
92.1848
94.7277
93.2291
93.2593
92.071
94.3012
92.7588
91.6496
94.4146
91.8168
92.0346
92.8604
95.3867
91.6842
93.5623
93.7569
94.5418
93.059
93.392
93.1963
93.0307
92.7661
93.0076
92.629
93.5229
93.7122
92.8517
94.9393
92.2764
92.7847
93.4365
92.5988
92.5314
92.7594
93.2778
93.5514
92.9996
93.7627
92.3642
93.387
93.5298
92.598
92.7686
93.9864
93.8936
93.6993
92.4869
92.406
93.4312
91.8579
93.306
93.1425
93.4657
91.5978
92.3015
92.4448
91.252
91.643
92.9088
92.7412
92.8408
92.2897
94.9394
91.9214
93.6515
92.3543
90.1171
92.0391
93.8874
92.4321
94.0092
92.374
92.9305
94.4129
92.8756
91.6824
92.3773
93.8929
92.7654
93.1897
93.1507
94.12
92.2618
93.4583
92.7174
92.5685
93.4757
91.8355
94.2303
92.4125
91.1004
92.665
92.0216
92.473
94.4004
92.9298
92.1889
92.9792
92.3267
92.9012
94.3249
94.1151
91.5536
91.6633
91.9187
92.4398
93.4073
94.1393
91.266
93.9303
92.1776
92.7759
93.0714
90.673
94.3349
91.5973
92.5628
93.4203
93.6031
94.1871
92.2972
92.6486
91.8944
94.5732
92.1404
92.0438
90.6767
94.0945
93.8314
91.6977
93.6913
93.584
95.4713
94.6613
91.76
93
93.3519
92.2745
92.9899
93.8059
92.827
93.3919
92.5613
92.4686
92.9665
94.3067
93.6619
94.1273
93.1357
93.97
95.0373
93.2635
93.2842
92.9704
92.6499
92.9784
93.4125
93.7795
92.9181
94.9518
92.2029
94.7554
92.2566
94.1011
92.7044
92.9383
94.2505
91.3396
92.8713
94.76
92.5991
92.9756
92.9433
93.756
93.7128
89.7893
94.297
91.8395
92.0724
92.5844
91.3896
90.9535
92.5899
92.2458
95.5021
92.4637
94.519
93.2578
92.6323
92.6667
92.6827
93.5279
91.8361
92.5991
91.1507
92.8697
93.1747
91.4043
93.9882
91.8833
93.9566
92.6193
91.1935
95.3113
94.6194
91.8798
93.6425
94.8893
93.8451
93.2578
92.5026
93.8316
92.2334
92.7095
94.3089
96.64
90.9163
94.9707
92.4798
94.6899
92.327
94.1441
93.1708
92.8844
93.5552
94.126
91.1159
93.5044
94.117
92.305
91.5107
94.3264
92.4082
92.62
91.2294
92.4581
94.3425
91.9715
91.2716
92.3596
93.3365
92.6442
94.4196
90.6642
93.033
95.1725
91.8941
94.9298
95.229
92.2643
92.893
91.6209
92.9349
93.3747
94.2596
92.7271
92.7825
94.2149
92.4429
95.2847
92.25
92.1867
93.7534
91.2257
93.8777
92.231
93.0108
91.5325
91.7887
92.6983
93.0747
90.9815
94.7474
92.7334
93.5519
93.4899
92.7679
92.7957
92.6891
91.5232
93.2973
91.7823
93.1182
93.5217
94.3436
91.8397
94.1822
92.8617
92.6849
92.0636
91.6775
92.8919
92.9615
92.9318
92.8535
92.3031
93.2333
93.6067
93.9263
92.2384
92.7131
91.8343
93.9148
93.4403
92.7339
92.5732
92.5261
92.4057
95.3061
92.8291
92.4047
91.9119
94.5868
93.5158
93.3778
91.2623
92.7081
94.1393
94.2873
92.4985
92.6328
93.341
93.322
93.8747
92.8967
93.62
90.3831
92.3191
91.0065
92.6688
94.0674
93.0396
92.2243
93.5215
93.955
92.266
94.2003
90.6915
92.0158
92.1627
95.3385
93.9779
95.1944
93.9238
90.75
93.053
92.5823
94.1951
92.5564
92.9169
92.8223
91.0003
90.9975
93.6459
90.599
91.2642
93.0292
92.4145
93.6685
92.2715
95.1381
92.7438
91.4605
91.7866
90.2358
91.64
91.8141
93.7283
93.6766
90.973
93.0262
94.3882
95.1916
92.3528
92.7763
89.3161
93.0481
93.4849
92.5697
93.1926
94.4979
91.3484
91.6988
94.1269
92.3345
93.38
95.0412
93.4586
92.4671
92.7741
92.8454
92.014
91.8677
91.0953
93.1766
93.8556
92.4754
90.8455
93.7721
94.079
93.0453
92.9253
93.7794
90.8294
94.8028
91.8243
92.6758
93.7929
91.9026
92.9418
92.1238
94.203
93.4475
90.5859
92.1831
95.962
92.2765
92.7072
92.3093
89.7348
90.8189
93.661
92.2505
93.2589
93.3753
92.6577
93.6426
92.4013
93.8784
91.5071
92.3833
91.5672
90.502
92.5959
91.2727
93.0457
91.8231
91.0622
92.6329
93.8622
95.2022
92.8919
94.6155
93.5614
92.7868
94.0903
94.6576
94.4507
94.4511
90.7636
94.0425
93.4418
92.8261
91.4329
95.7175
92.4245
95.4807
94.4068
93.2744
91.6238
94.4
92.9878
93.6159
92.9206
92.9905
92.765
92.3523
91.3434
93.647
91.4419
92.9083
93.3857
94.0305
92.1072
92.2203
91.4513
93.6953
93.1578
93.9375
93.0023
92.9975
94.3986
93.678
93.6959
93.6568
94.686
93.581
92.7042
92.6153
92.2707
92.7174
94.2909
93.1674
92.1218
93.7516
94.8338
91.3642
92.1912
89.9219
92.3969
93.6279
91.5833
92.4556
95.057
91.92
92.3618
93.4792
91.1015
92.5162
94.9216
94.1801
93.8576
92.7043
92.5837
92.0849
92.7802
94.7775
94.2887
92.6508
92.3534
93.0974
92.1609
92.8507
93.6894
94.6774
92.2497
94.247
92.8402
94.1418
93.2204
91.2523
91.4488
90.7646
92.6537
92.7891
92.3912
92.238
91.4476
95.2901
91.1121
91.0778
92.7769
93.7087
92.7299
92.7889
93.4247
92.8086
93.0073
91.6704
93.1624
93.7432
92.3397
93.9803
94.5458
92.8868
93.9468
93.1646
91.6696
92.2312
95.0722
93.027
92.6383
92.7827
91.1649
92.8233
92.6325
90.7782
92.006
92.4379
94.9095
92.9838
92.509
91.7624
93.2117
93.0282
93.9539
93.1313
94.5594
91.5977
93.2351
92.1217
93.4377
92.6064
92.4557
91.2673
94.4323
92.2886
92.6369
94.7808
92.6132
93.7446
92.7038
92.694
92.873
92.0596
92.0276
91.9982
93.1268
90.9862
92.472
93.6835
93.4516
91.602
93.3416
93.1692
94.2008
91.85
91.6905
93.4641
93.4186
90.4309
91.0667
92.9427
92.0242
94.753
90.9724
95.4704
94.1599
91.3907
94.4898
94.1388
90.9959
92.7421
91.2556
93.7095
90.0228
93.7962
93.5228
91.8314
91.4855
92.9857
91.043
93.7719
92.6509
94.9149
91.2387
91.907
93.4705
92.2102
93.2466
91.9658
92.071
93.2306
92.1051
91.691
93.4556
93.6496
90.2983
90.3352
91.1406
95.033
92.006
93.1892
92.1624
92.7368
93.2981
93.1093
94.49
94.5941
91.4951
92.0769
93.8111
93.0899
93.1889
93.4299
93.0792
94.2641
91.2105
92.4808
91.7798
94.0984
92.0438
91.674
91.1545
92.5778
93.5374
92.3757
93.9595
93.0875
95.1894
93.5095
92.1126
91.4682
94.3913
94.065
92.8944
91.9547
93.6531
93.2432
93.7267
91.8798
93.7502
93.352
92.2124
91.8421
94.5707
92.9466
94.9918
91.8388
93.8101
92.6076
94.2708
92.9468
90.8063
90.8005
92.069
94.6228
94.4048
91.3885
92.9381
94.4638
93.9475
92.7972
94.1615
92.4873
91.565
93.49
92.0915
91.5309
93.8631
93.0436
92.1784
92.9604
94.0269
94.8225
92.9
91.7134
92.5488
93.8358
93.0978
93.6617
92.1907
92.5508
92.7295
92.064
94.3388
93.5879
93.8238
93.7143
91.3889
92.086
93.2726
92.6484
92.1807
92.4695
93.4537
94.2046
94.3894
93.5003
94.5215
91.712
