112.084
104.687
110.347
107.738
113.222
105.118
110.853
109.661
106.802
108.973
113.368
109.292
104.338
111.125
106.261
108.998
109.06
113.763
105.218
105.686
112.818
108.681
104.82
102.84
107.532
105.079
112.451
112.857
106.514
109.946
109.694
103.538
109.604
104.496
107.596
109.027
107.695
109.927
102.652
109.147
107.238
109.654
106.676
106.022
107.819
109.148
108.803
112.107
106.521
115.282
108.753
107.04
105.933
110.333
107.057
108.312
112.361
109.99
108.366
115.15
108.249
110.889
110.218
109.955
109.329
110.122
107.477
107.494
104.181
109.698
110.231
105.575
110.547
112.551
109.952
106.719
109.132
106.695
115.09
106.123
107.376
109.78
109.382
110.838
109.721
108.818
109.26
107.606
101.937
102.209
109.239
112.357
110.656
108.347
112.792
112.112
104.657
108.801
110.074
111.76
106.553
109.412
111.184
107.267
109.427
112.271
103.516
109.235
110.206
111.264
108.079
110.521
109.255
110.693
106.05
112.746
109.716
108.67
108.918
107.632
103.484
105.71
104.821
105.372
105.248
110.326
107.981
107.289
108.417
108.417
105.842
108.102
105.477
104.435
108.135
108.522
114.189
103.997
108.793
105.459
108.938
104.147
106.797
108.685
109.048
104.855
109.597
109.854
111.636
103.14
112.762
109.46
109.468
111.123
108.975
113.1
108.908
111.938
107.825
110.245
112.242
105.332
109.512
111.565
106.877
110.563
110.132
111.053
109.149
105.973
105.242
106.738
115.262
103.935
110.834
109.234
107.227
110.49
103.89
106.693
111.442
110.009
113.535
110.375
106.004
108.071
106.164
109.9
107.986
108.914
100.206
112.64
110.223
111.208
110.474
103.928
103.911
109.037
112.269
106.963
108.139
105.507
110.958
106.529
110.944
108.641
111.526
107.642
110.208
106.854
108.596
105.825
103.202
110.142
108.933
108.588
105.884
108.681
111.328
106.012
107.606
110.32
115.519
105.894
108.202
111.635
114.629
109.173
111.481
107.117
109.788
108.215
112.338
108.396
107.171
107.653
113.294
105.008
106.137
106.806
110.073
116.39
107.523
103.782
106.277
107.672
107.228
107.564
105.718
108.621
110.807
112.592
107.182
106.722
105.898
106.461
102.84
107.46
107.066
110.886
110.161
108.498
106.937
106.872
105.912
111.167
111.543
109.871
105.066
112.11
111.253
110.127
108.54
107.666
105.191
105.653
110.313
106.486
113.402
111.456
109.215
109.927
104.961
107.791
106.804
102.535
107.407
109.768
114.658
109.106
109.082
102.726
105.138
112.087
112.005
103.435
113.106
106.024
106.967
110.078
114.933
113.071
108.525
108.664
110.163
112.244
108.256
105.101
109.981
108.772
109.743
105.375
110.89
108.35
110.662
109.159
113.088
111.032
103.896
104.52
108.059
109.794
107.656
111.254
108.802
110.395
110.716
108.708
109.319
109.572
109.563
109.978
110.499
111.95
108.776
112.718
111.928
108.687
105.962
106.648
109.102
110.501
110.765
109.529
112.004
113.281
104.801
113.883
109.675
109.318
107.34
106.706
109.885
112.773
109.978
105.861
108.847
108.43
108.897
106.674
112.944
108.601
108.976
109.784
106.114
106.827
106.07
112.09
105.553
108.159
105.456
108.399
111.013
109.478
107.221
110.64
111.275
108.318
106.612
108.953
110.704
109.142
110.302
110.396
110.202
104.764
111.839
103.489
107.148
112.879
105.753
108.679
110.037
108.455
110.147
108.668
110.869
107.561
107.999
108.665
110.674
108.256
112.571
113.623
110.509
114.315
104.07
108.04
111.663
109.65
113.05
108.611
112.006
105.405
109.64
109.867
107.434
107.617
113.597
106.685
108.288
107.243
109.694
112.252
109.559
107.249
112.028
113.634
103.097
109.968
108.08
106.984
105.379
109.417
110.41
113.618
105.603
106.895
107.752
104.85
105.901
111.848
107.283
101.895
107.589
113.117
108.977
107.051
108.358
112.519
105.875
111.189
111.734
111.343
111.278
105.036
111.555
107.828
104.651
108.127
110.868
109.713
109.561
113.495
108.953
103.742
106.539
112.001
110.298
104.914
110.601
108.291
108.78
105.937
113.575
109.043
116.585
107.285
107.192
110.655
108.845
105.583
107.562
111.144
105.786
109.979
106.582
108.416
103.864
107.701
109.48
108.376
117.903
108.892
107.934
107.76
105.766
104.482
106.74
109.758
109.587
101.404
108.041
110.281
111.062
106.13
108.508
113.791
111.441
102.4
114.045
103.985
110.029
109.743
106.447
106.323
107.932
106.159
107.491
107.535
105.268
114.622
109.089
104.635
109.601
103.381
108.207
108.015
105.274
106.32
111.293
109.373
110.707
108.577
110.95
109.154
106.867
104.869
110.124
107.607
108.797
110.266
105.67
109.107
106.403
105.688
106.285
108.142
109.868
111.489
109.174
107.878
109.228
108.334
108.719
102.889
107.153
109.297
111.043
110.385
110.486
106.952
107.289
109.588
105.595
105.078
104.514
109.253
104.498
110.438
106.703
105.018
113.362
105.697
112.028
110.461
109.247
106.745
110.098
106.325
109.06
107.083
110.06
109.727
113.767
102.906
109.524
109.219
110.43
106.451
102.722
109.122
109.873
103.464
111.075
106.917
108.88
107.342
106.364
111.935
102.765
106.79
105.588
106.809
105.888
108.417
108.661
108.587
109.557
106.735
111.691
113.071
105.629
110.049
110.963
110.541
106.589
104.439
107.883
106.721
107.895
111.262
111.776
108.042
110.267
108.32
108.324
111.428
106.817
109.503
110.998
104.898
110.747
114.546
108.24
108.232
109.838
108.648
107.194
109.858
107.539
107.661
107.17
110.82
107.661
109.216
104.347
109.739
105.455
109.241
105.331
108.53
109.438
107.462
109.246
105.855
102.653
107.359
105.517
107.638
109.612
105.997
109.716
109.509
105.191
110.83
108.046
111.21
110.84
111.277
108.385
104.854
109.067
105.729
107.852
109.442
110.141
105.222
106.296
108.001
109.158
113.931
106.556
111.684
110.483
111.479
113.909
112.98
109.998
103.884
104.917
105.94
108.667
110.398
108.726
114.029
111.19
107.961
111.386
107.723
111.854
107.933
103.169
108.208
108.609
109.119
109.841
105.464
108.522
106.909
112.303
109.784
109.513
105.546
108.849
110.366
106.731
111.158
109.075
108.843
112.317
108.872
106.322
108.912
106.998
105.65
108.297
108.395
106.12
105.539
112.86
108.31
108.43
111.288
105.416
116.197
110.743
112.536
112.051
106.1
105.136
103.089
106.03
105.652
103.398
109.134
112.962
110.259
103.689
112.044
111.481
107.375
110.769
108.451
110.209
105.365
105.938
111.195
111.758
109.443
111.531
112.498
112.366
102.892
109.632
106.67
109.484
106.879
106.479
111.828
103.324
105.734
112.249
104.869
105.844
108.555
107.687
111.625
111.065
110.04
109.06
108.363
106.961
106.594
108.459
109.777
112.494
108.842
108.947
115.593
105.66
109.907
104.984
111.884
107.537
106.418
112.763
111.782
106.963
107.649
108.02
106.692
103.079
111.847
106.879
106.824
104.164
108.409
106.872
105.277
108.438
105.331
108.929
112.845
113.476
109.792
105.424
109.577
108.582
106.056
109.992
108.268
107.807
108.47
104.451
104.314
112.019
106.997
102.498
108.929
110.037
105.001
109.112
107.775
106.929
109.902
113.772
115.863
108.268
111.713
104.88
106.855
107.18
109.281
107.603
112.043
113.83
107.011
110.745
105.872
110.452
106.281
107.705
107.522
106.618
107.429
110.781
116.099
103.535
107.474
103.976
109.923
114.697
105.555
106.163
110.927
108.084
109.592
105.241
106.447
108.712
109.287
104.27
107.602
106.044
107.151
108.025
109.705
108.47
107.152
109.151
108.504
105.734
106.458
105.934
110.759
106.48
111.745
108.244
107.161
109.447
108.608
104.009
106.975
105.593
101.943
104.912
103.818
112.189
108.014
108.128
110.113
110.114
109.004
109.261
107.137
109.408
107.683
106.388
107.848
107.187
106.725
103.825
111.944
106.812
104.473
107.273
110.924
107.939
106.351
109.802
110.038
109.648
106.44
107.119
111.985
113.243
106.665
109.738
107.891
110.392
105.95
107.772
108.253
105.724
108.923
107.799
112.861
107.568
110.63
108.012
103.52
109.278
106.254
112.333
105.672
112.162
111.869
106.434
105.613
106.638
107.843
112.213
105.446
108.921
110.301
108.116
101.484
107.333
108.135
109.26
107.92
109.081
108.286
106.011
105.066
106.786
111.017
104.332
106.398
106.747
108.518
108.003
105.414
108.579
110.424
106.389
106.617
104.89
110.105
104.202
112.755
108.514
113.968
108.896
110.316
110.535
104.577
107.63
108.364
108.577
112.273
107.375
108.572
104.499
107.594
113.406
111.434
112.295
109.551
110.822
110.667
106.401
109.618
108.319
112.639
108.597
107.163
108.124
107.648
109.321
106.034
105.671
104.723
105.772
105.451
103.842
106.611
110.399
109.263
109.344
110.329
105.894
108.501
106.801
104.639
110.001
112.13
108.77
108.143
109.356
106.715
108.768
110.96
111.186
105.615
113.019
104.581
110.137
103.966
106.458
108.237
104.324
109.932
109.194
106.267
110.358
106.518
107.768
111.825
113.653
109.176
110.845
114.33
106.325
109.198
109.104
109.118
110.463
106.824
106.886
110.069
107.278
107.132
107.725
105.097
111.075
114.333
104.106
110.175
102.199
108.851
115.898
110.918
108.408
111.117
105.145
108.724
111.093
115.568
105.287
103.028
110.469
108.895
112.604
103.669
105.699
109.545
110.897
112.121
108.217
106.901
109.862
107.754
112.282
110.635
107.989
111.597
107.43
112.845
113.701
108.709
106.633
108.369
115.542
112.367
111.129
114.211
106.861
106.645
103.793
107.86
108.43
108.347
106.07
108.568
103.453
109.601
106.462
108.662
112.264
108.109
106.214
106.151
102.999
116.193
106.816
108.087
113.102
112.556
104.577
104.208
114.873
110.88
110.588
106.797
106.192
110.8
112.345
110.509
108.349
107.602
112.274
111.774
107.582
111.588
104.125
107.479
111.726
108.994
106.817
105.368
106.158
108.013
110.254
105.615
106.612
108.11
108.296
109.451
101.758
107.615
106.827
108.78
108.8
109.701
107.322
106.274
109.079
109.22
106.703
106.809
110.772
108.549
103.558
110.515
111.731
108.712
112.057
111.347
109.812
107.214
109.589
107.587
106.857
106.303
108.732
107.442
108.286
105.048
110.841
109.661
105.06
115.367
108.645
112.222
107.008
109.988
114.15
104.92
108.702
106.942
113.469
110.15
111.067
105.06
115.166
111.333
111.322
104.482
109.743
103.563
114.21
111.28
109.678
115.995
109.881
107.908
105.419
108.872
105.667
108.483
112.628
107.444
113.221
108.267
107.165
112.957
109.506
110.552
109.42
111.686
108.687
104.868
110.693
112.712
110.547
102.911
105.298
107.807
109.1
112.984
109.699
108.13
112.034
100.634
109.006
107.709
109.998
101.246
106.767
105.103
103.463
107.381
112.726
113.968
113.039
111.043
107.02
113.627
108.484
105.889
104.411
105.378
104.956
104.127
113.712
105.097
109.802
106.045
111.764
107.494
109.786
108.538
107.558
109.959
108.596
111.087
109.144
106.519
106.581
109.659
109.548
111.918
109.961
110.091
105.621
108.233
107.027
108.057
112.466
108.739
108.238
106.213
109.083
111.385
103.895
110.435
108.177
109.754
104.249
106.837
108.216
106.779
104.066
108.836
107.411
107.653
104.256
104.111
111.626
109.589
110.11
107.976
110.252
107.342
111.899
106.466
108.59
110.616
104.341
107.366
113.565
112.101
108.91
106.506
114.965
109.65
109.015
112.153
112.413
113.712
113.622
111.814
111.633
108.195
107.473
108.228
108.569
104.568
106.782
105.926
106.221
110.345
105.752
111.678
104.991
108.506
109.647
112.003
108.564
107.593
105.067
109.858
110.694
107.618
106.93
103.708
104.311
102.583
106.516
109.825
106.188
109.236
107.896
109.177
110.91
106.117
108.705
109.165
108.028
106.858
110.302
112.653
105.227
108.212
105.913
111.973
109.171
108.64
106.801
103.389
108.438
101.05
103.427
110.035
108.166
113.131
107.039
109.9
104.648
118.942
111.983
111.487
110.426
112.705
106.507
105.183
106.13
110.279
111.541
108.96
108.272
110.026
111.059
101.664
107.872
104.742
106.311
105.755
107.603
109.477
113.243
111.298
106.804
109.142
111.682
113.317
108.844
108.068
112.86
104.807
110.877
112.761
111.841
109.513
110.112
110.993
106.746
107.485
113.895
108.173
111.609
110.197
105.018
103.599
113.25
109.371
106.953
109.959
111.055
114.815
110.788
104.687
109.065
109.067
109.443
110.135
107.849
106.224
109.283
112.892
105.65
104.544
105.647
109.564
115.131
107.33
104.387
112.399
109.01
111.389
104.157
111.087
108.477
113.389
114.493
109.329
111.002
108.384
108.796
107.006
111.351
106.624
109.125
105.15
111.27
109.359
108.181
106.373
111.84
108.522
104.001
107.625
108.272
111.834
103.456
109.079
106.517
110.283
108.678
107.3
107.831
110.589
109.87
109.093
111.643
104.024
115.655
113.996
106.023
105.116
110.999
115.612
108.318
107.381
104.775
108.885
103.916
114.564
110.592
109.073
105.084
112.838
105.696
111.167
105.613
105.395
103.817
104.127
111.129
107.629
105.617
110.967
108.932
109.529
104.09
107.549
106.566
111.414
112.44
103.073
106.63
107.875
109.495
111.867
114.987
105.036
112.24
112.601
109.39
110.211
107.987
106.018
112.137
110.689
106.043
109.395
106.948
107.737
108.694
104.191
105.93
107.758
109.701
112.79
107.13
115.151
108.804
108.919
109.771
110.875
111.104
114.247
102.161
106.358
104.99
108.64
110.003
106.729
105.323
107.892
107.378
108.465
111.536
109.36
109.389
105.495
103.707
109.577
104.257
111.306
108.387
107.444
106.294
110.049
98.3495
108.197
104.109
105.965
108.619
103.976
105.981
110.019
104.233
108.55
106.269
106.741
107.608
107.822
106.864
112.367
110.131
110.277
109.971
104.145
105.733
108.213
107.51
105.946
106.481
110.493
112.368
107.732
109.106
108.938
110.618
107.845
108.517
110.674
110.851
103.293
106.498
106.21
106.891
110.574
109.659
107.502
107.33
105.374
106.056
105.555
103.466
107.161
110.511
106.868
109.502
110.808
102.893
102.768
103.687
111.181
104.023
107.345
107.798
107.68
110.257
107.218
106.152
106.415
108.381
110.344
105.961
109.077
109.939
104.938
112.468
111.523
104.685
107.869
113.323
106.228
109.083
108.6
109.707
108.814
109.56
109.079
112.578
110.469
113.744
108.957
106.338
107.393
109.554
104.109
108.817
109.146
116.216
106.776
109.2
114.158
109.159
106.378
108.424
107.357
114.737
108.342
106.986
107.022
106.756
106.525
110.885
106.974
104.133
107.348
108.881
110.401
108.249
108.822
107.413
110.413
106.248
112.455
108.194
107.888
107.75
111.953
108.069
109.726
107.227
107.63
107.718
108.845
110.193
111.955
109.982
103.527
114.015
108.938
110.754
105.014
114.177
105.821
105.468
112.118
113.617
116.287
107.557
107.919
107.695
107.266
105.189
107.544
112.985
109.11
105.804
107.742
107.387
106.688
106.412
113.151
107.726
107.921
113.896
104.896
106.922
108.342
106.97
105.603
108.156
109.633
111.693
111.499
106.993
106.547
111.629
109.542
108.958
103.542
111.931
104.11
108.655
107.355
110.573
108.304
106.038
112.398
109.761
107.575
114.288
113.562
108.728
110.202
105.415
105.053
106.033
109.363
105.485
115.519
112.203
106.65
109.695
107.847
106.899
107.282
114.529
109.378
106.398
107.204
108.571
111.254
109.721
109.933
113.08
110.761
104.884
106.583
103.955
107.5
109.405
112.035
109.808
110.06
105.819
108.902
105.749
105.281
105.266
105.683
106.743
107.288
105.34
105.432
115.638
107.353
108.963
105.212
109.24
110.813
112.972
112.601
113.228
112.196
103.906
106.45
109.418
108.866
108.634
110.197
108.913
115.997
108.669
108.495
110.635
106.943
105.028
109.992
102.293
111.257
110.738
103.069
109.585
105.244
110.813
109.323
116.867
105.708
112.427
106.18
114.044
109.156
110.047
111.12
110.213
105.3
109.953
108.167
106.466
102.993
108.199
109.156
105.708
105.714
108.866
106.626
104.898
106.053
110.342
105.458
110.945
111.65
108.154
109.706
110.635
108.074
110.653
110.144
109.24
102.748
109.965
105.327
107.14
106.76
105.715
109.013
108.43
111.474
104.663
107.889
110.169
111.778
105.676
106.81
110.082
107.224
110.962
111.622
111.367
111.789
109.695
107.385
110.514
110.49
109.986
107.92
106.424
109.006
112.333
108.438
108.84
108.239
105.651
101.775
109.088
112.42
105.426
109.121
108.362
112.797
105.146
105.237
107.945
111.349
107.635
107.355
103.352
109.071
109.465
109.888
110.308
110.425
108.775
109.495
103.973
107.36
107.172
108.882
109.689
111.684
105.674
107.608
112.387
110.104
108.865
117.325
111.773
106.307
108.493
110.645
110.381
109.973
112.746
106.902
101.387
109.684
105.793
106.16
109.932
109.957
114.166
112.449
106.462
110.221
107.887
105.922
109.98
104.662
109.538
109.444
110.409
102.136
109.002
108.83
108.482
109.845
106.832
100.835
109.388
114.456
109.429
115.791
105.365
112.457
104.167
111.708
111.564
103.612
108.321
106.458
103.691
106.808
110.82
109.696
108.57
108.878
106.001
107.683
109.788
112.349
109.412
108.366
107.452
107.631
107.781
104.837
102.916
105.66
107.206
105.902
112.962
111.852
108.863
109.216
108.797
108.359
106.961
110.95
105.598
103.666
104.06
105.175
107.803
110.664
107.325
111.178
106.963
105.685
107.394
113.014
107.466
110.839
109.555
110.759
108.593
112.386
118.794
113.922
107.359
106.59
110.574
107.765
105.053
105.235
106.736
108.442
105.172
110.71
106.54
109.289
110.372
105.735
110.24
106.554
108.969
106.984
109.25
107.257
109.467
107.428
105.508
105.97
113.369
113.752
108.514
113.386
105.495
111.276
115.382
110.548
111.814
108.568
109.362
109.45
113.073
106.972
108.355
111.302
111.012
109.229
106.317
110.718
111.499
109.305
110.116
108.626
107.955
109.861
111.448
106.898
107.563
100.77
108.476
106.664
105.443
109.329
107.379
107.232
110.959
113.975
111.417
109.147
104.728
106.413
105.108
107.189
115.959
108.824
105.196
105.62
104.752
110.959
106.686
109.67
114.019
107.518
110.07
101.807
108.193
107.693
101.645
107.26
109.881
108.758
107.474
111.501
105.672
108.779
104.732
107.734
104.298
110.791
107.282
108.792
106.569
108.815
112.372
109.724
103.494
109.86
104.546
109.149
109.699
110.037
108.173
108.637
109.983
107.656
102.314
109.415
110.644
111.726
105.561
108.12
108.171
105.5
103.919
106.355
110.528
110.813
103.127
112.373
110.132
110.093
108.528
110.796
105.398
106.395
107.482
108.33
113.957
110.155
108.602
103.661
108.787
106.326
110.438
110.145
108.082
109.316
114.11
108.416
105.504
111.665
110.582
114.525
103.818
110.948
106.866
109.692
107.57
106.411
107.373
108.477
107.853
109.547
104.558
109.596
111.927
105.322
111.867
111.845
109.02
107.636
105.972
109.911
108.527
111.476
107.955
109.601
100.674
104.566
105.172
108.934
105.668
106.347
106.145
111.537
107.143
107.153
109.406
108.677
107.301
107.294
109.763
106.247
113.979
107.33
105.761
114.363
108.151
110.2
104.204
104.167
109.691
103.664
109.168
106.31
109.587
109.113
109.345
104.427
111.978
109.636
113.322
111.138
106.395
110.278
107.22
110.39
110.817
111.557
110.451
110.575
113.28
106.861
112.578
107.672
105.102
109.505
107.731
108.615
110.167
110.632
104.488
110.335
111.088
109.791
109.096
105.887
108.331
105.793
109.417
110.784
109.503
106.839
106.092
114.178
109.179
108.046
105.813
108.226
110.977
108.145
109.807
111.095
107.857
107.423
112.811
109.469
108.593
108.653
107.482
105.739
108.36
110.457
107.965
108.868
109.571
108.704
104.843
110.41
104.67
107.726
107.399
106.961
108.063
107.561
109.807
108.423
105.183
105.391
106.437
108.623
109.707
103.997
108.225
106.89
109.386
104.588
108.638
104.178
107.91
104.272
108.65
101.158
102.458
109.218
108.135
106.733
109.645
115.848
105.179
107.162
108.342
112.06
108.63
109.994
113.219
105.457
105.225
109.706
103.354
108.865
102.764
106.128
105.234
105.801
110.282
109.406
111.608
105.518
111.862
108.684
106.287
104.709
108.785
102.355
110.72
111.113
108
108.111
109.527
108.836
105.076
109.447
105.221
105.502
107.184
112.462
111.115
104.317
110.574
112.203
107.941
106.34
108.055
110.303
109.447
104.344
109.019
106.073
108.046
112.384
110.634
111.582
109.213
113.185
106.567
107.753
112.807
110.651
112.433
106.074
108.856
107.216
109.615
105.205
110.357
109.248
107.47
115.402
106.188
109.416
109.291
109.457
112.173
116.116
108.18
106.429
105.894
106.965
108.3
106.371
105.445
105.715
110.897
106.061
105.614
108.736
108.909
103.772
107.071
106.969
107.805
114.829
107.115
104.915
105.314
109.229
104.033
107.7
106.638
112.545
109.5
108.091
113.778
112.428
112.735
105.534
110.997
105.869
115.975
107.76
107.91
107.909
107.907
109.267
106.815
106.318
104.306
114.114
111.174
108.717
107.3
114.643
106.304
108.214
108.808
111.835
110.224
107.887
109.651
107.5
107.069
107.35
105.741
111.481
109.522
111.162
103.156
107.431
106.377
110.467
106.762
103.629
107.104
113.245
106.007
105.037
115.519
103.62
109.483
107.97
104.017
106.497
105.443
109.407
108.083
107.804
105.641
107.713
108.405
110.54
108.464
105.749
107.297
113.825
113.321
106.166
115.714
101.702
111.157
107.474
107.379
111.247
109.457
109.342
111.559
104.663
109.018
105.576
105.99
106.608
111.537
101.946
105.693
110.185
108.821
109.348
107.001
108.605
111.533
110.178
111.003
107.639
112.211
108.121
107.117
109.349
109.388
106.975
104.261
106.198
110.272
107.969
108.322
111.735
106.878
110.908
108.283
113.316
103.976
109.757
108.532
106.049
106.86
105.716
106.66
112.037
111.319
109.309
109.057
112.129
106.339
109.761
109.554
110.813
110.752
110.305
110.782
105.53
110.099
105.294
109.429
108.762
106.392
104.966
110.901
107.77
105.23
110.707
111.173
109.546
106.274
112.557
108.293
108.881
107.491
108.709
109.61
111.569
109.675
111.635
103.749
106.529
108.353
103.199
115.707
112.06
107.256
111.008
107.868
107.013
104.075
104.882
104.673
107.175
109.365
106.146
108.724
111.433
114.046
108.91
108.478
106.925
112.452
103.411
111.161
111.883
103.242
108.879
108.572
108.841
106.598
110.67
115.302
112.122
104.444
105.917
109.381
112.317
111.784
110.017
108.173
109.606
108.588
111.186
111.054
107.431
110.003
111.065
109.324
112.302
111.213
107.302
109.149
104.572
109.393
109.614
104.661
106.092
102.711
107.471
107.064
107.2
107.233
107.097
108.359
109.793
107.227
111.671
106.399
103.106
106.98
110.969
111.182
106.7
105.867
107.89
106.016
111.749
105.797
110.721
106.851
107.692
112.13
109.844
110.062
107.45
107.824
106.043
109.389
106.425
104.111
108.449
108.274
111.951
103.72
110.323
108.515
113.038
110.547
108.003
109.37
109.345
104.796
107.46
107.842
107.955
109.337
108.233
109.373
108.664
109.794
107.37
110.053
108.553
107.178
108.76
108.845
109.024
107.948
107.13
102.96
109.124
108.211
108.452
105.459
113.075
111.149
109.181
109.894
107.124
108.112
105.713
112.032
107.612
106.077
107.935
106.11
108.493
109.022
106.88
112.153
111.875
111.146
106.924
110.033
109.39
107.51
109.772
110.979
106.468
110.243
112.499
108.556
109.78
106.76
108.647
106.288
104.715
106.78
109.397
113.354
108.41
107.09
107.253
105.331
102.601
113.034
103.083
107.855
113.556
106.22
108.815
109.56
110.112
107.463
107.482
105.723
108.662
111.789
109.039
102.842
113.095
109.784
107.334
110.084
112.508
109.668
106.536
107.293
103.937
106.13
112.474
105.604
112.622
107.216
105.728
109.858
109.458
108.415
114.979
116.673
108.138
108.256
106.178
111.976
116.225
114.443
109.511
105.233
108.382
106.871
107.515
114.417
108.597
105.839
112.211
105.64
110.088
112.151
107.849
111.586
107.964
112.513
108.558
108.316
104.899
110.987
110.899
108.173
112.056
104.495
109.21
104.152
109.375
106.866
106.355
108.988
111.139
110.344
111.839
105.518
105.805
107.334
109.522
109.113
107.716
115.54
110.034
109.444
107.329
111.089
108.082
110.872
110.306
112.721
108.76
111.125
112.079
109.509
110.006
112.393
106.277
114.108
109.635
110.815
110.889
106.753
104.413
109.904
108.712
111.776
107.628
107.601
111.091
111.397
107.206
112.416
110.396
104.571
104.906
115.151
110.857
110.726
106.972
114.877
108.607
108.415
110.134
110.989
110.294
109.077
106.177
109.564
106.135
107.385
105.837
111.081
110.828
108.15
109.074
105.737
110.936
111.438
107.34
108.023
108.316
106.283
108.827
107.768
112.428
112.973
105.171
104.47
106.123
107.952
107.463
110.611
107.006
108.946
106.353
105.767
109.025
109.865
106.727
102.415
109.222
106.688
114.577
105.282
110.004
108.694
115.625
112.607
113.685
110.669
110.195
109.971
106.868
108.832
103.092
109.07
106.909
109.915
105.486
105.388
105.683
103.64
104.172
108.393
108.31
107.927
109.702
110.674
105.961
106.781
108.024
111.735
110.866
108.589
110.799
105.896
106.33
106.371
110.519
107.349
106.362
110.041
112.316
106.926
105.005
105.445
115.616
108.647
103.387
105.973
109.315
108.066
110.601
108.983
110.258
110.446
108.177
103.507
107.327
112.684
110.948
117.091
111.775
109.544
108.107
107.481
107.809
111.487
108.216
101.154
101.641
107.96
107.813
113.224
104.709
105.711
107.002
109.683
111.68
105.449
101.919
110.788
103.533
110.321
110.508
110.16
109.544
113.371
109.918
107.225
114.913
109.732
109.337
102.14
105.068
116.131
107.949
107.359
112.251
105.927
108.557
106.686
104.223
106.229
107.007
111.106
106.538
110.602
111.177
107.232
106.115
104.763
116.631
110.438
103.474
103.766
108.118
114.968
107.463
108.689
108.943
106.095
110.096
108.814
113.172
108.972
105.873
108.291
111.062
110.537
107.832
101.138
103.982
112.029
104.801
109.932
108.119
108.336
107.148
110.18
106.452
106.665
104.049
113.332
109.226
108.597
115.585
112.738
107.997
112.786
108.775
108.931
104.976
109.761
106.08
110.534
111.974
107.74
112.002
113.631
103.757
104.008
106.325
114.596
110.031
106.375
109.318
108.405
106.833
106.043
107.502
103.309
104.631
105.689
108.271
107.542
107.334
108
107.856
108.152
106.992
104.958
109.899
107.632
111.136
107.343
105.795
106.418
111.095
112.416
109.029
110.449
110.396
108.811
110.181
110.716
107.756
108.607
113.368
109.103
104.112
115.486
111.501
110.037
110.262
106.643
108.518
106.526
108.623
110.178
108.443
104.733
108.946
111.863
110.033
111.719
109.731
112.887
106.847
107.915
112.993
104.948
107.943
105.719
102.874
109.177
110.814
110.693
108.743
100.711
112.299
105.444
103.804
107.561
110.352
107.506
107.565
109.366
106.248
108.153
109.435
113.723
109.014
105.923
109.822
113.188
113.733
110.909
104.546
109.736
106.618
108.393
109.954
108.738
104.335
106.705
109.191
109.082
108.852
112.14
105.191
107.544
103.287
111.663
108.621
104.37
108.097
107.524
114.793
106.318
108.715
111.766
104.258
104.428
111.924
100.477
104.264
113.72
113.188
110.234
109.461
109.712
110.466
106.602
111.124
108.128
109.492
110.334
112.319
105.912
105.655
112.894
110.598
104.411
112.962
107.649
107.425
109.183
110.322
105.763
111.589
110.384
109.229
110.594
112.387
105.21
109.685
108.661
105.724
106.655
107.378
109.116
105.624
111.536
105.773
107.509
104.925
111.549
108.694
109.861
108.692
107.739
105.578
104.45
104.051
108.671
111.404
107.617
105.912
104.932
104.725
108.351
111.14
109.122
111.101
105.157
104.962
108.351
107.259
105.496
106.159
104.654
113.835
111.666
108.408
111.703
106.789
106.301
103.669
107.555
104.968
108.269
113.488
109.541
107.347
108.61
109.97
108.185
109.457
113.106
112.068
110.232
105.56
111.456
111.81
108.199
109.189
115.25
107.904
114.936
108.858
108.197
109.579
112.283
108.54
106.541
111.028
103.571
111.338
107.08
105.314
106.71
106.348
110.244
108.389
108.637
108.166
111.111
112.835
111.68
106.428
108.128
109.817
110.28
108.158
104.766
103.362
113.006
110.831
109.129
112.079
105.909
110.004
108.306
105.613
108.058
111.183
107.226
110.35
109.386
109.104
108.659
116.124
111.26
111.174
110.839
108.522
107.962
106.906
101.661
107.601
115.205
106.701
107.78
107.945
113.002
109.42
110.144
104.751
104.37
107.713
113.472
106.52
114.693
106.514
105.462
105.556
108.717
104.708
109.12
114.482
105.867
112.304
107.861
115.313
108.117
108.746
105.285
106.863
110.768
108.243
111.62
109.006
111.854
112.299
109.882
105.897
108.225
111.054
106.564
107.966
109.802
105.877
108.88
108.374
102.657
107.393
109.932
107.331
107.194
110.002
108.098
107.666
106.93
106.458
103.176
112.363
107.365
114.251
107.195
104.704
107.512
106.519
105.964
109.575
105.628
111.237
111.627
108.885
109.876
108.279
111.885
108.176
110.99
111.729
106.474
103.604
103.18
104.655
108.878
109.285
108.222
105.533
109.219
107.971
112.327
107.628
106.772
107.589
110.3
107.33
107.544
111.265
107.113
109.509
104.354
116.148
108.791
109.725
108.889
105.763
111.922
107.088
109.214
109.281
108.162
106.527
107.329
108.192
103.357
108.193
107.287
106.702
106.141
108.636
112.416
106.199
105.747
108.121
108.153
108.52
106.086
101.071
111.229
105.351
106.772
108.479
109.915
102.148
107.176
107.112
105.355
109.521
110.902
108.404
106.45
105.115
112.969
108.12
108.982
108.229
108.365
115.338
109.415
109.293
110.601
111.962
115.122
108.988
105.55
106.84
109.892
106.086
109.598
109.659
110.068
111.113
112.353
110.084
107.865
114.691
107.57
101.593
108.754
108.019
105.669
110.848
105.904
108.186
105.414
106.419
107.277
107.683
104.418
104.556
105.749
110.215
107.933
108.603
108.208
112.951
111.339
108.393
106.945
112.64
108.09
108.16
108.216
110.509
106.928
108.939
109.635
109.702
109.471
109.846
105.968
105.418
110.21
105.573
110.305
107.778
108.303
105.98
106.915
109.849
111.181
107.118
110.605
109.804
106.814
111.905
107.978
108.262
109.205
106.85
108.971
109.825
108.194
109.125
109.732
110.352
110.848
105.908
110.839
104.159
107.114
111.594
105.367
108.304
109.324
109.979
107.387
111.889
109.231
112.148
110.38
104.624
108.1
106.022
110.982
106.266
106.358
109.707
113.53
105.677
106.074
110.3
106.846
108.741
108.404
110.157
104.354
107.282
109.148
114.037
109.09
107.74
106.456
114.492
111.221
113.462
113.749
107.13
108.82
107.194
104.939
107.622
104.523
111.899
105.263
104.57
108.818
113.007
105.791
112.511
109.669
112.626
106.758
110.737
105.589
109.671
109.525
110.786
105.502
108.745
104.936
109.204
110.68
108.12
110.63
105.423
109.193
118.098
108.12
106.7
111.416
105.737
107.862
112.012
110.921
104.3
107.098
110.463
106.479
107.807
112.885
109.641
106.335
109.533
108.817
107.762
108.417
103.83
104.606
108.484
113.964
111.069
114.398
110.336
114.678
108.94
110.146
108.405
102.693
111.08
106.368
108.192
108.118
110.191
110.979
106.478
108.089
107.938
109.606
109.617
113.092
107.273
111.423
104.992
105.062
107.44
109.189
109.433
111.557
104.903
111.844
105.329
106.855
109.18
106.698
104.711
110.479
108.307
109.991
106.479
100.325
105.904
104.54
107.975
109.565
104.978
108.459
109.801
106.33
107.488
108.269
106.679
112.666
110.784
109.86
107.61
107.529
112.067
113.093
108.777
107.85
107.76
108.469
107.467
111.646
110.495
110.989
113.032
106.11
111.503
104.937
114.412
105.954
107.827
106.653
111.639
112.52
109.016
104.361
114.281
106.062
108.722
109.493
109.354
110.985
109.365
112.306
109.552
108.705
106.188
105.494
108.086
105.984
114.891
106.505
110.126
106.531
106.723
107.663
109.846
106.708
109.941
108.039
106.157
112.923
107.539
114.199
107.938
104.502
108.648
108.982
112.971
108.634
104.485
109.009
104.401
104.722
116.488
110.272
107.275
113.587
107.041
106.091
108.457
101.846
109.418
113.497
110.538
112.61
108.278
107.018
111.941
103.881
111.215
111.613
114.056
106.164
106.243
112.809
106.568
110.962
109.142
107.651
112.175
109.888
108.327
109.821
111.989
100.492
109.876
112.346
111.406
107.539
110.754
108.706
107.914
111.426
106.347
108.359
110.516
109.285
111.97
110.404
112.655
109.87
114.25
109.817
103.29
113.918
108.099
106.556
113.701
110.204
105.546
107.457
104.431
109.395
106.112
109.608
106.078
105.09
107.45
107.422
112.277
109.617
107.648
111.874
112.035
107.497
110.037
110.417
110.832
107.529
106.304
111.435
106.936
106.609
106.36
104.162
104.731
109.301
109.441
114.145
108.865
106.962
106.591
108.152
112.41
112.337
115.804
112.571
109.371
112.901
108.104
106.817
104.801
111.337
112.099
108.074
108.625
109.181
109.542
108.476
103.5
108.591
109.193
109.689
106.644
110.204
109.759
105.328
103.522
108.347
106.311
106.12
108.652
104.798
107.708
110.163
109.708
107.11
106.281
107.924
111.794
105.614
109.583
106.826
105.79
105.246
109.749
106.44
114.701
108.01
108.487
104.107
109.934
109.453
109.667
101.381
109.408
106.563
110.538
114.18
112.241
110.319
105.791
108.072
106.982
113.553
111.774
103.986
111.551
109.863
112.553
107.144
107.728
110.26
108.98
111.839
109.807
105.989
109.981
110.134
111.408
109.508
111.002
105.084
107.569
108.59
107.285
106.441
109.558
106.553
109.011
112.849
109.604
104.827
108.589
104.741
107.749
107.818
109.505
107.096
111.28
109.451
108.331
105.595
112.29
105.954
115.606
108.165
109.28
113.841
111.295
109.783
105.91
101.871
109.223
105.599
104.844
113.541
108.989
109.882
108.463
108.425
115.168
105.154
105.326
110.137
109.412
109.804
105.571
108.268
110.863
105.965
110.282
104.246
102.735
99.5969
105.707
109.997
113.822
110.859
108.47
107.446
106.43
102.5
111.155
106.219
111.387
111.978
117.314
102.905
107.238
106.872
104.917
104.466
112.136
112.366
111.284
103.928
109.745
108.903
110.007
113.041
107.66
103.555
107.861
107.304
107.385
107.635
108.273
111.625
109.136
103.431
107.56
105.177
112.035
105.493
109.35
109.811
108.009
103.545
111.716
109.321
105.065
105.294
112.58
108.622
107.531
106.379
109.443
104.748
111.028
105.507
105.941
110.461
107.789
107.399
109.093
105.227
111.4
109.665
110.554
110.143
107.279
111.859
110.832
111.135
112.668
102.592
107.688
111.887
106.812
108.521
106.631
111.024
107.23
114.213
110.536
110.242
103.407
105.274
113.346
108.221
109.92
106.266
112.408
109.558
111.158
107.769
107.251
110.112
108.056
106.54
112.003
110.045
109.175
109.472
109.244
102.942
113.264
110.218
110.774
110.502
106.483
110.493
109.079
107.523
110.572
111.766
109.888
106.086
108.989
109.073
107.575
108.946
114.271
108.702
110.172
111.4
106.329
108.898
102.432
107.806
112.527
108.903
107.088
107.071
108.733
107.157
105.419
107.835
108.823
106.843
105.573
110.73
110.119
106.388
106.726
112.085
109.339
110.042
110.581
108.679
110.918
107.222
106.333
110.977
103.3
108.575
110.517
111.365
111.641
106.323
110.566
108.944
108.804
111.097
113.808
106.208
107.422
106.619
107.849
110.24
108.345
104.947
107.511
108.096
107.337
109.838
104.956
108.859
109.872
103.285
105.528
108.309
111.703
106.803
105.652
115.612
112.067
104.548
109.574
109.136
112.668
110.826
105.717
103.323
108.008
103.204
107.551
108.537
110.925
102.896
109.058
106.285
110.636
110.698
112.471
109.954
110.467
107.784
105.383
103.067
110.122
110.961
104.004
110.76
106.503
109.065
109.023
110.552
111.586
102.77
109.057
107.335
110.748
108.784
109.835
109.17
110.694
107.947
107.28
108.191
108.8
109.815
104.586
107.555
106.656
110.672
108.969
109.065
103.942
110.6
108.418
109.981
106.358
113.705
109.202
106.185
109.853
107.142
106.738
107.647
110.985
107.602
107.436
108.606
109.843
111.924
103.099
106.149
108.665
107.225
107.841
111.966
104.972
113.022
109.808
108.367
108.92
112.139
109.597
114.051
104.902
110.264
112.507
107.934
105.864
109.35
109.012
106.365
113.98
113.44
108.448
110.727
108.18
118.999
104.534
110.902
106.291
107.558
109.897
110.128
106.57
110.588
109.483
107.278
107.074
108.87
110.463
109.207
111.799
111.149
110.94
107.641
108.516
105.215
111.804
103.969
107.828
111.38
110.476
108.622
107.034
100.734
107.343
110.273
107.739
104.908
115.38
107.892
106.812
111.452
108.164
111.322
111.686
104.468
108.517
105.312
107.276
106.022
107.084
107.621
106.962
111.442
105.885
106.175
106.96
109.99
106.099
109.845
112.012
109.856
105.495
111.295
105.616
103.271
112.135
110.691
108.057
110.82
109.73
110.986
112.774
110.644
111.292
115.665
110.289
109.48
111.205
105.848
104.05
104.831
107.268
108.729
110.131
111.526
104.438
108.268
114.459
109.4
111.305
107.752
112.627
113.596
107.845
108.262
110.093
108.099
109.117
103.826
110.936
109.853
108.977
113.66
111.376
108.533
108.416
109.147
108.138
111.15
109.847
105.189
109.748
103.922
109.043
107.723
112.159
107.864
108.342
109.517
108.493
107.813
109.483
104.928
104.774
104.836
106.643
110.268
108.518
106.514
104.764
110.087
104.408
107.805
107.846
105.877
107.083
106.381
108.045
106.886
107.735
105.67
109.277
108.025
106.805
111.083
105.059
109.28
103.359
112.941
107.217
109.042
103.559
105.847
111.157
106.999
104.03
108.218
115.387
109.114
106.883
108.189
107.583
104.74
110.187
109.747
107.877
106.271
101.116
106.719
107.429
105.425
108.741
110.759
107.369
114.3
114.199
107.319
108.961
109.049
106.556
111.244
108.658
106.033
107.506
106.418
101.733
102.37
107.794
110.58
113.2
110.27
107.508
102.712
109.278
105.743
107.927
107.71
112.183
106.831
108.041
110.102
111.27
105.663
105.159
103.949
107.729
105.526
105.496
105.009
101.991
106.699
111.058
106.287
110.556
111.613
108.998
112.664
104.74
108.912
109.541
109.773
106.014
109.79
107.582
103.916
106.183
110.264
105.091
107.821
104.585
111.138
102.85
108.904
110.078
105.853
111.626
109.033
109.564
110.611
108.749
110.141
107.432
114.276
105.339
104.909
107.649
111.934
110.593
108.046
107.851
110.887
104.555
108.729
107.414
102.743
108.948
110.222
113.222
106.293
105.699
108.07
108.072
106.11
111.947
109.479
107.57
106.134
104.704
107.502
107.489
111.158
106.377
112.951
109.02
112.251
111.248
104.626
104.357
108.167
108.266
106.571
109.286
106.11
112.473
111.442
109.277
110.369
108.41
108.62
105.791
111.291
110.399
110.58
111.743
106.643
111.302
107.061
105.098
109.004
112.162
106.889
107.805
105.088
111.666
115.551
107.467
111.342
105.173
111.438
109.663
107.391
105.858
106.997
107.685
111.653
103.401
107.905
106.988
105.82
105.471
107.067
111.408
102.936
109.72
109.666
115.196
107.417
107.452
104.747
111.829
106.08
110.896
108.226
108.831
109.052
104.815
106.574
107.668
112.181
109.814
108.994
110.868
107.984
106.158
108.719
107.477
108.391
106.033
109.695
108.902
110.83
111.858
106.907
103.388
115.17
107.105
112.304
110.291
110.937
109.121
113.382
111.104
109.747
111.646
109.453
105.829
109.68
106.757
105.374
109.753
111.009
106.009
106.904
106.515
109.525
106.526
105.446
110.162
110.138
110.615
113.097
108.834
109.667
108.164
105.184
112.075
109.86
107.179
111.868
105.744
107.096
110.111
112.057
110.113
107.315
108.604
110.394
109.805
106.579
109.452
107.518
107.388
106.475
113.58
105.002
107.403
112.018
109.11
103.679
110.319
106.263
107.951
106.374
109.972
107.51
105.524
112.824
106.648
106.877
106.731
107.549
110.542
111.471
103.181
112.183
108.939
109.622
103.85
112.404
109.953
110.811
107.515
105.535
104.234
113.213
110.472
103.377
109.948
109.471
105.009
113.608
103.231
107.733
108.283
111.532
108.447
108.753
109.936
112.1
113.323
111.749
107.712
111.363
112.899
113.404
105.212
111.274
110.125
110.355
111.284
108.739
115.587
110.807
108.225
111.822
111.855
111.228
106.221
105.879
104.516
112.892
104.39
107.573
111.542
102.686
108.559
109.96
113.043
106.001
111.176
107.095
111.026
107.653
110.176
113.208
111.823
109.279
106.66
107.523
104.593
106.939
104.545
113.018
108.748
103.525
110.054
102.552
110.31
108.179
106.3
112.585
109.333
108.143
106.59
109.829
109.129
109.713
111.061
107.674
109.344
109.95
108.76
106.85
109.761
106.518
108.364
103.706
109.343
107.976
107.121
111.158
106.003
110.726
106.87
113.494
107.477
107.789
109.807
111.134
106.581
110.779
108.94
108.563
105.158
108.129
103.122
107.743
105.463
109.922
109.738
110.061
109.377
108.488
104.793
106.858
110.71
106.097
110.354
102.392
111.563
108.399
108.067
107.559
108.568
112.621
107.285
113.347
105.008
109.476
111.223
107.3
102.641
105.937
108.374
101.638
112.256
106.668
107.124
111.84
108.703
106.244
103.941
108.01
107.882
110.168
106.376
113.081
113.683
113.292
104.564
110.109
111.236
105.291
107.585
112.434
111.853
113.544
106.934
108.369
108.127
114.954
105.005
114.987
107.807
106.85
108.769
107.889
110.197
111.513
109.531
113.188
109.39
114.203
107.008
105.884
115.093
106.774
108.243
106.383
111.367
105.097
105.576
105.94
102.701
112.324
105.838
107.392
106.901
107.808
111.285
108.49
108.555
110.798
107.89
116.924
110.186
109.476
103.629
110.772
110.478
105.24
107.759
100.875
101.938
107.832
104.436
104.085
108.505
107.776
111.649
108.777
110.98
108.585
108.477
102.996
109.736
111.859
107.823
110.023
109.949
109.111
109.423
106.897
112.681
113.065
108.588
108.38
111.215
103.851
104.041
109.227
105.144
107.872
111.444
109.72
113.86
111.434
106.052
109.252
108.195
109.724
106.208
103.439
110.876
109.186
108.217
106.603
102.287
108.883
110.455
110.853
107.715
112.528
109.113
102.898
107.132
104.62
118.151
104.662
111.98
103.223
110.145
106.858
108.683
110.173
104.721
106.96
108.964
111.072
110.37
109.795
104.189
112.274
112.034
103.885
110.26
106.769
110.169
106.093
106.274
111.85
104.791
111.362
108.278
108.481
111.321
112.295
102.13
108.665
108.849
110.429
108.122
104.271
105.473
110.139
107.094
104.319
110.098
110.481
113.023
109.265
112.509
105.982
111.062
107.16
105.446
110.623
105.112
109.466
107.291
104.254
113.073
108.887
111.609
103.8
106.33
109.711
109.868
109.195
110.233
109.489
106.674
110.826
108.819
105.169
108.855
111.082
113.319
111.778
107.225
109.672
113.011
107.675
108.35
106.947
107.48
111.515
113.861
112.787
106.162
111.019
104.451
107.499
109.467
109.576
110.977
109.408
108.039
110.54
108.308
106.048
109.692
109.522
106.94
111.482
104.695
107.965
107.486
108.313
114.637
107.535
103.676
110.984
109.182
108.732
109.361
110.899
109.652
109.52
110.842
110.726
108.135
104.375
109.278
108.085
115.454
111.754
110.15
111.067
115.403
108.219
117.794
103.689
110.001
111.457
109.299
108.893
109.15
108.612
107.15
112.153
112.966
109.337
107.782
109.482
107.88
103.494
111.609
107.951
104.479
103.834
105.342
109.757
112.451
112.642
106.272
112.03
110.233
107.024
103.874
111.961
109.547
109.798
112.185
107.453
107.866
111.636
107.225
107.33
107.454
108.201
111.195
110.866
105.463
111.059
110.698
107.694
107.924
113.114
109.84
106.015
105.668
108.767
107.199
107.784
106.737
107.566
109.591
112.224
108.522
109.409
109.343
114.074
115.006
113.26
107.679
109.122
108.159
110.024
99.8562
109.544
112.947
107.403
107.658
108.997
104.957
106.401
111.959
108.824
110.543
106.04
113.963
116.568
104.134
109.552
109.698
108.33
105.693
109.058
109.154
107.316
113.021
108.202
109.337
110.364
108.671
106.647
105.105
111.018
108.826
107.139
109.269
106.031
107.442
109.275
103.896
106.762
106.47
105.517
112.611
109.674
108.821
104.609
110.666
110.644
111.44
106.056
107.512
102.977
111.708
108.45
107.87
105.277
109.259
107.549
109.574
108.988
107.474
111.243
105.06
112.842
107.68
110.046
108.419
106.242
104.634
104.843
107.367
110.714
106.459
119.456
105.376
110.795
112.476
108.822
107.032
108.601
111.379
106.556
106.951
105.612
106.836
106.616
101.738
111.442
101.173
106.203
105.311
104.645
114.368
108.819
108.885
113.474
109.071
106.688
104.846
111.384
109.033
104.219
110.549
105.979
111.537
104.948
108.993
106.439
111.693
108.751
109.692
109.607
107.308
106.501
112.894
109.375
109.561
110.298
109.124
111.456
110.358
109.832
110.971
108.419
106.238
115.239
110.85
109.32
109.927
107.869
107.081
112.796
104.025
111.572
106.018
104.252
109.255
110.192
112.394
107.735
104.133
106.353
106.218
105.943
115.48
109.582
109.24
110.901
106.386
104.963
109.487
106.124
113.005
108.971
110.737
114.115
103.196
108.118
108.761
106.388
109.712
110.261
105.823
106.597
106.545
109.992
113.341
106.652
107.127
105.732
110.982
111.6
110.509
109.69
107.285
104.584
110.098
110.463
109.499
106.711
107.827
107.92
107.094
114.156
112.96
110.775
106.961
108.51
105.393
109.785
108.377
105.764
106.171
107.018
112.034
109.156
108.241
111.865
107.768
104.305
109.115
109.388
107.717
106.586
110.511
106.852
107.135
105.879
111.45
112.676
108.906
112.854
110.476
106.471
111.817
107.417
108.793
106.531
110.973
113.157
108.246
107.193
106.36
107.334
107.28
114.12
114.229
113.107
103.553
113.439
111.942
105.915
109.785
110.678
109.117
109.988
104.738
106.872
110.413
109.398
108.899
109.979
109.928
110.416
112.696
107.02
111.803
110.778
112.555
111.68
112.125
107.92
108.395
107.127
105.761
107.286
110.296
109.061
106.055
112.055
107.279
114.819
104.893
104.115
106.949
110.05
110.934
108.846
109.442
106.815
105.877
105.057
111.684
112.747
108.736
104.125
110.465
110.824
105.504
113.448
112.754
110.345
110.466
106.059
111.296
112.243
109.165
107.204
109.385
112.656
105.916
109.558
111.576
107.555
111.086
106.731
107.084
109.657
107.484
110.969
103.499
112.782
114.553
110.204
107.195
108.122
107.748
107.895
111.6
107.241
107.886
108.069
112.105
108.483
107.977
111.606
112.913
105.619
112.36
109.69
112.557
105.268
105.381
108.566
112.775
106.197
113.164
113.822
107.336
105.263
111.187
109.883
105.586
106.804
104.471
105.549
104.959
108.871
109.719
109.301
115.476
102.994
106.06
105.985
106.079
111.653
110.154
108.54
106.756
111.991
110.218
113.323
110.639
115.734
107.518
108.547
106.703
109.126
113.393
105.669
102.479
110.434
111.815
108.278
110.72
108.311
109.586
108.86
104.372
107.857
107.554
104.224
110.855
107.483
110.643
105.129
104.806
109.948
108.342
107.2
111.938
113.086
114.964
103.739
109.863
112.568
108.733
111.856
104.326
111.61
105.901
109.31
109.423
107.139
105.823
107.167
110.351
105.919
111.552
106.216
109.963
110.54
108.167
107.509
109.852
107.798
109.655
110.101
110.372
113.674
104.61
108.395
109.131
109.215
108.288
105.472
109.762
108.752
107.898
112.739
107.731
106.979
105.48
104.96
110.648
107.858
110.363
109.787
108
103.317
103.313
108.633
108.892
106.969
106.269
109.252
112.8
105.643
109.551
114.477
113.382
107.763
103.794
109.709
111.904
109.845
110.027
109.356
107.659
109.177
109.574
108.143
103.113
108.161
105.406
104.401
110.076
110.138
105.58
111.658
109.464
106.705
108.33
108.92
108.076
110.057
106.55
112.294
105.191
109.049
106.75
103.435
105.836
108.866
113.169
104.42
108.039
111.128
105.704
109.397
104.462
111.594
105.241
111.452
108.438
106.721
109.361
108.202
104.349
113.017
111.842
108.47
110.252
103.714
105.787
111.204
109.398
110.5
110.163
104.423
109.177
109.824
107.76
109.012
106.258
109.018
108.77
116.415
103.14
106.672
102.132
104.427
111.255
108.904
107.136
105.292
107.318
115.055
107.354
111.806
109.57
108.185
108.189
101.686
110.418
105.618
105.738
106.373
108.687
109.302
106.607
106.851
101.667
111.439
104.803
107.292
112.437
111.176
109.247
103.593
106.43
113.206
112.623
106.771
105.951
107.553
110.019
106.435
109.676
104.56
107.184
108.047
107.931
104.311
103.801
108.371
109.708
106.432
108.616
111.498
104.266
108.814
106.841
108.309
112.223
107.076
110.275
105.504
106.852
106.413
111.398
110.176
107.9
106.392
112.167
106.571
113.421
108.302
111.75
111.958
109.163
107.411
107.333
113.44
110.67
108.023
106.69
111.074
104.771
112.98
106.732
108.657
108.014
112.679
103.471
111.858
104.559
107.851
103.707
108.449
107.634
107.219
111.257
110.205
111.431
109.098
107.177
105.658
109.551
108.34
106.668
111.284
103.95
112.843
108.041
113.794
112.181
107.622
114.002
112.439
110.885
105.794
107.269
109.984
108.184
108.655
108.832
108.448
107.498
109.533
107.253
113.241
105.211
108.8
109.818
107.71
107.824
106.136
107.12
111.095
105.016
107.405
109.233
108.974
109.637
111.241
103.282
110.681
107.118
110.46
105.429
108.089
107.368
108.505
107.944
108.172
106.082
111.762
110.108
114.129
109.063
105.659
105.922
112.592
103.889
108.663
109.642
109.691
110.615
108.817
111.152
109.331
108.985
107.867
109.859
112.28
107.876
109.017
110.814
108.682
105.875
107.328
106.777
111.042
107.647
107.546
105.628
109.812
106.346
112.539
107.074
113.085
105.578
105.451
111.084
113.377
107.322
107.287
109.809
109.928
108.423
109.612
108.374
107.503
110.63
114.467
107.3
109.047
105.254
110.84
108.724
109.235
108.968
106.924
105.452
112.969
110.282
107.961
111.525
109.016
103
108.624
108.691
104.991
107.977
111.68
108.979
110.717
106.041
112.839
107.817
112.857
114.762
108.68
112.024
108.068
109.216
110.736
108.36
110.676
106.025
103.694
111.977
107.368
111.677
105.155
112.204
110.719
108.533
110.719
108.627
107.347
110.814
108.581
110.011
109.676
108.629
109.233
108.614
108.611
102.072
113.247
107.743
105.087
106.287
105.669
109.971
111.322
110.99
102.694
105.437
110.862
110.611
103.795
105.214
111.187
108.858
105.688
114.011
110.105
110.158
104.795
106.465
105.058
106.358
100.976
105.382
106.122
105.318
106.662
112.752
108.673
109.671
108.974
110.682
104.445
108.769
105.581
109.419
110.5
104.009
105.716
108.851
107.74
108.646
109.745
105.818
108.421
110.67
110.548
110.072
108.37
106.012
106.803
106.708
107.31
110.987
109.608
109.792
109.344
106.517
106.952
112.219
113.188
104.911
115.799
105.225
110.693
108.174
106.109
109.731
112.977
106.931
109.327
109.146
106.166
107.258
110.493
106.066
108.713
109.19
105.788
105.483
109.083
106.865
109.155
106.981
105.163
109.533
106.386
111.633
108.632
113.454
109.433
111.328
107.708
114.197
105.031
107.366
108.44
106.707
107.349
110.907
107.17
106.428
105.037
111.689
105.537
103.605
109.471
110.544
108.997
106.436
111.612
108.57
114.934
110.223
106.943
107.726
101.365
110.819
107.792
105.081
106.71
112.538
106.132
106.229
107.802
102.657
107.853
109.566
108.604
107.722
106.168
108.885
110.198
111.158
108.611
106.805
110.031
109.613
109.992
111.532
106.373
106.956
111.138
105.77
108.527
111.654
111.379
113.666
102.174
108.442
109.219
111.183
105.947
109.041
110.816
106.192
103.675
110.518
108.238
112.291
112.515
107.086
109.301
106.269
113.479
108.695
105.511
109.36
106.352
109.751
109.177
104.453
108.82
110.169
103.029
104.725
112.737
108.505
104.272
112.122
109.659
110.762
108.375
107.943
104.179
109.009
108.209
105.468
108.621
114.988
102.674
103.681
107.727
111.275
111.048
107.464
116.702
107.7
107.415
105.85
108.46
115.354
111.981
111.029
102.795
106.577
111.095
109.01
107.023
106.254
109.74
110.904
109.99
107.079
106.353
109.849
111.589
111.151
113.718
108.282
105.785
109.6
111.352
110.526
109.925
114.224
110.711
102.049
104.549
110.131
111.631
106.926
112.179
109.356
107.556
106.98
111.386
107.06
112.677
106.569
105.55
105.739
111.954
105.11
105.803
111.753
109.488
108.678
106.908
113.097
108.998
109.6
107.384
111.989
109.129
102.81
104.323
109.788
107.03
108.419
102.069
110.652
112.279
107.774
105.773
106.192
108.513
105.401
104.79
116.424
103.6
106.809
108.897
110.004
107.806
106.708
109.527
107.46
108.521
104.471
113.683
111.149
110.284
108.513
107.015
105.831
110.692
108.402
106.042
110.089
110.18
111.097
107.554
104.621
105.878
106.802
108.189
108.295
104.557
106.672
109.781
108.268
105.627
114.86
109.605
106.111
103.591
111.29
113.617
108.887
108.247
106.017
109.363
109.936
105.689
106.338
107.822
105.043
106.44
109.648
104.712
107.591
107.092
106.053
106.669
104.177
109.097
109.697
106.868
107.759
107.67
107.403
107.826
113.547
113.652
115.365
108.796
106.338
106.981
108.364
114.167
107.772
106.897
106.425
108.834
106.693
109.11
108.795
103.325
109.099
109.472
108.222
108.73
110.44
110.255
114.095
110.848
113.058
111.719
108.621
108.771
107.35
112.503
107.248
103.702
108.944
111.743
111.499
107.537
109.962
109.058
108.872
108.126
109.159
111.012
107.551
107.462
106.92
102.136
107.455
108.339
107.418
103.752
109.886
107.262
110.061
110.54
109.3
112.503
106.134
103.692
111.934
110.687
111.904
107.068
112.512
112.627
109.346
107.718
111.667
107.878
106.521
110.47
106.471
108.167
108.632
109.998
110.658
105.675
109.081
106.727
110.59
102.697
108.132
112.4
103.702
107.182
103.675
109.346
112.435
110.764
110.067
108.351
109.683
106.62
108.923
111.382
105.58
106.295
112.674
108.553
107.196
109.357
100.534
112.999
108.124
106.806
106.117
104.537
108.481
106.453
110.075
107.772
113.321
109.877
111.977
104.673
107.985
104.677
109.845
105.743
110.187
109.116
109.148
109.459
109.608
106.968
105.85
107.866
103.219
107.549
113.722
104.998
111.687
110.437
111.516
110.424
106.063
111.659
111.268
106.658
107.598
111.057
111.206
107.508
108.313
106.864
107.083
104.414
106.722
113.433
107.324
109.329
103.611
107.973
106.319
113.156
103.979
118.406
107.501
106.475
110.731
110.113
107.408
106.735
107.567
106.072
109.338
112.259
109.739
104.341
104.996
107.651
110.083
110.543
112.506
108.402
106.255
115.688
108.139
107.739
107.414
107.606
106.095
110.019
118.041
113.535
104.81
113.319
112.93
109.525
110.691
110.096
107.39
111.885
108.588
106.735
104.334
110.871
111.11
110.652
108.879
110.847
106.836
109.893
105.574
107.979
101.564
112.458
105.458
110.012
113.394
105.317
105.514
110.852
111.06
111.573
110.919
106.183
109.226
102.84
104.998
109.415
104.351
104.746
109.202
106.45
106.648
109.43
105.411
106.042
108.238
106.288
105.788
107.811
107.829
111.837
108.008
109.368
105.64
108.006
112.429
107.929
109.624
104.122
109.776
108.103
110.698
105.231
105.184
106.776
113.079
107.077
112.315
107.908
108.932
108.847
113.378
111.906
107.805
113.799
112.368
108.606
107.074
109.929
109.679
109.154
109.778
106.064
111.153
111.595
110.008
106.367
108.473
115.01
104.118
107.58
112.139
108.728
109.956
111.307
106.717
109.98
111.93
110.671
108.594
103.262
109.087
108.081
110.218
110.531
109.733
104.829
114.435
107.649
109.4
113.166
109.751
110.19
112.44
108.9
111.753
109.532
110.71
106.515
114.955
110.941
111.622
109.024
110.328
106.109
107.96
111.572
109.862
106.768
104.77
109.058
105.753
107.033
107.484
106.95
109.069
109.236
107.553
110.262
113.731
109.09
107.622
108.599
110.778
105.934
110.085
105.921
109.541
105.673
107.544
108.695
108.959
106.763
108.647
107.18
111.96
104.541
112.815
114.933
110.445
105.387
107.942
109.079
106.047
108.279
109.508
103.944
115.123
111.29
108.371
109.63
112.816
113.972
107.957
107.783
111.417
114.554
107.789
108.501
106.999
105.334
109.594
107.453
107.655
109.587
109.031
101.218
103.152
104.665
108.918
110.587
105.902
103.907
109.301
109.853
100.471
108.075
113.502
104.356
106.026
111.739
107.891
108.184
107.21
114.473
108.86
103.96
108.367
106.618
112.908
108.952
103.906
109.382
105.688
109.832
113.146
109.255
108.764
108.082
110.24
110.693
107.933
109.69
109.269
111.905
113.699
102.727
105.198
110.837
113.013
107.074
111.923
105.404
106.435
111.564
106.019
106.441
113.154
107.536
107.923
111.286
109.906
108.343
116.462
109.885
112.188
108.086
107.743
111.822
106.93
108.969
110.324
103.775
113.569
112.372
112.157
114.358
107.165
105.853
109.541
108.742
108.029
103.815
108.188
107.545
108.189
106.115
107.519
109.045
107.995
108.334
108.645
110.201
114.719
108.387
103.392
114.503
110.899
108.634
107.063
108.133
106.304
113.721
112.503
110.882
107.552
109.51
103.426
106.121
110.552
107.705
108.152
108.938
108.773
110.869
107.416
106.976
105.658
105.711
110.535
108.462
110.216
105.812
110.151
106.243
112.688
106.16
107.063
111.617
105.703
107.77
109.556
109.531
107.326
111.682
111.569
107.447
102.995
108.583
107.743
112.054
107.336
105.353
115.205
103.543
112.128
107.926
108.943
107.599
107.336
110.402
105.981
109.155
109.328
109.696
108.017
111.16
103.607
113.999
110.97
106.324
103.679
109.087
110.864
106.144
111.108
108.172
108.836
107.437
114.865
108.235
105.931
107.411
111.446
111.683
111.134
112.713
111.645
103.464
109.068
107.314
105.368
107.764
111.071
117.658
109.02
108.731
108.675
107.166
112.584
105.868
105.128
105.649
108.438
112.852
107.61
108.799
115.022
105.427
108.866
109.559
106.905
109.174
108.296
114.847
112.98
104.811
111.249
107.143
111.522
109.874
106.805
111.731
109.544
106.592
108.421
107.796
108.079
107.935
106.53
110.437
105.724
106.767
112.846
107.423
107.804
105.122
111.225
103.962
109.579
109.738
110.782
108.067
109.349
106.558
110.948
112.423
104.925
104.73
109.012
116.183
110.252
112.639
107.578
108.771
107.5
112.679
109.86
105.231
103.638
109.342
111.96
109.335
107.152
112.902
103.863
107.61
110.108
106.645
113.168
109.028
110.249
108.279
111.201
109.363
110.373
106.115
102.984
112.139
114.395
111.264
114.824
108.783
106.918
108.635
111.074
102.991
106.678
104.622
104.639
112.079
105.854
107.605
111.517
107.451
102.18
113.934
104.542
112.751
110.093
109.302
109.792
104.571
111.024
110.399
107.394
109.524
109.606
111.048
108.725
102.329
103.598
107.343
110.954
108.587
106.198
110.385
106.745
115.726
106.53
111.158
103.568
109.95
107.076
111.915
109.431
110.783
109.276
103.791
109.435
103.294
108.605
101.132
109.612
106.197
103.588
109.919
103.256
109.773
107.368
110.57
112.884
108.153
114.538
111.989
107.421
113.756
108.2
107.694
114.054
109.276
108.575
108.017
110.073
106.227
109.113
110.332
107.394
110.21
107.896
106.947
107.471
106.771
107.407
103.639
115.133
110.206
109.065
107.481
108.621
112.324
109.462
105.547
103.334
110.004
115.314
105.331
108.577
104.176
109.766
110.69
110.499
111.249
108.644
112.818
110.227
108.901
105.191
108.362
112.354
107.87
105.584
113.226
108.514
110.808
111.162
106.66
106.045
110.28
109.057
112.577
109.471
112.098
106.557
109.334
110.973
111.251
108.084
105.749
107.636
108.081
112.207
110.536
110.663
106.037
107.444
106.002
106.333
105.224
106.655
113.012
108.27
103.361
109.028
105.418
110.503
107.917
108.507
107.811
109.477
104.546
104.966
104.601
108.616
108.055
112.222
112.083
108.148
106.476
105.823
113.948
111.168
108.886
108.837
108.96
109.587
107.685
106.142
110.424
109.843
104.85
110.839
105.675
107.359
109.518
109.846
110.485
107.761
108.373
105.76
109.61
110.198
108.48
105.024
112.412
104.65
111.712
105.842
103.012
104.099
109.26
101.913
111.337
105.996
106.134
105.306
103.69
108.773
111.343
107.096
113.122
109.257
107.605
103.207
111.112
109.997
105.34
105.193
106.198
111.684
105.316
109.26
112.296
108.7
108.333
111.547
114.878
104.342
109.403
110.473
110.548
111.452
110.951
107.673
108.626
106.55
107.481
112.3
108.506
110.854
109.123
109.467
110.36
111.393
114.573
111.318
108.985
106.084
104.081
107.56
106.358
103.162
112.199
108.591
105.358
109.758
110.027
109.829
107.473
104.003
106.396
109.306
104.107
111.674
112.358
113.251
113.023
109.08
102.629
111.107
109.166
108.701
109.208
112.393
112.652
112.62
109.415
108.724
112.25
104.737
104.333
110.808
109.023
110.782
108.571
111.227
110.027
113.22
111.171
107.597
107.52
103.222
109.062
109.954
108.149
107.043
101.278
109.241
109.202
109.89
110.847
108.656
112.497
106.386
113.114
104.978
108.743
108.211
105.493
107.026
109.18
113.173
109.417
109.936
108.031
112.225
107.276
114.184
107.886
108.546
109.207
108.395
112.959
108.502
108.237
106.691
112.402
112.133
109.544
104.643
109.981
109.531
108.587
107.916
106.146
109.181
107.612
111.196
110.034
109.265
109.41
106.083
109.709
106.327
109.165
108.165
110.62
111.945
110.513
107.575
111.48
107.304
109.825
109.355
110.559
110.561
107.605
105.929
106.762
104.573
111.526
107.027
108.784
107.964
109.546
111.413
113.36
105.525
110.209
111.876
104.885
109.416
107.798
106.004
107.056
112.134
111.867
109.492
112.535
107.288
105.12
102.29
111.722
109.496
114.494
108.84
113.193
108.745
105.93
110.43
106.119
108.624
109.216
106.218
107.379
112.706
106.923
109.827
108.598
106.045
111.821
105.491
114.066
105.817
106.732
102.641
103.729
109.834
107.549
108.404
109.389
111.914
109.278
104.463
111.025
107.542
107.019
108.359
106.266
108.529
111.103
111.679
111.369
104.308
109.633
104.771
109.44
106.796
106.109
104.913
106.139
108.221
105.291
108.304
109.474
114.053
113.633
109.154
107.967
110.867
109.009
110.191
109.71
105.644
105.049
109.555
112.339
102.91
104.873
107.128
110.533
105.101
109.799
104.471
106.92
108.875
109.04
105.312
108.285
113.069
105.743
109.3
107.388
105.704
111.426
104.643
111.838
111.727
108.048
106.505
107.904
106.02
113.426
112.296
114.509
110.039
109.281
103.141
107.989
108.868
109.477
105.655
108.675
114.378
108.475
105.58
108.677
109.305
106.963
111.649
109.69
112.685
108.306
106.208
105.994
113.057
109.111
105.663
112.62
109.594
101.361
114.102
110.558
112.034
104.571
108.299
109.297
111.549
106.639
113.264
105.502
105.866
105.4
106.18
106.273
111.246
108.61
107.152
108.556
109.302
109.913
103.688
105.078
106.517
108.929
107.318
111.505
109.146
107.171
109.917
107.025
109.408
106.49
107.185
107.796
107.538
109.464
113.099
109.333
107.568
108.436
108.088
108.261
111.876
112.147
111.13
108.693
113.846
108.834
111.522
110.973
110.549
111.286
112.526
112.913
107.063
111.805
108.359
108.533
109.148
104.776
106.327
105.635
103.1
105.142
108.704
108.182
107.071
107.063
106.647
109.182
107.135
110.583
106.404
109.776
112.721
110.961
107.571
107.749
110.535
108.364
112.443
112.917
104.551
110.31
114.784
112.61
109.243
108.316
109.89
110.487
106.201
110.929
108.325
107.242
108.112
108.789
108.841
110.559
108.267
105.041
114.929
106.811
106.471
107.158
109.066
109.391
103.078
109.855
107.694
108.565
113.506
110.525
105.822
109.533
106.002
106.411
108.329
103.919
108.229
110.722
106.041
107.854
118.272
107.277
109.813
108.148
110.478
110.212
110.537
112.022
111.614
103.162
106.38
112.598
107.349
112.183
101.422
110.863
112.883
109.017
105.881
109.242
107.173
108.402
105.555
111.683
109.012
104.421
107.478
111.169
105.539
109.535
109.886
109.504
104.749
108.084
112.067
105.198
108.542
110.85
113.232
109.481
109.856
108.766
109.737
106.133
103.032
108.751
115.307
105.638
111.052
113.674
109.528
107.847
107.078
107.584
112.861
108.269
109.65
110.759
108.399
111.878
106.448
110.546
107.428
106.443
107.815
105.422
106.515
108.21
111.263
109.309
105.358
109.792
108.291
111.041
107.985
107.718
107.153
104.648
106.417
103.44
105.676
110.438
109.185
107.455
110.111
106.262
112.548
105.198
108.9
114.97
105.709
110.359
103.873
108.326
112.125
106.388
107.35
107.127
110.169
107.976
105.683
112.636
110.229
109.513
107.142
107.427
114.392
108.857
113.793
108.106
110.04
107.846
107.282
107.213
108.916
107.972
107.909
109.53
105.71
107.394
106.999
104.995
109.028
111.878
108.101
107.758
111.01
105.686
103.313
109.902
106.611
112.011
106.864
109.452
113.281
108.929
107.577
108.005
107.169
105.393
108.288
107.831
108.119
111.635
111.174
110.387
109.55
108.345
105.226
108.465
109.76
104.343
109.447
110.824
108.068
107.051
109.39
109.678
109.568
108.648
108.571
105.598
105.406
107.947
112.319
106.622
110.744
107.713
105.157
115.715
110.886
116.167
106.879
105
107.225
109.185
108.489
107.731
112.428
107.255
108.176
106.621
102.902
113.454
114.011
110.97
108.815
109.353
109.841
109.531
112.259
116.937
109.365
111.198
112.671
110.654
110.739
109.461
108.039
106.474
106.531
113.27
112.056
107.972
104.843
115.301
107.601
112.379
106.408
108.051
108.045
107.327
106.386
107.713
112.011
113.037
111.297
109.514
106.717
110.827
106.983
109.164
112.207
109.57
102.969
108.934
106.566
113.558
111.115
114.708
105.039
112.733
104.382
106.282
106.862
107.738
107.548
112.401
109.246
106.885
107.365
108.858
110.425
107.806
105.247
112.388
107.219
109.462
107.312
105.619
107.448
107.642
109.571
108.147
105.412
109.312
101.001
103.335
104.727
107.632
108.561
109.361
109.42
106.456
110.234
111.816
105.753
109.046
104.668
110.982
108.168
112.417
110.386
108.9
109.927
107.549
107.905
109.705
111.232
104.572
106.114
110.826
106.744
113.008
110.326
110.681
110.142
109.063
105.877
109.887
111.952
108.743
105.414
110.314
112.809
105.395
106.87
110.537
108.313
104.546
109.539
101.959
108.639
106.816
108.478
106.168
110.787
106.333
101.896
108.772
110.443
106.773
101.618
109.58
107.17
110.3
114.229
109.247
113.359
106.741
107.018
107.214
107.116
107.851
109.771
104.644
108.977
109.394
111.174
111.546
105.351
107.673
114.198
110.899
107.622
111.898
108.401
109.992
110.261
105.634
108.372
106.286
102.044
108.054
104.649
109.865
108.371
101.463
106.962
112.515
113.155
109.703
104.859
110.812
109.006
103.589
111.28
111.53
108.338
107.658
110.22
104.061
110.128
113.232
109.406
108.878
111.084
102.759
107.848
113.05
110.983
110.894
105.706
105.573
110.265
110.825
110.042
109.202
107.952
108.33
112.596
115.219
108.33
110.924
109.602
103.524
107.158
109.262
106.313
109.903
108.411
109.467
108.53
105.983
113.483
108.578
107.184
108.475
108.677
110.996
108.468
109.512
101.728
109.144
104.284
108.845
110.691
106.778
111.79
109.33
110.925
111.493
107.749
116.026
106.728
105.074
109.043
111.19
114.191
110.996
106.414
109.721
108.359
107.912
105.107
105.605
108.917
105.976
110.058
107.247
108.496
107.023
108.975
102.703
109.252
110.846
113.03
106.679
109.139
109.728
111.382
110.438
105.809
108.475
111.138
106.486
111.176
108.89
108.685
105.578
107.327
109.778
108.579
106.896
108.172
110.615
110.413
111.08
110.668
104.253
109.955
115.532
115.546
119.803
105.739
112.244
107.055
106.681
107.281
114.097
104.787
106.208
112.062
110.498
113.736
114.405
103.071
105.946
109.443
112.001
104.519
110.946
111.104
105.043
111.319
108.932
110.682
109.953
110.663
109.754
112.266
108.289
115.512
109.008
106.639
107.633
109.746
107.641
109.639
104.471
110.173
108.163
105.282
109.165
108.204
105.787
106.075
110.539
108.158
111.302
113.516
107.26
111.401
111.532
108.906
104.219
111.129
107.823
104.939
106.316
108.631
109.326
101.985
107.154
104.686
110.776
108.768
107.504
107.726
105.12
105.222
104.105
114.426
110.759
107.613
108.121
102.697
112.528
105.576
108.383
106.06
102.646
109.121
106.36
106.994
108.15
109.061
103.952
113.53
106.803
104.706
107.049
107.786
106.548
108.032
110.051
109.109
109.863
107.572
111.444
111.378
108.329
109.165
111.431
115.072
110.202
107.013
107.025
109.427
105.834
110.709
107.336
104.176
105.443
103.49
108.152
111.903
101.692
110.653
105.522
109.321
107.033
105.652
106.905
103.168
106.38
111.547
103.57
111.724
106.478
108.741
107.121
115.538
109.49
108.149
107.883
111.338
110.45
103.151
99.6426
107.325
106.481
106.29
108.507
102.917
105.999
106.904
104.772
111.5
104.635
109.139
108.413
108.072
111.978
111.79
103.536
107.604
111.801
107.271
104.735
111.872
108.796
109.007
111.758
110.318
114.871
111.091
109.707
108.94
108.624
106.868
107.37
107.322
114.247
108.735
111.16
111.047
107.925
109.029
111.444
105.071
106.936
110.574
108.867
116.549
112.132
109.171
105.488
106
109.161
110.758
114.405
109.198
111.648
108.763
104.816
109.739
108.148
108.068
110.14
107.155
103.888
106.159
110.881
114.602
111.403
107.842
105.178
108.015
109.017
106.464
111.962
107.852
107.828
105.334
111.866
111.381
108.794
114.436
107.645
108.085
105.213
104.58
103.661
109.087
106.14
107.989
108.679
106.846
111.043
110.404
107.388
110.19
108.096
112.253
107.823
113.336
109.046
108.487
107.573
108.619
108.466
109.219
106.763
105.976
110.498
108.695
104.574
107.453
106.476
109.124
108.377
116.578
108.234
108.824
107.181
105.748
110.14
106.876
110.071
108.393
103.925
109.074
107.98
112.55
108.347
110.429
116.524
108.606
109.37
107.071
112.954
110.757
108.252
107.822
109.527
113.859
106.929
111.056
111.621
110.721
105.526
105.452
107.678
112.451
107.71
109.115
110.375
103.759
104.106
109.022
109.232
106.817
109.731
106.368
111.909
111.816
109.78
113.126
102.898
109.326
111.392
110.604
106.516
110.656
109.663
106.799
107.76
109.332
106.646
108.825
110.236
107.284
110.332
112.982
109.217
113.012
111.935
107.107
108.031
110.001
107.946
107.661
107.261
109.855
112.035
105.587
109.084
112.074
113.705
110.134
112.002
103.635
102.211
107.548
110.045
107.91
107.675
105.125
109.863
108.074
110.445
108.153
111.985
108.535
109.163
110.613
106.56
105.951
107.734
111.83
111.031
110.041
105.245
113.682
107.609
105.08
112.937
109.548
109.294
106.052
109.678
107.586
105.596
112.177
106.316
109.386
106.449
107.303
105.862
110.401
109.778
108.87
106.062
104.028
108.237
104.058
107.482
105.197
105.15
107.915
109.04
108.623
107.395
107.486
110.755
110.339
111.579
104.348
108.549
111.686
110.153
111.785
104.881
106.79
108.516
105.137
105.394
108.317
110.108
109.755
109.226
105.347
110.199
107.808
105.498
108.568
106.076
110.264
110.767
106.689
105.001
108.955
105.824
104.584
109.65
111.267
107.689
104.54
109.456
103.284
112.849
113.97
107.762
111.926
106.265
111.679
108.153
106.715
110.189
106.102
107.27
114.163
111.04
110.685
109.23
107.816
105.822
105.4
107.372
108.912
111.737
106.202
109.719
109.797
107.629
105.244
110.965
108.987
105.054
103.117
112.19
106.26
111.507
110.524
109.283
107.354
115.056
107.317
107.713
107.184
109.17
109.652
111.146
115.819
108.301
105.076
111.867
111.03
112.849
111.849
110.055
109.819
110.051
107.862
109.068
109.985
109.509
108.973
104.866
110.176
100.289
111.171
105.221
109.462
103.472
111.09
106.753
108.107
108.288
108.658
109.286
110.426
107.146
108.817
112.394
107.37
106.082
109.155
104.523
109.952
109.746
109.733
108.165
109.275
112.365
112.572
111.634
110.854
106.395
108.205
109.34
105.788
110.698
113.034
107.527
111.667
108.002
109.263
111.823
107.845
108.979
110.01
107.084
109.762
108.64
109.107
109.768
104.644
112.358
102.72
103.905
111.287
107.281
109.059
107.09
106.787
107.151
108.645
108.663
106.063
109.991
112.094
110.694
113.533
106.777
111.308
106.78
110.167
110.301
109.084
116.569
114.862
108.259
108.63
110.732
103.527
107.985
107.683
110.247
110.582
108.487
107.288
116.814
110.801
107.161
112.958
108.729
109.86
109.231
105.732
105.27
98.7044
108.147
109.856
108.371
108.362
108.844
107.499
108.213
105.114
108.618
99.7749
106.585
109.352
106.95
107.282
111.802
103.869
108.204
105.151
111.498
106.816
110.479
107.962
109.502
110.386
107.681
111.701
104.675
109.086
110.369
108.663
107.188
104.942
109.356
114.011
109.194
105.204
108.483
105.703
114.45
107.876
104.022
108.314
105.511
107.242
104.652
104.176
107.874
110.949
110.295
104.022
111.804
108.914
108.376
109.458
110.268
103.472
112.807
104.726
112.016
108.311
109.099
108.165
108.903
110.728
110.734
103.676
103.728
107.878
108.137
102.404
109.697
109.103
107.445
109.065
113.571
109.054
105.728
107.111
115.192
109.73
110.198
110.026
104.952
108.461
111.777
108.78
112.218
109.565
111.761
108.965
108.319
114.567
106.09
108.876
113.233
109.446
110.058
110.972
112.637
106.049
110.201
109.679
113.477
108.071
103.479
106.403
104.711
108.239
108.024
106.604
111.04
104.503
108.578
110.561
110.466
107.295
105.663
110.479
104.296
113.787
110.937
112.566
106.675
106.064
113.486
99.3925
111.399
106.634
107.879
103.997
107.112
102.849
111.108
108.06
110.526
110.005
109.066
106.381
105.394
105.828
109.93
111.093
105.236
108.651
115.308
112.294
105.384
110.198
102.542
111.813
105.892
109.311
109.224
106.848
106.67
112.751
108.656
103.807
109.24
108.197
107.51
111.963
112.846
103.666
106.3
106.518
107.918
109.267
105.21
111.315
105.609
111.375
107.629
111.493
110.541
107.025
104.597
108.554
104.843
106.587
108.105
110.261
108.996
112.399
109.123
106.314
108.108
113.419
112.391
103.986
109.192
111.052
107.741
108.747
105.172
106.279
103.476
105.747
112.197
110.771
108.895
113.338
109.738
109.064
107.567
111.974
105.702
104.648
103.329
115.047
108.752
105.103
108.225
106.854
110.14
106.331
110.747
111.508
107.401
108.192
105.108
111.569
107.862
105.092
110.105
109.738
112.246
109.513
107.548
112.137
109.918
103.196
107.946
109.54
110.64
112.848
111.913
116.13
113.034
105.906
109.257
108.281
110.608
105.535
105.857
104.918
108.923
108.592
109.664
107.261
108.486
104.275
108.267
106.636
112.263
108.306
110.285
108.472
111.37
111.38
114.865
114.034
105.741
106.909
109.393
104.164
107.067
109.512
108.164
106.484
110.769
105.616
110.816
105.433
105.423
112.273
108.71
108.226
110.832
107.983
104.801
106.682
109.081
105.847
106.314
109.649
109.634
114.801
112.989
104.642
108.545
116.583
102.193
113.773
111.024
111.006
106.765
108.641
111.131
106.356
107.819
103.784
114.378
105.051
105.714
112.102
109.589
107.117
111.678
108.152
104.271
106.585
109.983
104.565
105.986
106.553
109.989
110.079
111.634
106.737
110.563
109.822
107.571
111.211
105.926
107.915
110.416
107.408
111.513
105.657
111.157
111.848
112.556
106.447
105.19
112.104
108.898
105.231
104.749
107.413
110.704
106.018
111.576
112.394
109.429
105.874
109.001
111.52
106.912
112.245
112.521
110.705
105.74
113.58
112.095
109.689
107.902
105.796
102.551
114.614
109.457
109.958
113.787
106.197
108.809
104.829
111.681
106.128
104.767
112.132
111.087
103.958
109.488
103.525
111.436
113.614
110.993
105.596
104.438
107.94
109.153
104.483
107.821
107.628
109.248
111.882
106.943
110.941
110.895
115.552
111.168
105.328
106.708
110.894
110.019
106.38
103.488
109.73
111.812
109.234
117.044
113.812
113.117
107.305
109.29
109.566
107.298
111.082
108.733
110.586
106.157
106.78
108.011
104.082
107.512
112.355
109.214
108.661
104.018
116.812
108.499
113.03
109.245
106.838
108.055
104.853
110.603
107.951
110.419
108.121
110.358
106
105.047
113.133
102.559
110.853
108.347
108.672
113.482
109.147
106.382
103.965
111.804
109.073
113.396
104.91
108.961
108.45
106.204
105.698
108.919
103.846
107.385
106.019
109.424
109.759
106.253
111.753
107.118
112.372
107.053
104.789
110.63
108.805
110.59
107.348
110.883
108.002
102.673
107.715
108.787
110.729
110.615
105.159
109.059
107.617
111.305
105.419
113.376
116.419
110.008
110.414
111.074
110.49
108.158
105.832
109.477
109.984
112.967
110.738
105.55
111.741
107.307
102.318
109.615
105.527
107.951
105.576
105.756
109.207
108.203
107.62
108.324
105.33
110.126
106.797
111.172
107.342
113.786
109.895
107.981
107.881
108.901
105.705
106.064
107.975
107.806
105.698
108.933
107.847
112.535
107.868
107.259
105.977
107.955
109.067
112.331
105.855
105.364
111.974
109.684
105.789
107.052
109.762
110.736
108.544
113.409
105.791
109.09
106.828
109.531
109.643
105.281
108.073
108.669
110.228
108.975
112.973
104.608
106.402
112.792
109.395
106.298
115.324
108.055
108.64
105.335
105.057
110.544
108.658
102.978
104.549
104.616
109.153
108.241
110.829
106.868
107.195
108.062
111.489
109.674
108.116
105.247
103.966
107.6
108.722
104.5
110.13
109.133
110.941
111.228
110.46
110.147
108.971
109.082
106.606
105.871
111.5
111.36
108.338
107.961
110.179
113.581
110.734
109.713
105.585
111.12
109.957
107.751
105.423
111.383
115.366
108.592
112.452
109.845
108.02
105.998
109.263
112.984
110.979
107.495
108.008
110.386
104.074
113.509
108.075
108.486
107.093
110.149
113.636
107.783
109.559
104.903
110.797
107.567
110.327
108.54
106.011
110.314
106.104
104.89
114.75
109.458
108.348
106.711
107.189
110.181
110.958
105.596
109.904
107.11
107.641
113.249
109.383
112.023
108.71
113.125
107.808
106.028
108.808
111.207
108.188
111.792
109.582
110.134
102.958
110.927
108.732
112.544
103.958
111.697
107.174
105.082
109.877
104.405
109.089
105.975
102.501
109.718
107.062
114.91
105.483
107.03
106.549
110.091
109.622
114.664
113.551
111.728
108.161
110.195
108.231
105.569
108.663
112.188
111.772
116.634
104.791
108.298
106.572
108.759
117.662
108.982
110.199
104.084
106.337
113.335
106.591
107.687
110.526
109.281
110.17
101.935
112.144
112.451
105.598
107.761
105.227
106.957
109.414
108.293
108.377
107.611
108.572
106.378
112.927
105.363
106.516
107.216
109.866
108.438
106.639
109.45
108.36
115.046
108.676
107.194
110.278
108.566
103.933
108.31
109.534
110.19
110.265
113.918
111.482
110.936
109.634
105.661
106.912
106.46
104.602
109.8
111.94
108.427
107.407
107.859
104.279
108.256
110.25
104.738
109.844
104.879
111.102
101.536
106.081
107.134
112.262
108.947
107.092
110.643
108.812
104.987
111.167
112.562
109.902
112.316
108.184
109.384
110.212
110.705
109.479
109.08
110.712
107.901
109.491
111.976
110.672
109.036
106.821
103.92
110.549
109.677
111.367
106.268
112.014
105.918
111.679
110.172
110.197
111.615
104.777
112.115
109.456
106.243
109.083
108.259
101.811
107.92
110.29
106.704
108.744
111.006
103.697
107.332
106.174
109.061
105.106
106.014
108.508
107.034
107.368
103.539
104.818
104.854
107.949
106.973
105.93
107.479
104.221
113.497
108.734
114.836
108.273
105.989
108.52
112.254
105.751
106.967
111.255
109.395
107.783
107.365
107.537
108.881
106.697
103.79
105.714
109.837
108.189
108.048
104.263
111.421
109.78
106.108
106.307
106.804
108.681
110.388
106.196
110.087
111.115
107.941
105.879
111.323
111.716
104.562
106.19
111.204
106.942
110.105
107.743
105.094
109.065
103.21
104.716
109.772
108.595
111.444
113.316
112.051
109.462
109.698
102.026
113.412
103.777
106.24
110.986
110.38
106.148
108.594
107.875
107.37
109.522
104.861
108.889
107.66
108.947
105.764
108.203
108.328
107.271
109.565
110.259
108.597
111.821
107.088
103.253
108.717
109.334
111.396
107.774
116.981
110.059
106.717
105.226
108.124
108.561
103.832
112.165
108.638
106.331
109.382
108.23
112.705
112.157
109.845
104.164
110.056
107.68
108.859
110.025
113.08
106.277
107.621
107.444
112.931
113.199
107.495
106.838
110.534
110.196
113.89
104.913
107.099
108.142
108.79
107.355
110.545
101.254
111.858
106.606
114.588
105.161
112.228
108.523
109.536
107.693
108.224
105.684
111.922
104.225
106.475
108.459
108.391
110.156
107.98
106.045
110.491
112.877
106.308
109.526
105.777
108.606
106.968
106.622
106.748
106.133
113.671
109.241
110.379
108.297
107.75
105.388
108.404
108.375
109.328
110.794
109.579
110.671
114.217
110.275
111.39
107.546
111.848
104.063
115.192
108.521
107.038
110.848
110.216
107.052
106.188
106.908
108.655
104.992
112.852
109.147
107.027
112.249
111.768
112.705
107.33
109.189
109.37
107.541
110.815
107.719
110.506
113.989
111.081
105.316
113.619
105.486
105.899
107.903
105.555
108.559
106.248
109.489
112.611
111.7
106.058
109.67
107.964
112.102
110.448
111.141
113.253
106.067
112.458
110.561
112.438
105.478
106.842
114.367
110.075
108.279
105.219
109.166
111.28
109.358
111.973
111.016
105.876
109.909
110.881
111.474
111.127
110.714
105.064
111.771
107.94
110.849
111.052
108.697
111.77
103.788
108.665
103.99
105.243
110.966
108.635
112.84
105.491
111.174
108.043
107.479
106.102
110.972
110.558
108.398
111.95
113.991
109.605
107.558
110.504
111.09
106.055
106.888
108.942
106.651
102.37
112.513
109.808
110.382
108.732
109.622
101.153
105.46
112.29
106.127
110.652
110.126
109.05
104.508
112.048
104.711
107.06
113.457
113.582
107.228
107.293
110.324
108.46
103.395
108.905
108.695
109.337
114.705
109.26
110.684
109.607
110.081
101.398
109.848
103.269
110.651
107.949
109.989
110.268
108.09
103.548
107.465
110.409
113.667
111.36
113.471
109.018
109.42
104.141
109.674
112.611
105.475
104.631
112.667
111.785
106.059
106.731
108.982
112.712
112.508
108.668
107.168
111.061
107.431
110.666
108.365
106.903
107.674
108.464
110.665
109.043
104.683
105.332
102.989
109.845
106.585
105.653
109.22
112.793
108.511
104.966
109.876
108.137
109.546
112.643
103.838
110.513
105.151
107.482
106.787
109.427
108.054
109.576
107.297
109.659
110.269
111.677
112.373
112.695
107.362
108.557
104.639
105.516
112.202
109.959
111.409
109.202
105.467
111.245
110.208
105.337
108.134
110.324
109.156
108.741
109.486
109.511
108.232
106.115
103.226
109.532
110.46
110.745
116.459
112.965
108.29
109.018
105.778
105.083
110.669
111.304
106.995
111.842
107.657
113.695
107.549
112.069
108.923
112.436
109.36
108.298
107.507
105.57
107.202
115.084
113.256
106.444
112.121
110.612
111.547
109.24
110.444
105.216
107.953
108.961
108.183
108.866
106.8
107.534
105.396
112.674
107.521
113.153
108.784
108.96
108.534
105.275
109.136
109.732
105.441
109.237
108.93
108.409
104.661
108.028
106.423
113.082
109.999
102.738
107.291
107.418
112.048
106.426
112.712
108.008
110.213
107.98
109.522
110.257
112.835
102.126
115.881
108.344
109.299
112.333
111.418
106.511
108.618
109.561
112.586
106.534
106.834
108.603
108.439
109.156
105.071
109.142
109.415
109.34
107.291
105.987
105.854
106.674
107.077
112.101
111.31
113.378
105.978
103.575
108.965
107.125
113.336
105.104
105.796
105.357
105.124
108.715
112.299
108.317
106.299
104.915
105.174
109.96
108.135
109.488
107.924
111.385
111.016
102.993
112.055
104.053
104.945
109.436
106.637
111.728
108.193
109.799
105.453
108.378
111.332
108.64
103.531
105.579
106.097
107.307
110.955
113.168
110.912
108.211
109.087
108.807
109.772
108.827
107.284
108.98
107.741
100.83
106.824
103.491
109.218
105.825
105.477
106.035
105.917
110.87
106.793
106.659
110.589
108.407
110.848
108.505
101.506
109.65
109.101
106.624
108.627
107.336
107.61
106.554
110.242
114.652
103.122
109.258
110.227
106.017
108.38
111.929
108.809
109.369
110.439
109.962
107.229
114.005
104.858
108.342
108.854
107.577
108.955
110.79
111.024
107.832
107.12
112.518
108.074
107.844
108.866
107.861
111.079
107.089
104.053
103.707
108.002
113.636
114.195
106.859
105.963
108.77
105.648
109.28
110.907
105.827
105.989
108.985
108.309
106.367
109.635
110.403
109.396
106.509
106.324
110.692
115.997
110.79
106.802
110.863
108.253
102.431
105.87
109.942
108.157
108.322
105.684
111.321
113.207
107.996
110.486
106.461
107.816
104.092
109.414
112.284
111.631
114.233
110.305
107.991
106.863
108.883
106.608
108.155
112.217
110.578
105.387
104.422
109.505
108.779
105.842
107.161
111.51
109.703
106.741
108.474
108.306
104.103
106.784
112.529
105.702
107.981
112.204
113.251
106.088
108.581
112.158
107.903
112.863
108.913
108.596
110.872
106.704
107.639
106.404
108.176
110.437
100.74
108.645
105.687
106.933
107.062
110.89
