95.8254
96.0343
99.3159
97.6861
96.1663
97.2333
97.6167
99.2355
99.4272
97.7221
96.5185
100.49
100.163
97.6551
95.9573
96.8278
96.9404
98.1113
98.1763
97.5598
96.5078
99.4459
98.3317
97.8859
97.4365
97.7576
95.3382
96.6311
97.0258
96.092
95.5713
98.2159
97.6698
98.2273
98.2541
97.3768
100.786
98.5413
98.7544
98.6025
96.0148
100.155
97.2949
98.0144
97.7247
96.0242
96.4729
97.7485
96.795
97.7496
95.7934
98.4023
96.5874
95.6621
100.813
98.2921
98.9141
100.756
97.9569
98.696
97.1595
98.7304
98.4191
96.5312
96.3611
97.4598
97.643
98.5664
96.9272
98.4508
98.1614
94.3772
98.8182
96.7984
98.1445
95.2924
97.0297
100.446
97.1251
97.399
96.3464
100.317
98.9917
94.4726
96.6663
100.246
98.2836
95.5846
96.2715
97.8736
99.8625
99.0436
99.2761
96.3979
100.138
100.158
95.8211
96.4118
96.4268
95.0351
98.0637
98.7563
99.0336
97.7552
94.0069
95.5544
100.123
98.8719
99.152
96.8096
99.696
98.0611
97.1849
99.2788
98.2908
96.0874
98.4667
97.9812
96.8481
99.277
96.6656
102.504
99.0784
98.5039
98.0862
96.8872
96.6938
97.1027
98.6967
99.7169
98.3642
96.8977
100.237
97.35
98.0782
97.1119
97.7188
97.6422
98.7635
97.841
95.8626
96.0246
95.6811
100.526
96.3961
94.8198
97.9991
96.1865
97.4034
96.9224
98.1522
96.9522
96.4045
98.8247
97.4318
99.9159
98.7814
97.973
98.7553
98.3138
100.94
96.7012
95.0643
98.9859
95.1728
97.3322
98.4992
100.172
96.6301
98.5097
97.6492
97.9441
94.6832
102.906
97.812
98.3078
96.7738
94.3296
97.8464
98.6016
98.586
95.7248
98.0859
96.8324
98.3777
96.4142
95.1298
96.1965
97.3504
99.5376
95.8786
101.188
97.4802
100.301
98.9827
98.0643
95.4555
96.2824
98.8886
99.7686
98.7087
97.9996
97.137
97.1217
97.3539
97.5169
96.6741
98.4607
98.1074
96.4701
98.6737
98.3208
98.8238
98.0768
100.364
98.0684
99.1305
96.5177
96.8811
95.766
96.3964
97.4563
96.3873
99.1203
97.2816
96.988
99.5429
96.8998
101.133
99.17
97.3708
98.2965
97.9219
98.4355
98.7023
99.434
99.6413
97.9302
97.6477
100.211
99.812
97.5574
97.8215
98.6507
97.3166
96.4275
93.4111
99.545
100.294
99.7718
98.797
98.7705
97.9311
97.1674
97.8014
98.9038
96.0018
96.7044
99.4644
95.9283
97.0407
99.3288
96.1895
98.3719
96.178
98.5157
98.8564
99.3164
98.8213
99.5506
96.4584
98.7927
98.1662
98.779
98.9485
95.5549
99.7033
101.528
99.4591
95.5525
96.9586
98.8338
96.2239
96.9653
97.0059
97.7327
99.0116
96.4987
97.0839
96.4364
95.4531
100.715
94.8705
97.7109
100.308
96.9963
95.6788
96.8405
99.4266
96.5139
97.3484
95.9441
99.2153
95.2306
97.3093
96.9694
100.032
96.1794
94.5718
98.2163
95.7324
101.972
100.212
98.9097
96.566
97.4826
99.3464
95.7607
97.6205
98.534
97.2947
98.6677
96.6607
97.3581
99.3564
97.902
97.9125
96.3147
97.8482
96.4722
100.672
98.2157
96.8538
97.746
96.7626
102.922
97.1134
94.3491
97.3721
95.9995
99.1897
99.9489
98.4044
98.3525
96.0021
98.7083
97.5983
96.9762
99.1284
97.8058
100.191
96.8134
101.096
97.9367
95.7279
99.3829
98.9718
96.9283
96.7837
97.5305
100.501
97.8025
98.8451
101.031
97.5074
100.107
98.038
98.333
95.6113
96.5539
98.2959
98.2468
98.5257
99.6847
101.386
96.4634
95.4359
98.3477
95.622
101.14
98.5917
98.8759
96.0213
97.3961
96.8529
101.141
96.3238
97.7919
98.3706
98.1599
97.7417
98.2018
95.3716
96.1635
98.1129
96.5081
99.2126
97.3125
98.0423
97.1433
97.9098
97.925
96.9888
99.3987
95.3007
99.7215
94.8159
98.9599
97.7262
97.7009
98.6128
97.0434
98.106
99.9964
96.8051
97.0684
99.0705
97.9069
97.2272
95.1047
98.3133
97.6176
97.3774
98.7285
97.8859
97.69
97.0653
96.2781
97.4723
97.9851
97.7085
97.9389
98.8544
94.7456
96.484
99.0294
99.8363
100.078
95.7173
99.4421
98.4159
101.038
98.4624
95.3145
97.0744
97.5635
97.4675
95.5821
99.6823
96.997
98.8261
100.602
98.7312
98.2186
96.3121
97.0329
94.957
99.0634
98.7535
97.8554
96.4183
96.3321
96.6493
94.3585
98.702
97.7347
96.1463
97.1719
97.6631
101.831
96.8109
96.0213
98.858
97.483
100.532
101.39
97.9541
99.4651
100.362
96.0321
96.773
99.9489
99.4842
99.8565
100.414
98.262
98.4906
96.6337
96.3767
95.5344
97.7536
97.8738
98.4164
95.5577
97.1084
98.0149
97.6731
97.2275
94.6534
100.605
97.0556
96.7243
97.754
96.2417
98.7371
98.497
94.6995
98.2379
97.477
94.3053
98.8674
96.9979
96.8655
99.2032
98.1997
95.1536
96.3062
98.9517
99.3742
98.8506
98.3797
98.2677
98.7371
96.7775
98.1529
93.8409
97.2432
98.2513
99.0085
97.4903
96.6547
98.6086
98.0918
99.4067
96.2395
101.073
96.8296
96.4505
97.7905
95.8537
95.3774
98.2773
97.7798
98.2046
99.4421
98.2213
94.3928
99.4326
98.2981
99.9433
98.837
98.8218
96.9229
98.0616
98.7103
97.85
98.3739
97.6331
99.04
97.7637
98.6754
98.8292
95.9907
96.0795
98.7573
94.7822
97.6407
98.0006
99.3528
98.0415
99.7263
95.17
100.416
96.1739
98.7268
94.7919
98.185
98.8313
99.2937
97.8324
99.421
97.5373
98.4767
98.7341
96.5435
98.9421
97.7022
98.827
97.437
100.125
98.2971
97.2641
96.8736
95.9286
99.0567
97.9532
97.6118
95.7235
97.2719
96.8646
95.6509
98.6861
98.2932
99.1049
97.532
98.0996
99.012
98.7951
96.8503
97.0712
99.0027
95.5816
97.7231
96.9134
98.0178
94.8148
99.7731
95.5181
97.1256
97.717
98.2064
95.9026
99.3978
96.5012
99.8534
95.5103
99.5881
94.3219
96.2719
97.339
100.605
97.6631
98.9392
98.0392
97.8142
98.4125
97.7176
98.9786
96.3584
98.1295
100.284
97.8073
97.7356
96.9904
96.8449
97.6097
97.9245
97.5811
96.1332
96.7143
96.9544
98.1799
98.3683
96.6003
99.5956
97.2686
99.1143
97.5408
98.875
97.9644
95.5582
98.9468
99.2177
97.9376
95.5733
95.6924
98.87
96.4647
95.72
96.252
99.4429
97.2251
96.1508
97.1377
98.3342
99.3909
98.3698
98.0772
99.1669
100.154
97.8471
96.3774
97.2851
100.185
100.655
99.4676
94.2472
97.3012
98.7228
98.7407
97.2349
96.6123
98.3087
98.6134
96.4587
99.2701
96.6434
98.1868
96.9159
97.9017
97.4687
99.7607
95.9995
94.3377
97.3936
94.3066
97.1712
99.1093
96.659
97.1086
101.225
94.6598
98.8253
97.1834
99.9222
100.093
96.3334
94.7777
98.8682
98.9245
98.8305
96.2926
98.1782
98.3464
96.8108
96.7168
96.9352
96.1231
97.042
97.6906
95.8093
97.7321
98.7825
99.4828
95.9022
99.1507
99.4314
99.5881
96.9354
98.9278
97.4376
96.3426
98.1888
96.8175
99.4073
100.638
98.2045
97.7095
100.669
97.7563
98.922
98.4933
98.4891
97.7048
97.2064
99.2675
96.8076
97.9639
97.7268
97.6418
97.3206
98.6939
96.6134
100.504
97.3146
99.5686
97.2803
97.1574
95.1972
98.2451
96.0063
100.39
101.004
100.127
97.7877
100.249
97.1162
99.4081
94.1867
97.4125
97.5189
98.8384
99.1424
96.4912
97.8649
100.654
97.4568
99.5967
96.265
96.4902
97.4139
99.1158
98.2889
98.4908
98.172
97.6419
93.6405
96.9268
97.6357
98.6367
100.802
98.3552
96.109
99.0897
100.302
97.6474
98.8447
98.0173
100.266
96.7589
96.8273
96.4535
96.1902
96.2846
99.2034
97.2547
98.6238
99.4882
100.414
98.9849
98.031
98.1851
97.8106
94.24
96.7112
97.2295
96.6539
100.089
96.863
96.133
95.1644
96.5591
95.6806
100.895
97.3262
96.6194
98.51
98.1226
95.7018
99.26
97.4422
98.3167
99.4558
95.9198
97.4878
96.6039
97.4013
97.3921
100.763
98.7855
99.973
97.7128
98.8756
96.5908
97.8672
97.3205
98.4587
96.7319
96.1501
98.4153
96.2518
97.8133
97.79
97.848
98.4497
97.4422
97.5604
97.4778
97.4889
99.5489
101.382
97.2653
98.043
97.7301
97.9867
97.2905
99.315
99.4427
98.1049
98.6705
95.6927
98.5612
98.2934
100.001
97.5083
97.2604
98.3958
96.1531
97.3991
98.1001
95.4565
97.2816
98.1769
97.9499
94.6182
95.9035
96.5344
96.4223
98.6793
99.392
99.4062
98.3036
98.2394
99.8041
98.0803
98.2692
99.7698
96.9508
97.7452
101.956
95.6148
97.9929
98.4023
98.0413
96.0476
95.9515
96.9447
99.4467
100.971
100.87
96.17
98.5183
99.3998
100.55
98.1514
98.5751
95.4997
99.0121
99.0616
96.2407
101.624
98.9952
97.8189
98.1052
98.6598
98.3841
98.0298
97.7265
96.9157
100.053
98.1736
98.1595
98.5515
98.736
99.4721
96.3277
98.6754
96.3875
100.84
98.5719
98.871
96.9904
97.8763
97.5957
99.3891
98.3896
100.344
97.6235
96.8494
95.2329
97.1833
96.5423
96.8918
99.6142
98.1915
97.8466
96.8155
96.7159
97.8575
99.1393
99.1734
97.9341
96.6509
96.3479
98.2729
97.7476
99.4781
98.9296
97.9626
98.1875
99.3201
97.1958
95.8761
99.4762
95.7748
98.7491
97.003
97.0676
97.3942
97.7678
99.481
97.6284
99.01
98.8222
98.1952
98.6243
96.3544
96.2559
96.8498
96.6244
94.4753
95.2411
96.3046
98.2842
97.8314
98.9469
97.8981
96.4903
94.4966
94.6308
96.7565
96.3197
98.1116
96.105
96.8546
95.8702
98.3886
99.826
99.6287
98.5372
96.7348
96.7039
98.9143
101.47
100.102
94.8778
98.0655
96.8094
99.3491
97.9359
100.338
94.9438
97.8775
100.6
97.3191
98.9738
95.5825
97.4757
95.8219
96.0126
98.5763
97.1656
97.78
96.4352
97.8208
96.7335
99.8737
98.2618
98.8663
100.323
97.9466
95.5345
97.2425
100.973
98.0007
96.0763
96.5342
97.696
97.6335
97.9115
99.5584
96.3063
97.5907
96.9915
98.7016
98.2468
97.737
97.946
99.9129
99.1092
96.659
97.6105
95.7179
97.2671
96.9148
96.4019
97.0431
98.0528
99.1304
97.9645
98.5454
100.163
100.044
96.9111
96.8282
94.1937
99.4162
99.5202
93.8809
97.5234
99.0269
100.244
96.8035
93.8334
97.7063
96.6565
96.284
100.145
98.2266
95.0821
100.074
98.0203
97.8275
96.9537
97.0502
99.0979
98.8517
100.17
100.001
97.3633
96.5914
96.1425
98.7682
98.5876
97.9712
96.7367
99.351
96.4641
97.8591
97.8696
97.6855
99.5039
96.8607
98.6736
101.222
96.6031
96.3639
97.5418
97.6374
98.1537
95.3095
96.684
96.9775
97.0683
95.0418
97.1131
95.5723
97.857
98.4486
98.9526
97.1441
98.8625
97.445
99.2747
96.8574
96.6015
98.3887
97.2381
99.9234
97.484
98.0027
99.7693
98.716
97.5327
96.6869
96.7461
98.5543
99.0457
97.8733
99.1665
99.3823
98.2068
97.3554
99.3741
100.157
100.262
97.4728
98.4951
97.3561
97.2808
97.3353
99.5955
97.9365
97.6619
96.4625
97.0301
97.033
96.4629
95.5637
98.6811
101.944
99.5281
97.1769
96.814
97.6709
100.062
97.6306
97.3987
96.6793
95.0522
95.1566
100.72
99.0972
96.0631
95.0469
95.0296
97.6942
96.7987
101.482
97.6941
97.8937
97.1384
97.1908
97.0125
96.9461
94.938
95.1389
96.5908
98.1856
97.8056
99.7036
98.2486
96.223
101.608
98.0666
98.1318
97.1695
96.9476
97.7748
98.5747
95.0478
100.138
98.9933
98.011
97.5256
95.7879
97.0106
96.9586
99.8726
96.456
98.7262
96.2426
97.984
97.9303
98.6851
96.6237
97.4949
96.8568
98.7745
97.8765
96.8855
96.3582
98.3431
97.5833
97.5214
98.8711
98.3755
97.303
96.017
96.4181
99.3558
98.3515
96.5047
97.0736
96.3732
98.7607
98.9869
100.41
95.3417
97.4597
97.9142
96.6228
100.695
98.3516
97.1389
96.2016
100.325
98.9287
96.931
97.7038
99.1762
98.4006
97.4814
96.8115
96.1263
97.135
98.0506
99.3027
97.0834
98.6345
100.195
95.7266
99.9393
98.2267
99.0855
96.5203
98.3456
95.8846
97.7125
96.2002
96.6469
98.779
95.5725
99.4198
99.1373
100.047
97.0173
96.269
96.1998
97.405
94.27
97.5492
99.2026
95.3873
96.407
96.1231
98.1831
96.9081
97.5085
97.7507
101.547
97.6231
98.0433
97.237
96.945
97.4594
99.5954
98.8261
98.0777
100.167
97.5855
96.8022
97.2565
96.4841
97.6071
99.6031
98.1513
96.8774
98.5329
96.8726
97.3616
97.336
97.2989
98.2606
99.3727
98.7448
101.136
96.4897
98.7941
98.1328
99.7083
97.5031
98.215
99.3371
97.3238
98.2858
97.9144
98.975
99.1235
98.0787
93.5946
96.6509
99.741
97.4928
97.0525
95.6055
98.5685
97.7584
96.9102
96.2124
97.6977
97.9014
98.6618
98.0029
98.7414
100.098
97.7116
98.6824
98.0264
95.1533
98.4202
98.1414
98.0088
97.597
97.0459
96.3828
97.9856
99.2762
100.581
97.9964
98.7095
99.8698
98.784
97.0765
94.9731
95.8119
97.7855
97.2815
95.7555
95.3929
100.44
96.7517
99.5676
97.4799
95.7848
100.11
96.9643
95.2811
96.351
97.5461
98.0624
97.9892
97.413
100.651
97.5881
95.1427
98.2836
99.5273
93.9157
98.2026
99.1189
95.7416
97.2675
98.3912
97.4469
97.4403
98.2605
94.4956
99.8413
99.5925
95.3306
96.4378
101.452
95.5835
99.9363
96.427
98.0251
97.8277
98.8234
97.1019
100.549
96.5609
99.1067
98.9099
97.7536
93.9937
99.0435
97.1334
97.2496
98.8204
99.6741
95.4349
97.6138
99.0677
97.8076
97.5012
98.0627
96.8193
98.9577
99.4602
96.5694
97.4911
95.2338
99.7486
97.9521
95.8845
97.3832
96.3381
98.5695
96.2056
93.0185
97.6976
96.9631
98.3259
96.1253
99.8125
101.457
98.7433
98.5534
100.926
98.8833
97.7885
96.3214
100.524
96.1204
97.3826
97.3203
98.9903
98.0987
101.03
96.9386
99.6932
99.5294
101.091
95.6675
99.742
95.5383
98.5705
97.9672
96.2202
97.0362
96.2673
97.0114
98.5096
99.7793
95.3585
97.0386
96.7457
96.6168
99.9389
98.0667
95.8233
96.0088
98.4369
98.5426
98.1601
98.4891
99.2744
95.7758
96.8528
100.153
94.3754
94.9849
98.268
97.9763
100.256
98.4063
97.5518
96.5479
99.2759
98.6901
96.9873
97.8601
98.0428
98.5962
95.6294
98.2373
99.5264
97.2066
100.681
95.707
98.2131
99.9764
96.3035
98.6343
99.1311
95.0727
99.8321
98.1503
99.7775
97.7542
97.2546
97.226
100.385
97.098
96.6542
97.4594
95.7709
99.7687
99.4879
96.2751
98.2335
96.5247
97.0729
98.3339
101.121
96.7082
98.361
98.7783
97.7236
98.0384
97.1374
98.8625
98.52
99.9702
97.4742
96.5689
98.6644
97.4144
98.4167
96.2113
100.307
97.9196
100.301
97.096
101.083
95.3739
97.2611
97.1515
96.5093
97.2238
98.2961
98.0713
99.0355
97.5803
102.295
98.1928
98.921
98.0546
96.5806
95.0757
98.1433
97.4377
96.7258
98.435
96.6357
96.4569
97.4793
96.8765
95.3676
95.9526
99.0506
97.4822
97.4908
93.7645
98.45
96.4121
96.5483
95.0757
99.3322
98.6022
97.0078
96.9725
96.9256
97.4554
95.1675
97.7927
98.7818
97.8546
98.0957
98.8439
99.0912
97.8299
95.6797
99.1448
101.392
99.7622
98.6396
98.785
97.511
97.3541
99.3865
95.5912
98.0062
95.4221
97.223
99.4935
99.3449
96.8602
97.834
99.0783
97.4795
96.7441
96.4359
97.5414
96.5296
97.209
97.405
94.2537
99.3049
97.2563
98.891
96.8862
98.9336
97.8607
99.1517
100.63
99.7909
96.3279
97.1539
100.833
95.1823
95.505
97.3279
94.0846
95.9767
97.4392
97.4853
97.5899
98.8222
95.6996
97.5452
98.6191
98.204
95.0391
99.8312
95.3963
95.778
97.6439
99.8799
98.2466
95.8913
98.4126
98.4091
98.1392
99.0184
98.5005
96.9702
97.1136
98.1345
99.6549
95.9627
96.7198
101.138
98.1092
101.394
96.4701
96.5312
97.8318
95.2281
95.5619
97.7717
97.9317
95.6502
99.8115
98.9838
97.2197
97.5529
98.6537
95.3565
95.8654
100.151
94.4612
99.715
98.1218
97.9374
96.8432
98.9247
97.5942
98.2796
97.3239
98.2249
94.754
98.3994
97.0646
95.6447
97.5592
95.5285
98.2689
98.7488
99.0297
94.3725
100.806
97.7483
96.8026
96.5739
98.6503
99.3963
96.6042
98.5965
97.0304
99.3605
98.9967
97.6898
98.3302
96.2694
99.8562
98.1596
97.9351
98.6519
96.5872
95.8004
98.6667
98.983
98.2544
99.1974
99.6713
98.3104
98.9182
100.095
99.4409
101.097
95.0183
96.3092
101.408
97.1202
101.831
96.9469
97.0928
98.3258
98.1331
98.1292
93.4082
98.9525
98.6474
98.8888
99.2918
98.83
99.2325
99.4399
97.1014
95.9162
97.0963
98.1275
98.1097
97.7184
99.5134
98.7114
99.3442
95.2347
93.2874
97.5678
96.0589
98.8004
97.4923
100.375
96.88
97.5807
98.0136
97.6819
98.2163
95.9617
96.9185
97.3499
95.347
100.648
98.7857
99.6239
97.4367
97.7909
100.414
98.8301
97.8534
99.5438
98.325
96.5116
97.7469
97.7209
96.5482
96.2323
96.2717
97.2988
97.2035
98.3052
95.8634
99.241
97.9078
98.7901
98.5803
97.0658
101.708
95.9315
97.2094
96.3995
97.317
100.405
97.8379
95.9256
93.7359
95.7586
98.3827
100.85
98.7463
99.0433
96.6539
95.9521
96.653
99.8582
97.5545
95.5852
98.3382
99.8283
96.8307
97.1563
99.2903
96.204
97.5963
98.5802
96.6246
96.5296
96.3749
97.4463
96.728
98.2151
98.4107
97.0148
99.4491
97.6961
97.2409
97.9749
97.4204
96.0062
97.2991
96.9815
95.761
100.13
97.6098
99.0309
98.8132
99.2195
100.247
95.2376
97.8744
98.4502
97.9061
96.1706
99.6796
96.8019
95.1435
97.8764
98.4429
100.07
95.8276
101.476
96.0044
96.638
96.4919
99.8007
96.7972
96.524
98.8083
95.4238
97.0392
97.1056
99.0354
97.6412
98.8971
99.024
98.5785
99.2609
99.6003
95.63
95.5597
97.1883
98.3548
94.9393
98.5627
100.037
97.9545
96.1525
98.4129
100.533
99.0906
96.6212
98.2827
99.0715
97.3699
99.8601
98.2338
100.015
94.6662
99.6381
101.315
97.6958
97.2267
97.4652
98.1474
102.265
97.9993
97.5904
101.293
100.025
96.3982
98.8443
97.3224
96.2869
97.0197
101.021
97.8961
97.4542
97.2397
98.0473
99.3056
95.7463
98.2229
99.037
97.8921
96.9737
96.3175
98.0873
97.9287
97.9045
98.7088
96.0867
98.2164
95.9046
97.7897
99.0022
99.2585
96.9624
97.8846
98.549
96.1571
98.8815
98.699
98.9244
97.4526
100.418
98.0723
97.177
97.5273
98.2654
96.3797
96.0215
97.9378
96.6394
93.8353
96.6106
101.656
96.2234
98.5614
96.1813
97.5912
93.9833
97.6285
96.5425
96.5207
99.4165
97.7182
95.1831
95.1317
95.737
97.01
95.0182
99.6327
99.8333
100.913
97.4294
97.6382
102.101
98.2781
95.976
98.9964
95.0726
99.192
98.2561
99.1827
98.936
100.569
97.8271
97.1256
97.5388
96.9415
97.9596
96.9303
97.637
98.1645
95.0552
96.4539
97.1514
97.6314
99.5449
99.2128
97.0886
99.3599
96.1126
97.0439
98.1703
95.5737
94.5924
98.9222
94.6511
96.3085
97.5692
96.8831
93.4076
99.2455
99.4151
99.4246
98.6713
95.2411
96.9038
94.83
97.749
96.4604
95.9603
97.6292
97.2946
96.4695
99.343
95.7101
97.7086
94.808
96.2679
98.1013
97.3391
94.1889
95.7481
99.9816
99.3112
97.7282
97.0431
97.4861
96.4899
97.5457
99.1263
97.9079
98.3169
98.816
96.4427
99.2567
99.6476
95.7388
96.389
96.7549
98.1185
100.216
97.0485
98.3797
96.892
99.1572
96.01
96.7529
94.1517
97.56
96.1329
99.6309
100.231
97.5577
97.7353
98.1701
95.4531
98.1449
98.6641
102.371
100.03
97.0537
98.8783
97.3275
95.3952
97.5786
96.1009
98.657
97.4267
98.1223
99.3699
97.8655
97.1837
96.399
99.4262
97.3645
98.9183
98.6733
98.0269
99.7797
95.3397
97.0173
99.5242
100.41
99.0545
96.6401
97.5577
94.2891
99.1658
98.8164
95.6452
99.5566
96.7994
97.5218
98.4862
100.711
97.9044
96.8317
96.312
99.0029
96.4774
96.9024
96.9756
98.419
98.9095
96.7738
99.0813
97.662
96.3761
101.114
98.6128
97.9833
98.9699
96.657
99.9598
94.6869
100.021
96.4319
98.9822
100.007
97.2689
97.632
96.1
96.9207
97.0102
98.0918
98.9384
100.428
97.09
98.6643
98.9987
97.7846
98.9197
97.9186
98.7514
97.7504
94.6951
98.0221
96.8591
99.229
98.7619
97.5898
97.4301
96.6632
97.4593
98.1128
101.007
96.0939
97.7311
98.2705
95.9513
98.4291
98.0054
101.415
95.0014
97.7423
97.2639
97.1159
98.3854
98.9061
99.1677
98.338
97.7001
99.091
96.5326
95.4989
98.9338
97.7353
97.1573
99.2303
96.8553
97.2103
96.7539
97.0408
97.9631
94.7517
97.2938
99.4956
97.0627
97.2995
100.306
99.5501
97.0137
98.8405
98.0574
98.4663
99.747
100.369
99.3186
97.548
98.9899
97.0741
95.2669
94.9888
97.0548
96.7216
95.7609
99.5787
96.2187
94.0422
98.4742
98.7508
96.7494
96.9146
95.9355
97.0962
98.1846
97.083
96.2193
98.1136
96.9072
97.341
97.2218
96.7018
97.8881
98.212
95.4332
97.8289
97.2289
99.6857
100.38
97.7289
98.5188
98.0183
98.5228
96.2519
99.1008
96.6503
99.4868
95.8257
99.0111
94.2878
99.7727
97.1137
98.0439
98.2099
96.3189
98.2889
96.4818
99.1892
96.9463
98.8347
98.5176
99.0829
99.1008
100.611
96.7043
98.3128
97.4462
96.319
97.2425
95.746
96.4139
98.2112
100.149
97.83
97.6737
99.1041
98.7433
99.7411
99.2591
99.5847
99.9075
98.6292
97.1308
97.2234
99.4645
100.719
99.1996
99.2438
98.0915
98.2017
100.597
96.5011
96.4493
99.1003
97.1578
101.058
98.901
98.0093
97.7702
97.9054
95.6001
96.6839
95.306
97.963
96.9795
100.109
98.5023
95.7952
99.3859
97.6805
99.1257
98.872
95.5566
98.4997
100.23
96.9986
93.1618
99.1329
97.3369
94.8878
97.6451
95.3396
98.0794
101.241
95.7108
99.3534
95.6958
99.4006
98.6547
100.971
95.1147
99.7849
97.5186
97.9597
96.8872
98.4022
97.0837
98.6698
99.9804
98.1115
96.3438
96.9699
97.901
99.9802
95.4009
98.2826
97.6743
97.6996
95.7535
97.3364
96.6014
97.5374
98.0087
97.2681
98.2825
98.4245
96.6031
98.3246
96.9037
97.0355
99.5137
98.0433
95.0524
99.3255
96.3265
96.7666
97.5366
95.4903
99.6531
95.8784
100.779
98.1811
98.085
96.543
96.6786
100.237
96.5602
96.7245
98.3523
95.8392
96.8339
95.797
97.7747
96.2816
99.4935
98.5121
97.5158
96.583
96.8526
98.549
98.3
94.9843
98.9363
99.4532
99.5919
96.6136
97.6414
97.3464
96.3636
98.1141
99.5557
100.709
98.9853
100.544
99.5344
98.8975
97.5874
98.7937
98.8174
97.2681
96.796
97.631
97.5755
98.5887
97.2708
96.9982
99.1189
96.7081
96.6725
99.0813
100.338
98.6893
99.2974
99.4748
100.001
99.1343
96.9011
98.4841
101.274
98.919
98.3783
97.2433
99.7436
98.7981
95.5207
96.8902
96.6075
102.889
98.5199
94.897
96.8901
97.9622
94.3216
98.7509
98.1696
98.1701
99.2282
99.963
98.5174
98.9307
99.7056
100.359
97.4853
101.257
99.4761
97.21
99.4274
98.0986
94.489
100.095
98.5238
101.806
94.5013
99.3843
97.5317
98.9431
96.1575
97.5562
95.7225
98.426
99.1738
98.6016
95.7079
97.1472
99.4624
96.4724
98.2037
97.3167
95.9543
97.3556
97.9464
97.1081
97.9645
98.5833
99.1452
93.9487
100.036
98.0642
96.7034
99.316
94.9246
98.1756
96.6859
95.7926
97.8697
100.417
97.7075
99.1746
98.0486
99.3349
99.114
96.8481
95.4484
97.0016
97.8024
96.8002
98.4508
97.1342
99.1137
97.5562
98.7416
100.673
97.5098
96.8943
97.9632
99.2388
97.5169
95.9668
95.7636
96.6275
99.0675
98.4093
97.5599
96.3279
97.5355
97.2181
98.5649
96.8306
94.8652
98.9403
98.2906
98.912
97.2142
97.2025
97.3871
97.5978
98.7756
98.0986
97.1303
95.7619
97.2331
98.3289
99.1209
98.4811
97.2518
95.6511
97.6177
100.154
97.3957
98.9879
96.0144
97.3341
96.8948
95.6694
95.832
100.191
96.4653
97.2239
98.0963
99.2074
98.226
98.3013
93.5662
98.9507
100.938
96.0425
96.0218
96.8659
98.304
98.3384
94.5429
97.5715
98.4612
101.728
95.8956
100.144
96.3616
97.8139
97.7402
95.7638
97.4778
97.432
97.3679
99.1336
98.2433
99.764
97.5531
95.2284
100.257
98.1915
96.5176
96.7162
97.6106
97.4575
98.7901
97.1107
98.0129
94.4858
97.1644
98.3521
99.1271
96.7799
98.746
96.8981
97.7581
101.174
98.9468
94.7748
97.2487
99.1493
99.717
100.063
96.2183
100.367
96.7583
100.473
97.0399
96.0069
99.7145
100.706
96.4858
100.114
98.7492
97.7843
96.5224
100.287
98.799
97.9809
98.5541
99.2373
96.9612
95.898
99.3065
101.454
96.6771
94.6495
100.109
97.2003
95.1806
97.0667
100.939
97.0731
97.1538
98.5108
98.9255
99.5544
96.2645
96.0813
96.1169
98.9681
102.953
96.8137
99.3253
98.2937
97.1414
100.383
95.24
98.1218
96.759
100.298
96.6901
96.3531
96.895
96.4091
96.6927
97.1966
95.1783
96.6508
98.7862
98.5815
98.6294
99.055
97.2957
94.6688
99.8961
95.0678
97.4818
97.2871
97.1942
92.8093
99.2622
98.5054
98.272
95.5754
97.5849
95.4377
97.5111
96.7141
97.1703
97.3158
96.5785
99.2
95.6471
96.0205
97.2883
97.1609
100.574
99.4053
96.9542
97.8193
96.8396
94.4932
99.0114
95.7021
98.2495
97.969
94.6144
95.5493
97.2098
94.8081
95.3666
97.6421
100.449
98.7923
97.1227
96.3996
98.3447
96.7569
97.9424
94.3145
97.5398
97.6868
97.5116
98.9762
95.8933
97.8402
99.1015
96.1403
97.2689
96.371
98.1901
97.3421
97.5726
96.6727
97.8697
98.2036
97.971
97.7836
96.2281
96.7616
99.2056
97.2554
98.1409
100.209
99.057
100.739
99.5279
97.9502
98.1479
95.7927
99.7498
97.8947
99.0476
96.9565
95.7458
98.7904
97.4385
95.7948
97.3102
97.2318
99.9095
100.51
98.2531
96.8515
98.0201
97.4608
100.6
98.3606
98.628
98.1974
98.8259
98.9412
98.4241
98.2423
96.0187
97.7373
98.9715
95.6946
99.8231
96.5565
97.8535
100.533
96.3759
95.4398
95.8051
98.9183
98.6754
99.2015
94.5812
97.5714
95.5675
97.5447
99.3666
99.154
99.5887
95.6524
97.9271
95.8597
99.7227
98.9109
96.0247
97.3936
99.1572
98.2925
100.104
97.8217
101.425
97.0922
98.2764
96.961
99.8431
95.6169
100.458
97.8265
100.595
95.6867
99.3346
97.4916
97.6173
97.0589
97.545
98.8449
98.5653
96.0948
96.4921
100.036
95.3774
96.538
97.0113
98.4256
97.2786
98.293
95.7363
96.1077
99.3395
96.9222
96.7844
99.5698
97.252
96.122
96.8774
96.9252
95.9183
98.4633
98.2573
96.0426
94.5769
97.8637
99.3138
98.6445
98.4292
95.4596
95.9079
97.3221
96.5674
98.2726
95.6159
95.7541
95.8975
98.6412
99.0108
98.9888
95.8592
97.2467
99.0115
99.0282
96.8031
97.8501
97.287
97.8856
96.9388
97.9764
97.0198
97.9834
97.2458
97.486
99.3123
98.7649
96.0967
97.6373
97.0936
98.4623
96.7903
96.8717
97.7019
97.2744
100.473
95.1231
95.1884
96.4704
97.7996
98.0439
100.35
99.732
97.6091
95.7358
96.9032
98.4768
96.6502
97.878
97.1137
99.1082
97.0312
95.5266
98.9002
100.17
96.1058
99.0527
95.0446
96.3131
99.8286
101.129
96.5491
95.6194
97.7446
96.3809
99.2537
99.1222
100.9
97.7563
98.4772
96.022
98.345
95.6749
98.6008
93.5313
98.8811
97.7344
95.2357
97.4743
98.1262
99.6035
96.2229
96.4556
95.1101
97.5809
101.955
96.2605
94.5677
98.7126
96.7604
96.1139
100.419
98.7549
99.3063
98.2577
99.0073
93.9584
98.1184
95.8033
100.352
97.6246
97.7059
97.618
96.0687
97.981
96.5719
97.4358
98.2123
99.0026
98.0598
97.5543
98.6558
97.4067
100.923
100.588
99.2644
98.1681
95.6953
97.5319
99.585
97.3355
95.6116
98.8654
98.7535
95.4243
99.4343
100.108
97.9771
97.8968
93.7775
98.6934
95.6505
98.1187
97.5821
99.8354
96.8892
97.8736
98.7641
98.3233
96.4734
96.3977
97.2048
94.2786
97.4429
93.8766
97.85
99.0982
95.0506
98.907
96.38
95.1583
99.4289
97.0226
97.2581
95.4441
96.8361
99.3006
97.0433
96.8759
97.3694
99.7795
99.8685
96.3362
96.8103
99.2368
96.945
96.3926
101.2
99.8425
96.3403
99.7545
98.7495
98.893
98.2868
96.5474
95.7143
97.5353
95.0216
95.9908
95.431
97.5044
99.9799
97.2762
97.0623
96.9857
98.2087
96.6075
97.9582
96.2015
98.836
99.4153
99.3498
95.806
96.564
97.679
96.7184
96.8351
96.9004
97.9886
99.3425
99.6657
99.0435
97.3178
94.3371
93.7777
96.1243
95.4384
96.6069
99.8879
95.9609
97.7443
95.7443
96.1864
97.9747
98.7513
99.576
97.7155
97.6951
97.6603
96.9462
96.8916
99.5755
97.8125
95.266
97.4201
96.6831
96.231
98.0907
98.6738
96.2521
96.6583
100.448
100.077
99.7638
96.3974
99.3529
98.274
98.2475
97.5155
97.8523
97.1355
98.0826
99.2875
96.4748
99.4822
98.0604
96.0759
97.3655
97.8323
99.4572
96.9564
99.3086
96.1825
98.1748
96.9302
98.5726
97.8297
100.975
95.0406
97.3942
97.9129
99.6763
98.4899
97.0056
99.8415
96.5486
95.0135
97.0703
98.744
96.0629
95.7709
98.078
97.8841
99.0733
97.7404
96.0609
97.3726
97.7901
97.4484
96.3812
97.6578
95.4183
99.0549
98.4107
95.3929
96.4465
94.8848
97.4628
98.3422
101.088
100.401
97.5415
99.2937
98.3819
97.8614
100.427
97.0361
98.9319
97.1894
96.2611
97.6475
100.261
99.8677
98.3822
97.6148
97.3051
98.1907
97.4907
99.6086
98.2336
100.123
97.5499
95.3372
97.1364
98.7177
98.6386
97.9097
95.4796
98.4774
99.2269
97.9927
96.2436
101.226
98.0882
95.6015
97.8741
96.506
98.3166
101.025
96.8494
96.1321
96.8507
96.0815
98.888
98.1929
96.0992
98.2487
96.3516
97.3029
97.5999
98.4492
97.1541
98.8128
99.3695
97.084
97.669
97.228
96.7476
97.0111
97.1592
100.221
96.6454
97.5244
97.432
97.9452
97.7325
98.7101
96.0156
96.5345
98.5651
97.121
98.9292
96.7036
97.3756
99.7521
97.752
98.473
98.2571
98.5432
95.7611
97.5077
97.8901
96.1749
97.9611
98.3555
98.1071
99.6002
95.0973
97.92
99.0928
99.7129
94.9167
98.6612
96.8671
97.8154
96.7919
95.2444
98.1526
97.7063
99.4949
98.0636
100.173
94.9882
98.467
97.3238
96.1527
97.6544
97.4403
96.7711
98.4155
98.9402
98.2875
94.8495
99.0378
98.9777
99.3743
95.7307
95.9438
93.2753
97.0776
97.7251
97.2216
96.7795
94.8881
96.4622
99.802
94.7559
94.7395
95.7765
96.1864
98.686
98.0313
101.359
98.1503
100.252
97.5059
98.6136
95.9438
99.9912
96.6737
98.9118
99.1044
98.596
97.4539
95.2802
97.1833
97.5527
97.9036
97.52
97.0735
101.91
96.4546
95.814
96.8255
98.2029
98.4569
96.7493
95.9691
96.4585
97.0622
98.3783
96.7377
98.5165
94.9595
97.0645
98.6936
98.6528
100.092
101.1
98.527
100.077
98.5641
99.269
94.5389
100.623
98.3668
99.4167
100.533
100.138
98.5603
97.3072
97.6545
97.2779
97.6922
96.5535
98.8574
98.7186
100.346
96.3722
98.1954
99.4995
99.3038
94.8412
99.8631
99.3286
97.0602
98.5795
95.8742
99.7093
98.9389
97.1138
99.1431
99.8504
97.1644
94.3423
97.0978
96.4474
97.9395
96.2289
102.116
98.2243
100.375
99.3702
98.4209
99.4568
98.6844
95.7497
97.4183
97.7995
95.0534
99.5363
98.837
98.2257
97.5532
95.3326
94.2497
95.8517
99.6683
94.8867
97.9224
97.5764
96.939
100.659
97.5672
98.0819
99.2447
98.3409
95.2151
98.9543
100.164
98.3798
94.4948
100.772
98.91
99.2434
98.1727
97.1838
97.1231
95.6524
96.2186
99.1678
98.9702
99.1734
97.8868
96.4303
97.4996
97.58
96.1379
97.6485
101.005
97.4948
96.3036
96.4526
98.675
97.4086
99.4789
97.0996
96.6633
96.5639
96.0215
97.9143
97.6218
95.9607
100.907
97.1699
95.903
100.657
97.2853
94.8362
98.4372
96.1556
100.827
97.4355
97.1778
95.5252
97.9239
97.738
96.2043
98.6082
98.6385
97.7138
98.0706
97.8025
97.7075
98.1695
96.7068
99.007
98.5049
97.8408
98.8156
96.9205
98.7186
95.8539
97.177
96.3447
96.8303
97.7023
97.7261
98.2217
98.7359
98.1427
98.0043
98.9032
99.9529
101.519
98.801
95.9086
94.9635
97.5013
94.3459
94.535
97.0769
97.798
98.2146
96.0588
98.6853
95.6317
97.1045
97.8365
98.0472
101.995
96.8053
98.2422
96.9695
99.1526
97.5713
95.8731
98.2854
96.9018
97.0793
96.0366
98.6699
99.3081
96.184
98.7049
99.9827
96.9394
99.8358
97.0266
96.163
98.5874
96.6896
97.3343
95.7875
96.6964
98.4528
96.2896
95.2672
99.8419
97.8033
101.222
98.4407
98.4591
98.3549
96.6111
96.6885
95.9858
96.1415
96.1461
96.548
97.2708
97.8743
96.0898
99.2837
97.6697
97.4277
96.8766
98.1118
96.7873
100.792
96.476
97.9777
96.7081
97.9497
96.2646
96.9885
95.331
98.5507
98.5844
96.1799
96.8233
96.7182
97.8167
96.752
96.403
97.5993
97.0096
97.9707
95.9841
98.4214
96.9529
98.3771
99.1176
98.9257
96.8024
97.9369
95.8843
98.3154
97.2584
97.2847
95.417
99.5986
96.7523
96.1798
96.7889
99.9131
97.9846
97.3963
96.9272
98.0746
98.8418
100.18
98.2389
96.8987
98.1176
101.61
97.0919
96.596
97.0028
97.483
95.3772
95.9105
99.7081
101.627
97.5229
98.9544
96.2393
98.4213
98.217
95.512
98.7935
96.5705
97.4932
98.0235
98.5661
99.2542
98.3733
97.9312
98.2415
97.0158
95.2881
98.2904
95.3318
98.0245
98.7927
96.1778
94.819
97.2562
98.3741
98.249
96.8511
97.5434
98.0498
96.9857
97.679
96.332
97.6924
99.7123
100.198
96.6105
97.3692
98.3994
102.601
98.447
98.8297
97.5258
95.1551
97.8394
95.2732
99.3744
100.092
98.8015
96.4937
95.3943
98.6488
97.3154
96.7477
93.9664
101.013
98.1991
95.7555
98.1762
97.1497
94.6985
96.1992
98.5791
97.1666
98.1599
97.1273
95.9327
99.8649
97.81
99.0338
99.7383
100.01
97.9787
97.5916
96.4937
97.6239
97.2363
98.0608
96.5924
95.3162
99.9579
94.9082
97.4207
95.0028
96.8018
98.9273
99.6908
99.318
96.5861
98.0506
98.3779
97.9775
97.0998
95.5296
98.8119
97.3742
97.5238
93.0137
94.7244
98.843
95.9827
97.4257
95.546
97.4446
95.3504
94.256
96.6269
99.3909
96.0521
97.4259
97.8162
98.8094
100.935
97.8372
95.4556
98.9988
99.8588
96.3874
96.5279
95.3165
99.5338
97.4398
97.3415
97.1123
99.3807
93.8566
99.8851
99.1943
98.871
95.0084
99.0263
97.086
97.4766
97.9676
97.5978
96.3838
98.7491
97.7364
100.079
99.8731
95.8602
100.713
99.7253
100.536
98.6443
99.6671
97.4962
95.7591
99.7141
96.3849
96.9726
98.0437
96.3837
96.9447
98.065
96.7285
98.1618
100.995
97.3789
95.504
95.7493
97.3547
97.2585
95.7241
98.1301
97.8596
97.6444
98.0643
98.0894
97.4126
97.1318
95.734
100.327
96.8639
94.1008
98.0417
99.9507
100.588
97.2142
97.789
98.5451
99.6022
98.3331
95.9805
98.0552
96.6854
97.3625
94.9814
99.1273
99.2651
97.8548
99.0726
96.6371
94.0967
94.8528
99.5961
95.1901
98.9466
99.0918
96.4916
100.279
96.9987
96.3987
97.2414
97.2234
96.8705
100.463
97.0362
99.1428
100.035
100.004
97.8316
98.1572
95.601
93.2395
96.8104
98.1867
98.1706
97.6058
99.0547
98.2616
94.4974
97.9603
98.6923
96.0461
96.282
97.4914
97.9915
96.1655
96.8558
97.7448
97.9683
96.7066
99.8761
97.6553
98.143
98.0624
97.5082
97.3933
101.11
96.8405
101.102
96.5539
98.2473
98.5232
97.4391
97.7757
97.3568
97.6693
97.237
95.1024
99.8014
96.1351
94.3312
98.3619
96.9934
95.0186
98.4398
100.706
98.7079
93.7485
100.173
97.0287
96.1771
94.841
99.4568
95.2798
98.201
100.043
97.0335
93.0844
99.202
98.8653
100.238
97.8002
98.9745
97.4792
100.377
96.2888
95.6255
98.0212
96.8239
99.4496
96.0597
98.3098
96.3849
97.5961
96.1957
100.067
97.1937
97.8047
97.9237
98.4962
97.7091
97.1068
100.236
99.7919
99.8029
100.911
100.99
97.4743
96.3391
96.3997
98.2561
98.8241
97.0009
99.8375
99.7424
99.4423
97.4134
97.1778
98.1235
100.392
94.7604
95.7624
96.205
97.5223
97.2456
97.8122
96.2424
97.6281
97.5163
97.6905
94.2749
94.1555
96.8823
98.9713
95.7524
97.6665
100.839
98.1087
98.4369
97.4582
96.0443
99.4429
98.3068
95.8947
97.8709
98.8559
96.6665
96.2081
99.9775
96.77
97.1705
97.2941
97.8742
98.6856
98.4969
97.7768
97.0308
99.4544
99.0543
98.7617
95.7222
98.3999
97.0693
94.7205
97.0824
95.9393
96.1276
97.851
98.2181
97.4424
98.7378
98.4606
98.3863
100.441
97.4723
96.9371
98.1768
100.114
97.3484
99.2205
96.2304
99.7628
94.5952
100.609
95.4235
99.5418
100.341
96.4965
96.9368
97.874
98.082
98.3055
95.8209
97.4108
97.9092
98.7268
97.966
98.3107
97.4653
101.1
99.0175
100.064
96.4426
96.5613
97.1632
96.5963
101.036
96.9079
97.3864
95.2481
99.144
98.9923
98.5493
98.3347
98.4679
98.66
99.6474
96.9459
95.9374
97.0173
99.1295
98.5109
96.7902
98.9686
98.0213
96.5612
97.3323
99.9857
96.9224
95.7535
100.161
101.711
95.6865
95.3571
97.0493
99.2028
97.9802
97.3529
98.1624
97.495
97.0965
97.3273
100.415
96.2069
97.4038
96.3845
100.494
95.9141
98.7796
97.5443
97.4919
99.1644
97.2492
96.9548
99.1945
99.4601
96.9426
97.2323
97.1648
99.7621
97.4374
96.7405
99.7548
99.7243
94.3614
99.6408
101.422
97.6788
97.5145
96.4736
97.8994
97.8779
96.1802
99.4126
100.313
98.0231
99.0828
96.5762
97.6192
98.3389
97.7194
96.4754
101.038
97.2502
95.847
97.7186
98.5465
95.9082
98.3005
97.9736
97.6658
96.3238
98.6915
98.5028
98.8013
95.8982
98.7149
99.3184
96.8943
96.8218
97.1226
97.4821
99.0344
98.2355
99.1285
96.774
97.7693
96.7409
98.2255
96.2701
100.048
98.4284
96.8829
97.6463
100.216
96.9475
99.7926
96.8112
99.4485
96.8005
98.1855
97.81
97.9074
95.7953
97.1738
98.5651
96.323
99.7636
98.2528
96.3516
95.9709
95.7742
99.9029
99.6437
98.7561
95.5098
98.4873
97.4458
95.5429
96.3807
94.5161
99.8048
96.427
96.5621
98.3167
96.7655
96.2019
95.9637
96.2695
99.9972
98.931
100.281
100.395
95.2038
97.6886
95.2157
97.6833
98.3394
98.2898
96.4747
99.189
98.6226
98.7718
99.2984
97.8997
99.384
98.5741
98.7628
97.503
96.6255
97.6633
97.1976
96.8449
100.62
98.1556
97.3495
97.2075
97.9466
99.5817
96.8163
99.1313
95.732
96.5711
97.6275
98.3353
100.604
95.5821
99.9462
100.002
97.0207
97.8013
97.3965
94.9721
99.1883
98.1617
95.449
97.2031
95.9835
98.9425
96.8103
100.145
99.28
96.6624
98.8222
96.821
99.5615
97.822
96.7958
97.5024
98.8146
100.395
99.9878
96.6634
97.7231
96.1833
97.6674
97.6578
97.9805
97.8283
97.2494
96.3427
97.1979
96.134
97.5671
97.1185
98.5794
98.2156
96.0831
97.9627
98.4749
96.2837
97.6221
98.145
98.576
99.2453
99.2481
100.724
96.6308
95.827
96.4013
95.4595
96.7566
95.9188
98.4301
98.4491
97.6335
96.021
94.5446
98.1196
97.7111
98.3147
97.6353
97.653
99.8241
101.584
97.682
97.0327
96.0233
98.3974
98.432
97.9801
100.581
98.6535
96.6468
101.303
99.5104
96.3399
97.0935
96.026
94.0373
99.7913
98.8504
96.0236
96.4084
97.7023
97.5368
97.1894
98.5323
98.3011
98.5265
97.9474
98.7785
94.6996
101.436
97.0591
99.2332
98.507
99.6867
97.6339
96.0822
95.1625
97.7762
96.8166
97.4454
96.0719
96.6986
96.5929
96.9149
96.9497
96.9501
95.8679
98.4593
98.8462
98.6708
100.447
100.239
97.8287
95.9684
100.98
99.4608
97.3727
97.0937
96.3992
96.4906
96.6887
95.3414
97.2724
97.1417
95.5636
98.6333
97.9042
96.2557
98.06
97.4941
95.9385
96.1297
94.1277
98.5507
96.7571
99.7111
98.8186
96.5714
100.137
99.7039
99.5834
94.6927
94.3555
97.6062
94.7502
96.2118
95.57
96.299
95.1503
99.4355
100.308
94.5306
98.0326
98.4132
99.0853
97.6022
99.0866
97.4018
97.6544
94.5716
96.7429
96.3093
93.8387
99.6056
96.0504
97.151
98.742
99.2038
97.9308
98.4431
97.8559
98.805
99.3399
98.2961
99.2985
97.9131
99.5532
97.0694
97.1523
98.3946
97.8165
97.4945
101.744
97.9987
97.4477
100.198
97.5846
98.6743
99.0289
98.3024
98.1728
97.998
96.8189
98.1197
98.4169
98.9098
97.3595
95.8845
97.9695
99.286
96.902
96.1704
99.163
95.6526
96.8026
98.3004
99.4295
95.5345
98.2389
98.7451
97.2468
99.0853
95.5947
97.9688
98.7261
102.031
99.816
98.2582
98.6741
94.8957
95.089
95.0421
98.1815
95.8744
95.9254
99.0833
95.1424
98.0405
98.4891
99.3879
97.9907
98.5411
96.8774
100.133
97.6083
98.0227
98.4159
98.2407
96.9854
96.4472
95.8088
98.0285
98.0007
97.6312
99.1553
97.8694
98.2356
98.2977
99.9681
97.4686
98.5044
98.3198
98.2388
97.2985
98.7491
99.2259
97.5122
97.4966
97.5504
97.622
96.953
96.0391
98.2208
98.4765
95.9822
99.4119
96.8739
97.8133
99.1288
98.1732
100.843
96.98
98.5456
99.4663
98.2851
95.532
95.7543
95.4761
100.177
99.0551
100.242
98.7802
97.3052
98.2928
98.2026
99.6253
99.7312
98.9843
99.9574
100.172
97.6993
95.6025
96.7353
96.9129
96.6083
98.692
100.477
94.5108
98.2985
97.5492
97.3215
96.8514
98.2643
96.9787
98.1311
101.816
98.2015
96.5429
98.7084
96.4407
95.5187
102.061
99.011
97.9899
96.4106
99.8866
99.3627
97.7149
99.8773
97.9079
97.6434
99.216
98.0609
96.7065
97.3582
96.9556
96.5345
97.068
96.4356
96.1721
96.9298
96.5582
97.8417
101.042
96.9769
97.8853
94.9807
97.5934
99.362
96.5897
99.9995
96.1037
97.1756
97.4831
100.158
97.4058
97.9346
97.5966
97.3693
97.88
96.9324
98.4374
98.4989
98.9915
98.7527
97.5011
96.7742
95.7892
99.0899
97.4804
96.9491
96.2628
100.064
99.5369
97.2369
98.2968
98.6289
100.33
99.6915
96.4865
98.5746
96.924
99.1306
98.3853
96.2627
99.3123
98.0061
96.9435
97.4248
97.1949
100.995
99.6134
96.3273
97.2608
96.2161
98.5404
100.374
97.5695
100.187
96.0291
96.3558
99.4836
97.0084
95.8646
98.3143
97.5222
99.8385
97.5457
96.4764
98.405
93.2136
98.0622
95.9864
97.6657
96.3042
102.333
100.444
96.2767
94.9337
99.7032
99.3275
97.6738
98.7162
98.8456
96.383
97.7408
96.0064
99.8604
99.767
96.6558
96.6357
98.1607
101.217
99.6031
99.0098
97.8524
98.0381
93.8825
97.5832
97.6536
95.6423
97.0258
98.0218
98.3903
97.2071
99.518
97.8359
99.8278
99.0073
98.8562
100.045
98.3602
97.7376
99.5264
97.5552
98.1988
97.4639
96.9658
96.5726
98.1139
98.6177
99.0911
97.0443
96.8813
94.7632
96.2298
96.1599
99.8244
96.7885
100.895
96.2504
99.5315
96.9731
97.4861
97.2481
98.244
98.8082
97.48
96.85
99.211
97.3565
96.8146
98.3213
98.9833
96.5616
100.887
94.5004
98.8511
97.9569
98.3975
97.2158
98.3856
97.5911
96.9469
97.8571
94.3922
98.5871
97.3931
97.7375
96.9055
97.2689
98.3027
98.1087
97.7544
96.1787
98.8041
94.5585
99.8931
98.8839
99.6058
95.9892
99.3218
99.5768
96.745
101.917
98.4876
98.7192
97.9214
98.2871
101.549
97.0107
98.963
96.6138
97.4554
98.3311
99.2331
96.6621
98.509
99.0178
94.6001
99.1822
97.1372
99.3375
99.5677
97.1857
97.5103
98.5399
96.7189
95.1786
98.2968
97.6441
97.1606
97.4532
100.095
98.4402
98.5107
97.1631
98.332
99.9852
98.1283
97.477
99.1107
97.052
96.3957
100.557
101.17
97.9838
96.9063
98.6352
98.9511
97.0156
97.2872
98.9017
94.9918
97.9251
98.52
99.1172
98.5196
99.2102
97.1308
97.2317
99.756
96.6197
97.9832
97.0804
96.5008
96.8192
97.3697
98.0456
96.9833
95.3801
98.2857
97.4421
100.246
96.5684
98.5356
95.1006
100.291
95.3549
97.4044
97.9295
98.0842
97.9888
95.491
98.5122
99.2101
97.5336
100.24
97.8466
97.8077
96.6665
96.1618
97.2148
97.8625
99.7864
98.5252
96.0892
97.1598
97.8546
96.9686
94.6213
98.5063
97.157
94.8021
97.244
99.6614
96.323
96.8138
100.713
97.3088
97.8141
97.8861
98.3589
98.9069
98.8572
98.4801
95.0229
98.8046
97.0765
97.796
97.869
101.257
100.159
96.3221
96.7199
97.1536
96.6541
96.1611
96.7281
98.779
98.542
98.9362
95.8407
97.4282
95.7219
98.1404
96.9476
93.7464
101.64
97.7941
97.5618
99.6161
96.9308
98.8677
98.2477
95.2212
95.9168
97.2089
95.9114
96.301
98.6702
97.9299
96.0583
97.8734
97.1881
95.6244
99.114
99.2489
98.5274
97.734
100.223
98.624
99.3902
100.159
98.1432
98.466
97.2559
101.694
99.5178
98.141
96.806
98.8513
98.4565
98.664
100.119
98.5299
97.928
100.727
95.322
97.8103
95.4079
98.3759
98.912
95.9166
98.6719
101.413
99.9729
97.2263
96.6636
97.9878
98.7629
97.5942
98.0769
96.4358
99.1589
100.769
96.6362
94.2771
97.9479
97.512
99.7371
96.4847
97.1919
95.4253
99.5078
95.5594
97.3996
98.8351
98.3418
97.9039
98.8465
98.341
101.954
97.5014
97.8111
97.5192
98.8965
95.4862
96.3724
102.238
98.3319
96.7771
96.0589
95.2626
97.7618
97.8213
98.1348
97.281
100.123
99.3324
97.6932
96.7814
97.044
98.4811
96.307
100.07
99.4241
95.6494
97.5551
98.9021
96.6123
97.2188
96.3177
98.3794
101.048
97.0331
98.4803
96.769
96.3709
94.9303
99.6012
97.5285
95.2916
96.8714
99.0156
98.6014
95.8952
96.9838
97.6443
99.1946
98.0907
100.08
98.186
99.2369
98.9194
96.1419
93.3555
97.5993
95.0842
99.5874
97.3428
98.0715
94.7988
98.061
99.0565
98.0759
99.3961
99.1329
94.7097
97.2352
99.159
96.7487
95.3772
98.0026
97.3926
97.054
96.4678
96.8271
95.2117
97.585
97.516
99.1495
96.3564
95.7755
99.7866
96.692
97.0326
100.263
97.3514
100.336
99.3347
96.1951
98.0537
99.5379
96.6261
98.7831
100.183
98.3745
98.5718
98.733
96.6053
95.7494
99.0488
98.0568
95.45
96.8935
96.6042
94.9513
95.8581
95.2999
98.4893
101.809
97.4711
94.2102
96.6096
97.803
95.4336
97.4859
97.2796
97.4509
97.3684
96.9117
97.3227
98.3348
98.4356
97.5375
100.809
97.2119
99.5252
100.168
97.1539
96.0398
98.3736
99.9105
98.51
97.898
97.9582
99.8924
99.7755
99.6643
99.1265
99.1117
98.7592
98.0059
96.755
99.124
98.097
98.2508
98.6988
101.764
99.3998
97.597
96.4377
99.0624
94.9109
98.8467
96.2007
98.7486
95.7477
96.5231
99.3714
98.9891
96.9286
98.3256
97.9004
99.8372
97.1531
96.8951
97.5222
94.0503
96.8757
97.1061
98.5062
95.6964
96.1647
96.8143
97.3837
97.4692
98.098
100.212
99.621
97.3166
97.8157
100.657
94.8103
97.0545
98.5239
95.9912
98.0927
98.8295
98.3748
93.6439
97.7192
99.794
96.6182
98.4556
97.3658
97.7441
100.152
96.7013
99.5404
97.4385
96.7051
98.2525
96.1041
97.2393
97.812
95.9986
98.6084
97.8077
97.3542
95.7082
97.894
96.1232
95.1135
99.3674
98.367
100.297
99.406
96.1444
98.2921
98.5664
100.657
95.7172
100.437
96.0209
97.8986
97.2822
97.001
97.0071
96.3117
97.1489
96.5024
96.7953
97.171
99.0373
100.429
96.7129
99.2182
96.6371
99.1557
98.7315
94.9739
98.8553
97.9883
96.3011
98.5116
98.2056
100.404
98.2536
96.6511
98.7438
96.77
97.5944
94.8596
96.5562
93.8469
94.9874
97.8223
99.8721
98.3796
96.0696
97.1887
97.2888
98.3427
97.617
97.6865
99.1143
97.3152
96.5431
98.3679
98.8116
96.8404
100.761
99.0707
97.6471
97.4267
98.8174
97.8262
95.8888
98.1169
97.7195
98.3196
98.8157
98.0795
98.1897
99.1923
98.1004
95.5168
97.2307
96.9878
97.3063
98.3437
99.4354
96.7433
99.1902
98.0941
97.1153
97.1089
95.5047
100.162
98.4015
94.8514
97.339
97.4936
97.368
97.1335
99.1815
101.246
96.7371
96.4037
95.9481
95.2201
97.0911
99.1013
96.9317
97.7412
100.957
96.5394
100.313
96.876
94.0866
98.4483
97.5464
98.7456
97.1031
96.7911
100.406
99.4877
94.5331
97.6135
100.755
97.9894
96.3936
96.259
98.5538
96.2185
98.1294
97.4469
97.6636
98.683
97.5713
97.4575
96.6723
99.0343
95.8476
96.1476
98.5373
96.3209
97.0884
98.9216
95.3185
100.06
97.0148
96.9082
96.4748
97.7958
98.7018
96.9416
99.3219
99.0871
97.4191
97.9963
99.191
98.2206
100.845
97.0342
98.7172
96.3971
99.2158
98.9464
95.5788
97.8081
96.8206
97.8061
94.916
98.7783
97.1589
97.2304
96.5282
97.2415
99.6607
98.1457
96.8826
98.8455
94.433
98.676
99.3929
95.7896
97.5518
98.7065
96.9654
97.4312
95.7966
97.7236
97.868
97.4178
99.5057
99.1925
97.2527
97.7606
98.5822
98.4699
97.207
98.0043
97.6318
96.8485
97.386
95.7198
96.2284
94.7097
100.855
98.2404
100.248
95.6119
98.9626
95.9305
99.166
100.159
97.3103
96.8122
98.1925
99.8175
97.0411
97.511
96.5343
94.1381
97.8666
100.605
99.0057
99.4603
96.3427
98.5046
98.6881
97.3927
98.495
98.2503
97.8501
98.1166
97.5767
100.722
96.5441
98.0449
95.3375
98.9245
95.0776
98.3987
98.2786
97.7664
96.8788
95.2574
99.7658
93.8144
96.7763
99.3385
97.5758
98.1577
97.3079
98.7034
98.5162
98.4613
100.298
99.2137
96.377
96.5102
101.47
97.9127
97.9729
97.3862
96.8181
98.3048
98.8829
95.7263
99.5476
95.5884
96.8095
99.2894
96.9138
96.8636
96.9786
97.8149
95.7873
97.5188
97.4812
97.3966
95.2643
99.1656
95.6088
99.1577
96.8295
98.9312
100.47
95.0832
97.3074
98.5467
95.0133
98.2611
97.4608
97.5716
98.1942
96.1298
95.9628
97.6263
97.5513
96.1547
100.292
98.1383
96.5317
97.256
97.9242
97.6406
94.9607
97.36
96.893
98.2344
96.5859
99.5281
97.2364
100.332
96.9874
98.828
95.9077
96.3329
98.7524
98.7208
95.3456
98.0644
96.5129
95.8518
99.355
97.4449
96.524
98.4133
99.2227
97.8494
96.9191
99.2285
97.7223
98.9358
97.499
98.695
95.5402
97.247
97.3116
99.6232
97.3821
99.1622
95.6348
95.4145
97.2986
96.4473
98.2417
97.3496
98.5064
96.5014
100.171
97.7703
98.6742
97.4768
97.1582
99.0964
95.4356
98.2743
97.3799
94.9985
97.5434
96.426
98.0231
99.0533
99.3166
97.5764
99.1326
97.8871
97.852
98.9698
99.1823
97.6762
95.6733
95.026
100.304
96.9474
95.9226
98.347
96.2914
97.3481
97.7511
96.1615
97.2121
96.4935
99.3381
97.8372
96.2604
95.902
95.6543
97.1839
96.4483
97.2574
95.192
99.2943
96.5639
99.8081
96.458
97.758
98.9998
97.4594
97.6759
98.3582
96.2646
97.2721
96.3238
97.303
96.98
98.3745
97.2404
98.2802
97.3125
96.9757
99.4626
98.0005
98.0204
97.5293
96.9567
96.0331
95.8814
99.4676
95.6633
99.4455
96.0213
94.7377
98.7567
99.7819
99.3614
98.7854
98.6325
95.845
98.3074
94.714
100.057
96.9435
98.358
99.4879
98.6978
99.139
97.7813
95.1191
96.6213
97.2845
97.7062
98.1773
98.9267
98.2407
96.3878
99.2619
98.4767
96.9434
95.4512
99.6092
99.0242
97.0504
99.0501
96.6543
95.3138
95.4678
97.5316
99.0841
96.9767
100.224
98.3704
96.5353
99.2001
98.7488
98.333
98.1562
97.2889
99.2408
96.7127
97.386
97.7519
97.8596
98.3563
96.67
95.3738
94.9284
94.6098
94.3775
99.6547
98.8534
96.3118
99.8785
98.7774
96.3295
99.2256
101.021
100.066
99.5734
95.1112
96.0118
95.6344
97.614
96.5181
96.8805
99.3592
98.9651
97.2921
98.641
97.3524
97.7728
99.1698
95.6937
100.198
97.8377
99.2346
99.0156
97.7772
96.7975
97.3689
97.8651
97.3363
96.7436
100.104
99.2277
97.8723
96.9335
97.929
96.3335
97.4505
97.4836
95.92
98.2192
95.3669
98.5735
96.7736
95.7645
96.2749
98.1493
97.7214
97.9072
100.066
98.2383
99.7731
99.5075
97.8683
97.3972
96.8786
98.4535
95.6542
97.7092
99.07
96.6918
99.4184
98.3947
98.3752
100.023
100.491
98.747
95.1274
98.6325
100.301
98.1306
98.8254
99.0006
98.9867
96.4654
98.7501
96.753
99.8686
95.8584
98.2743
100.563
97.8586
98.7329
97.6447
97.3684
98.6466
97.7106
95.2921
98.4775
95.344
97.7698
99.3391
97.7657
96.7461
96.5235
100.654
98.291
97.4131
96.2357
97.6298
97.9559
95.9873
95.6324
99.1115
99.2637
98.0569
97.5818
98.2446
97.369
98.4677
95.9259
95.9982
99.688
96.9477
96.538
96.0859
93.5801
98.267
98.8189
97.9826
96.5389
96.8373
99.4739
95.3481
99.0175
94.5891
98.5927
99.2045
98.6395
97.2481
94.6556
99.7731
97.0263
98.7414
98.7301
99.2134
96.7633
97.5496
98.2542
95.8143
101.712
98.2547
95.5113
100.505
96.35
99.3001
96.9901
100.482
98.6639
96.4523
96.7485
97.1656
95.0702
99.9605
96.8567
94.6388
97.7875
98.7275
98.1028
100.952
95.787
100.211
99.3286
97.8591
97.8909
97.3998
95.4907
93.5767
97.1685
95.8865
98.3874
99.1015
98.0082
100.706
97.671
94.6713
99.5479
95.3307
97.0535
98.6658
99.0515
97.2228
97.0095
97.8535
99.8167
99.7163
96.5346
92.4552
97.4219
98.6379
97.8165
96.4097
97.4236
98.0747
98.069
97.4404
97.1841
100.532
98.2877
101.007
96.3932
97.7101
99.3765
99.7137
96.6499
97.1027
99.8556
96.478
94.8018
96.6886
96.2818
99.4431
100.526
96.8947
97.9373
99.2865
95.6415
95.7906
97.8564
95.5299
98.439
99.0878
99.5297
98.2924
95.5058
94.2185
95.8174
98.2621
100.473
96.3423
95.1066
96.6945
99.0293
96.9339
99.0918
97.3995
98.7408
100.67
100
98.9121
99.5709
98.3679
96.6745
96.7513
96.1639
97.0286
99.6005
99.6796
99.0053
101.653
97.9915
96.9329
96.6881
96.7761
94.1482
98.1274
97.5489
95.9761
101.635
97.4218
99.9011
98.923
99.0856
99.0601
98.0667
98.8917
96.1042
98.297
98.473
96.5956
96.8675
96.3933
94.7694
96.4778
95.2591
97.5233
96.858
98.3092
98.1408
96.576
97.4638
98.6773
97.1843
97.708
96.5929
98.2685
98.4048
96.4697
97.6447
95.3451
100.714
98.9342
99.3004
98.5246
98.0777
96.222
97.3137
99.5348
98.2631
98.9716
98.1261
97.0555
99.8091
99.4457
97.5157
93.7347
99.3029
98.581
97.8122
95.99
98.5019
97.3728
96.9429
97.7019
97.7035
99.933
101.046
97.3063
95.2359
98.4334
98.8155
93.4942
95.9203
99.1025
98.7298
95.2763
98.0871
96.7935
100.008
96.4221
94.9788
98.9968
99.8981
97.1625
95.6233
100.484
100.13
98.39
97.4404
99.7415
95.4181
95.5194
97.4231
97.8878
96.2133
97.7186
101.448
96.7223
96.1321
97.8855
97.9688
95.4293
95.234
95.9798
100.139
100.117
100.813
98.7254
99.1731
99.4891
97.0885
98.1637
96.9293
99.2996
97.7239
97.5268
99.0018
99.6535
97.1404
99.3189
98.1802
97.7678
97.5557
95.8827
96.248
97.3163
98.4366
94.8242
96.4554
96.7294
96.3456
97.9712
99.1016
98.9291
100.048
97.6386
95.8176
96.9389
97.7172
98.6217
103.311
97.674
95.7422
95.9689
97.1937
96.9244
98.1815
100.168
97.9917
98.7539
97.8101
97.1803
99.4635
97.0252
96.5891
96.8807
99.729
96.7792
98.7741
94.3988
93.595
97.4277
94.7319
101.242
98.2822
97.272
95.9896
99.118
97.2532
97.5593
97.7247
94.6956
97.952
97.6433
96.2214
99.5332
97.7019
97.5161
98.593
96.9518
96.0056
95.2342
97.8582
98.2392
98.3591
99.4025
95.9789
96.4008
97.1624
96.434
94.7797
99.3124
95.7289
99.685
97.7935
96.4839
94.2871
97.1309
98.0887
99.1173
99.1402
95.5164
95.4471
98.0231
99.019
96.8836
97.9503
99.2659
95.8783
98.8848
99.2519
96.8936
100.196
96.5531
98.8132
96.8212
99.3028
97.3536
100.698
98.7888
99.6648
97.7499
95.5717
97.5967
98.4714
96.7274
100.128
97.0002
98.2043
97.7383
97.0301
95.965
101.048
96.0325
97.2574
99.0309
98.5233
100.498
95.58
95.5792
99.5572
98.6012
96.6368
94.7547
98.4704
97.7837
97.5476
99.1779
95.5171
98.3662
97.5047
97.7877
97.97
97.4304
99.4515
96.2237
100.355
96.4035
95.6549
97.9511
96.3163
97.8928
100.217
96.5889
96.8104
98.3037
94.5715
97.2069
97.811
98.3598
98.3882
97.4081
100.093
101.036
96.8322
97.5389
97.0006
97.5236
96.2167
98.5505
97.9655
99.8042
98.9939
94.2535
100.234
98.8068
97.6367
97.0687
96.4835
100.509
99.2945
95.7337
97.3777
96.1255
97.0766
96.7215
97.835
100.205
97.8945
97.8473
98.8196
96.8719
96.9795
100.323
99.1969
99.4905
98.3451
98.0619
96.1692
100.033
96.8674
97.2016
98.0096
96.9771
98.2565
96.7715
97.5164
96.9042
97.6569
97.6491
98.4564
98.1491
97.7232
97.9286
98.2294
98.9894
97.7431
99.7517
96.2353
95.9653
97.2097
98.6427
102.812
96.5671
97.7788
98.2137
99.0387
96.7183
98.5679
96.5876
96.2437
99.6563
97.9526
97.934
96.9038
97.891
97.9748
97.0164
97.0858
97.4008
95.5713
98.7249
96.4561
98.9515
99.1211
98.2969
99.5224
95.7687
96.9475
96.465
99.242
98.1838
96.3136
98.4289
102.208
99.4278
97.8626
100.54
95.1157
95.0175
96.2143
101.047
97.4599
98.6199
97.4263
96.1861
95.8089
95.0788
100.623
97.6249
97.9469
99.8446
98.1548
96.5484
95.3742
96.9872
98.3047
98.4961
98.4086
98.4702
98.1437
96.0744
96.4123
98.5291
97.092
98.7322
97.4766
97.79
96.9811
97.4087
97.6656
95.2787
98.3235
99.7369
98.1129
99.0255
98.679
95.2308
98.4032
97.7405
100.868
98.8027
96.6235
96.2572
97.2703
95.5807
96.479
94.732
97.7481
96.3283
96.123
99.3736
99.0201
96.8876
95.2508
97.0627
92.7722
97.7529
95.2548
97.9209
101.104
99.3635
97.5692
96.7045
99.2792
96.5062
99.0217
96.0683
98.9465
98.492
98.6366
94.8041
94.6008
96.3098
99.0706
96.9874
96.8856
100.853
99.5843
97.9448
96.5566
93.9614
98.0226
98.3048
97.0512
98.5373
98.8531
98.6911
96.1656
100.217
98.0024
98.3536
97.3631
98.1295
100.49
101.113
97.5471
96.3135
95.1187
98.1435
97.2557
95.8639
99.2251
97.899
97.1315
95.9279
96.1888
98.0542
97.9374
99.3102
98.137
96.6371
99.3217
96.1342
95.0978
94.9267
99.2117
97.104
96.1314
98.2223
97.1931
99.5188
97.0767
97.5798
99.8488
94.5908
97.675
96.3623
99.723
97.5341
96.0975
100.952
99.2975
98.9411
95.6642
97.2845
101.78
98.6745
98.3971
94.4421
100.621
96.4529
96.0758
97.8934
96.2935
99.4389
97.1303
96.562
97.8479
96.275
98.6891
97.4267
97.9295
97.8766
97.2943
95.9877
96.748
98.9536
96.0552
98.3138
97.7874
97.2856
98.3828
98.0043
96.7626
98.2081
95.5357
97.3238
100.358
98.6714
97.6994
98.9725
98.034
99.2687
98.8725
97.3641
97.8865
97.8384
100.21
96.8452
98.7796
97.2036
98.633
93.6768
96.6844
97.1169
101.08
98.5837
97.1338
96.7205
98.7914
101.316
95.364
97.7764
97.9068
98.7603
98.1761
98.1532
98.3765
95.0087
97.0503
97.8957
97.7007
98.6067
98.5647
97.9432
97.9127
98.6587
97.9527
97.8739
100.008
99.132
95.2576
97.0343
98.1444
97.2877
95.7325
97.5866
97.5231
96.0746
96.9616
98.0785
96.1618
97.3562
97.1118
95.6661
98.3785
96.3668
98.3166
96.6181
99.0536
97.6312
98.9503
95.8088
98.0666
97.0312
96.9376
98.8491
97.2906
96.5721
96.7888
98.2986
98.8335
98.5616
97.5589
99.7451
96.0139
96.0723
101.313
97.8763
97.1468
96.8486
96.4059
97.7097
96.2871
98.4771
100.44
98.4569
93.9722
96.7307
96.8769
98.4324
98.1368
99.7209
98.5841
97.4321
98.6058
100.402
100.321
99.9242
97.8641
94.8514
98.8631
98.4606
97.39
100.743
100.576
97.5389
97.3221
97.2605
98.9544
100.046
94.5065
97.3472
96.3275
97.9008
96.466
96.9179
99.7245
95.284
96.7614
100.742
97.3272
99.1733
99.5968
99.5271
97.9854
98.1398
101.166
99.4916
100.063
96.9996
97.7698
98.6814
94.6426
97.0187
97.025
98.4892
96.7981
97.6278
97.781
98.4137
97.8675
99.3404
97.3006
98.3286
97.7993
97.6321
97.1366
95.8721
98.4556
98.9361
96.9637
95.9796
98.6144
94.9207
95.7933
98.8395
96.668
99.7751
97.9004
97.7238
98.1935
95.4449
97.8725
97.1643
95.2918
97.8659
94.3005
95.7697
95.9356
99.948
98.3228
95.695
97.1996
96.3798
99.1812
97.5991
95.265
98.2253
97.2066
99.8483
99.569
98.4447
96.2143
96.3802
98.0911
96.966
96.7862
96.7389
98.3544
96.6912
100.116
100.767
97.8382
98.7051
98.7479
99.4749
100.469
98.1359
98.058
97.9475
98.2618
97.2234
99.1098
97.8252
99.1897
97.456
96.9878
99.4262
97.7329
97.7965
96.954
97.7462
96.6028
95.8807
96.8257
97.0898
99.1861
98.7463
96.9128
98.3918
95.7881
97.5183
100.158
97.3755
96.0428
99.6173
96.0469
97.7043
97.7274
98.2844
99.3881
97.0177
97.311
99.0992
95.1227
95.7913
95.0192
96.9553
96.9555
96.9383
100.524
98.4694
98.1935
99.7292
97.1393
98.5336
96.3568
97.3763
98.3166
96.9908
99.3261
99.0461
95.8309
94.1141
97.4726
93.629
97.5336
95.6463
99.1417
95.7813
94.6744
98.6369
97.3077
99.3671
98.7438
99.0369
97.0215
97.5991
100.019
97.9199
97.2004
94.1643
98.3315
96.8352
95.5735
99.2175
97.7673
99.3479
97.0374
97.6109
95.2436
98.2206
96.8869
99.2661
97.8144
95.5255
97.8321
95.0344
96.8906
96.201
98.8508
96.9584
98.1241
98.9333
97.1524
98.7292
96.2398
95.6435
96.3573
94.1086
96.5114
95.0593
98.4389
97.1408
97.261
96.7301
98.3822
97.731
96.0348
100.164
97.9903
96.4827
99.6093
98.7713
99.7353
97.9098
97.7266
97.8909
96.4425
96.5022
99.2422
99.017
99.3178
97.7754
98.3334
99.1692
95.408
95.9252
98.2556
95.2635
97.536
99.5072
94.0588
96.3124
96.5877
96.3812
96.7093
95.724
97.4501
98.7646
97.7721
97.2553
98.929
98.6524
94.3258
98.7816
96.3951
95.4944
97.9648
94.021
97.9558
96.4044
101.808
96.9791
95.2346
98.4549
100.607
98.3449
101.41
99.173
99.2663
100.01
99.8018
96.747
97.1136
99.8997
96.0737
96.0764
96.1098
98.9969
96.2639
97.7748
98.9171
97.5386
98.271
97.1208
93.6301
95.8257
98.3268
99.1083
95.8725
94.4644
99.928
95.4931
97.2221
99.0006
98.0322
100.018
97.2554
97.6159
95.8957
97.9014
95.1488
97.3235
95.7968
96.2872
99.4054
97.3355
98.6022
97.7309
99.5297
98.0488
95.5503
99.6701
98.9918
100.03
98.3313
97.0154
97.9227
98.0246
97.335
97.5214
96.7779
94.6571
98.4538
96.6449
97.6791
97.7465
96.4667
101.24
96.1786
96.6975
97.845
97.0671
97.3009
95.3659
99.3045
96.477
96.7787
97.5915
98.3969
98.051
95.7291
98.8678
97.4463
96.9495
97.2918
97.2831
98.5938
100.387
98.2224
95.9822
97.5429
98.9674
97.9559
97.0183
98.4373
98.3185
99.6169
100.146
100.826
95.0121
97.6636
99.5129
96.4846
100.566
98.9904
101.324
98.5264
97.2144
101.346
99.2745
100.22
101.839
96.23
97.8753
94.5777
97.0177
97.4721
98.9664
94.7702
97.5317
95.6643
96.261
98.3773
97.6086
98.7958
97.0151
97.1065
98.2841
98.698
96.9496
98.8862
100.147
96.7207
98.988
98.6734
98.029
99.9927
98.1885
99.3793
96.3894
97.276
95.4144
97.7888
98.0434
98.5148
100.278
97.9055
98.4214
100.578
100.695
99.2123
100.748
95.0526
98.3329
98.9992
96.5505
95.4334
97.8813
98.7904
95.367
99.0215
96.1262
98.3878
97.3714
97.581
98.1814
99.0101
96.191
96.9214
97.8261
94.6899
98.7333
96.4125
96.7904
95.9576
98.1161
98.4176
99.2724
98.0612
101.07
98.0101
95.0982
98.4794
97.7743
96.1857
97.6432
99.6519
97.8901
99.4101
97.8104
98.0475
99.8059
98.4414
98.2397
98.7575
100.752
97.9008
98.0327
98.1445
97.2216
95.2794
96.566
97.8127
96.9549
97.5256
96.2604
99.2413
97.6245
97.1227
102.324
97.7723
97.7401
93.3813
98.9042
99.2098
96.4098
98.697
98.5759
99.1779
97.8479
96.613
95.5155
97.9227
97.5503
98.8227
101.074
97.2226
96.2931
95.2307
98.0699
98.7774
98.0541
94.6581
97.1917
100.835
93.3411
98.0629
95.9163
96.6609
95.9145
96.9692
97.8733
98.1079
95.8896
96.7199
100.032
95.6777
98.0401
99.521
100.183
99.5807
97.6718
96.1726
98.6181
101.348
98.2094
96.5026
95.7938
97.1933
98.1042
100.694
96.5455
99.5669
98.4619
97.8016
98.0357
97.0178
98.8195
96.6795
97.4127
96.2139
97.2856
97.2821
99.9568
98.3587
97.3545
96.9393
95.9103
97.2589
98.499
98.9131
98.601
96.7285
93.128
95.3805
97.2656
99.4411
96.3059
97.7955
96.5115
96.955
96.3093
97.8952
96.3902
95.1042
99.1466
95.989
101.178
96.484
100.174
96.7887
97.1667
95.1998
98.3741
98.7657
96.4901
96.1786
98.9169
98.3898
97.8446
97.7549
98.6509
100.461
97.0412
99.4409
103.073
97.4811
98.7385
98.2526
98.2178
96.8755
99.0728
99.7579
95.7295
97.8
97.8138
100.314
98.4776
95.803
96.383
93.6893
97.9597
97.073
98.353
98.0927
100.386
98.0931
98.8367
97.2917
95.998
96.0299
97.9334
98.7569
97.7765
100.135
98.9325
99.0599
97.9199
97.9597
96.0759
98.9333
97.1069
96.3196
96.4591
97.99
95.4308
97.7337
100.055
97.1515
99.6134
95.9074
98.7467
99.0823
96.9302
99.6318
98.9461
97.1461
96.7811
97.2261
99.2691
97.3921
100.78
98.9615
97.7317
98.7741
96.279
93.3855
94.945
98.5454
98.8099
99.6364
96.9857
94.518
97.0999
93.7415
101.67
95.5849
97.8531
97.8858
98.2565
98.3018
101.385
97.7804
97.6126
96.7178
99.4914
97.3761
95.892
97.159
96.0954
97.1668
99.3648
97.3521
95.3807
98.659
100.867
95.8066
97.5968
96.0886
97.8627
100.098
98.9068
96.7779
97.9507
97.5142
98.6617
95.8345
98.7408
95.1782
95.8256
97.9303
97.066
95.6122
95.5747
99.401
96.7431
99.2957
98.3141
99.0411
97.3062
96.8738
95.7621
95.5066
97.4553
99.4358
101.035
97.2766
96.8148
96.7753
98.8808
98.1621
97.6066
96.2521
99.8052
96.7473
99.1735
99.2543
99.9125
97.5012
99.4692
97.9329
98.9572
96.2814
98.1138
97.8976
98.9299
96.8779
96.4561
98.5598
97.238
99.5608
96.8225
97.3451
98.9831
97.4806
94.8491
95.4447
99.3215
99.5565
96.3454
95.8522
95.8142
99.3803
98.6899
95.5498
99.3746
98.2467
96.2647
95.7907
98.1595
98.1623
99.9869
97.3435
97.8082
94.3185
98.1665
99.8588
96.952
98.103
98.1023
97.5443
96.6071
99.8642
95.7876
102.782
98.4373
98.0871
95.0825
94.4509
99.4669
97.8656
98.917
98.1363
99.4085
97.005
96.0184
97.5459
96.2579
97.8716
96.2648
94.6437
96.9363
99.1856
95.1988
97.1462
95.3093
97.451
97.5354
98.3686
97.0359
96.8995
96.4681
98.1926
98.3846
98.6485
98.186
97.6336
97.1203
98.8621
97.5268
96.7362
97.8036
96.5518
99.2472
95.6526
99.0391
98.9169
94.4454
99.7827
98.4555
97.7349
98.7592
97.3454
98.716
96.0987
99.298
97.7328
98.8321
95.8881
96.8
98.2894
95.1988
95.3325
100.198
96.7225
98.3006
97.8589
95.241
101.82
98.71
95.6583
96.6583
97.2909
97.3661
100.1
99.1804
99.1368
97.4493
98.8253
99.5511
98.4173
99.4695
96.5576
95.9883
98.205
99.9362
99.0665
96.0917
97.1894
97.9081
97.4373
98.9157
99.5445
96.8809
97.19
99.6286
100.225
96.0946
95.4137
97.5519
98.4674
99.9441
96.9631
97.8853
98.052
99.3636
98.7588
95.1768
99.8385
98.836
96.3226
98.4063
97.1721
99.2985
94.0399
101.187
97.1372
98.1379
98.1362
96.5446
99.5771
99.5629
97.8028
98.2035
97.6051
99.1795
96.1659
97.8995
96.6112
97.347
94.4619
95.7713
95.7356
98.0965
99.2401
97.5142
97.7349
98.8875
97.2001
95.6591
95.4077
94.0564
97.8869
99.633
100.049
100.694
96.2702
98.5241
97.9357
96.1746
99.5884
100.415
98.1633
96.1102
95.0359
97.7171
95.1533
98.1785
95.1714
99.4711
96.4506
95.9076
100.173
97.6026
96.1243
95.7569
98.8208
96.542
98.8326
98.5811
98.0557
98.9729
98.1219
99.1013
97.9492
94.4301
97.9608
98.494
98.2569
99.1206
93.4354
100.094
95.729
99.781
98.9238
97.1742
98.5786
98.5183
96.0405
95.044
96.8572
99.7765
95.2175
97.8313
96.2368
97.2772
97.4419
97.0744
101.214
98.7046
98.1738
97.6604
97.185
99.8371
98.9735
95.8097
95.3011
96.6705
98.4275
98.1517
98.4424
100.222
97.6363
95.5488
97.3498
96.2548
96.7469
98.2579
97.6878
97.8673
97.4809
97.8886
100.017
98.0602
98.2217
98.0427
99.7041
97.7509
96.9974
99.207
99.2742
96.8444
99.9874
98.6413
95.8042
97.7653
101.29
101.15
97.8904
98.0622
96.9339
93.8863
96.526
94.9294
95.4812
100.832
96.4698
97.4929
97.7846
98.9995
97.3162
97.424
96.0756
97.0546
98.0272
99.8656
97.7398
95.9009
96.7619
98.3648
95.8381
97.0958
98.8365
99.4061
93.922
98.867
97.8357
99.2658
97.9104
100.354
97.3072
97.3927
98.8106
101.369
94.8935
98.7049
96.6714
96.7731
95.0296
97.4194
98.5663
96.6906
98.4012
96.4003
99.2727
95.5394
97.6854
98.1704
94.0431
96.8756
97.8398
99.3936
99.7487
97.5004
97.0253
99.0031
98.9373
95.2533
100.328
97.4919
94.8702
96.7751
97.0717
97.8524
98.7759
97.079
93.6811
99.1309
98.1996
98.1203
99.3641
96.4125
96.1927
97.1083
97.159
96.928
98.4216
95.873
98.0773
98.5413
98.9232
97.4045
97.7019
97.5837
96.9651
96.671
98.9534
96.1566
94.5931
99.5661
97.8414
97.2344
95.7762
93.1735
98.3928
95.967
95.6372
96.7141
97.2468
96.8702
98.2775
97.2398
100.068
98.4398
96.2432
99.7874
99.2897
95.7892
96.7401
100.276
94.3654
96.941
96.9293
97.3441
97.4351
98.2755
96.3441
96.7896
99.1035
97.3624
95.8339
97.9662
96.034
100.522
95.9647
96.9487
97.9081
97.628
95.6884
98.1071
98.7484
97.6324
99.2749
95.8003
96.3932
100.266
97.0973
96.259
97.4656
98.1324
97.8105
99.5881
98.3048
99.0459
98.402
97.8351
100.727
99.0705
98.3547
97.2866
98.3608
97.832
96.7491
94.2482
98.3408
97.7155
95.5451
99.9156
98.9026
98.2149
98.0694
99.5449
97.3724
96.056
98.9376
97.145
96.972
98.3941
97.5972
98.9469
95.9832
100.528
97.4953
98.0761
98.901
97.5747
102.322
95.9548
98.3561
98.1909
96.6024
95.5626
98.104
96.0033
97.3632
97.0694
98.8999
98.9317
101.488
97.3934
97.8621
99.2761
95.1077
97.1593
98.291
95.8405
98.1031
97.0485
96.7413
97.0375
98.1424
95.9754
100.051
97.459
96.2518
97.7487
100.636
98.0521
98.3678
97.5424
99.7943
96.3155
96.1163
98.8
94.1649
100.179
97.6567
98.4407
97.0757
99.3048
97.5809
100.6
100.165
99.4183
96.7956
96.8948
95.8366
96.6071
96.5208
98.0825
96.9968
99.5518
96.5672
95.3158
98.3036
96.7664
98.8235
97.3962
95.8492
98.0622
98.7537
99.6557
96.27
96.7953
94.1068
97.2417
99.6054
98.0131
99.0013
101.066
99.1785
98.1673
96.2271
97.2379
96.9449
98.3917
98.5848
97.172
97.3257
99.6688
97.1105
97.5701
98.2475
100.742
98.6441
97.6523
95.7463
99.0508
98.3525
94.5541
97.3041
95.6596
96.4613
97.7325
99.0524
97.8717
98.5281
97.8311
97.4373
98.1874
99.5074
99.9399
98.4593
100.279
96.0569
99.5419
98.91
93.751
96.9235
100.107
96.1176
97.2752
96.6964
99.7893
96.2985
97.166
96.8119
98.7381
98.5815
95.6017
98.5876
100.798
97.7438
96.72
99.1709
99.0716
96.4612
98.003
96.4511
99.3637
100.222
96.7944
97.4751
95.8783
97.7591
99.5309
97.7789
98.5515
99.3156
98.7638
98.3461
97.4945
97.41
97.9088
94.9464
100.576
98.4523
95.729
100.471
96.5961
96.6917
97.5836
98.6695
98.1419
94.9722
98.5262
95.8138
98.6046
96.6049
98.814
100.124
97.7888
96.8639
98.3131
100.294
96.6487
96.5591
98.5689
98.7357
99.0019
96.1857
96.4842
100.496
96.8455
96.7538
98.3704
97.0674
97.6467
97.5016
98.5815
97.7201
98.1079
98.1186
100.208
97.5861
99.5846
98.5168
99.0071
98.4076
95.9895
98.9638
98.7067
97.9076
98.0724
96.9364
97.6016
98.9985
96.0334
96.626
96.9571
98.1387
97.1192
98.7407
96.2384
97.3292
95.6645
96.8729
98.1099
96.5848
95.7046
96.0357
100.296
100.459
96.9897
95.6786
98.1152
99.9283
99.0461
96.0652
97.8291
98.8291
98.47
96.8164
98.4328
99.7258
94.6268
97.8645
97.1339
97.1883
97.574
95.84
96.2038
97.8427
97.3768
94.7255
99.1415
97.9676
96.5252
96.6194
97.545
98.9867
95.7015
100.383
95.8545
99.2596
98.8611
99.325
101.047
97.7844
95.9419
98.1702
97.9133
98.4996
97.8383
98.533
97.28
95.0712
94.6983
96.5331
96.5086
97.0565
96.795
98.4841
95.031
97.9231
92.9332
95.5305
95.4443
97.3998
100.102
98.6559
99.6387
97.9946
100.097
95.1527
98.8422
98.4616
98.5293
98.5403
100.795
97.3539
98.7811
98.4296
98.0013
97.6572
101.031
98.5134
97.9284
95.9912
97.1853
98.3755
96.7481
95.8738
95.4765
95.8437
97.6248
100.107
98.608
100.141
99.4984
99.5806
97.7933
100.205
99.5308
98.8508
96.8206
97.8275
98.2822
97.8028
96.2455
97.3447
96.797
99.4805
97.2067
97.1114
96.0704
97.6449
98.1244
96.514
93.5067
98.2526
96.8763
97.8933
94.7693
100.631
96.6717
98.0837
96.5471
98.3455
95.8628
99.4611
96.6176
98.6106
97.773
98.4794
100.667
100.295
97.2
95.351
98.0496
98.6554
100.024
99.3427
97.4662
99.5066
94.8726
95.8897
98.2616
96.5456
97.7241
95.1777
99.1884
96.9167
101.058
96.3464
97.7149
95.8956
97.6812
96.3216
97.7059
97.4195
94.7356
98.1647
97.2026
97.9158
98.1082
98.2957
97.3637
98.4571
99.1473
98.0211
96.6102
99.0178
98.2172
96.216
97.862
97.4049
99.6266
96.7152
96.9742
98.9117
96.6737
97.7613
96.0251
96.9208
100.53
98.4437
96.7121
98.5158
97.7629
94.3861
99.1639
95.0195
97.9233
97.8492
94.6301
99.2918
97.6911
96.0503
95.5459
101.577
102.001
96.407
99.3987
98.2853
97.681
99.6887
96.995
100.859
95.9538
96.6486
96.8876
97.9737
92.5418
102.075
99.9485
98.9282
98.5658
95.8976
99.1008
100.399
98.7888
95.9348
98.0639
99.2891
96.2436
97.8098
95.9054
94.849
97.5401
97.0592
100.335
98.4731
97.5577
98.1031
99.9181
94.9671
100.426
100.531
99.871
95.8636
97.9621
97.5536
97.6214
99.299
94.8201
95.5936
98.2022
97.603
96.6616
96.953
98.9068
99.4492
99.3946
100.24
96.3616
98.6074
98.4469
96.8072
97.8881
98.7174
97.9245
99.0128
98.2354
97.1437
96.8682
95.4337
97.4637
96.925
97.15
97.3237
97.1157
96.912
94.7786
96.3152
98.7658
98.9503
98.2674
97.6324
100.906
101.437
98.44
99.6704
97.6073
97.4828
97.0435
97.3004
98.8567
100.364
95.5729
99.9926
97.7378
97.2811
99.3969
98.377
97.7235
96.4115
98.0468
97.4942
96.9714
96.3748
98.2015
99.7149
98.2856
98.7959
98.214
100.042
98.1379
98.5908
95.3457
99.0183
95.63
98.8966
96.0002
98.3127
97.3554
97.5816
95.1138
97.935
100.569
97.7923
96.1697
99.7275
101.433
96.4563
97.4545
98.4153
95.101
98.0037
96.9169
100.233
95.5453
100
99.3559
94.9286
97.3378
96.8968
99.2628
98.9205
99.0251
98.1115
99.4206
99.188
99.5596
98.3943
98.3669
97.0349
99.1867
95.5358
100.181
95.7461
98.8139
97.5882
97.6635
97.711
96.8476
98.2065
97.2887
96.9769
98.3447
97.0786
96.5048
96.4589
96.2724
99.0917
96.5208
97.1827
97.9758
94.292
100.298
98.8538
94.1497
97.6387
99.6104
97.9819
98.4088
98.1059
99.0749
96.9423
101.037
96.2178
95.9792
95.477
99.9563
98.508
97.3315
101.959
98.8574
99.7435
95.6229
98.6681
98.1467
97.9232
96.4267
97.6646
96.2375
98.8496
98.0058
98.4443
99.0802
97.8101
95.0846
96.7762
98.0148
94.4926
97.483
99.2245
98.2493
101.595
97.0598
96.4152
99.2947
97.2896
97.903
99.68
98.2592
98.5095
96.3935
97.2117
101.238
98.043
98.3772
98.7047
98.8798
95.5153
96.7616
98.3113
98.2279
99.7065
98.8318
98.1153
97.662
96.3407
95.8233
97.1657
95.5725
97.7947
97.112
99.2131
100.993
97.5308
97.4438
97.5301
95.838
98.3643
98.3331
98.5674
98.5896
98.6973
96.7126
96.127
98.0821
96.8333
98.2625
97.5225
97.2723
96.6268
95.0882
94.8641
98.157
94.7447
97.4921
99.0826
98.8102
100.63
96.5848
97.2255
97.9409
98.3753
98.8012
95.7337
99.6017
96.0692
97.7637
97.5978
98.7795
97.6616
97.1905
96.4301
96.1979
97.7066
97.4521
95.9331
99.2549
98.9602
99.2162
97.6107
96.5435
99.2332
99.403
96.1171
97.7656
96.9796
97.8104
97.7081
97.2974
98.4218
98.9937
99.477
101.591
98.3992
98.5051
97.893
96.4888
94.8319
98.8041
98.5022
97.8996
97.9807
95.4064
96.7652
97.6389
97.6297
98.6742
97.388
96.726
94.7236
95.5548
98.471
96.9013
99.2771
98.5668
99.2004
99.4466
97.2533
98.019
98.4487
97.3195
99.318
98.3638
95.5515
96.3383
95.9034
98.8299
98.5776
97.63
97.2617
95.8194
98.4119
97.4981
95.4889
96.1474
96.6509
97.5317
99.4009
98.655
99.6283
96.8902
97.2237
100.211
97.0475
97.1614
98.2099
96.8593
98.1984
99.2084
99.1477
99.3536
95.6052
98.121
95.6242
97.5698
100.22
98.0424
99.4721
99.0251
98.9112
98.1828
96.5173
98.1977
99.1842
91.8769
94.3355
96.7142
98.0834
100.368
96.2992
99.8936
96.619
95.9813
97.8562
97.7752
97.0052
97.5596
98.7844
98.7362
94.0587
96.2731
98.2906
97.3126
98.8641
96.9809
97.1019
98.6358
97.8642
98.9369
97.6846
96.7466
95.4828
95.8999
99.0722
97.5098
95.4017
98.428
97.2462
97.0735
97.6777
102.384
100.493
97.5771
98.854
94.5951
97.1278
98.7929
96.1781
94.7851
97.5151
97.8315
99.7343
98.7334
96.7651
97.7597
98.7311
95.7901
99.0214
96.2681
95.7696
101.143
97.2334
96.2103
94.4066
98.0412
95.4131
96.6905
98.5054
98.7573
96.1084
97.8548
98.6197
101.458
98.6665
96.8978
96.8712
97.5699
97.9674
98.465
96.6188
99.7241
98.3622
98.6103
98.0337
98.5827
97.8115
100.771
99.4131
98.3438
98.4491
99.1245
97.8181
98.1324
99.792
95.8099
98.4642
99.8582
98.3488
100.038
97.2236
98.6026
99.3603
98.5501
99.0531
101.814
99.5057
100.005
96.4008
99.5612
98.3281
97.854
97.4298
96.9818
99.301
97.6493
96.2868
98.8244
96.3681
96.5014
100.463
98.9815
97.7828
98.6998
96.4539
98.4138
96.8596
98.5962
96.649
98.5199
96.3177
99.157
99.4715
98.5503
97.972
99.5464
95.9764
96.1694
95.3929
97.6948
100.654
98.1709
98.3524
97.1151
96.7236
98.0253
98.9155
98.179
97.3741
99.474
97.5744
97.7139
98.8377
99.8751
99.8277
96.6382
97.9892
96.6048
98.06
98.7418
98.0526
95.2967
99.8339
98.3359
100.669
101.713
97.643
96.364
96.1918
97.9655
96.3566
100.269
97.3607
95.7216
96.9199
96.9383
97.466
96.2343
98.0073
95.4815
97.1696
95.1452
95.497
96.9686
95.9866
96.7746
97.9616
98.18
98.7769
96.0932
96.7146
99.9331
95.5586
99.4075
98.1814
101.953
99.0929
100.927
97.2504
100.556
98.826
98.9684
96.1997
98.7154
99.4005
96.4877
96.6139
97.2243
96.8663
100.905
97.3219
98.3516
97.8539
96.3818
101.55
99.2816
97.5481
96.29
95.5783
99.183
95.459
99.993
97.302
99.4904
98.6656
98.4135
101.999
97.9282
96.8788
94.5018
98.7095
100.345
96.4955
98.8903
97.0373
97.2025
100.741
97.5228
97.3233
98.3398
98.6969
97.2584
98.1297
93.5833
99.0888
98.0028
97.5515
95.5078
98.9036
98.2395
96.4202
98.8734
97.3642
97.6394
97.1417
95.8544
99.3667
97.9347
96.9214
96.8473
99.5761
95.9713
96.8214
96.1045
97.1204
96.2431
97.0841
96.5238
95.8852
98.7126
97.2253
99.0534
98.5635
95.6423
98.1845
97.5649
94.2862
94.9516
97.9128
96.5017
98.4943
97.847
95.9355
97.1164
99.9374
100.079
93.6229
96.8061
96.0366
99.9314
100.887
95.8223
99.325
101.155
98.6014
97.3008
98.8154
97.0132
98.3583
98.807
98.5549
97.1791
98.4457
99.1863
99.7904
98.7066
95.9899
96.349
98.8296
98.0437
98.3661
95.9591
98.4805
96.1364
98.3114
97.6176
99.1044
97.2648
97.723
96.8674
100.045
97.4414
97.0779
96.8575
95.4276
100.537
97.3491
100.047
99.8168
95.6185
97.7703
99.0598
99.0463
98.7519
98.1195
95.3916
96.4196
97.0741
98.2127
95.5747
98.903
97.0433
99.4841
95.3015
97.0531
95.9636
99.4369
97.3942
100.023
97.1002
99.6796
96.4018
95.494
98.478
97.3849
97.0806
96.4421
96.6673
96.1128
98.6322
97.0787
95.1278
98.6261
101.759
99.1564
97.1215
96.6074
99.3565
99.9433
97.3555
96.6077
99.6666
98.4863
96.7703
96.4435
100.709
93.7177
98.5782
100.117
95.2364
96.5357
96.8104
97.5492
98.6593
97.1257
99.5702
98.9453
99.174
96.3233
99.4917
97.4546
94.7605
97.1932
98.3004
94.6009
99.8477
95.5605
100.351
98.2359
98.1071
99.0994
97.7071
99.0871
98.6804
94.5085
98.5463
94.7398
99.9816
100.01
97.0427
97.3684
99.9782
96.5299
97.7747
99.0055
102.325
97.9993
97.5999
96.7936
98.2646
95.8148
97.4831
95.9339
97.0171
98.6975
98.1859
99.5661
97.6552
96.4814
97.0803
98.1663
95.5856
95.9776
96.8946
98.3564
97.7507
96.7981
96.8767
98.0166
97.4669
98.5157
99.6929
98.8368
97.5715
98.0084
97.8334
95.7871
98.0259
94.9044
98.1829
97.9192
98.6705
96.7702
100.204
97.7778
97.2709
98.6329
97.405
98.5388
97.3374
98.5513
97.6236
100.209
96.0391
94.4275
96.5896
99.9419
95.246
97.3817
95.864
97.7807
97.9515
96.0695
100.362
98.1568
97.6784
97.154
94.8437
97.8093
100.306
97.8507
97.3415
97.6201
98.1819
99.5593
96.7786
99.0973
99.1558
96.4508
94.4167
99.6876
95.9606
94.109
97.5095
98.8599
97.2648
98.3664
95.4374
96.224
99.8951
98.1564
97.699
95.8231
98.7568
93.8876
98.8737
96.8067
97.1133
96.2808
96.8575
96.7454
95.6633
96.9004
99.8153
96.8617
98.1958
97.1324
100.497
97.3037
98.1528
96.7904
97.4382
94.7727
101.054
98.9332
100.319
100.08
95.4095
95.3042
97.038
97.7745
97.637
98.0538
97.2637
99.2719
97.6572
93.5816
97.7265
97.8993
97.168
97.5672
96.5494
98.7186
97.5426
97.2256
100.539
99.5291
97.3192
97.9887
99.4139
97.9737
96.9176
98.5942
95.5175
98.5336
99.1717
99.5171
101.967
97.389
95.9285
96.8637
99.4718
101.775
97.3037
96.8957
98.512
98.3051
98.3512
99.9691
95.9125
98.4672
98.1832
97.2242
95.832
98.9588
99.2999
99.4756
97.8041
97.0008
98.907
96.6724
99.7212
97.6396
97.6089
98.5847
99.3361
97.8992
99.4498
99.2978
99.7968
97.3738
100.836
96.7613
99.9947
96.81
98.4141
95.9379
99.8083
96.1668
95.481
97.6464
99.4533
97.6255
95.1051
96.2261
99.6503
98.7297
97.3624
99.0243
96.5336
96.4206
97.1898
97.4812
98.2425
97.3348
94.2238
100.167
99.8053
97.3849
98.5028
99.5991
95.6222
95.5163
98.1126
94.1354
97.6334
97.1599
98.5633
99.5016
98.5862
96.8254
98.3979
98.9394
97.4348
97.9811
96.3613
99.1653
97.4085
97.2603
95.9676
99.5273
96.3952
96.8087
97.5424
97.2361
96.8704
99.7331
98.046
96.3902
97.6333
100.576
97.0057
96.1989
98.3579
97.0488
99.6164
98.0541
95.3912
94.9954
97.6951
96.7799
100.32
97.2945
98.7785
97.105
98.1106
98.3077
99.7176
99.4683
96.7483
97.7207
96.6823
98.1417
96.2562
97.6266
94.8696
96.5526
98.7602
96.6453
97.5449
98.4851
96.2849
97.5384
97.7975
100.75
98.2094
99.0576
98.2019
97.6919
92.5884
98.6956
97.9917
99.2855
96.3655
98.3143
99.2132
96.081
100.426
97.6197
100.17
97.7176
97.0445
98.8164
96.9644
93.8983
99.4848
100.265
96.1644
93.7449
98.1598
98.1859
96.9339
96.9343
98.6737
101.435
96.021
97.3616
96.4801
98.4451
96.2435
99.2776
97.7939
97.5176
98.4327
100.585
96.7166
99.2294
95.5347
99.4323
98.7435
98.0534
98.8294
96.4546
99.3398
99.3932
98.9333
97.9021
97.9259
96.3596
100.248
97.1133
99.1392
96.4385
98.0111
96.6906
94.7246
97.2897
98.9005
96.7038
98.8185
99.4334
97.5175
98.8295
96.6061
98.4521
99.8525
99.7922
97.3082
102.407
100.032
99.0727
97.1885
97.7996
97.5737
98.5933
96.7601
95.7088
96.2212
100.094
99.4502
98.8091
98.7507
98.4491
98.6312
95.7787
99.5647
97.1289
97.8488
97.8367
96.3569
99.3492
96.3737
98.7849
100.324
95.9992
97.8931
96.9069
96.4755
100.876
98.478
98.8081
98.2925
97.1317
95.7504
98.1192
96.3154
99.4139
98.0645
96.2851
96.6851
96.3035
96.6745
98.9058
98.2922
96.3842
96.3183
97.2591
96.0444
101.881
96.8446
99.6584
98.6407
99.0196
99.9712
96.5798
97.0284
97.3567
96.4209
98.46
98.6986
97.0148
98.872
98.209
94.6579
98.0768
95.6892
97.1213
96.0806
99.4643
96.7077
99.3672
97.2853
95.516
101.146
96.8611
100.121
100.495
97.5681
96.7435
99.4715
96.0225
97.2257
97.7629
96.4176
97.4836
98.3192
95.6121
97.3708
99.2102
94.6757
98.3921
100.351
99.0045
99.3983
97.1697
98.4319
97.0287
100.896
100.626
99.1145
97.3583
96.741
98.8418
100.052
97.5658
95.2684
100.345
96.1008
98.1234
98.474
100.906
95.6582
97.7374
96.2679
100.222
99.9265
97.1572
96.3175
97.876
97.8208
96.938
99.539
99.5825
98.5392
98.049
98.5331
99.1052
100.255
101.9
97.4212
95.3219
95.1798
101.926
100.98
96.6513
97.5235
98.9562
97.6595
97.6579
97.7627
100.127
100.323
101.059
96.9534
96.0798
98.1033
96.8683
94.2627
95.4847
94.37
98.1721
97.6374
99.9831
99.4666
97.0416
101.914
97.012
97.9245
95.5456
95.7942
95.8239
98.243
97.1956
99.1174
97.5604
99.1288
97.8897
99.3971
98.669
97.2205
97.9503
98.3801
97.2062
96.9306
101.086
97.6701
94.0795
98.9655
97.1897
97.7165
99.2393
97.5248
96.9721
97.6215
95.5528
98.245
98.2358
97.0527
98.7797
98.1307
96.8124
99.7355
99.1623
99.2454
94.8014
97.7352
97.7992
96.1774
99.7079
97.8153
95.5525
99.1736
98.1307
97.9304
98.7172
97.1348
96.2459
99.665
98.3181
98.6675
95.8903
97.5221
95.9704
97.8138
98.5108
98.8511
97.6009
96.7187
96.2294
96.6734
94.4871
96.2151
97.9735
99.2177
97.5076
101.666
100.81
99.4281
96.3012
96.5977
98.8254
97.6863
97.6606
94.8472
97.7213
97.3541
97.8528
100.563
96.6937
96.8895
97.7885
99.0497
96.9837
98.3043
94.3583
96.9564
95.9776
99.0944
98.8486
100.757
97.2192
97.48
96.5233
96.2668
95.6191
96.0824
97.3525
97.0178
103.541
97.2521
98.6595
97.5077
97.4569
100.628
96.0304
97.3997
96.8653
97.4746
99.0742
95.9476
100.601
97.5729
96.8656
99.3304
96.5531
98.2953
96.7981
97.2524
100.374
97.3704
99.1261
98.9887
97.2554
96.2781
98.0314
97.1082
100.163
97.0464
98.6073
92.9942
94.8043
98.1233
100.615
98.073
96.1271
99.6222
99.7559
98.3311
95.9257
99.6558
96.7086
99.1606
99.7977
99.3664
96.9616
99.568
99.2789
96.3263
98.0275
99.943
98.3375
98.6993
97.0321
95.5284
96.1183
98.4419
95.9002
98.3769
95.9643
98.098
99.2568
97.8815
97.0466
96.2781
98.0538
98.6469
97.8993
96.0336
96.992
97.2582
97.3837
97.5815
96.2805
95.9456
98.5446
97.8965
98.1229
96.1798
100.175
95.1959
96.1571
97.1786
98.7828
96.5459
100.468
97.3721
95.8693
99.1291
99.1976
95.4419
96.975
95.6971
95.9387
98.7839
99.1417
96.245
96.7933
97.0615
96.7489
98.0759
94.8813
98.0167
97.2621
98.7517
97.0842
98.8019
100.592
97.9099
99.9774
97.7127
102.616
99.0988
96.6547
99.0538
96.4534
99.9907
96.3621
98.7677
99.7497
96.8705
97.7404
100.777
96.9074
95.1261
95.6392
95.4352
98.5153
100.484
98.0027
96.4539
97.9908
96.4539
97.172
96.907
96.4833
99.3581
97.0097
97.3596
100.44
93.1658
96.5651
97.8394
94.2173
96.9061
96.8524
98.9883
99.3044
99.4555
97.3598
99.3639
100.571
97.5946
98.2797
97.9755
98.1822
96.8698
97.3406
97.5508
100.74
97.9601
98.5236
95.9709
97.0324
98.4599
100.01
98.4075
99.4501
98.8694
97.5696
95.0305
97.483
99.3244
98.4469
98.0574
100.176
98.8306
95.6735
99.5572
94.6549
96.6486
95.2447
96.6319
98.1679
98.3764
97.5915
95.3583
99.2426
99.4887
98.0286
99.0167
98.4469
99.8552
98.537
98.9818
99.1407
99.0516
96.3714
98.4757
95.182
97.8459
98.7309
96.6707
96.7417
97.1736
97.8199
96.4892
97.8828
100.518
94.8261
96.7411
98.2127
97.7663
98.2921
97.2725
97.5835
99.8271
97.8034
94.9451
98.4016
97.3656
98.5376
96.3693
98.4395
97.6424
98.4382
97.8425
98.0132
101.045
96.4549
100.815
97.8721
97.6075
100.552
98.665
95.4284
98.1883
98.9202
100.716
96.7492
98.1797
96.6395
97.2601
99.0002
97.3433
96.2193
94.6228
100.049
97.8866
101.837
96.9748
98.2446
100.765
99.2734
98.3674
99.2763
97.4027
99.7652
98.8608
95.99
101.035
95.4035
94.7001
99.8682
96.5205
99.6554
96.7756
97.3863
96.8766
94.8525
100.478
98.8249
98.7209
97.6744
96.4058
97.7017
95.4628
95.0532
97.9706
98.1981
96.7687
100.503
98.0429
98.3673
99.0239
100.264
100.345
97.1838
96.5293
97.2384
95.9387
99.4252
99.4107
97.2148
97.4412
98.9297
96.262
98.1955
97.9621
96.5389
97.0314
99.0922
97.8263
94.2787
96.0603
98.7028
98.2065
97.8521
95.784
97.9097
97.8129
96.5928
97.6974
97.4808
99.8824
99.6278
100.486
99.7019
94.9527
94.9834
96.9352
97.1832
98.5733
94.1711
96.0712
96.1579
100.398
95.9144
96.1401
96.9442
97.05
96.5406
99.3412
96.423
96.9836
98.9863
96.9495
96.4186
97.8581
95.3096
96.3986
95.5941
97.509
99.0156
96.3542
97.7042
98.6564
98.7655
98.7925
97.8503
97.8708
95.1236
98.2249
97.2806
98.3017
97.147
96.3019
97.2271
97.639
96.4805
98.9764
96.9331
97.7085
99.3015
98.1184
98.4692
98.9107
97.0966
97.6005
98.218
97.874
97.6184
95.8439
95.9129
98.9279
96.5216
96.7163
98.0763
99.4738
94.8152
98.3477
99.6302
97.1037
94.303
98.217
97.6061
94.765
96.395
100.536
93.4433
99.4583
99.6368
96.0678
97.1154
96.5931
94.7271
97.8714
98.2106
100.078
102.379
98.1581
99.5079
98.8591
97.4326
95.3356
98.4836
97.9324
94.068
95.4563
98.2462
98.0943
97.9461
99.593
97.6423
98.9248
98.8219
97.0095
98.4082
98.4619
95.511
96.8788
100.178
99.4076
96.8099
99.7751
95.6276
97.6462
96.2642
97.0237
95.1831
95.8526
96.8324
95.4062
99.2807
99.0074
95.4336
97.1381
97.376
97.0559
97.1205
99.3256
95.4013
98.8114
99.0189
97.9244
97.9488
95.8074
98.1554
99.4027
96.2608
96.3023
98.4649
96.8231
100.262
95.322
99.7003
97.9424
98.4573
98.8058
99.4162
98.2252
98.892
96.6385
99.6363
98.7662
97.2581
100.769
96.498
98.3857
98.1559
101.11
94.7861
96.9753
98.5164
99.9953
97.4509
94.6726
96.1929
96.8108
97.681
97.3892
97.4178
99.207
93.7939
97.7307
98.3951
97.0414
96.5255
101.185
98.9469
98.8822
100.285
97.6709
97.9121
98.026
99.0627
99.0156
99.6208
97.8149
99.105
96.1052
96.1878
97.22
99.5789
97.4023
95.819
97.3253
99.3735
97.6478
98.2322
100.733
97.76
99.3695
98.2607
102.461
99.3039
97.7258
96.8604
99.3812
96.3888
99.0566
97.6336
98.9466
98.4811
94.9914
100.537
101.487
99.2046
97.0135
96.3925
100.027
97.0018
98.4307
95.9577
98.6258
101.288
96.4958
96.4054
96.4321
96.0344
98.2257
97.0917
97.58
98.768
100.3
98.4123
100.831
97.622
96.652
97.2058
95.7198
97.4212
97.5894
98.4183
94.4751
97.7539
94.358
97.4139
96.0327
97.0943
99.0668
98.0101
97.8703
97.6335
97.349
97.8478
98.849
97.595
98.345
98.3221
99.5181
99.3502
96.0535
95.3726
97.5356
