103.333
101.715
99.8485
98.3928
102.181
99.0497
101.082
99.4029
99.9773
101.598
99.8166
99.6183
101.478
99.1924
99.8931
99.7511
98.1703
101.311
99.9602
99.5752
101.24
101.106
101.991
100.034
99.1629
102.002
99.7091
102.265
99.0292
101.241
101.946
100.759
100.636
101.302
102.335
98.6094
103.182
97.9136
101.481
99.2664
99.8823
100.712
102.052
98.0807
102.071
101.498
97.4138
101.379
103.712
99.2491
99.7407
99.2555
103.041
101.741
98.015
101.092
100.76
100.008
100.284
102.171
102.751
98.7957
101.333
102.273
99.8211
102.809
97.4862
99.9383
102.77
101.715
99.8714
101.304
100.966
102.745
98.0141
95.6369
100.18
101.319
98.9694
99.7259
100.618
101.825
102.021
97.3059
98.7134
103.364
100.547
101.574
97.7509
98.382
101
101.381
101.94
99.9995
98.2776
99.2121
98.2939
102.528
98.5761
104.151
101.017
101.873
101.297
101.409
102.996
100.826
102.497
100.058
101.12
99.3263
100.453
100.021
101.564
102.228
99.6958
100.339
98.043
100.583
100.384
99.8077
103.932
102.236
96.9105
99.7987
98.5027
100.799
100.998
100.929
99.0146
97.2265
100.361
101.637
100.681
101.766
101.428
99.5132
100.238
100.826
102.516
101.508
102.468
99.6473
99.5683
99.2537
98.3986
101.938
103.401
100.106
100.971
101.345
102.743
100.409
101.632
101.013
102.565
99.556
96.872
102.658
100.862
100.662
101.195
100.165
102.534
100.831
101.179
99.6711
101.758
99.1675
100.27
99.1958
101.799
102.095
101.579
100.455
101.232
100.56
98.4273
100.913
101.936
101.402
100.852
100.035
97.9509
102.139
100.447
104.19
100.922
100.823
103.109
100.456
102.176
100.034
100.161
103.207
100.308
101.814
104.158
101.784
100.055
100.184
101.847
99.7036
102.332
99.6492
98.3205
99.6491
103.252
101.276
100.526
103.384
100.618
100.05
98.9813
104.001
99.3712
103.265
101.231
101.045
103.386
102.503
100.88
100.553
98.9365
103.122
102.142
100.604
97.9731
98.9749
99.7349
100.349
100.953
102.536
101.484
99.0892
98.2702
100.758
100.323
100.044
100.113
102.296
96.9085
99.0427
100.952
99.5662
101.04
102.752
103.398
97.3685
97.8445
103.109
96.7022
99.2722
104.955
103.024
102.153
103.158
101.465
102.07
99.6544
101.195
100.738
101.827
101.619
100.655
102.853
102.814
104.463
103.817
101.046
101.297
99.5857
99.493
98.8717
100.059
100.302
100.313
101.312
100.762
100.315
102.213
100.146
100.2
102.253
98.5391
99.531
98.6361
103.744
102.529
98.0031
100.702
103.075
102.947
97.5656
99.6694
99.4061
100.368
98.2797
102.148
101.329
100.7
101.052
100.466
102.941
102.273
100.339
102.208
102.004
102.97
99.2382
98.4242
99.0797
99.2108
101.003
99.3518
102.282
97.5303
100.319
100.218
100.771
101.687
100.405
100.564
99.4775
99.895
99.9791
98.8412
101.208
101.29
102.874
99.9536
99.5389
102.455
98.8468
99.7806
100.451
103.414
98.8175
101.848
99.2515
99.8114
100.888
99.3591
103.127
100.505
102.074
100.908
100.58
100.541
101.601
101.289
98.3471
98.6669
102.409
100.879
99.2561
99.1287
101.799
99.278
103.172
100.644
101.883
101.565
101.161
98.8654
100.753
100.608
104.489
101.656
100.861
101.533
100.058
101.881
100.059
102.78
101.309
99.8703
101.204
101.599
102.478
99.4331
97.5164
103.571
98.3345
99.5338
100.784
100.712
98.5528
104.228
100.917
104.005
98.8258
103
100.625
102.802
100.968
99.4303
101.248
102.327
102.471
98.0977
102.288
98.6909
104.457
101.444
99.3037
99.5768
101.072
99.4994
97.761
102.498
96.7599
100.734
100.842
99.6358
102.217
101.371
100.543
100.925
100.192
101.195
102.794
99.2467
100.621
101.883
102.867
101.575
103.049
100.831
100.905
100.204
101.268
101.715
101.476
101.878
101.301
101.101
101.095
103.269
101.425
101.128
101.523
101.783
101.522
99.7727
98.2324
101.523
102.171
101.749
101.657
102.916
102.455
101.707
99.7721
100.237
101.649
100.549
99.2518
101.961
99.3441
101.978
100.362
98.8601
100.634
100.162
100.846
100.228
103.876
100.367
100.397
100.206
103.623
101.287
102.288
102.052
98.8969
104.641
101.181
99.765
98.1538
102.129
99.9207
99.9536
100.029
100.994
103.662
101.405
97.6353
104.143
101.476
98.5893
100.848
99.988
100.89
98.7305
102.379
98.7431
101.437
100.383
103.223
105.613
103.995
98.3071
103.189
103.771
101.888
101.244
101.959
98.7476
99.3857
99.1136
97.1202
102.936
100.513
101.032
102.296
97.8998
102.2
98.3306
100.085
101.386
98.7231
99.4954
100.462
102.788
99.1963
103.292
98.8802
99.8968
99.4168
99.6619
99.2608
101.418
100.285
102.634
102.115
100.426
102.849
99.2061
101.067
99.6163
99.2558
100.108
99.2797
99.7505
100.907
98.3818
100.683
102.515
101.501
98.0602
100.44
100.939
99.9596
101.385
98.3106
102.44
101.959
104.14
101.406
101.107
99.6358
104.214
101.75
103.228
100.035
102.911
98.3322
98.7705
101.772
102.107
102.632
103.368
99.9692
100.865
103.448
98.3814
102.826
102.22
101.316
98.6424
98.1488
100.405
100.489
98.6908
99.0819
101.379
102.037
101.08
100.849
101.544
100.005
100.662
99.7195
102.923
100.99
101.244
101.527
98.6269
99.6298
99.716
101.309
101.352
99.924
99.3093
99.3145
98.3574
101.036
100.867
99.1502
104.133
102.335
100.8
101.986
104.03
103.254
99.9875
102.16
99.8214
98.5841
99.5451
98.8926
101.692
99.6299
102.722
99.3226
98.1676
101.724
99.3361
97.0574
99.1673
101.105
100.928
100.24
95.9776
99.6132
101.309
98.7911
100.063
103.795
99.785
100.037
100.945
103.944
100.855
97.9253
98.1636
99.5957
99.62
101.779
100.389
103.326
103.841
100.848
102.863
97.0581
100.474
100.65
101.653
101.083
102.307
99.7896
101.231
103.758
99.8423
100.257
99.8173
99.6849
101.268
98.2921
100.796
100.442
101.64
99.2977
98.5305
101.748
102.135
101.857
101.545
102.764
101.051
98.6871
103.542
101.605
102.33
101.031
98.8913
98.288
102.885
99.5611
98.4098
101.411
101.953
100.932
98.556
100.421
100.027
99.9153
101.561
97.7289
97.6919
99.9028
98.8494
102.236
102.554
102.506
102.55
100.716
99.2811
101.292
99.2732
100.45
99.5741
97.272
103.262
99.2266
100.181
98.4925
99.3127
100.632
100.616
98.0201
102.576
100.471
100.745
102.554
101.524
102.188
99.5788
97.3464
101.207
103.064
99.5264
100.458
98.8223
100.634
102.299
100.774
99.3609
98.9961
100.18
98.7963
101.601
99.5808
101.406
103.76
103.625
98.8574
102.327
100.789
100.712
101.57
103.394
102.293
98.8017
100.632
101.216
101.862
99.0748
100.087
100.277
100.387
103.15
100.3
102.287
103.021
98.0702
99.9193
98.9184
99.4804
99.8383
102.446
95.76
99.559
101.298
102.303
100.53
101.669
99.2749
100.651
99.1888
98.97
102.15
100.822
100.177
97.942
99.9749
98.5857
98.111
100.583
97.2566
102.163
104.58
101.021
100.295
101.699
99.5059
100.38
99.8974
101.68
101.381
98.7626
100.071
100.236
101.009
100.992
99.782
101.453
101.059
98.9505
99.2856
99.9545
101.987
100.526
98.499
100.577
99.5822
98.9252
104.361
101.544
97.0417
104.577
99.979
99.2299
102.245
102.048
99.1186
102.028
102.036
100.783
101.896
99.9475
100.513
102.745
98.5911
101.736
100.126
98.5951
102.554
99.298
100.151
100.158
103.161
103.015
99.5561
102.07
100.401
99.5744
100.862
99.3984
100.656
99.2362
101.292
102.819
100.352
99.6764
100.751
99.066
103.298
98.4093
100.236
100.535
99.1798
99.8733
100.499
102.403
99.1259
101.877
101.815
101.931
100.673
100.974
102.196
100.141
98.6644
98.8816
101.8
99.2846
99.0202
102.95
101.083
95.8759
99.2366
103.248
98.9374
101.232
99.8401
102.043
101.014
99.5507
100.686
100.362
98.2021
102.467
102.971
100.595
100.711
100.438
103.103
99.6555
99.5223
98.6744
98.5309
100.144
104.063
101.978
100.102
100.765
99.8623
99.9327
100.321
101.977
102.371
101.72
99.1432
98.0921
102.74
100.122
100.292
96.6014
104.017
102.006
101.341
101.827
101.976
100.832
101.291
101.018
102.335
99.5937
98.1772
99.6576
100.776
98.6033
100.7
100.557
101.313
99.1948
99.5432
101.398
101.07
102.233
99.1536
99.6815
104.559
100.917
102.166
101.714
101.704
102.735
101.944
101.261
99.3902
99.7096
100.783
102.397
101.281
101.381
101.312
98.6453
97.4345
101.782
100.355
102.831
100.956
101.91
103.125
97.2698
99.2744
102.353
101.764
99.513
99.8331
101.625
102.104
99.1026
99.9307
99.4142
99.3601
99.7565
96.5288
101.616
102.076
101.517
103.088
100.945
103.742
102.382
103.069
99.355
100.456
103.618
98.926
101.517
101.435
99.1059
101.558
99.1611
100.994
102.848
102.241
103.365
97.3229
101.474
99.1331
98.3128
101.248
101.158
100.462
100.995
101.683
99.1815
100.277
101.898
100.304
100.307
103.016
100.155
98.039
99.744
100.386
98.9902
100.698
99.0245
100.727
98.9594
100.951
100.056
103.186
98.6647
103.018
99.2929
99.8691
100.219
103.316
99.4232
99.1673
100.379
99.8106
101.107
100.699
101.421
102.104
102.318
100.897
100.589
100.62
99.5973
104.391
102.622
100.538
102.487
102.12
99.335
100.043
102.746
101.984
98.1863
98.813
102.374
98.3932
101.371
100.121
102.978
99.9461
100.579
96.419
101.221
98.9812
101.543
97.9073
98.9187
101.833
99.9787
103.42
99.3019
97.0923
100.3
103.034
101.08
100.945
98.4948
99.8278
102.299
100.819
101.231
100.859
102.128
98.408
102.736
102.305
99.8616
99.5959
99.5325
102.799
99.1221
98.9716
102.602
95.834
101.383
99.5136
101.341
98.3709
101.029
98.1481
100.271
101.333
98.6213
102.171
102.631
98.9138
100.209
100.73
98.9386
103.387
100.036
102.062
102.238
102.071
103.006
101.61
101.262
102.356
102.063
101.751
99.1777
100.856
99.646
99.347
101.888
102.368
98.4577
100.946
100.041
102.136
102.839
98.3374
99.5601
100.185
100.329
98.7746
100.402
98.5955
99.4572
100.599
98.1362
100.204
103.44
101.049
99.6316
100.701
101.934
99.489
98.9267
99.8461
102.742
99.7116
99.3079
100.004
99.0195
99.4367
101.964
101.72
99.4492
100.232
103.374
100.59
98.7615
97.9809
102.097
101.535
100.542
101.194
98.3496
100.897
99.5992
101.508
100.149
100.345
99.236
103.828
99.3723
98.1008
102.93
103.692
100.538
98.2829
99.3666
102.037
99.8133
100.776
102.726
101.195
97.797
100.217
100.632
101.195
102.912
99.3175
102.153
100.963
101.657
100.719
101.302
102.774
100.565
103.383
102.643
102.765
101.998
99.3452
101.824
101.174
100.052
102.028
100.9
99.8212
103.204
101.006
101.79
101.994
102.716
100.804
98.9828
104.485
99.6521
100.98
100.427
99.5614
102.233
99.5414
100.315
100.15
97.6182
101.581
101.358
100.714
101.317
100.791
101.851
103.182
100.544
103.947
100.986
101.465
100.894
99.6932
97.7573
101.932
101.004
102.985
102.236
101.902
102.344
101.145
99.2414
99.9315
99.9096
101.515
98.0177
102.416
96.1045
100.979
101.15
100.621
100.216
101.737
101.474
103.859
98.8841
102.577
101.075
100.241
99.9883
99.274
102.045
101.49
103.093
100.981
103.643
99.8818
100.451
100.454
100.742
100.329
100.324
101.225
99.5653
102.765
100.457
101.299
100.131
101.471
99.8176
97.9761
102.271
98.7381
103.503
104.581
100.071
100.896
101.753
102.828
98.8832
100.026
98.1697
101.21
101.366
103.85
99.3926
98.227
98.904
102.636
100.168
102.382
103.034
102.254
102.44
97.9226
98.3169
100.132
100.752
99.5964
99.5847
99.3165
99.3004
100.393
100.026
97.8281
98.3317
100.849
99.9667
98.5116
101.531
101.672
97.4359
101.256
99.3945
97.6961
98.1531
102.1
104.306
103.361
100.652
100.797
101.053
104.422
99.2654
101.456
100.573
97.6985
102.432
99.3823
98.8496
97.2223
100.229
99.3905
101.813
101.786
100.31
97.0497
102.945
102.076
102.137
103.05
100.781
99.7202
101.885
99.061
98.4626
95.672
98.6903
98.2099
100.808
98.3026
99.2134
103.355
101.53
98.6562
99.6045
99.9342
103.058
101.561
99.8641
99.9191
103.531
102.754
101.867
102.944
101.568
97.3703
98.4643
98.3311
100.004
99.5578
99.9968
100.33
102.004
102.676
99.5351
100.345
101.585
100.053
101.594
103.984
102.368
101.94
101.483
99.3858
102.381
102.468
99.7967
103.716
101.585
100.435
101.319
101.416
100.939
99.1591
102.458
100.079
100.827
100.062
101.235
100.116
100.362
99.4199
100.768
98.0505
102.887
100.258
100.901
99.9058
100.647
102.801
100.94
99.4935
101.469
104.725
101.145
102.424
101.445
98.9194
102.834
102.85
99.6368
102.018
100.185
98.8369
100.391
100.24
102.244
97.9316
102.348
101.084
101.997
101.132
99.9677
100.979
99.8411
101.33
104.036
101.791
100.744
98.8484
98.3882
103.26
100.478
100.798
99.3673
99.1359
99.5253
101.766
100.703
100.305
101.153
102.146
100.713
99.7664
99.849
99.4952
101.122
101.576
100.267
99.3312
103.238
99.4725
102.459
96.7572
97.5682
100.99
102.782
101.701
101.478
99.1383
102.526
96.6978
101.079
101.257
102.516
101.502
103.326
103.698
99.7017
101.17
104.012
100.612
102.557
102.926
99.3654
102.789
99.2573
99.6979
101.35
99.4669
99.181
101.017
101.662
99.2133
102.579
101.076
101.787
100.845
101.195
99.4196
100.012
101.558
100.525
101.294
100.265
97.1414
103.111
97.8787
102.249
99.6911
99.7222
102.648
103.833
98.3314
100.832
100.622
96.7631
100.566
100.337
99.8922
99.5994
99.9384
98.1957
101.722
98.8542
101.186
101.41
100.002
100.903
104.006
101.037
103.546
103.148
100.783
99.6185
98.597
99.3622
104.054
98.5386
98.1202
101.076
99.5674
101.322
100.536
103.783
99.8154
102.418
102.116
98.8753
104.089
101.966
99.7985
101.715
99.4697
97.0317
103.471
100.652
100.132
100.967
98.9527
98.092
100.973
98.2559
100.859
100.317
102.563
98.7881
97.8831
98.1986
103.182
102.024
100.446
100.682
100.864
100.735
97.4996
101.519
103.614
99.1937
101.464
102.513
99.0593
99.9458
98.5767
98.6923
100.019
103.67
98.7634
99.5081
102.106
100.619
100.938
102.83
97.1856
103.687
101.033
98.6522
100.853
100.553
99.639
101.554
101.612
97.8184
100.921
100.19
99.2412
102.163
101.288
101.866
102.175
98.4489
101.03
100.93
100.836
101.32
102.42
99.4374
100.449
99.1481
97.7867
97.8397
103.719
96.2864
100.241
100.323
99.8607
101.266
99.2612
103.503
101.324
99.1666
100.359
101.954
99.5277
98.563
99.724
101.552
101.12
98.4801
100.117
102.096
100.863
98.0231
99.2942
101.348
101.848
102.105
102.757
100.4
98.1917
101.495
101.344
99.7369
105.065
99.601
100.332
100.15
99.4458
100.715
101.767
99.17
100.418
102.484
100.138
98.5745
99.0159
100.135
98.9439
100.325
99.8911
102.114
101.65
99.8168
101.888
101.703
101.341
100.284
97.4628
101.063
101.844
98.7297
104.263
102.68
102.625
100.037
100.571
99.6044
99.9442
100.944
100.417
99.4015
102.788
101.059
100.01
101.781
102.63
101.244
101.114
95.8542
101.217
100.972
101.642
101.244
99.4396
102.273
99.4021
102.018
101.94
99.622
101.908
100.861
101.719
101.792
101.078
105.398
100.078
98.8011
101.911
101.903
98.6295
101.756
97.5438
100.356
103.762
101.552
99.3551
99.4322
100.835
101.563
98.7299
99.5995
101.377
103.858
97.8427
101.897
100.244
101.42
100.294
102.255
100.716
100.025
100.353
100.434
98.5536
101.341
103.921
98.0962
99.4424
104.956
98.5362
102.62
97.8701
101.31
100.581
99.0546
100.739
101.451
101.478
100.847
99.0256
102.764
99.4082
100.063
102.063
99.9529
102.741
102.998
100.731
101.523
101.173
101.005
101.26
103.588
101.275
102.154
98.5168
97.5716
101.089
100.39
101.48
99.5805
100.346
100.948
104.746
103.652
99.187
99.5919
99.1584
102.303
100.311
99.556
100.679
100.499
103.37
98.4406
100.349
101.831
102.471
97.9387
98.6842
100.436
100.604
100.896
102.976
102.444
100.497
101.194
100.998
97.9271
102.133
102.09
100.201
99.7491
99.9978
100.891
100.875
103.358
97.5327
101.322
99.056
101.7
100.242
104.26
102.733
99.3397
101.964
99.6986
97.2881
102.834
100.362
100.956
102.947
100.256
101.048
100.667
102.593
97.8819
101.709
100.238
99.7039
101.095
98.7189
102.515
100.9
101.032
102.322
99.9645
99.3927
99.6861
100.493
102.797
101.014
100.855
98.7929
99.7086
102.782
98.5542
98.876
101.048
99.0314
100.744
101.554
103.041
101.91
102.299
100.432
102.651
103.099
100.253
99.6501
104.521
98.7692
103.953
98.0037
102.498
100.42
99.98
102.358
100.415
100.807
101.747
101.722
100.984
98.9799
99.7817
100.405
100.225
96.4569
100.369
100.598
102.751
99.495
103.166
99.8567
99.8883
102.336
99.5926
101.717
100.733
100.577
100.096
101.947
100.989
100.025
100.208
98.6727
102.337
99.8077
101.32
98.7997
101.998
99.4626
100.786
99.1538
100.575
100.206
100.493
99.0201
100.015
97.7094
101.243
102.961
99.3382
101.906
99.5921
98.759
101.875
101.706
102.001
102.276
101.659
101.527
100.42
99.574
99.1421
101.53
99.9505
98.6909
99.689
100.307
100.6
99.5948
100.037
100.471
98.961
100.518
97.3978
100.147
100.567
101.389
101.2
102.283
102.298
99.6339
100.856
99.6252
101.257
99.7609
101.558
100.234
101.879
99.7677
101.365
101.532
100.064
101.028
101.093
98.0205
99.9155
102.104
99.3286
98.8535
102.722
103.701
98.7343
101.042
98.1946
102.676
105.638
102.009
102.538
101.938
101.816
100.293
103.09
101.59
99.1192
99.7775
101.473
98.7005
102.22
101.436
99.075
100.292
100.62
97.0924
100.554
98.9063
103.014
104.45
100.11
101.576
98.8154
102.773
98.1981
100.132
99.8819
99.7406
98.0036
103.151
102.169
102.198
102.486
101.439
103.399
101.159
98.271
99.3324
100.857
100.784
99.0216
99.7838
100.814
102.639
101.347
103.936
98.0528
99.3937
96.5328
99.3378
100.517
103.699
102.866
100.711
99.4376
99.7599
96.409
101.897
97.7378
103.702
100.55
101.127
100.65
100.544
98.1734
100.413
100.056
102.911
100.005
101.205
98.2728
101.009
103.335
100.646
101.479
98.4016
100.464
100.391
100.827
101.16
101.406
99.2671
99.6178
99.0293
100.223
99.0515
101.241
100.953
100.444
100.807
99.5045
101.357
100.971
100.402
100.3
98.9954
99.2423
100.835
99.6455
99.8259
100.439
100.042
101.743
99.7416
100.115
101.069
98.8063
100.058
102.661
100.455
100.164
100.085
102.539
99.9934
98.9117
103.18
100.92
101.894
100.158
102.085
100.398
101.198
101.954
101.05
100.799
97.0362
103.152
100.562
101.365
102.76
99.3492
99.6991
101.305
103.962
100.081
98.4838
99.9932
100.515
101.421
101.608
100.79
99.8865
103.097
101.27
97.294
101.379
102.332
98.8326
99.9241
100.689
103.762
98.8581
97.9799
100.562
100.412
99.0332
98.2897
101.135
99.8142
102.671
103.709
103.549
98.3319
101.92
99.0331
101.209
100.686
102.96
103.533
98.2193
100.605
100.018
99.2816
101.84
100.045
103.449
101.852
100.659
98.6256
100.387
102.473
99.8175
99.2013
100.418
101.191
97.9688
102.486
99.5065
97.9569
99.5141
99.6747
100.524
97.9679
99.5487
99.6926
100.282
99.6822
101.753
101.366
99.5937
96.4946
101.845
100.406
99.8572
101.818
102.292
100.049
100.568
100.206
101.216
101.839
99.3389
102.091
100.184
104.124
100.766
100.068
101.955
100.315
101.437
100.158
102.523
100.533
101.956
99.8565
102.325
100.411
103.592
103.397
100.252
99.3309
100.734
97.753
101.907
101.236
101.553
99.3363
102.989
100.107
101.382
103.794
98.9375
101.09
100.772
101.229
101.136
101.443
101.123
98.3327
100.587
99.4213
101.962
99.8494
98.3301
101.741
101.329
104.129
100.419
100.892
100.199
103.103
100.851
100.014
102.187
100.47
98.539
102.263
100.24
100.262
101.296
100.81
101.896
99.5518
99.9175
100.096
102.094
101.954
100.831
102.063
100.98
101.77
100.342
100.411
102.061
100.316
102.623
100.185
99.326
102.679
100.401
101.452
103.259
99.8904
101.074
101.754
99.9513
103.789
102.359
100.875
100.977
98.8735
98.7537
102.218
102.605
100.23
99.2629
100.473
103.262
100.195
99.8636
100.241
103.989
99.0893
100.745
101.455
102.706
100.194
103.052
102.013
100.69
99.0177
101.408
99.73
99.4706
100.487
96.9454
101.615
100.93
98.0768
103.338
101.027
100.393
98.6517
98.6148
100.254
102.965
98.0251
102.346
101.43
100.162
97.5674
101.46
98.6187
98.171
100.485
99.7734
101.548
102.316
101.955
99.3029
100.234
103.648
101.197
101.477
101.705
102.75
98.9606
98.8221
102.795
98.3382
102.413
101.596
101.417
101.371
102.167
100.323
101.518
101.701
100.241
100.565
99.2581
101.753
99.6221
101.25
97.4811
103.775
100.631
99.1221
102.741
101.895
100.076
102.086
100.66
98.453
98.4228
102.417
105.655
100.16
97.4132
99.657
100.504
100.497
96.9738
102.24
103.369
101.554
100.841
100.984
96.8926
101.654
99.9773
99.9388
102.029
101.057
97.8421
100.773
99.6734
100.948
103.04
100.614
98.8075
99.2278
101.324
96.9184
98.5099
102.072
101.165
99.3633
101.701
97.6821
98.669
98.8783
102.05
101.843
101.31
100.648
102.948
98.9581
99.4275
99.4731
97.7678
101.761
101.327
101.841
99.6976
100.335
99.4946
101.082
100.429
97.6529
99.6013
99.318
97.1876
101.459
100.668
99.3885
100.672
99.94
101.575
100.604
100.803
101.554
99.716
100.891
102.313
100.917
101.486
99.2983
99.5445
103.75
101.01
102.638
101.31
104.267
103.571
100.597
100.671
100.176
99.4139
102.346
100.76
98.9632
98.1485
104.187
98.7349
100.04
102.279
98.7136
100.359
102.509
105.441
101.609
99.7772
98.4883
102.012
101.378
98.6399
98.5244
99.7014
98.6165
100.325
98.7139
101.416
100.907
100.865
102.037
99.9435
98.5422
101.156
102.412
103.207
101.1
102.695
101.52
101.991
99.0313
97.1046
100.41
99.8682
101.175
98.4909
97.9208
103.582
100.695
99.7123
96.981
102.512
98.4439
100.505
97.84
101.854
103.545
100.542
99.5844
101.143
101.257
100.903
101.357
99.2532
99.8866
101.599
100.804
101.995
98.4129
100.91
99.2218
104.676
103.43
100.897
102.495
101.514
102.917
98.7545
100.383
101.474
101.231
102.917
102.432
99.515
97.2299
101.756
99.515
102.236
102.088
98.5065
102.266
97.6343
100.718
104.212
99.8553
102.141
102.206
99.345
98.7983
101.544
103.571
101.635
99.6866
102.597
100.286
99.8373
100.447
100.21
101.042
101.468
100.939
102.895
99.4226
99.9853
101.893
100.348
100.007
99.4463
99.7001
99.0763
99.9239
97.2484
101.152
101.668
100.858
96.6778
103.71
99.6047
98.8032
100.619
102.134
101.693
101.321
101.765
101.532
99.9942
101.391
101.297
99.8068
99.1692
99.7039
97.9888
100.518
98.3195
103.347
100.859
103.24
100.312
98.7257
104.014
101.397
100.247
101.018
100.75
99.3985
100.594
99.9252
101.413
99.8221
102.528
101.124
102.365
99.0822
101.511
99.9407
101.896
99.4656
98.1805
100.76
99.7178
100.319
100.9
98.1674
99.4215
96.6443
98.7398
101.456
99.3867
99.1918
101.155
100.712
101.923
99.5345
97.8855
102.434
100.184
99.9123
100.902
100.043
101.703
100.94
98.5104
97.5478
100.987
98.6422
98.3744
103.918
102.881
101.252
101.468
101.66
103.668
97.3354
99.126
98.815
97.7824
100.477
104.827
97.8442
101.701
102.826
100.463
101.489
103.5
99.2703
100.316
99.8424
98.8997
99.0509
98.9127
100.955
99.4673
101.52
99.7866
101.634
98.6468
100.719
102.321
97.3077
103.656
98.9471
101.084
100.99
101.812
98.6524
99.9005
101.086
99.5852
103.173
104.219
98.457
103.512
101.573
97.9493
101.428
99.7693
98.3403
102.601
102.38
103.481
99.1604
101.348
100.688
99.6036
100.405
100.451
101.164
100.406
98.7259
99.4142
103.809
98.6455
98.654
101.973
102.465
99.2511
100.173
99.3023
104.808
100.419
101.247
101.393
98.7296
97.137
99.8657
101.413
98.1822
100.85
99.2507
98.509
102.647
103.232
102.429
100.02
98.992
101.761
100.191
100.733
100.081
98.2097
100.192
99.9913
98.7534
101.483
103.505
101.222
104.75
100.873
101.577
100.536
100.948
99.4967
100.186
103.075
100.359
101.844
101.043
99.885
100.236
100.426
99.2245
101.444
102.303
97.9827
99.9791
103.03
100.568
99.5933
98.7044
103.104
97.268
104.831
99.0719
103.007
101.068
99.4778
105.625
101.736
100.699
100.254
101.683
99.9003
99.7102
99.3692
100.368
101.352
102.469
100.469
102.58
102.76
97.6758
101.511
102.394
100.371
99.6348
100.714
100.889
102.373
101.07
97.7425
102.859
100.927
102.304
100.314
101.183
102.689
100.516
101.913
102.233
104.056
101.343
99.0071
100.922
100.738
100.847
101.127
102.818
97.9821
98.779
100.959
102.268
100.728
102.754
102.082
101.236
100.22
98.7529
102.741
98.9914
100.979
99.7336
100.652
101.823
101.148
103.217
99.4365
98.8713
101.718
100.356
100.604
99.7206
100.787
101.567
99.1116
100.783
103.154
101.786
100.89
99.7317
97.279
101.576
101.227
98.8683
99.8307
99.7175
102.848
99.9662
100.069
101.4
100.813
98.967
98.0374
104.839
100.153
100.318
97.6685
100.146
101.031
101.61
102.501
100.714
102.093
103.412
97.1079
101.062
99.695
101.754
99.6148
101.84
99.8325
102.768
100.039
100.728
99.2358
100.44
101.795
102.28
101.778
100.694
98.9765
100.917
99.758
100.145
103.08
101.817
98.5049
99.0378
99.2744
100.498
101.642
101.363
101.327
98.9486
99.2764
97.5614
101.611
98.5247
103.639
102.253
101.078
100.407
102.092
101.276
101.553
98.0706
101.166
101.437
101.311
100.113
104.363
102.754
100.671
96.9877
101.75
100.724
98.9285
103.092
100.029
98.206
101.85
100.502
98.9273
98.8531
99.9327
103.651
98.7236
104.709
99.3012
98.9961
102.129
100.297
100.631
101.889
99.9207
100.598
102.103
102.505
101.471
99.7903
100.79
100.161
98.3643
101.826
100.727
98.9344
99.9105
98.9927
97.8258
102.183
103.108
103.727
99.8918
102.354
102.455
100.612
99.7229
101.984
99.6773
100.468
100.484
101.391
99.4205
101.962
99.6802
100.372
101.703
102.74
102.082
102.903
98.155
100.539
95.654
99.5093
99.8449
98.3727
98.1433
103.652
101.074
100.726
100.148
101.089
100.013
99.9971
99.606
103.213
99.1602
98.5171
102.156
101.098
102.818
101.276
99.7369
98.2388
100.722
102.26
103.443
100.754
99.8589
99.0091
100.368
101.942
102.768
102.788
100.766
100.452
102.734
96.2922
100.009
97.7116
100.804
100.962
102.23
102.346
101.423
100.317
97.2541
102.359
100.577
99.7714
103.224
99.2424
101.248
101.701
100.266
100.715
102.874
101.304
100.024
101.62
101.18
101.573
100.321
99.9687
100.503
103.397
100.503
98.8757
99.6443
102.223
100.512
102.871
101.013
103.135
101.366
101.515
103.238
100.04
101.951
103.023
100.511
101.378
99.6527
101.742
98.9945
101.961
98.1048
100.294
101.034
100.358
101.669
99.762
100.353
101.343
99.9254
100.423
101.198
100.13
100.863
101.135
99.7582
100.007
99.903
98.8551
99.4303
103.094
100.926
100.708
101.148
98.6803
99.3988
103.707
100.57
102.554
98.546
102.023
101.114
101.584
99.4612
101.64
100.65
99.8077
99.8491
102.8
101.576
102.318
98.2647
100.058
101.182
100.954
99.7286
101.272
100.07
100.175
100.053
99.6252
100.8
101.706
99.4369
102.04
98.9307
100.137
103.271
102.186
103.517
102.471
103.209
102.623
105.293
102.925
98.1024
98.9745
103.848
101.77
99.8619
99.6662
99.093
99.2292
102.027
101.033
101.907
100.528
100.94
99.9157
103.974
99.3026
102.56
100.415
96.7628
98.6241
100.692
100.332
102.84
103.353
101.391
101.481
101.09
101.367
101.662
101.23
100.487
103.568
100.63
101.431
101.539
103.755
99.2085
100.143
101.843
100.233
100.534
100.555
99.9977
100.294
102.723
100.88
99.272
101.593
98.5182
99.14
101.395
103.678
101.653
102.512
102.264
100.642
100.985
98.7688
99.5237
102.24
100.348
101.331
100.434
99.1139
99.8837
98.1005
98.9289
101.996
99.2007
101.391
100.393
99.4842
98.9632
101.1
103.696
98.5644
102.338
102.441
99.7881
102.676
100.457
98.9477
99.7295
100.024
99.5476
100.501
99.3484
101.811
100.249
100.291
101.525
97.2185
101.268
98.1079
100.198
99.1485
99.6854
99.5093
98.7535
98.8073
103.619
100.216
100.47
99.684
100.789
100.266
100.84
101.94
99.947
100.872
101.835
100.923
97.2452
99.5573
100.295
99.7291
98.3113
98.0469
98.3321
100.095
99.339
100.119
100.045
101.23
98.4801
100.33
100.57
100.035
99.9309
99.2843
102.405
102.149
101.404
100.828
101.794
101.335
102.434
98.6377
102.942
99.4205
102.152
99.7093
101.533
101.571
102.433
101.797
102.878
103.528
98.5286
99.9838
101.768
100.565
101.22
98.9913
100.126
101.062
101.199
99.8552
100.481
100.768
99.9494
99.2499
101.282
99.4661
98.473
100.952
97.7885
101.954
101.604
101.81
101.904
100.359
98.0273
100.145
99.0947
102.764
100.965
100.205
99.1267
98.7974
99.6456
102.667
99.8892
103.672
102.342
101.215
102.558
101.412
101.398
99.5063
101.76
99.175
100.517
101.462
100.432
100.739
100.813
102.032
101.356
102.38
101.981
101.733
100.588
100.89
102.435
100.857
102.625
102.307
101.005
101.361
100.64
101.011
102.761
101.49
100.126
99.1901
100.643
103.239
101.19
102.17
100.066
100.921
95.2623
99.8559
101.579
101.581
101.619
98.6183
101.589
100.25
101.296
99.7298
100.857
101.524
99.4237
102.239
102.932
99.0345
100.42
100.79
103.403
100.688
99.7632
99.7766
98.9095
99.3517
100.694
97.7232
99.5237
101.646
99.5579
99.0678
102.252
96.2732
98.9738
100.824
101.756
103.168
102.779
98.0283
101.812
100.05
101.81
100.478
99.2702
99.9583
98.2976
100.407
101.114
104.794
100.172
99.505
101.446
101.304
103.351
99.9668
97.1588
99.921
99.3717
98.7159
100.789
101.039
100.811
101.251
100.77
101.5
99.8385
99.5953
99.9745
100.705
102.286
99.358
101.343
100.908
100.914
103.056
100.415
100.039
104.389
99.4621
100.487
100.156
101.523
99.0886
98.516
99.7524
100.678
98.5024
101.683
101.853
101.445
100.129
98.9132
98.4063
101.4
99.4612
100.761
98.0355
103.264
97.0127
98.9638
99.7866
99.7646
102.746
103.242
101.963
100.004
103.288
102.016
99.5313
99.1073
101.318
99.7101
100.486
101.668
100.107
100.355
100.559
98.9092
101.385
101.476
100.017
100.228
99.6563
103.982
100.557
99.9065
100.409
95.9503
100.171
102.667
99.164
101.864
104.008
100.771
97.0183
105.112
101.558
101.229
101.196
100.054
101.209
98.5766
101.083
101.448
100.38
98.2854
100.848
104.907
98.0107
97.7816
99.1975
102.759
100.313
99.4646
97.7803
99.117
97.8166
100.786
99.7523
99.2594
101.117
101.389
97.7398
99.958
101.243
102.199
101.245
100.876
98.6527
99.2819
100.782
100.857
102.017
100.167
100.639
101.164
100.163
104.699
101.727
101.326
99.0991
100.557
100.844
99.7205
102.013
99.8011
99.9806
100.137
99.0701
100.085
100.672
104.797
101.435
102.821
103.828
101.385
100.551
101.636
99.1761
100.827
99.7796
99.5501
101.339
100.551
98.9048
103.273
99.583
102.331
102.336
98.3946
101.512
101.679
97.5129
102.301
102.362
99.3977
101.807
104.021
100.973
103.83
100.427
101.56
101.403
103.42
99.5945
100.48
100.61
100.654
98.826
99.4964
102.869
99.8548
100.658
100.265
99.452
98.6504
102.905
99.6897
100.408
99.141
97.3684
99.9754
102.311
101.943
99.3897
101.972
101.366
101.604
100.96
98.2193
99.1174
102.419
99.473
96.8203
99.345
99.2864
101.677
101.776
101.883
99.9467
100.913
99.9777
102.422
100.254
99.0437
102.972
100.719
101.063
103.486
99.6558
100.154
100.71
99.542
103.959
101.182
103.324
100.225
101.481
101.381
99.1835
100.589
100.1
100.567
99.4881
102.459
98.4021
99.2687
101.134
99.5359
99.9992
96.9816
101.508
101.221
100.559
97.9335
102.839
102.201
100.552
101.944
103.125
103.073
101.899
103.838
102.605
102.215
100.169
101.473
102.028
101.139
101.158
104.362
98.3281
99.6706
100.161
100.061
99.4902
102.139
98.9256
99.3548
102.585
96.9927
102.961
100.734
101.18
98.9333
102.01
99.0695
97.4395
102.668
102.983
100.003
100.513
99.8488
99.96
98.9095
101.732
100.15
103.699
99.644
100.238
98.9855
98.527
101.07
99.1259
99.7405
98.5151
100.902
101.982
99.5409
98.6313
101.295
102.528
99.1217
102.669
103.372
103.373
103.618
99.4067
98.1428
99.618
102.11
99.4703
101.003
102.095
101.507
99.3766
101.455
100.789
101.289
98.5618
100.226
100.327
100.523
100.063
100.203
100.986
99.273
100.833
100.995
100.625
101.387
100.367
103.192
103.067
98.1012
99.7124
100.697
102.318
101.029
100.335
99.5011
98.4334
99.3038
98.9858
100.419
98.713
101.663
99.6713
100.818
99.7854
104.394
101.944
102.798
96.6217
99.4808
99.7077
100.203
101.945
98.7431
104.789
101.23
99.8356
101.151
99.8867
101.637
101.892
99.1123
100.287
102.057
98.2031
100.927
103.72
101.05
99.0765
102.62
97.8972
100.551
103.775
99.5442
101.125
100.586
101.079
101.57
100.945
99.8876
101.875
100.636
102.466
99.2835
99.7527
100.79
101.66
98.6885
103.649
101.6
103.543
96.7514
106.429
97.9817
99.14
100.589
102.594
101.189
102.071
100.059
99.437
100.851
101.44
100.33
99.9383
96.3174
99.3087
98.1094
99.4819
101.202
99.3089
97.6042
97.8243
100.922
100.31
100.853
100.12
99.311
102.582
100.349
100.976
101.107
104.145
102.34
101.148
102.238
99.7256
101.966
100.964
100.461
103.121
99.7875
100.374
97.7941
100.95
98.1208
102.138
101.152
100.716
98.7183
101.763
99.9196
103.434
97.7258
98.8319
98.5173
98.4617
101.745
99.0064
99.05
100.069
101.885
100.364
101.205
99.1068
101.746
100.649
98.6283
101.78
102.649
100.618
98.7672
98.7403
100.435
99.9172
102.035
102.346
99.4292
99.5434
101.478
99.4642
100.355
100.508
96.9808
100.708
101.876
99.0656
101.229
100.031
101.844
101.195
99.1627
99.7761
102.047
102.973
100.143
101.939
100.497
98.0542
101.607
100.368
103.541
100.008
102.222
99.7128
102.637
99.0983
101.427
97.531
99.8329
97.4717
100.96
100.999
100.398
102.383
100.806
105.019
101.25
103.416
98.2171
99.2813
99.1745
101.015
98.422
102.876
100.27
97.8977
99.9919
101.049
99.1574
99.7684
98.5808
101.798
101.191
98.333
100.78
101.013
101.341
99.4726
99.6461
104.63
101.332
102.268
103.346
97.1491
100.434
97.7478
101.349
97.6986
100.705
100.042
100.73
100.486
100.993
100.696
100.468
102.023
101.331
99.6819
97.9781
103.791
100.766
100.641
99.7667
101.154
101.709
100.135
98.9548
102.503
101.99
98.8467
98.9431
100.917
100.442
98.5091
99.8876
102.682
99.7871
101.496
99.7569
100.193
99.4987
103.179
97.9612
100.313
101.547
99.9938
100.568
100.159
100.074
100.295
100.47
100.281
101.101
101.841
100.244
98.8299
99.9305
100.777
105.523
97.6062
98.8024
101.068
103.325
99.739
99.8124
101.159
104.667
101.529
98.4641
102.369
99.3058
101.179
99.1868
102.132
97.6202
101.261
100.841
99.7615
99.1015
100.1
99.3039
98.8862
101.089
97.1555
100.091
101.995
101.326
97.7346
100.661
99.8494
101.987
100.37
98.6696
100.552
102.187
99.4345
102.945
102.812
101.341
101.815
101.296
98.5762
99.652
100.912
102.601
101.039
100.607
102.113
99.9464
101.03
99.6778
98.6845
100.128
102.574
100.645
101.344
98.522
100.608
100.898
103.174
99.2827
100.904
98.2001
99.8106
103.353
99.9096
99.5546
102.241
99.0097
97.878
101.603
104.058
98.7324
97.8766
99.2729
100.663
100.631
102.284
99.6383
102.574
101.667
96.7653
101.152
103.477
101.116
99.908
101.496
102.836
101.839
100.803
97.4634
99.4278
99.269
100.844
101.558
100.866
102.262
101.231
100.405
99.1364
102.47
100.5
102.147
100.034
101.001
100.001
98.738
101.325
100.16
101.521
99.5331
102.905
101.068
102.537
100.125
101.618
98.8795
103.447
101.449
102.62
101.332
101.126
104.17
99.9145
99.6991
102.003
99.4128
100.112
99.5198
100.176
100.29
100.639
98.096
103.021
100.859
102.327
100.838
101.513
99.9969
101.238
100.368
99.4787
99.6092
102.346
100.71
101.541
100.824
98.9636
97.7476
101.602
100.87
103.169
100.761
101.751
98.1976
100.95
100.11
101.987
96.4549
101.349
102.027
99.6274
99.7818
100.552
99.0274
100.626
98.1588
104.445
102.615
102.098
102.16
100.083
101.338
99.9097
101.367
102.356
98.3413
102.023
100.655
103.002
98.8679
101.294
103.219
102.75
99.3845
100.51
103.485
98.9241
101.476
102.513
101.639
99.6268
101.843
100.549
100.498
98.5444
102.726
103.007
100.823
101.375
104.16
100.715
99.4552
103.312
99.9725
103.376
99.2389
98.7918
102.765
100.993
100.316
101.171
103.273
102.186
99.8655
98.8238
102.66
99.0372
98.9204
100.303
97.5134
98.2734
103.66
99.5744
101.784
95.613
100.291
102.074
100.295
97.9189
98.3976
99.7399
98.2227
100.924
102.484
97.1132
99.4251
98.8355
101.955
100.943
100.788
101.076
100.24
99.0942
100.462
102.151
101.61
101.857
99.1059
101.77
102.377
98.8223
100.131
99.5035
98.854
99.3911
101.728
99.8084
98.1324
96.8216
103.186
99.5402
99.4259
101.183
99.004
100.629
99.9257
99.6494
100.022
101.481
101.024
101.894
102.102
100.216
101.755
103.233
99.453
100.628
103.82
100.187
102.179
102.328
101.651
99.4752
100.879
101.417
99.2128
100.125
101.373
99.8259
101.735
101.325
99.6599
100.92
99.0346
102.044
100.091
102.459
100.178
99.6818
99.8539
100.134
105.081
100.294
100.779
100.986
98.5566
102.39
98.9373
101.562
100.24
101.217
102.544
97.9586
99.9182
103.683
101.189
101.379
102.188
98.9376
104.191
100.187
101.813
99.6299
101.085
102.778
101.97
102.277
98.9599
98.9893
101.878
101.022
98.8321
101.754
98.9232
102.6
101.386
100.162
100.441
97.5997
97.8432
100.564
100.144
99.5611
100.409
98.5058
100.147
102.383
101.764
100.907
100.364
102.707
101.979
101.852
100.329
96.9222
101.772
101.128
103.675
99.2998
98.7096
100.218
100.465
100.678
101.78
100.419
100.818
100.128
98.615
101.585
101.816
99.7136
104.657
101.686
101.603
100.153
98.2359
99.9648
102.705
100.334
99.0917
99.5549
99.9406
98.7082
96.7797
101.885
101.122
101.055
98.1144
99.3673
99.4861
97.982
102.431
100.015
100.696
103.562
102.651
100.388
100.959
100.923
102.207
98.9429
101.126
102.381
100.558
100.207
100.891
101.794
96.4957
99.2617
101.163
101.844
100.535
101.359
96.3031
101.23
99.2008
100.39
99.9448
100.652
100.425
99.4706
99.6423
98.7114
100.7
101.199
102.142
97.4466
100.212
98.3914
99.9194
96.7974
100.223
102.902
100.636
99.1189
101.542
102.466
99.3907
103.564
99.3072
103.191
99.3662
101.141
102.269
102.093
100.157
98.797
99.861
100.854
100.676
100.365
101.158
102.574
101.512
102.059
102.943
104.511
98.294
100.297
100.837
102.215
100.45
104.558
99.6434
100.431
101.102
101.586
101.069
98.8397
99.3137
102.412
100.187
97.2681
101.277
100.513
100.389
101.096
99.2989
101.437
99.6738
97.3816
100.238
102.211
102.477
99.2431
102.268
103.094
101.602
99.6909
97.9471
98.5577
101.914
100.347
97.0303
101.204
100.741
99.3031
97.4423
103.038
100.351
98.2975
101.93
99.6497
100.757
100.529
101.569
98.984
100.003
102.165
101.831
101.161
102.182
102.008
101.313
104.267
100.135
97.8368
100.847
101.576
98.0675
102.617
99.4876
102.691
99.8831
99.9594
101.846
101.371
101.779
101.431
99.9799
102.091
99.1529
101.939
100.522
97.7351
101.218
99.159
100.77
101.101
100.678
102.111
100.335
101.896
102.037
103.806
103.875
101.876
103.154
101.801
102.696
101.338
98.7607
98.7249
98.1689
101.633
100.767
100.229
101.806
99.5965
100.966
99.2338
103.046
102.45
101.808
98.9835
100.901
100.589
98.7745
103.523
102.235
97.0926
100.093
99.9384
102.184
97.897
99.1957
98.7185
103.035
103.674
101.954
97.8728
101.45
102.914
101.326
100.856
98.301
100.432
102.801
100.543
102.783
98.9751
101.603
102.711
99.7933
101.715
101.515
98.8728
99.3548
101.592
101.301
99.7793
99.5605
103.878
99.1892
100.683
100.57
102.181
99.8383
97.5081
102.408
99.3205
100.617
103.57
98.5599
98.1702
100.828
102.442
99.598
98.4055
101.341
101.25
101.007
101.035
99.8958
104.862
100.358
98.7383
103.849
101.767
100.432
99.2999
100.369
101.978
98.4548
98.9404
101.964
100.472
98.7776
99.5368
99.8
97.7487
102.949
98.6418
97.8598
102.425
99.5108
101.001
104.366
99.9274
99.0086
100.666
101.951
102.297
101.348
102.711
101.493
99.1164
102.416
99.1716
101.856
101.021
100.172
98.3691
101.326
100.952
99.2574
99.7708
101.045
102.245
100.994
102.986
102.006
101.637
97.684
102.715
100.061
100.322
101.067
101.185
99.7095
99.4973
100.843
101.239
98.9914
102.221
101.281
99.934
99.7243
99.7101
99.7959
100.558
103.847
101.676
102.198
100.302
99.8313
100.651
99.5681
100.603
101.272
104.069
98.9063
101.528
100.048
98.9288
98.1223
101.486
100.213
100.494
100.194
99.6813
98.2823
98.7017
97.9851
102.695
99.1794
104.415
101.517
100.326
101.668
99.3938
99.5423
102.073
101.463
101.703
101.927
100.534
100.271
101.336
103.284
102.016
102.17
98.5674
99.5476
102.665
103.14
101.666
101.514
98.9489
100.424
102.221
100.461
100.758
99.1569
100.267
100.195
97.2535
101.053
100.51
98.3196
100.654
99.8867
100.071
100.266
99.6585
99.1425
102.756
99.4074
103.16
102.876
99.9044
97.112
97.7532
98.3067
100.421
99.4734
98.4408
100.358
100.419
98.8644
100.415
101.525
102.394
101.325
98.6654
102.216
101.453
99.0259
101.854
101.464
99.3468
99.547
103.283
96.6143
102.152
100.085
97.6171
98.9184
98.6957
103.163
98.5166
100.381
100.363
100.151
102.769
104.962
101.145
100.451
102.193
99.0752
100.478
102.632
99.6025
100.841
102.072
102.422
103.396
103.561
100.127
101.041
100.836
103.887
100.598
100.748
100.719
100.812
101.517
100.759
99.398
99.0197
100.582
103.046
101.328
100.562
100.012
98.2963
100.054
99.7083
99.4888
102.63
103.17
98.7311
100.094
101.545
99.8675
101.386
100.26
100.732
99.6165
101.308
102.915
98.6641
101.657
102.344
101.601
101.279
99.0976
102.521
99.1988
101.1
101.111
98.0287
97.3624
99.2552
102.485
98.4812
100.772
101.573
102.517
102.779
99.6498
99.3977
101.467
99.6146
100.493
99.4261
100.841
101.12
99.9642
100.84
97.8928
98.5824
99.9399
101.027
101.733
101.792
102.702
101.641
103.112
102.334
100.937
99.5468
97.3877
101.657
99.4971
102.798
99.2025
103.409
100.17
100.877
100.798
98.9395
100.84
101.783
101.283
101.117
101.015
101.066
99.8719
100.101
98.2877
98.1531
102.989
101.311
98.2537
99.5827
100.4
102.262
98.3424
103.199
99.1
101.875
100.493
100.709
102.074
99.5348
102.003
100.365
98.7127
99.0232
100.165
101.488
99.5444
99.0553
101.701
100.081
99.342
101.189
98.8964
100.269
100
101.688
101.709
102.742
99.8435
102.245
98.5815
104.665
99.7777
101.764
100.172
101.649
101.893
102.909
102.188
97.5741
97.9967
97.8243
99.3386
100.058
98.2055
102.389
100.066
97.9665
101.719
101.785
100.329
101.609
106.856
100.977
101.672
98.858
99.6302
100.257
101.609
99.1241
101.884
101.72
100.652
104.262
97.5915
99.7387
99.8959
101.494
104.981
101.823
101.881
101.832
98.4702
101.88
101.625
99.1254
100.308
98.6793
101.068
101.032
102.031
102.132
100.864
104.308
102.616
102.544
100.831
103.249
98.0521
100.151
102.029
98.0732
100.793
97.4001
100.499
100.415
99.6995
101.982
103.124
99.0486
100.637
101.242
102.48
102.474
101.273
101.716
101.216
98.7419
100.915
99.4667
101.981
101.464
100.224
103.097
102.069
102.654
98.6475
100.819
102.03
98.0589
100.666
100.946
101.744
99.9272
98.7783
101.591
100.399
104.066
102.874
102.856
101.477
102.125
103.443
101.835
101.86
101.354
99.7646
99.0917
99.9252
103.478
101.419
100.017
101.469
101.182
102.844
98.7985
100.981
99.5193
100.376
99.0343
100.454
100.343
102.436
100.577
102.853
100.484
101.041
98.1268
106.217
99.2502
101.342
102.447
103.256
102.467
100.478
99.2507
101.3
102.761
100.964
100.621
97.7741
102.526
99.6533
102.716
100.563
100.013
100.962
100.177
100.776
100.913
101.899
103.037
101.109
99.6143
99.5723
100.311
101.829
99.4652
102.587
101.717
100.11
101.657
98.3419
100.487
98.6929
98.9253
102.254
101.841
99.531
99.1508
100.708
101.036
99.8595
101.094
100.507
101.945
98.5311
102.153
101.495
99.1108
102.586
101.536
101.103
101.312
99.3742
99.7316
100.727
99.1188
100.05
102.011
100.79
99.8121
99.6883
97.0612
96.4639
102.169
101.519
99.9683
101.108
103.145
100.172
99.9521
101.596
103.692
102.922
102.721
102.724
101.967
102.338
100.675
98.08
100.907
99.1364
98.6032
99.345
102.372
102.129
102.011
100.701
99.9454
99.6858
101.665
103.226
102.945
100.482
100.026
101.761
102.701
102.43
96.9986
103.091
101.655
101.189
99.3181
100.586
102.668
99.9918
102.268
104.286
101.403
98.0518
103.276
100.49
104.141
100.402
102.271
98.1922
100.836
100.745
101.447
103.65
101.708
98.8013
101.297
101.353
106.788
100.742
101.997
99.4562
100.005
99.9584
101.669
99.2584
101.954
103.452
99.3851
99.2492
102.127
100.356
102.296
100.745
100.828
103.478
99.5243
102.473
99.0478
101.13
102.682
99.507
100.088
99.3739
101.499
104.224
99.8854
98.5286
102.293
101.876
101.749
99.6806
100.287
99.2631
98.9065
100.181
101.791
99.9018
101.621
100.099
102.395
100.432
99.6572
101.489
98.6992
102.291
103.194
102.338
99.1145
99.3991
102.376
98.0173
101.099
101.423
99.1824
98.9532
103.732
102.08
102.412
100.589
102.118
100.3
101.104
102.638
99.4678
104.285
101.294
102.27
101.158
100.353
102.199
98.83
101.681
102.175
100.139
100.023
102.869
101.453
101.704
100.029
102.064
101.59
101.52
101.573
101.186
100.988
100.913
99.5917
99.7794
100.131
101.618
102.285
100.453
100.306
100.165
101.862
94.4928
99.0925
99.8969
100.475
101.456
102.413
99.7501
98.0487
105.071
100.076
99.6723
100.887
99.8561
101.398
101.76
100.331
101.725
99.8541
102.185
97.0171
98.6322
100.42
101.647
101.794
97.8863
97.097
103.589
100.171
101.318
100.344
101.116
101.913
101.591
101.001
100.004
97.7919
98.8179
100.319
104.161
99.946
100.103
100.704
101.194
100.482
100.913
101.037
100.706
101.102
100.7
100.492
101.803
99.1189
98.8677
100.062
99.8837
102.206
102.403
102.011
98.1612
101.475
99.751
100.187
98.4183
102.018
98.6678
100.091
99.4707
98.3023
102.193
101.009
101.444
100.137
97.4238
102.363
102.976
102.991
99.3253
103.076
103.484
102.194
102.534
100.497
98.3248
100.16
100.298
101.207
98.9686
102.315
99.3364
99.7567
100.552
98.3602
100.69
100.78
99.6732
101.288
101.533
102.974
99.7639
100.475
100.364
98.9449
99.5404
99.9866
102.511
98.6799
100.89
100.648
99.5062
99.9675
102.599
100.67
98.0176
104.457
100.183
102.411
101.406
102.718
98.4668
99.0921
101.129
97.5336
101.948
98.088
101.373
101.169
101.503
100.902
101.356
99.7397
101.212
100.954
99.5994
101.595
99.9266
97.9105
102.636
98.7208
101.728
98.2135
98.641
99.7638
97.4975
100.456
100.178
100.466
100.853
104.605
99.8373
99.6902
102.544
99.5658
100.245
100.27
97.2419
102.133
100.539
99.7097
99.3508
100.442
97.8853
96.8052
100.933
98.8557
98.5118
99.9224
101.34
102.092
98.6452
99.4355
98.957
103.395
102.427
96.9471
101.48
99.5451
102.82
102.026
98.3824
101.097
100.153
101.575
100.823
100.701
100.226
98.02
97.6191
104.998
100.481
101.444
98.7093
100.76
99.2176
102.565
100.487
101.69
101.694
103.214
102.686
98.1106
100.9
102.361
99.5551
102.838
101.527
100.717
102.634
99.5747
102.129
98.6974
100.043
101.838
99.8699
100.713
98.12
100.996
102.402
100.143
102.144
98.0452
103.651
100.618
102.658
101.043
101.398
99.2604
101.162
100.575
100.072
98.1999
99.6929
103.492
103.121
100.078
100.209
98.8542
101.028
100.939
103.926
102.882
103.265
99.8757
99.4924
100.217
99.7547
99.6913
100.219
102.271
99.1312
99.4555
100.74
102.484
98.1261
98.9437
99.8575
99.0747
100.729
101.648
99.15
99.335
102.532
99.8917
98.9182
99.796
100.99
102.273
99.0874
99.9961
99.9297
100.744
102.094
102.178
99.4175
102.459
101.097
99.2899
101.831
104.543
103.193
100.889
101.152
99.2044
105.187
102.251
100.666
99.5287
100.716
102.916
102.417
101.865
101.893
98.5209
101.825
99.5987
102.84
102.213
98.2036
99.3043
102.302
98.2323
99.1579
101.62
101.361
103.008
99.3344
99.7652
103.758
103.775
102.486
101.082
100.149
100.9
100.015
101.577
102.449
102.9
104.732
100.613
99.5291
101.776
100.298
99.53
100.291
102.873
101.539
101.354
101.929
99.1821
100.788
99.8981
101.213
97.7081
101.213
101.616
104.108
99.8632
100.315
99.9844
99.3445
101.817
101.209
99.2351
96.8503
101.443
100.818
101.37
100.709
98.7679
100.91
99.8371
101.394
101.908
99.6363
100.132
97.6413
98.8518
99.8279
100.132
100.984
101.276
101.708
98.7794
104.167
100.633
99.0931
99.4163
102.085
100.183
100.606
101.122
102.19
100.482
103.87
102.014
97.1833
98.37
99.8701
100.443
100.951
100.851
99.6734
97.08
98.915
99.5976
101.555
104.147
103.522
100.797
101.74
101.508
100.486
99.7679
102.834
102.081
101.965
101.549
100.247
97.2893
101.689
98.3741
99.0819
102.198
101.159
101.725
100.279
99.5143
99.8182
101.729
101.742
99.8742
99.338
101.37
99.0122
98.2396
102.579
101.413
99.0407
101.614
101.588
98.9796
100.287
103.092
100.069
103.333
102.777
101.325
100.955
101.591
100.953
99.2963
99.693
99.68
102.089
102.188
99.4101
101.591
101.141
100.91
100.251
99.275
96.9639
102.012
102.521
105.442
100.871
97.3464
99.5718
100.479
103.037
99.7998
99.331
100.012
100.814
98.9388
99.9478
100.995
101.742
101.301
100.628
100.681
99.9339
100.011
99.1783
101.032
98.8641
99.0299
102.83
99.6512
102.007
102.63
101.299
102.676
99.3904
101.958
104.515
100.33
98.24
100.22
101.02
100.287
101.3
100.612
100.288
99.0286
98.4382
101.049
101.448
100.376
100.009
100.855
101.286
100.927
101.113
102.909
99.8755
101.447
100.637
100.802
101.868
99.5962
103.758
97.5161
100.568
98.7279
99.2641
102.542
103.03
99.5993
100.355
99.563
98.9191
99.8242
100.463
98.3847
99.8138
100.149
101.489
99.1133
97.7615
99.7991
98.8026
100.399
99.0956
102.652
101.15
102.044
103.757
99.8582
102.395
101.178
99.8126
100.942
99.4013
98.0811
103.545
99.2762
101.125
99.8815
98.5127
101.25
99.7234
102.954
98.3808
98.122
101.977
100.225
101.627
101.83
98.5175
100.687
98.5881
100.204
99.4531
100.233
99.7158
101.407
102.045
100.267
100.143
100.626
99.6762
99.9674
98.5933
101.354
100.144
100.324
101.86
99.3945
106.338
99.8906
100.102
98.8946
101.036
99.4612
102.867
100.181
98.591
101.063
100.704
100.325
101.565
102.591
98.3555
100.687
101.232
101.073
101.298
101.427
101.381
99.796
99.6812
98.5502
101.575
98.3644
100.027
101.364
98.1871
102.854
100.652
98.0341
99.4269
99.8316
99.0956
102.555
102.82
99.3496
99.6648
99.1869
99.2189
99.757
100.406
101.522
98.859
99.3629
101.907
99.4119
98.0987
99.5374
100.444
100.496
100.828
103.574
101.99
99.0288
98.7005
101.12
98.4523
98.2005
98.7484
102.976
102.065
97.3053
99.5379
100.732
100.644
100.196
100.769
101.804
99.326
100.991
99.9135
99.2516
99.3315
98.1014
98.5897
99.9695
98.3096
98.3575
98.0038
100.706
99.2303
102.053
100.453
98.0026
100.484
99.3316
99.6148
100.882
97.4591
102.134
97.2971
98.4444
104.159
101.987
99.1344
99.4143
98.3817
101.839
103.513
98.9225
100.409
98.8978
99.7362
99.6327
98.8323
100.879
101.015
100.371
99.7709
99.8736
101.213
100.21
103.389
99.9473
97.3988
98.2061
101.198
101.085
101.193
100.288
100.87
97.1676
98.55
101.927
99.2807
99.2198
100.299
102.015
100.349
100.218
100.595
99.3415
101.785
100.942
99.8827
100.154
101.956
98.8772
100.955
104.71
98.3083
102.288
102.383
101.647
100.669
101.09
100.468
99.3334
101.396
100.277
101.706
100.907
101.448
101.901
100.569
100.554
100.634
102.29
101.3
99.556
100.204
103.262
100.745
99.7808
104.517
101.12
98.0356
100.997
102.215
99.684
103.259
101.348
103.261
101.699
102.114
100.421
101.354
103.298
102.255
102.533
102.375
102.628
99.7995
98.6084
99.4085
101.163
104.484
102.698
101.695
101.957
101.45
100.153
99.5615
99.3464
99.6416
101.973
101.482
103.773
99.7701
97.9898
101.289
100.648
101.705
96.6416
97.4009
102.144
101.514
98.6844
98.5955
100.402
101.207
102.085
99.7947
100.583
100.569
101.52
100.866
100.022
98.9774
101.147
101.574
98.6965
101.035
98.1387
99.7735
101.2
101.171
99.0165
100.716
97.6146
101.372
101.662
100.866
100.303
100.965
98.5882
100.516
98.8658
102.064
99.0324
97.5787
100.151
101.743
100.161
101.806
101.29
100.205
99.4556
99.774
99.2799
99.3794
99.4957
101.029
100.54
100.22
101.582
101.894
99.4865
100.703
100.034
100.525
101.453
100.769
100.887
97.4998
100.245
101.289
101.768
100.297
100.547
100.806
101.981
98.3333
97.6263
99.8951
98.6641
101.862
101.479
99.8622
99.825
101.799
101.359
100.964
101.429
100.591
101.045
99.4449
101.34
102.052
100.472
102.509
98.8973
99.7872
100.893
98.6024
100.076
99.9906
103.63
102.217
99.9249
102.629
99.4053
99.2318
100.518
103.281
101.729
100.018
102.02
101.936
100.804
97.9497
101.29
100.625
98.1559
102.311
101.49
101.237
100.701
97.3107
102.38
100.268
99.1265
101.89
102.328
98.5782
99.436
100.526
99.698
99.394
100.767
102.341
100.65
98.1704
101.721
100.134
101.034
99.4488
100.948
98.7319
101.769
99.8425
102.506
100.249
102.152
101.055
103.064
101.902
98.9005
101.808
101.755
99.8847
99.8703
101.207
97.7235
100.154
100.47
100.052
100.74
101.165
101.994
100.987
101.892
99.8558
98.9494
102.588
102.593
100.253
101.23
96.8817
102.574
97.4808
101.216
101.249
101.398
98.5454
99.9394
101.637
100.391
100.449
97.1404
99.6115
98.5179
99.1562
102.796
101.869
99.3964
100.623
101.379
101.519
100.952
100.397
99.1943
101.841
100.833
101.95
101.501
100.022
99.8643
100.901
98.6164
102.275
101.351
102.241
98.4772
102.242
102.741
98.1084
100.859
102.102
101.082
101.273
100.356
100.978
97.9818
105.293
102.165
100.547
101.366
99.8333
100.3
101.883
101.562
99.3717
100.658
98.7358
99.4216
100.443
100.259
100.121
102.37
98.8877
98.6611
99.2093
98.2674
102.249
99.7533
101.541
99.532
101.397
102.747
99.3453
103.439
98.7191
101.807
102.142
99.7871
97.8956
103.315
99.3356
102.685
97.5325
99.4597
101.389
101.895
100.168
99.7266
99.8698
100.414
103.686
102.051
100.55
101.879
100.336
102.313
100.257
98.4019
101.545
101.005
97.5069
97.4643
100.926
100.131
100.875
99.7222
101.265
100.753
99.6942
103.538
97.9807
98.6775
99.0821
99.2804
99.7986
102.169
98.4678
100.935
100.533
105.222
102.061
99.9793
103.255
99.1481
100.414
102.962
100.474
102.28
101.795
102.575
103.686
103.872
100.737
99.888
99.6867
102.466
98.7912
101.771
101.318
100.986
98.8482
103.72
97.7806
101.551
99.5208
99.2036
97.4451
101.542
103.078
100.254
100.167
99.8527
100.678
101.953
101.524
99.9263
101.676
99.5031
100.677
101.614
101.908
101.31
100.153
99.0518
100.222
100.3
100.364
102.199
98.8442
102.166
102.097
101.719
100.16
102.286
101.389
101.338
100.642
100.898
102.844
99.3109
100.57
100.123
100.729
100.754
99.5668
101.149
99.5108
101.131
101.9
103.048
102.291
105.566
100.903
98.613
101.871
101.164
102.134
100.651
99.1353
99.9606
100.197
101.172
103.684
98.2264
99.3199
100.459
101.405
103.932
97.504
100.178
100.363
100.639
102.213
102.805
104.717
100.239
98.7002
100.809
101.342
101.206
98.3337
100.161
100.159
98.2821
101.601
99.9673
98.8152
101.996
100.921
101.004
102.3
102.266
98.8427
98.3779
99.7023
101.089
101.776
102.612
98.0356
100.486
100.789
100.862
100.82
99.6868
101.125
100.303
99.6771
100.81
102.576
101.963
102.148
99.3082
99.4732
103.316
100.248
100.584
99.2634
102.291
101.517
102.994
101.951
100.623
99.8922
102.918
100.102
100.932
102.616
103.103
101.006
100.606
98.66
100.893
101.052
101.263
97.4991
102.274
102.02
101.313
98.8207
103.641
98.26
100.24
99.9694
101.728
99.0384
103.754
99.3526
99.1237
99.0589
102.003
98.7553
101.506
101.669
98.8497
101.459
99.559
99.9949
101.183
97.4067
101.015
102.139
100.226
102.902
100.944
97.0447
102.444
98.0183
99.1242
98.101
101.047
101.323
103.379
102.704
103.166
100.996
101.341
104.902
98.0874
102.199
102.289
102.69
97.2634
99.8094
98.6106
98.1891
101.87
101.353
101.077
102.797
98.7333
100.319
96.8735
101.753
99.0269
98.0611
100.178
103.235
100.021
103.751
97.4865
102.272
98.498
102.577
99.2339
100.392
102.439
99.0809
99.7929
99.0882
100.203
102.227
98.9924
104.726
99.8858
98.9316
103.156
100.238
102.112
102.628
102.726
102.492
100.94
98.1125
101.137
101.701
99.2145
100.616
101.52
98.5273
103.075
101.123
102.233
98.2312
101.279
99.2037
101.706
98.5546
99.7036
99.2347
100.714
103.647
99.9915
100.78
100.403
101.03
101.292
100.603
102.751
100.967
98.0361
99.3343
99.372
100.47
97.2584
99.7165
101.382
98.2545
101.34
100.724
98.3828
98.5023
96.4149
102.222
100.089
101.962
103.263
97.0063
98.8462
102.032
99.2379
99.697
98.5054
99.5972
101.223
101.094
100.676
99.6703
100.506
98.0898
101.458
101.452
99.0224
100.63
102.316
101.989
99.5993
100.337
99.3831
101.351
101.465
99.9605
101.395
101.757
101.38
98.532
101.516
101.047
99.9099
99.0219
100.104
98.111
99.8917
99.3917
100.421
99.2828
99.7728
97.6075
98.6946
102.664
100.814
100.969
100.371
101.002
100.991
101.726
102.425
98.8638
101.351
102.784
101.236
101.508
102.531
99.4282
101.193
101.708
100.138
103.028
101.025
99.9433
102.544
98.2372
103.494
100.71
102.883
99.1312
100.335
100.641
98.5367
101.195
99.1841
101.502
101.748
100.396
103.5
100.068
102.062
102.912
100.307
102.822
98.8393
98.5679
102.411
100.976
101.927
100.032
99.3217
100.846
103.056
98.1521
99.4241
99.9454
102.005
102.178
99.8785
102.548
99.2185
98.7281
99.5778
99.0493
100.863
102.074
98.6755
101.047
98.7064
104.807
102.01
100.917
100.56
100.265
100.269
99.9381
99.9809
100.475
100.036
101.834
102.85
98.4563
97.1795
100.171
102.802
97.958
99.9994
102.606
98.4456
100.814
98.2056
99.7315
101.159
101.597
97.8992
100.303
102.332
99.3371
98.8536
100.784
101.876
101.787
100.36
101.397
98.7584
101.367
102.165
102.225
101.181
101.034
98.4186
101.683
98.8788
99.9148
100.74
104.372
99.6862
100.393
100.887
99.123
101.693
100.263
101.901
100.329
99.1396
100.108
101.025
101.557
97.365
101.651
103.99
100.529
101.638
98.8582
102.895
100.217
100.088
98.6516
100.104
100.188
101.372
99.3904
99.6262
100.076
98.4921
98.8149
102.716
103.145
99.7598
101.521
101.946
98.6412
100.411
97.5251
99.3089
102.252
100.232
101.556
98.2024
101.217
101.54
105.657
99.5132
102.262
103.212
103.393
102.334
97.9267
102.962
99.1089
99.3258
99.356
101.196
101.904
103.437
102.432
98.3446
102.187
100.243
99.595
100.981
103.624
101.312
101.133
103.42
100.802
100.961
101.325
98.4567
102.334
100.58
100.53
101.531
99.8726
101.133
101.207
100.02
101.953
100.027
99.5645
100.507
103.19
101.532
101.698
99.1774
99.9831
103.271
100.015
100.82
98.962
96.9819
102.028
98.1305
100.633
97.6762
101.051
101.521
100.721
100.777
101.889
100.973
104.419
101.792
99.3759
99.5037
98.6097
98.9979
102.049
100.835
100.016
101.828
101.109
99.8693
98.7957
100.617
101.631
103.024
100.453
101.089
100.896
102.402
102.327
101.026
102.076
100.855
101.755
100.057
100.813
100.746
101.313
98.0104
102.511
101.468
101.706
99.7358
99.8103
100.753
102.116
99.6197
99.3991
100.028
100.842
100.152
98.5027
100.519
98.7607
100.015
99.7377
100.259
100.682
100.117
98.4834
101.297
100.561
102.692
101.619
101.894
99.2294
98.6944
101.26
100.679
102.134
100.002
104.409
100.507
99.2229
102.652
102.139
99.823
104.021
102.304
98.7375
99.3127
101.074
97.6143
101.616
99.5376
103.522
100.444
101.846
101.633
103.499
98.8654
101.869
101.538
102.174
103.228
103.903
99.0772
100.602
100.727
101.323
100.497
100.562
102.43
96.6118
100.862
101.654
100.626
100.357
101.457
104.271
99.3485
101.365
100.708
100.012
101.298
99.1045
100.037
100.818
100.67
101.946
100.579
100.031
99.9983
102.195
100.356
103.167
100.229
100.081
101.47
100.403
103.68
100.016
99.2438
99.4312
98.7084
97.3369
102.317
98.4798
105.869
102.189
95.9482
101.906
102.07
101.191
99.0209
100.589
101.623
102.08
104.87
101.09
99.5727
100.199
101.474
101.355
101.363
100.072
102.114
101.175
101.844
102.896
99.7494
100.29
100.82
101.626
99.9836
100.186
102.075
102.146
99.7085
101.913
98.2499
102.206
99.8882
103.201
99.3404
99.5957
100.568
100.421
100.739
101.912
98.8688
99.428
99.867
99.4927
100.068
102.635
98.3899
102.369
103.438
96.4369
100.034
101.268
99.6221
102.684
101.738
100.301
99.915
101.649
102.25
100.462
102.714
101.256
100.649
100.666
100.82
101.918
99.4432
98.8613
99.5293
101.623
101.023
103.049
100.21
102.273
102.008
100.49
99.2527
101.223
98.3568
99.6748
102.69
96.7809
102.342
100.091
99.426
102.628
98.6937
101.885
100.544
99.6292
100.996
98.2286
101.929
101.479
100.854
102.677
102.018
98.6663
102.359
101.748
99.3373
102.375
101.601
98.5824
100.633
99.4464
102.383
101.586
97.5569
99.2488
100.917
100.402
102.654
99.4613
99.0918
100.673
98.5538
100.998
100.262
100.56
99.8081
98.3344
100.534
97.8937
100.355
102.494
102.01
99.8507
98.5603
101.597
99.9978
100.984
100.864
100.323
101.909
98.8946
100.103
99.6976
101.222
99.5526
100.711
102.846
101.729
99.0156
102.136
100.308
100.339
99.1154
100.762
101.258
103.071
100.615
102.22
102.036
96.2107
100.074
100.822
102.299
102.898
98.3307
97.9041
102.82
99.2869
100.984
101.887
101.659
100.628
101.464
103.426
100.243
102.906
101.149
103.268
102.303
100.886
98.9312
100.319
100.305
99.8619
99.8241
99.5611
101.013
99.2509
100.919
100.203
101.535
101.634
99.0899
98.921
98.5435
101.618
101.156
100.536
104.228
102.672
100.578
101.93
103.552
100.958
101.213
101.064
103.759
99.1514
102.226
99.9127
102.777
102.054
99.4309
102.694
99.6604
100.723
102.34
102.263
99.4027
99.1
105.096
99.6862
101.3
103.643
98.8527
100.701
101.489
100.278
101.478
102.206
103.309
101.822
100.026
99.058
101.526
99.545
98.9221
102.539
100.199
101.489
102.942
102.702
102.316
98.9116
104.555
102.105
99.9062
98.0836
103.572
103.78
98.7746
101.082
102.931
97.9312
101.829
101.692
99.9921
100.946
101.145
100.945
98.7154
99.0006
100.3
100.459
101.13
102.377
102.169
101.389
97.39
96.8783
100.38
100.905
99.7167
99.8449
100.207
100.851
99.8425
103.898
99.3516
99.6253
100.847
100.678
102.433
100.636
102.087
104.078
99.9363
99.9662
103.746
101.852
96.8268
104.681
99.2715
102.191
100.02
104.102
100.645
97.4559
99.1279
100.948
99.4106
101.311
103.206
104.081
99.6945
100.115
100.959
98.4873
101.254
101.175
99.7884
98.451
100.845
101.809
97.8391
99.9875
100.048
100.621
100.247
98.5975
103.49
102.496
98.7236
99.9954
103.297
102.339
99.3412
98.8411
98.573
103.367
99.7237
101.084
100.998
102.913
102.105
102.845
95.5362
100.467
101.593
101.643
99.4742
102.856
100.658
98.3475
103.703
101.659
97.9999
101.06
96.1373
101.914
99.6739
101.958
100.848
97.9445
101.924
101.23
100.278
99.3492
101.748
101.699
99.9172
99.5866
100.897
99.9397
100.362
100.334
98.6037
99.6604
102.452
101.333
101.262
99.8526
99.2639
100.514
97.6038
100.364
98.1811
100.774
96.0869
100.392
100.523
104.445
98.7355
103.35
103.271
98.4636
102.634
100.536
102.155
100.544
101.312
100.286
101.109
98.1462
100.178
102.121
101.956
100.902
100.358
101.92
99.7486
100.815
102.24
99.2745
102.146
100.147
102.777
99.3746
100.521
99.8379
100.317
101.691
100.525
100.227
102.385
104.191
100.481
100.131
100.938
101.731
103.564
99.9591
103.272
101.477
103.07
97.0178
98.5716
100.101
97.7503
101.156
100.098
100.381
100.586
99.9398
99.9322
100.861
99.9658
100.925
100.809
103.226
101.573
98.6451
99.9631
99.057
101.832
101.807
101.785
100.292
98.5829
100.044
100.318
100.541
101.262
96.9885
98.7649
101.259
102.289
100.134
100.387
103.457
101.053
100.152
103.205
102.635
101.146
100.862
99.2181
102.482
100.365
99.4704
101.642
100.11
101.101
100.408
101.857
102.817
104.031
99.1519
99.3057
101.819
98.3744
99.6228
100.121
103.094
103.411
100.444
102.544
96.7744
97.7315
101.661
100.146
98.8996
100.813
101.347
99.9552
99.051
101.612
104.358
102.288
98.4859
99.1624
101.707
98.4383
102.386
102.345
102.843
103.466
99.7496
101.252
101.005
99.5191
100.596
97.5825
99.6125
103.132
100.987
104.307
99.218
100.133
100.238
99.4071
99.827
99.5957
97.9129
98.4529
98.6654
100.167
102.437
99.4069
99.6865
101.708
100.113
99.5087
100.984
102.469
97.4054
98.7632
99.8223
100.011
99.9977
98.973
99.9633
102.874
96.7631
102.473
100.197
99.3207
102.758
100.912
98.6039
102.974
98.6654
100.496
99.8715
99.303
101.85
100.89
97.9043
102.01
101.226
102.42
101.915
99.0278
101.723
101.459
102.426
100.782
102.236
102.292
101.796
101.101
100.615
101.959
101.868
105.571
100.739
98.1936
100.749
99.7548
99.1934
99.3747
100.425
100.405
100.181
99.1841
99.8981
99.3375
99.6497
102.003
101.106
103.547
99.962
101.735
102.631
99.9949
100.849
100.852
99.4386
99.7462
99.4311
100.904
100.769
100.222
98.919
101.349
99.4237
96.3706
99.831
100.329
98.0609
98.8135
99.765
100.015
103.06
99.9469
102.321
103.898
102.214
99.2725
100.871
99.6171
100.281
102.464
101.812
100.856
103.921
101.194
97.6632
99.1305
99.3638
98.8543
102.18
101.102
100.382
101.014
103.621
100.443
103.151
98.4518
103.236
101.139
98.9441
99.8837
99.9044
104.272
100.119
100.263
97.0088
99.9256
100.849
98.5673
104.477
99.2635
100.669
101.246
101.403
101.311
101.583
98.4912
101.332
98.8468
103.995
100.871
101.286
101.697
98.2451
98.3686
100.833
100.423
102.316
103.609
102.523
101.07
100.121
101.938
101.736
100.331
100.079
101.64
99.91
101.223
101.938
99.5218
103.962
103.518
99.2409
101.42
103.863
101.181
98.461
101.806
100.759
98.5257
101.89
100.03
99.9671
99.5769
101.982
101.831
99.0569
101.055
98.0306
100.786
100.63
101.299
105.279
100.958
102.883
98.3269
99.745
100.523
98.6148
100.021
100.955
101.685
101.115
99.8299
100.434
100.791
100.382
103.15
99.7486
100.364
98.4407
99.6971
101.211
98.9941
103.197
99.3045
102.653
98.878
102.218
100.761
99.8809
102.033
100.261
100.002
101.366
100.562
101.494
101.524
99.0513
100.861
98.3069
100.327
100.86
102.136
100.695
102.291
100.707
102.502
101.92
107.061
103.207
101.188
100.31
101.261
99.9262
102.271
101.528
100.247
100.277
101.107
102.347
101.768
100.021
99.8841
103.57
101.987
100.866
100.524
98.7556
102.906
99.5086
101.193
101.81
101.413
98.1863
103.475
102.278
100.899
100.705
101.029
103.51
101.736
103.65
99.4975
101.904
97.2659
99.7794
98.7054
97.453
102.146
99.4421
101.314
100.848
100.176
102.343
99.7218
100.276
98.6552
99.6141
100.77
102.166
102.47
99.4941
101.78
98.6271
99.4415
100.531
99.3124
100.748
100.807
99.7746
99.7522
99.9849
103.019
101.876
99.2357
98.7367
100.739
98.3252
100.149
101.194
96.7527
100.666
99.3917
98.8079
99.9008
102.161
100.783
98.405
100.524
100.244
101.943
100.289
98.6202
100.536
98.3474
101.568
100.675
102.49
101.482
96.0796
97.4302
101.789
99.8832
100.542
100.022
100.715
99.6057
99.2133
97.3516
100.679
101.121
99.8567
98.2641
101.504
97.4179
102.223
101.401
100.682
101.671
96.6519
101.708
100.784
102.5
102.15
98.937
99.7882
99.9546
100.159
101.255
99.1464
99.9214
101.558
99.624
100.295
100.731
101.329
99.7714
99.0719
104.435
98.6875
98.1886
100.564
103.018
100.934
100.68
99.7617
99.7553
97.8286
99.9527
99.1209
99.7803
100.433
104.059
102.096
102.136
101.756
97.6634
101.903
98.3982
102.597
99.6782
100.028
100.189
100.998
101.628
102.215
100.975
103.625
99.8207
102.028
99.9305
101.055
100.737
100.343
97.4865
100.41
98.5831
102.805
100.019
102.529
99.3719
99.5005
102.221
100.442
102.284
102.817
100.077
99.9517
99.8398
101.875
96.4928
101.766
100.748
101.046
96.8994
102.902
98.0424
96.9338
100.075
100.072
98.2561
98.6685
106.447
103.525
102.745
101.864
103.162
100.713
100.283
97.8157
98.1045
98.3379
98.9265
97.5967
101.543
99.483
100.467
99.7056
102.591
102.534
102.325
101.676
102.586
99.588
101.427
100.254
101.444
101.119
99.5923
99.2059
97.2927
99.1849
101.047
98.7729
97.7376
101.148
98.7044
100.198
103.617
102.876
99.4715
101.816
101.466
99.9049
101.698
100.625
100.886
99.79
101.398
101.26
100.451
101.721
100.691
101.631
99.8925
102.135
100.279
98.1399
101.744
100.593
101.287
98.4527
102.859
101.88
101.191
100.974
102.247
100.349
101.641
102.167
102.535
100.845
98.0576
101.364
102.189
102.669
98.8944
100.378
99.6402
102.401
99.4214
100.412
102.729
99.1608
100.343
98.4855
101.287
102.642
100.586
100.744
100.808
101.161
100.446
103.528
102.215
103.264
102.304
99.3284
100.843
101.837
99.691
100.613
101.962
102.328
100.22
100.627
101.405
99.6614
101.152
98.3618
98.754
99.9153
102.153
100.281
99.506
97.812
101.576
101.751
99.5319
101.358
99.1127
102.32
100.049
97.7598
100.456
102.046
101.808
100.557
101.082
99.6418
99.8467
100.291
97.6809
100.167
100.485
101.276
100.984
100.806
102
102.148
100.02
104.42
102.536
100.228
101.243
100.853
101.878
97.5644
101.374
99.6983
98.7403
100.337
99.9465
102.871
100.051
97.9683
99.576
99.3735
100.753
101.606
101.476
102.499
102.237
102.771
100.029
100.543
98.3571
102.312
99.4556
102.201
101.178
100.294
100.965
99.7541
101.187
98.9474
100.187
99.6089
98.4242
98.2925
101.817
103.374
100.608
103.257
100.276
97.7325
100.431
101.269
102.965
99.2042
99.7987
101.091
99.0094
100.911
99.6997
99.4836
102.175
103.226
102.102
103.134
101.333
100.518
101.295
99.9477
100.9
100.875
99.574
101.345
99.1661
99.9156
99.4258
99.4614
102.459
97.6183
101.261
102.655
101.131
99.1417
102.477
100.775
97.79
102.035
99.3675
99.3075
98.4631
99.8278
100.503
99.1364
100.786
100.011
100.954
98.2034
98.0824
99.8166
100.345
99.5113
101.041
102.646
99.4403
101.095
100.951
100.731
98.7155
98.7993
99.2731
101.715
99.0329
101.395
99.6159
100.135
100.179
102.572
101.159
102.421
101.858
99.5569
101.721
99.1962
102.973
103.089
101.725
99.6844
101.022
102.339
100.332
102.063
103.035
96.5245
99.8494
96.9703
98.5123
103.406
99.8735
98.1041
99.3651
103.805
102.038
101.327
103.018
100.627
104.423
99.996
98.7436
99.4823
103.026
100.063
101.538
99.4278
100.415
101.544
103.373
100.097
98.0435
100.568
99.7336
99.2287
102.592
100.77
100.563
99.4589
104.787
102.797
98.5341
99.1407
98.5298
100.873
102.003
102.884
101.318
101.383
100.787
101.965
99.6879
101.975
99.1318
102.651
103.035
101.194
99.0828
101.764
100.95
100.4
100.127
101.133
100.118
99.0738
97.307
97.4294
102.761
100.387
101.424
103.73
101.962
99.715
101.763
99.3428
100.58
101.866
100.223
98.9136
99.0765
100.526
101.574
98.4966
102.832
102.017
100.173
101.656
101.679
97.4393
101.427
100.093
101.123
98.9035
102.229
98.2464
100.13
103.085
102.18
102.708
100.787
97.6253
99.7853
98.3781
101.504
104.026
98.6545
102.073
100.377
100.701
101.68
98.6283
101.75
100.768
101.68
98.9929
101.773
97.9368
101.349
101.256
100.112
99.418
101.143
99.452
99.3194
100.925
99.2228
101.919
101.332
101.386
102.27
99.7465
100.326
102.904
99.6298
100.715
104.384
100.891
99.7456
101.71
102.609
102.485
98.5507
100.295
101.976
99.6665
100.565
101.28
100.307
99.4732
100.565
98.151
99.8548
100.321
99.2284
100.478
102.068
103.456
99.1329
100.347
100.717
101.139
101.012
103.072
96.5492
101.685
101.096
100.992
102.628
97.428
100.436
102.256
100.039
101.481
100.578
100.196
100.566
99.4107
99.215
97.2333
97.4795
101.417
101.029
101.5
100.187
99.0686
101.81
99.2696
99.9559
102.855
104.436
100.126
99.4446
103.013
102.128
99.8665
99.9106
98.7306
100.36
99.6346
99.7809
104.238
101.065
102.291
102.806
102.233
101.822
100.453
100.141
99.061
99.2241
100.595
100.094
102.416
100.667
99.6306
101.718
104.715
103.761
100.851
101.55
97.4411
100.422
100.806
101.23
103.727
100.233
101.273
100.231
102.506
101.263
100.158
100.072
101.792
101.314
98.2108
101.812
98.7226
100.576
103.389
99.7335
97.3239
97.9717
100.586
100.346
99.0545
101.479
98.3455
102.352
100.021
100.797
100.627
99.6149
97.169
101.007
99.7789
97.5073
101.006
102.649
99.8124
103.29
103.33
99.2926
100.634
99.5106
102.172
101.286
103.185
99.2334
99.1335
101.065
100.366
99.1257
101.604
98.0458
100.968
99.4805
100.642
101.248
101.812
101.736
100.866
100.588
98.0089
102.187
101.06
97.5924
99.6526
101.306
103.347
99.7578
101.568
100.592
100.681
100.734
101.622
99.0117
99.0495
103.04
101.575
101.788
100.924
99.7647
100.602
100.147
100.1
101.697
99.2509
100.895
101.993
100.936
99.5404
98.3088
101.931
100.931
100.804
102.714
98.7149
98.9909
102.669
98.0701
102.206
98.9282
97.7234
102.488
98.0455
104.036
99.0019
102.45
96.1593
101.368
99.7567
98.5234
101.774
101.541
99.2481
102.056
101.076
100.048
102.633
103.986
101.205
98.5467
104.147
102.765
100.149
100.118
97.7833
99.0292
98.5299
100.17
101.235
102.925
103.217
102.08
98.5075
102.223
98.5141
100.928
99.814
102.217
102.278
101.915
100.281
100.418
100.137
101.802
100.7
101.939
99.2999
97.1384
100.596
100.553
101.756
100.635
100.542
99.632
100.227
99.7107
100.464
101.184
102.599
101.96
100.951
99.2892
99.2406
101.451
98.3103
99.4366
99.8629
103.832
98.8807
105
98.7557
100.073
102.054
99.1013
100.939
99.5392
100.321
100.032
99.0525
98.8347
101.333
99.3112
98.3245
102.917
100.799
100.495
102.722
100.363
100.713
100.579
100.667
99.2695
98.4314
101.576
98.1394
99.128
102.589
98.7563
102.181
99.6645
102.368
102.278
100.697
96.2514
102.496
100.336
100.116
101.587
99.3688
99.6025
101.406
104.166
98.9016
102.229
99.9911
101.866
101.175
96.4854
100.765
105.483
99.4669
100.391
101.274
101.819
101.281
105.632
98.7214
98.0974
102.265
100.507
101.702
101.618
101.173
101.354
98.3727
101.552
100.429
98.5735
99.9706
104.874
99.8261
96.5357
98.5864
99.6654
99.1899
105.12
101.682
101.489
100.094
101.191
100.272
99.5673
99.3526
101.854
100.646
98.6547
100.302
104.123
101.501
98.5626
101.778
98.69
99.3507
101.316
102.009
99.6354
98.8195
100.464
101.305
102.304
101.257
100.595
104.22
99.7399
97.7296
100.487
101.877
100.726
98.8579
100.108
99.638
99.6307
96.5741
102.251
103.95
100.3
99.5768
101.283
96.7206
101.833
100.177
101.52
103.083
103.575
102.211
98.8406
99.0096
100.593
101.346
101.44
102.133
101.146
99.3919
100.126
99.6145
99.3247
102.955
99.2112
102.018
100.581
99.674
98.7522
99.1763
99.061
98.6316
99.2986
100.258
99.1466
100.457
99.4937
100.54
103.367
97.9824
99.9114
98.5037
101.51
101.989
99.8697
98.0539
99.0125
100.711
100.567
97.4855
99.6926
98.298
100.795
102.274
102.579
102.728
103.177
102.369
102.64
100.264
100.534
99.1301
100.059
100.534
101.639
99.51
103.469
103.997
103.061
98.9338
101.487
100.337
100.986
98.2059
99.8186
101.352
103.902
99.1552
98.8005
100.714
102.563
100.5
101.339
98.8098
99.386
99.7979
102.254
102.644
98.8507
102.029
98.2889
100.779
100.939
101.886
99.8543
101.411
101.452
100.113
100.603
99.2431
102.841
100.787
99.1003
101.27
100.147
102.19
96.6968
99.3788
101.88
100.414
100.258
100.944
99.6678
101.386
101.529
99.1903
97.8474
100.446
100.996
101.458
99.5564
102.377
99.0642
96.6608
99.1869
98.9969
102.069
99.9839
101.49
102.716
102.523
105.267
99.5143
99.9621
99.6464
102.416
100.007
97.3592
101.689
99.6002
99.8344
101.909
101.297
100.557
98.9078
98.0232
104.1
99.976
100.276
101.683
100.819
103.364
101.435
99.579
101.045
103.058
99.2901
97.6963
97.9599
99.8476
100.678
99.7649
99.5858
101.043
102.547
101.482
103.173
101.604
101.475
99.3549
102.356
102.008
98.3849
102.26
99.535
101.866
100.594
99.6905
100.898
100.666
96.8679
98.3147
98.557
102.776
100.353
103.728
102.257
100.482
100.096
100.157
100.233
103.345
101.286
99.941
101.728
101.867
101.901
100.321
101.247
99.4106
97.4192
100.503
98.8711
104.13
101.786
99.9974
98.6977
100.032
101.42
99.2831
101.634
100.442
99.6156
100.499
100.647
99.6728
99.6387
100.155
101.252
101.591
101.544
100.423
102.889
100.035
98.6944
101.361
99.2119
99.9079
98.8973
101.738
102.518
97.8323
100.945
101.59
104.842
102.808
98.1941
97.3203
99.7141
98.8948
99.7939
100.238
99.7566
104.887
101.037
103.741
101.051
100.149
102.463
100.994
100.68
99.5649
101.441
100.227
100.644
101.884
100.457
100.303
99.1387
101.344
100.907
99.6805
101.384
102.095
100.6
97.0399
99.7155
101.943
100.196
100.641
99.1324
99.6159
103.428
98.9118
98.5637
101.393
99.6022
99.5697
97.8822
100.502
100.068
97.8855
99.4334
102.075
99.9401
102.075
101.365
99.9969
100.546
98.5144
101.431
100.589
101.97
101.874
100.528
100.692
99.7631
99.4773
102.15
101.133
101.977
99.881
98.8147
101.456
100.597
101.431
98.704
101.431
101.232
103.626
100.059
99.6427
100.854
98.9223
102.843
102.325
99.6325
99.8523
100.387
99.4935
100.774
100.234
100.577
98.8065
104.298
99.4511
98.5484
99.0678
98.7563
98.9652
100.599
100.722
98.775
99.8558
97.2045
98.3927
100.362
101.719
100.68
99.5161
98.9529
100.64
100.683
98.4069
102.808
100.278
101.426
99.3122
101.048
100.42
101.009
101.174
102.638
100.278
102.825
100.213
100.747
100.156
101.589
99.6879
99.1197
99.9373
101.142
100.016
99.6094
99.4729
101.656
100.101
97.881
98.3536
99.0681
104.218
100.494
101.727
100.58
100.784
102.601
100.803
102.262
101.769
98.57
100.588
100.027
101.811
101.409
99.9992
103.352
99.6178
98.5835
99.9794
102.364
101.571
100.51
101.721
100.276
102.957
101.319
99.8085
98.0367
102.079
102.227
103.511
100.627
101.925
101.842
100.727
97.921
96.9325
100.432
102.797
103.754
101.047
97.9867
100.479
102.923
100.453
100.671
99.3467
100.511
103.43
101.388
103.022
99.6916
100.157
102.515
102.271
99.5608
101.231
99.8285
101.325
99.7064
98.4999
101.142
100.362
100.7
102.23
100.977
101.159
100.499
102.371
100.55
102.836
102.165
104.07
101.578
103.971
100.102
99.5544
100.443
100.965
101.406
102.818
102.498
101.074
102.025
103.225
101.167
98.4379
101.4
100.526
99.9445
101.59
99.0388
100.207
99.0698
99.9374
99.7574
98.6743
102.289
102.285
100.795
98.937
98.924
103.108
101.793
102.186
99.375
100.513
98.7595
102.241
102.516
101.952
100.91
103.216
102.876
100.387
101.526
102.926
99.184
100.809
104.31
100.577
100.424
102.361
102.083
100.253
101.931
98.8956
98.9923
102.593
98.5314
103.236
100.051
104.039
101.996
99.4659
99.0499
99.2649
98.0628
99.8638
100.893
103.468
98.4632
102.501
99.3797
100.301
99.5712
100.383
103.31
100.126
100.339
96.4476
100.076
99.7439
96.5348
101.416
101.247
100.831
104.222
102.575
101.457
101.484
101.672
100.502
100.875
99.0004
101.148
100.281
101.812
101.588
101.276
99.2103
102.271
100.299
102.468
101.082
99.4532
100.087
97.592
98.5427
98.6096
102.261
102.098
98.4914
101.618
98.7122
97.6195
99.5821
102.089
98.7277
103.821
101.317
101.478
99.5092
100.841
100.961
98.48
97.9989
99.4892
100.579
102.437
100.046
103.925
102.711
100.443
98.3284
100.27
100.047
101.572
101.819
103.057
99.6347
99.5162
102.22
99.1877
99.0007
100.969
99.9363
103.262
98.2584
101.5
102.608
99.7048
101.568
99.0526
99.3613
99.6396
100.312
99.933
101.428
101.636
101.023
101.198
99.6435
96.3621
103.268
103.22
102.153
102.709
101.245
100.024
100.704
101.734
101.548
99.7354
101.536
102.647
100.806
101.061
99.1862
101.439
100.178
99.3105
97.3586
102.09
99.9737
98.1848
96.3073
99.1468
100.958
100.558
102.206
99.1994
101.02
102.498
98.4281
99.5328
100.952
102.022
102.577
100.06
102.091
99.2632
100.686
101.036
99.3794
98.9905
100.31
100.099
100.692
99.506
101.431
101.538
101.482
99.4705
102.121
98.9702
100.388
100.52
100.407
99.3192
100.378
100.224
98.4179
102.089
99.4721
97.8595
100.425
100.976
100.438
97.8645
100.431
98.3592
100.217
102.707
101.009
100.787
99.1206
100.62
100.185
98.2294
98.4412
100.255
100.401
97.1877
100.979
98.8328
100.759
98.8253
102.931
100.879
99.2774
98.7869
102.322
99.45
100.053
101.337
101.175
100.638
101.469
98.3823
99.9512
102.033
100.222
102.999
102.213
99.3074
100.742
100.901
101.923
101.631
102.671
101.893
101.126
104.17
101.737
97.8228
99.0662
98.0286
101.8
101.034
103.881
101.134
101.611
101.46
102.429
98.9044
103.259
102.904
99.4809
99.8859
100.167
99.8814
100.264
103.527
100.893
98.6355
99.7716
100.86
102.176
101.273
103.19
97.0982
101.243
101.957
99.4631
101.137
98.4615
101.623
96.9114
98.4324
101.092
102.192
101.293
102.869
99.5351
101.523
100.164
97.4019
99.2885
99.7329
100.209
98.089
102.123
98.8659
100.264
101.066
102.375
102.392
98.0813
99.1748
101.006
103.006
100.472
102.623
101.3
96.6542
98.4733
104.052
99.3219
101.449
101.119
102.313
102.407
101.509
103.904
101.235
98.9588
101.77
100.26
100.376
99.1349
99.3249
97.9293
99.1102
99.0231
103.405
99.988
99.71
101.337
101.386
99.2879
103.132
98.6629
97.9173
99.6972
103.051
103.069
98.8509
100.895
102.721
100.966
99.926
101.338
99.7573
99.4478
100.194
100.642
99.8793
100.665
98.7276
100.845
102.134
101.211
100.541
102.12
101.468
99.5339
99.393
100.414
102.081
98.849
100.111
102.485
102.058
101.53
100.083
103.263
100.77
101.771
102.362
102.49
100.174
99.4066
101.237
100.878
101.161
100.952
98.8019
103.674
101.368
102.026
98.9455
98.7772
105.948
100.903
99.7874
100.492
102.197
102.379
97.8668
98.9563
97.7833
100.649
100.393
98.4824
103.082
101.917
101.109
102.776
101.367
103.641
102.009
100.26
101.11
100.761
100.703
99.7758
101.87
102.258
99.2465
102.844
101.151
100.812
101.288
99.1144
102.895
99.3156
99.8548
99.2839
101.351
101.584
102.111
100.889
100.022
100.513
101.036
100.268
101.817
97.5781
99.856
102.244
99.065
101.586
99.6774
99.7259
98.2041
97.9107
100.203
99.1213
99.9317
103.013
99.2464
97.9208
97.5304
103.688
104.619
101.154
102.605
99.7423
102.237
101.158
98.9998
100.138
100.486
100.312
100.161
101.065
102.038
99.9757
105.477
99.6235
100.162
98.2043
101.613
101.391
101.101
101.407
99.9428
96.0796
99.5718
100.809
100.675
99.0085
100.857
99.3534
103.754
101.432
99.0778
103.463
102.92
102.646
99.5521
98.4194
97.7885
102.982
102.517
99.8547
100.985
102.195
100.525
102.47
99.374
102.71
99.3052
101.427
101.733
100.49
101.859
100.711
100.042
102.676
101.438
100.065
101.24
99.7844
100.399
98.833
99.2993
100.765
104.508
98.3682
99.2861
99.7748
104.571
102.019
98.0571
100.828
103.428
101.3
100.565
101.422
102.95
102.618
101.374
101.397
100.823
100.175
100.436
99.8126
99.4565
100.581
99.7418
101.967
102.73
100.591
102.053
99.9882
104.755
100.835
101.951
97.1879
101.792
103.123
102.497
98.5684
102.94
102.681
100.627
99.9147
102.018
102.209
101.353
100.804
101.568
102.496
100.6
99.1244
102.166
100.593
102.266
101.812
103.902
101.319
104.755
101.078
98.8029
103.432
101.058
103.046
102.902
98.661
100.394
99.531
98.7007
101.16
102.22
102.837
100.897
100.94
100.779
102.463
97.033
100.634
103.119
100.783
101.061
99.9026
99.9467
98.4262
101.037
100.682
101.11
103.504
100.466
101.067
98.8598
99.1871
97.9767
98.959
103.944
101.071
98.623
101.183
100.776
103.261
102.432
99.4595
98.2083
98.5559
100.562
102.329
99.21
98.8044
99.2381
100.854
98.3843
98.5186
98.504
100.875
99.339
101.65
102.227
101.947
102.421
104.713
101.271
102.668
97.4248
99.6252
100.387
102.351
97.743
103.084
105.391
100.068
104.427
98.2865
102.156
103.282
103.576
100.184
100.714
101.95
97.4354
101.608
100.799
102.423
100.895
102.197
102.366
100.594
101.105
100.185
100.907
98.098
100.772
99.8612
103.52
102.781
101.784
99.5608
102.021
100.463
100.255
100.692
100.153
99.9284
100.081
101.255
102.446
98.097
98.5398
100.55
99.9093
104.198
100.906
99.4021
98.6276
99.5601
101.149
97.6045
99.8808
101.873
101.52
99.5261
99.1502
101.469
100.397
102.83
102.226
98.2667
101.604
100.624
101.603
100.288
99.2133
98.5079
100.967
100.582
103.334
99.6824
98.966
100.346
99.1701
102.613
102.973
99.9539
101.532
100.04
101.119
100.549
100.804
100.192
99.8448
101.489
101.62
99.743
99.4698
99.7199
99.3498
99.6816
100.088
98.0063
100.537
99.8354
98.317
100.581
99.3205
103.714
101.552
99.5323
101.254
99.4348
102.76
101.648
101.297
101.268
98.3977
100.803
101.462
98.5473
104.274
102.156
99.8826
102.619
100.679
101.566
99.3647
102.033
104.598
104.49
101.669
99.3817
102.968
100.505
99.643
103.021
101.871
99.5061
100.13
101.05
100.336
99.0551
98.6722
101.511
101.253
103.705
98.7027
103.272
101.687
97.5613
97.2839
99.3112
100.846
100.606
99.823
103.256
97.7465
98.2731
99.7151
99.5236
102.78
103.458
101.376
