97.9199
103.161
98.5772
98.0946
100.584
101.457
99.465
96.7534
99.8894
98.8908
99.8057
101.309
97.2939
101.58
98.9383
100.146
99.255
100.872
101.838
101.727
101.296
99.9018
102.426
98.478
102.226
98.7116
99.6115
101.109
99.7708
99.408
101.015
98.9794
102.51
100.892
104.307
101.993
102.428
103.704
99.8069
99.2517
99.9575
100.769
101.565
100.951
102.397
101.204
97.0629
99.752
99.9286
99.9913
98.5747
100.837
101.562
101.343
98.16
99.4541
102.416
100.239
99.3675
99.9335
99.9279
100.512
100.805
100.765
100.561
97.5456
99.1645
102.03
100.277
99.9386
99.5941
99.7865
98.128
102.179
100.141
99.5292
100.982
100.554
100.073
101.413
99.2446
101.698
97.6624
99.0718
96.513
102.459
98.2584
97.9727
98.1221
99.297
98.9274
100.516
102.553
96.1272
101.582
100.783
98.7521
99.6092
101.333
100.708
101.502
102.482
99.201
101.233
99.4045
99.6902
99.1165
99.9504
102.536
101.849
100.235
100.908
101.406
99.4398
99.1268
102.492
101.237
98.7777
101.922
99.633
96.0434
99.7167
100.674
99.3153
99.9611
97.8131
100.903
100.961
103.724
101.018
100.058
102.608
98.9725
101.459
99.1718
98.1125
99.1297
98.6659
101.188
103.225
98.9136
102.396
101.348
100.918
98.4623
101.116
98.9427
102.137
99.9978
99.5632
100.813
101.993
103.268
102.047
97.7028
102.993
97.6192
101.977
98.9994
101.267
101.908
102.99
98.7855
101.266
100.884
99.7806
101.733
101.156
98.7618
102.676
99.9136
100.102
102.167
100.979
102.296
101.401
97.1745
103.3
101.468
100.257
98.7373
100.917
101.432
99.2116
102.273
99.9517
101.31
101.622
99.8464
99.64
97.8134
98.6445
101.865
99.656
99.091
101.767
100.297
101.053
99.928
101.224
102.238
100.934
100.968
101.053
99.8506
99.7097
98.0405
100.898
101.872
100.664
99.355
99.0101
100.012
99.3905
99.9135
100.979
99.9779
101.105
103.424
100.326
102.295
101.783
101.066
99.6254
97.5772
100.241
99.1099
100.788
102.956
97.8941
100.519
98.4629
97.046
99.6851
98.733
100.66
99.0039
98.5477
98.865
103.23
97.5427
96.6437
98.102
100.408
99.6373
100.946
99.8523
99.5375
99.9804
101.588
102.724
101.063
101.171
99.1758
98.4082
102.805
100.046
101.74
100.64
98.7483
101.826
100.607
103.319
99.0759
96.4577
101.083
98.552
102.495
98.7799
100.874
102.389
100.658
101.21
99.9964
103.186
98.8573
100.319
97.7673
99.0251
100.444
100.987
97.9519
98.8298
97.9861
102.136
99.0391
97.4347
100.882
100.175
100.014
99.7796
99.2948
98.3345
99.5334
98.8945
101.274
101.437
99.1828
101.895
98.9204
99.8134
96.7155
99.5949
98.6771
102.05
100.461
102.073
103.135
99.4147
101.575
102.581
101.909
100.308
99.1405
99.6275
103.119
102.13
96.9417
99.9425
97.4986
100.49
100.83
98.1385
101.158
101.997
98.6636
99.7208
100.319
103.631
101.942
97.112
100.731
101.451
100.702
99.0388
100.162
99.6045
97.6763
98.0193
98.6789
100.146
102.384
99.4689
99.1547
99.4044
101.144
100.583
100.335
97.8155
98.381
101.712
100.348
103.186
101.924
99.7057
99.9344
100.453
101.373
99.5799
99.6287
97.7453
102.066
98.371
100.755
102.197
98.5923
101.979
98.6864
101.636
101.281
102.463
100.857
101.103
100.355
99.7697
102.084
99.745
99.3929
102.218
102.363
98.4108
99.1656
99.3853
99.2824
97.8877
102.475
100.512
100.692
98.506
98.1667
99.5356
101.019
100.562
98.6168
100.443
99.5434
99.7863
104.176
101.714
102.393
103.274
98.3493
100.528
103.336
97.3493
101.562
100.093
100.885
97.3425
101.166
102.087
98.8194
101.155
99.2086
97.981
99.2136
99.5616
101.302
101.648
98.2406
100.345
98.3962
99.4551
102.313
101.616
98.7245
103.273
100.18
98.9062
99.5543
101.39
99.7084
102.439
99.1321
102.364
98.3454
101.096
101.047
98.6459
102.427
99.3251
101.397
98.9438
101.479
101.317
98.9726
102.311
101.901
99.3947
100.54
104.072
100.281
98.7139
98.9892
102.283
96.982
102.021
100.743
98.6551
101.944
100.603
103.523
99.0882
102.666
99.7396
104.392
104.065
99.2735
99.5763
100.962
99.804
101.409
102.322
100.877
97.9727
102.431
101.091
104.249
98.7998
101.18
101.359
98.9319
100.88
102.182
100.086
100.228
103.683
98.9893
100.265
100.137
102.046
99.1056
101.244
97.9871
101.275
99.232
100.95
99.2262
98.5609
100.452
101.966
99.4631
98.1136
98.7122
103.207
97.0669
99.9701
100.334
100.918
100.179
104.258
100.734
99.2365
99.0494
98.9378
98.8694
99.3182
103.331
98.9496
100.791
101.024
99.298
101.236
99.7933
99.983
99.6503
99.9698
99.4759
99.9509
103.94
98.8351
99.982
100.546
97.8147
100.431
101.886
100.392
98.5933
96.7092
99.958
99.8734
101.653
100.791
102.654
100.332
100.322
101.752
100.756
99.6899
96.8889
98.6927
99.79
100.013
101.824
101.822
100.7
99.4699
101.009
99.8786
100.692
101.077
99.8929
101.774
98.7841
100.386
99.6695
99.2886
99.5034
101.536
100.666
101.635
100.437
100.054
98.4981
98.8987
100.09
101.365
99.0158
103.073
99.5922
96.5852
102.388
98.7739
100.27
101.475
99.6796
99.9469
100.69
99.9035
99.2206
101.121
100.323
98.6346
96.5141
100.024
99.3173
101.374
97.609
102.345
100.013
99.6995
101.541
98.9475
99.3443
103.174
98.7189
100.323
101.649
102.032
98.5834
99.3292
102.174
100.093
101.345
97.7994
102.756
102.439
101.379
100.201
100.104
100.399
99.1987
99.5853
101.955
99.6504
101.138
100.652
101.101
98.4752
100.339
98.7884
101.35
100.948
102.019
99.501
99.5749
101.258
101.202
100.809
101.718
99.3358
102.046
100.659
101.27
103.167
100.75
100.031
101.011
100.138
101.994
99.5927
99.1382
99.7117
101.507
97.3932
100.193
99.4458
99.5248
99.82
101.896
100.05
100.702
100.961
100.369
100.334
101.136
101.508
97.1293
99.7895
99.8036
100.06
98.7481
101.227
99.1452
99.667
103.315
100.277
99.2908
99.8828
100.515
100.085
102.053
97.1907
98.129
100.028
97.2638
98.498
99.2148
101.206
98.3223
98.5256
101.961
102.017
99.8588
100.502
101.503
100.858
100.83
100.224
100.234
102.212
99.6698
99.9756
98.9078
99.3462
98.4879
97.6862
99.8674
101.102
101.09
101.516
100.761
100.86
100.912
99.8029
98.3316
99.6454
96.0503
98.3606
98.2525
99.6956
98.0168
100.124
100.395
99.5074
95.6804
100.626
102.897
98.9331
101.738
101.713
100.135
100.282
102.813
99.6817
102.59
101.623
100.743
98.4953
102.251
99.3254
102.439
101.566
99.3908
100.586
101.434
99.5671
98.9429
99.1237
98.8306
97.99
100.976
101.933
101.468
102.556
100.284
101.279
100.235
99.6595
98.2256
99.2149
100.082
101.2
100.975
97.5469
101.092
99.1128
99.2282
99.9903
100.986
100.89
101.017
99.837
98.2884
102.697
102.529
100.439
101.341
99.1607
102.383
101.586
102.104
101.504
100.404
100.626
97.9441
100.799
98.4555
101.284
100.914
100.18
99.6161
102.352
97.6754
100.994
100.692
98.0428
98.9697
98.8431
99.1472
101.388
102.376
100.394
98.6805
100.605
100.073
98.2562
101.153
99.5088
99.1453
102.347
98.0073
102.678
102.092
100.029
96.5917
100.985
101.267
100.654
99.4403
99.7632
100.43
100.506
100.542
98.2213
101.257
98.2697
99.9825
99.6765
99.9143
100.652
98.598
98.2702
99.8654
100.62
100.142
99.9532
100.147
101.374
100.772
96.1314
99.2234
99.4915
103.392
103.201
100.159
101.23
99.5098
99.2856
101.019
96.3247
101.079
100.05
102.617
100.798
100.365
100.082
102
99.7705
100.355
98.6727
98.1004
99.9767
98.816
100.914
101.947
99.9866
98.8687
100.798
100.671
102.756
100.422
101.122
101.058
100.153
98.4174
100.096
101.629
99.2908
99.8899
99.8987
101.522
97.3997
96.1661
100.613
100.258
99.1838
97.7645
100.508
100.551
98.16
100.016
98.6934
102.841
101.05
101.169
102.09
101.93
98.7012
100.816
98.7366
101.789
101.432
98.8717
99.4643
99.9586
102.685
100.649
98.4482
99.911
102.978
100.262
101.314
100.654
103.962
99.3282
103.63
101.148
99.4206
98.544
102.158
101.576
97.9324
102.295
100.94
100.757
100.935
100.826
99.0732
100.05
100.672
98.8874
99.8811
103.329
100.861
101.076
100.989
99.1507
101.103
99.1023
99.4931
100.298
101.314
101.442
99.9977
102.21
100.793
99.5289
100.851
97.0024
96.4451
99.0879
99.3309
100.517
98.5403
99.2751
100.714
97.6064
100.548
101.627
101.819
99.4665
101.819
101.005
103.934
102.016
98.0989
98.5701
100.757
99.2332
101.625
98.7777
100.847
98.3012
100.019
102.004
98.4854
99.4135
101.825
100.337
100.953
102.466
100.51
102.721
99.412
98.2955
100.056
100.986
99.4776
100.055
99.3709
101.989
98.1749
103.116
100.738
101.417
100.548
100.778
102.251
98.8077
98.9546
102.057
102.634
98.6647
100.231
99.8028
100.627
98.8201
102.588
100.375
102.927
100.087
103.359
103.786
101.218
99.7725
98.6719
101.696
101.338
98.6621
99.2737
101.776
99.8509
100.768
100.005
100.372
102.111
101.126
100.51
100.651
100.705
98.8954
100.994
99.9469
100.638
100.318
99.6398
100.114
99.8238
97.8356
99.8964
99.4233
101.934
100.175
97.128
100.946
100.703
98.0674
100.22
100.055
100.347
100.513
97.4927
103.453
101.298
99.9037
99.0864
99.5956
99.4432
102.065
101.713
100.869
96.8512
99.8229
98.9815
100.317
99.2163
101.386
100.233
99.966
97.6388
100.551
96.9179
101.668
102.773
102.767
98.6431
102.753
101.574
102.16
100.164
99.9877
99.8335
100.193
100.841
98.5596
98.2088
101.509
100.511
100.222
98.9862
98.4132
98.0357
102.172
101.406
100.686
102.135
100.516
98.3884
100.703
100.08
99.6829
99.3961
101.279
100.631
101.301
99.215
100.847
103.459
98.0389
99.9782
98.4808
99.3777
100.949
98.3548
98.8238
99.6407
101.922
103.812
101.644
102.3
100.146
100.268
100.845
98.9053
101.188
101.599
99.3261
101.413
102.568
98.9135
101.66
100.863
97.6074
96.6995
97.664
101.604
100.665
99.1148
99.5148
100.266
101.313
100.053
102.279
100.846
98.9931
99.4709
99.5436
102.195
102.022
100.174
100.849
100.015
98.8824
101.217
100.869
100.951
98.1407
101.24
99.4199
102.868
104.065
99.7574
101.032
100.214
101.485
100.1
99.9045
99.0583
101.135
98.9882
99.151
101.321
101.766
100.322
100.571
101.591
102.475
99.4508
100.625
102.272
98.5645
105.132
100.638
99.7483
100.762
100.947
101.488
99.2746
99.6228
97.8156
99.7796
99.1826
99.3931
97.774
99.3057
99.6592
98.4307
104.614
100.788
101.271
100.592
101.186
98.2687
100.381
100.456
100.007
101.066
98.7719
99.7989
100.734
101.08
99.6513
98.9664
98.5485
99.384
100.641
99.118
97.9202
97.9669
97.5875
101.204
99.9715
99.812
101.334
98.6136
98.6215
101.681
100.341
98.0431
100.211
99.026
102.038
101.055
100.277
98.6883
99.0147
100.911
103.222
98.6414
100.398
102.027
101.978
99.3617
101.093
99.871
100.56
102.773
100.591
99.8462
103.256
98.3737
100.49
99.9961
100.342
100.156
100.581
100.904
99.1584
99.6591
102.466
100.001
101.415
98.3046
100.179
100.668
99.6429
101.306
102.937
99.9341
98.2792
97.4236
102.591
101.775
102.302
100.244
101.515
99.7646
100.349
100.855
100.039
99.2527
99.9447
97.9665
100.902
102.783
101.99
100.55
101.096
101.909
98.3774
101.018
98.6168
100.35
98.9904
98.8459
98.2068
100.066
101.281
99.637
98.9073
99.0839
99.4145
99.9966
97.358
100.197
100.864
100.78
101.114
99.8103
96.8913
102.477
99.0954
99.6004
101.631
99.2767
100.862
103.792
98.8162
100.742
98.1396
102.362
101.059
98.8818
99.3303
100.631
101.381
100.371
98.5877
98.9397
99.5231
101.408
97.7099
101.755
99.3998
100.13
100.208
99.9518
100.467
102.202
98.8487
100.938
99.8334
100.846
98.4211
99.7632
99.1843
99.1982
100.69
99.9645
100.508
101.322
100.78
101.039
102.577
100.052
99.6223
101.45
100.925
99.7801
101.619
98.8046
99.5591
99.6136
98.5083
100.883
99.0324
98.9346
98.8123
101.096
98.9371
98.6479
103.569
98.8886
102.368
101.772
100.709
100.689
100.683
101.052
102.889
101.714
100.403
99.8762
97.0007
101.197
100.424
101.377
97.9621
98.0945
100.413
102.937
98.9872
100.724
103.638
99.2705
100.148
97.656
103.757
100.636
101.23
101.168
100.379
99.7445
102.102
103.265
101.178
98.5442
99.771
99.8537
101.749
99.7815
100.117
98.0964
100.993
101.23
100.368
101.972
100.869
101.66
99.5368
102.568
97.5969
100.791
100.458
100.825
101.313
100.141
98.5
98.715
102.589
98.4264
99.3361
101.551
98.5928
99.4392
99.5247
100.995
98.7498
101.877
98.2345
102.237
99.1715
98.665
99.7631
101.132
98.8164
100.233
102.077
101.193
101.131
99.961
99.0289
99.1635
102.916
99.7191
97.8697
99.417
99.7661
100.343
99.6047
99.7335
101.939
101.513
100.713
99.0979
97.9368
102.805
99.593
100.965
103.123
98.6518
100.763
101.702
100.203
99.4109
98.9534
101.835
98.4908
104.721
99.7016
102.596
100.714
98.0984
100.617
100.364
100.818
102.442
98.5185
99.185
100.065
102.219
100.766
99.3853
97.3376
99.1266
101.024
98.4853
99.7604
99.9726
100.357
98.5059
100.088
100.47
101.235
100.045
100.61
102.265
101.553
101.585
102.504
101.505
97.901
99.5737
101.862
100.864
99.8621
100.583
97.1316
102.286
101.404
100.072
100.737
99.1339
99.7169
98.6723
98.9992
99.9749
100.578
100.588
100.359
98.0945
100.129
101.19
103.053
100.301
101.126
98.8328
101.886
101.108
99.839
100.736
101.88
99.287
100.968
102.106
100.216
102.527
101.004
100.999
100.673
100.498
102.267
100.846
99.4262
101.457
100.224
101.541
99.6621
98.2447
100.892
101.754
99.6617
101.407
101.422
103.06
101.097
100.481
98.4749
101.084
99.0966
101.079
101.581
100.694
102.038
101.626
100.233
98.8583
99.9591
100.845
98.1836
100.077
103.503
101.31
99.6241
98.6529
102.95
101.162
102.262
101.848
100.959
100.2
101.159
98.4618
96.0507
101.01
99.542
97.8325
104.348
100.704
97.2792
99.1146
102.563
99.3646
101.332
99.627
102.41
100.713
98.7764
100.714
101.132
101.111
96.8588
100.896
99.1942
99.0301
97.6911
100.404
102.298
100.873
100.202
99.0689
99.7966
96.5964
97.5305
98.8528
102.41
96.5973
98.4436
98.563
102.314
99.7866
100.264
101.451
98.5383
99.0147
102.54
99.2097
99.0825
98.051
102.275
99.8194
100.864
102.16
100.903
100.178
100.007
100.073
100.002
100.357
100.294
100.507
101.874
100.871
100.315
99.4909
100.299
103.828
99.5909
102.674
99.8652
101.889
100.275
99.3856
99.6684
102.433
101.12
102.883
99.3599
102.461
99.8411
100.864
98.7541
101.218
99.9268
100.367
102.008
100.768
102.666
98.4752
99.7543
100.289
99.9395
102.284
97.0881
101.861
102.407
101.46
100.528
98.8793
103.561
98.616
102.025
99.9512
100.784
103.263
99.8586
100.632
99.1065
101.468
101.976
100.892
99.6929
101.154
100.835
101.068
101.108
100.649
100.353
101.417
98.3145
102.445
98.0276
100.611
100.87
102.435
98.9145
103.134
101.778
101.738
101.413
99.0424
101.599
101.799
101.132
100.237
99.2389
99.5979
101.011
100.628
104.57
102.108
100.379
99.6897
97.8646
100.156
100.27
99.9176
97.9686
100.832
98.9241
101.544
100.506
102.083
97.7237
101.616
104.127
100.142
100.542
101.559
99.7126
99.6261
100.17
99.6514
101.303
100.351
95.7131
99.3568
100.687
102.875
100.165
97.9006
100.031
99.2675
104.127
103.11
100.253
101.018
102.083
100.365
99.7106
100.613
100.523
101.825
101.913
97.9019
102.228
100.083
100.042
100.343
99.8402
100.851
96.5251
97.9461
100.379
99.0763
102.035
101.901
100.086
100.807
98.8131
102.982
101.708
100.232
98.6588
99.9146
102.122
101.273
100.437
99.6657
99.0069
100.848
99.1273
101.931
102.118
100.222
99.4574
99.5698
98.8289
99.6449
99.7422
98.9988
99.232
99.2624
102.161
100.738
99.9799
98.9572
99.7065
99.3606
100.915
99.5494
99.5131
102.186
98.4824
102.255
99.8906
100.298
98.5917
101.718
101.689
99.2716
102.034
101.122
100.218
98.6404
100.725
99.2479
103.425
101.088
100.196
100.014
97.8933
99.5678
103.196
101.615
98.895
96.9606
98.1843
96.9714
100.561
102.302
99.4277
97.2384
100.401
101.083
100.558
98.3428
98.648
101.034
96.5658
100.836
98.1866
100.538
100.972
98.9993
99.3154
99.9553
101.06
100.423
98.6696
98.7398
100.481
99.6506
100.737
98.979
99.1431
102.936
101.241
102.646
99.4263
100.465
96.3961
101.021
99.1847
99.3536
101.478
99.7725
97.1523
103.022
100.042
98.7959
102.041
100.256
97.6676
102.815
101.224
97.1971
100.602
100.412
99.0974
97.8631
100.154
100.85
99.2
100.004
100.528
100.945
102.22
99.6626
101.047
97.8503
101.565
100.284
96.914
100.485
99.1844
99.5242
102.177
100.173
100.134
100.657
99.9975
97.4452
99.5801
99.6247
102.318
97.4117
101.121
101.306
97.7301
101.784
102.017
102.014
97.4129
100.659
102.117
102.443
100.41
101.396
101.321
100.224
102.555
98.868
98.8467
101.564
100.656
99.1289
99.7566
101.073
99.6739
101.95
103.276
101.513
98.6685
103.058
99.6956
99.9739
101.252
102.111
100.295
103.31
100.608
100.741
102.914
101.323
102.37
101.313
97.2096
101.124
100.388
99.9203
101.036
100.397
97.1381
102.583
103.468
101.38
98.8758
97.6371
100.619
100.707
99.5257
100.818
98.8753
98.7545
100.635
102.837
98.6031
100.953
100.216
100.946
100.506
100.263
99.2327
98.5955
101.795
100.549
103.634
101.048
99.6049
95.9667
101.629
100.641
99.4247
101.093
101.647
100.722
98.7359
102.151
100.194
101.097
100.638
99.3568
101.71
100.755
98.6832
102.859
99.7866
102.154
101.479
98.6645
103.112
97.5992
99.5696
100.284
97.5559
98.959
99.6335
99.3319
99.9369
103.339
101.075
99.2686
99.55
98.2275
98.5605
98.3411
100.372
101.903
98.2158
98.4731
102.096
100.596
101.095
100.809
99.1346
103.031
101.42
100.812
99.6779
100.223
98.2038
100.305
101.137
100.836
101.729
100.849
103.986
101.72
99.1108
98.1017
100.968
99.8018
101.056
99.9155
97.5826
101.067
98.6252
100.849
99.2513
99.6023
100.568
101.58
103.272
101.965
99.8895
100.465
99.3977
100.544
101.463
101.046
101.382
98.5068
103.898
103.477
100.114
101.45
101.949
97.9429
98.027
100.552
100.209
99.489
98.9257
101.347
99.3237
98.6371
101.084
101.313
101.853
99.9102
102.428
101.216
100.388
100.809
99.7589
99.8047
99.2505
99.1011
102.603
100.236
99.6013
96.7458
100.779
101.487
99.7811
99.2885
99.4593
100.906
100.387
99.6648
102.135
102.676
98.3641
99.0837
102.435
99.8988
99.606
100.196
100.648
98.9133
99.6535
97.3384
99.5119
102.705
97.7755
100.603
100.183
101.862
102.796
100.154
100.678
102.477
98.5983
104.146
99.8464
97.1914
98.068
98.9572
99.3561
100.534
99.4832
99.9806
100.986
99.7414
98.4511
98.7288
99.7792
100.926
99.2827
101.447
100.647
99.0721
100.418
99.2181
97.9001
101.302
101.075
103.008
100.272
101.896
100.097
100.318
99.5918
98.6856
98.352
102.571
101.824
101.392
103.437
101.069
99.9229
98.1751
102.801
98.391
99.7263
100.83
97.7156
101.048
99.8205
100.819
99.4655
97.8583
101.196
100.714
97.8164
101.524
100.947
99.3584
101.719
102.143
101.927
99.6341
98.912
98.4578
100.34
100.477
99.1129
100.552
99.7277
99.8326
100.456
99.5766
99.5511
100.445
102.42
99.2211
103.293
99.3362
102.612
98.6412
102.992
103.877
99.1059
98.3304
100.615
101.352
99.3744
100.324
103.432
100.67
101.83
101.9
98.8044
101.352
102.471
100.09
99.9697
99.6577
101.047
101.439
100.024
99.4913
96.6999
98.9488
101.613
100.948
101.072
100.775
99.9746
99.0041
98.6409
101.927
100.878
99.0928
99.9815
100.799
99.741
100.014
100.508
101.144
100.476
99.5571
99.2652
98.9688
100.773
98.3189
98.4116
100.747
98.0347
102.289
102.235
101.751
100.949
98.7025
101.996
99.3733
98.837
99.7527
99.9093
97.1543
98.4646
100.56
99.1638
103.286
101.358
98.5663
101.132
103.769
100.64
96.6086
99.0841
104.824
99.7115
102.859
101.509
100.135
101.899
101.163
97.9388
100.382
102.023
100.466
99.6891
101.503
98.0564
100.698
100.926
100.678
100.654
101.11
101.894
101.445
97.2636
102.605
100.092
99.4517
99.947
102.726
98.9371
100.759
100.753
100.04
99.0858
102.339
101.565
98.7168
100.785
97.8962
100.892
98.877
97.6975
101.618
104.809
100.31
98.7277
98.5512
96.6975
98.7629
99.7752
99.5245
100.673
101.384
101.146
98.4305
100.084
100.97
98.4933
96.9904
100.897
101.675
101.079
100.034
98.3422
99.6792
98.8469
101.009
100.965
100.281
99.8991
100.437
101.472
100.165
101.569
100.395
98.5461
99.2707
99.3923
99.4983
102.377
98.4347
104.214
100.437
100.071
101.465
101.095
98.7183
99.1084
99.2537
99.7966
103.436
102.467
101.831
102.112
100.575
98.5331
98.899
97.4147
102.299
99.5178
99.4795
102.443
97.4225
101.571
99.2873
100.318
100.224
98.7171
99.5408
100.921
103.439
102.094
98.4659
100.532
99.3726
99.5899
102.392
101.785
99.501
98.0562
99.0154
99.3268
98.9525
96.9864
98.9421
99.0288
103.429
100.101
102.814
99.2069
99.5
101.452
99.9988
101.946
98.3454
100.143
101.612
99.1504
98.547
101.098
98.6592
97.9884
100.635
96.7344
99.159
103.731
99.3227
102.51
100.646
102.269
101.899
99.8479
102.372
97.9218
101.42
100.419
101.261
100.735
98.8724
99.804
97.8103
99.6243
99.9407
99.5025
104.087
96.7132
98.7883
98.1944
98.6076
99.7177
100.04
96.2544
99.144
101.447
102.411
101.376
98.1635
99.1427
99.8481
98.0588
98.7029
102.027
102.453
101.462
101.36
100.715
100.346
99.4429
98.6167
101.888
100.429
100.204
100.698
99.0952
102.23
98.1173
99.8359
98.332
99.3845
97.2174
99.9527
98.6266
99.3709
99.6722
99.7569
98.6836
100.385
100.291
101.784
97.9352
98.3596
100.788
100.959
101.089
100.084
101.641
99.7116
98.4455
99.3124
98.7508
101.889
98.6834
99.6751
99.7297
99.2982
102.312
100.241
98.5125
99.725
97.8748
100.739
97.3654
98.8189
100.779
101.329
99.9882
100.369
99.2231
100.766
99.0209
98.27
99.747
102.458
100.481
100.524
98.0769
100.279
102.179
100.833
99.3539
100.506
99.7151
99.4445
100.366
98.6496
96.5664
100.908
98.3259
100.378
100.251
102.144
98.6875
100.858
100.583
98.7357
97.9918
100.594
101.59
100.769
100.607
99.7226
96.6284
99.2612
100.469
101.973
100.984
100.497
99.2162
99.4151
98.9021
101.557
102.239
99.1874
101.299
101.938
98.926
100.378
103.189
99.6602
100.083
100.984
101.16
100.794
100.98
98.9345
102.294
100.669
101.438
99.4999
99.8487
101.982
99.8044
98.8672
102.28
98.3585
98.4337
102.627
99.035
98.1004
100.143
98.9721
101.055
101.117
102.182
100.52
102.793
101.172
102.033
100.54
99.9805
99.83
100.362
99.6366
103.113
99.6279
101.893
99.131
103.274
101.537
99.1354
97.5743
98.2413
101.212
98.0005
99.7002
98.1942
101.746
101.547
98.1704
99.5384
102.342
101.193
101.458
99.8784
100.372
99.2608
104.402
99.2772
97.9926
100.224
101.688
100.638
98.3275
102.93
101.159
98.5704
103.355
99.3064
99.686
99.7839
100.231
100.24
99.679
99.2739
102.979
99.1037
99.9042
101.847
101.417
96.4581
100.724
99.8154
97.9858
101.622
100.182
101.815
99.4826
99.2926
100.486
98.4992
101.144
100.847
100.83
103.088
101.904
100.126
100.593
99.1719
101.19
101.005
99.6887
101.365
104.49
99.9626
98.1889
98.8368
98.8285
99.5306
101.194
101.94
99.4591
102.31
101.059
99.8622
97.0924
98.2457
98.6419
99.2521
98.1287
100.073
97.1243
99.5984
102.031
100.341
100.119
102.861
102.178
103.688
96.9358
102.601
102.029
101.248
99.8525
100.067
102.103
99.0331
98.9703
99.6866
102.58
101.759
99.7634
101.707
101.995
102.632
100.882
102.688
100.926
101.898
101.294
100.98
100.557
98.9007
98.8017
99.9626
100.074
100.146
100.514
103.153
98.9069
100.004
100.284
98.6728
99.5209
102.003
98.7289
98.3366
98.1713
98.9069
101.232
100.885
98.4818
98.8094
100.632
101.502
101.447
102.03
100.371
100.94
101.927
101.621
101.133
101.567
97.1302
102.897
99.1275
101.668
102.233
103.125
100.322
99.0178
100.207
101.959
99.9066
101.618
100.463
97.7971
101.684
101.151
98.9621
98.7158
102.34
98.9329
102.637
102.873
101.613
102.415
99.38
100.51
98.2156
100.873
102.06
99.5187
100.01
101.059
98.6859
103.489
101.988
99.981
99.7438
100.237
100.155
99.5957
101.66
101.165
103.105
97.5283
100.888
101.151
100.387
99.5448
99.3445
99.371
99.6631
98.4007
98.4486
100.111
104.017
101.226
100.088
98.3974
100.334
98.8731
102.482
101.546
98.8597
100.584
98.3316
99.2564
100.671
100.975
99.3064
103.274
100.383
99.779
100.229
98.5146
101.757
101.225
103.178
102.094
99.6545
99.342
101.167
99.9739
98.0081
99.9503
101.494
101.473
101.716
103.407
100.351
102.343
99.413
97.2671
101.815
100.052
100.921
101.754
98.3392
102.37
101.775
100.35
97.638
99.2249
100.384
99.882
102.126
100.379
100.114
101.415
100.495
100.752
102.531
98.4878
100.588
101.656
99.0863
100.909
100.639
96.2873
99.0525
102.974
101.441
96.1173
100.201
100.31
100.992
100.722
100.023
99.7379
101.141
101.467
100.821
97.8799
101.598
101.071
100.195
98.2808
100.751
102.364
100.838
99.6505
99.7564
100.124
97.1857
100.564
98.7422
100.864
100.645
99.0557
100.121
99.2177
101.046
101.255
100.169
101.195
97.801
98.1005
102.084
99.5012
103.394
101.123
99.7074
100.962
98.3995
99.8129
99.4662
101.548
99.5372
98.8703
99.0005
100.206
101.314
100.082
103.558
102.196
99.8038
100.197
99.3804
99.7836
101.412
100.289
99.9791
102.115
101.14
99.7878
99.1351
98.7322
100.916
100.83
100.538
98.8972
96.8902
100.915
99.5302
100.023
100.892
102.195
100.002
101.89
100.449
99.4237
99.0382
102.745
100.571
102.063
102.381
100.12
103.461
101.516
101.19
101.096
97.6721
100.773
99.2344
98.559
99.3677
99.4941
98.4802
101.196
101.433
100.147
100.269
101.732
101.85
98.5592
101.256
99.833
101.754
98.1051
100.038
97.6292
100.678
99.1414
99.7374
100.279
98.5039
98.3413
100.341
100.701
102.564
99.1156
99.0411
101.131
98.9415
99.6139
101.032
98.1207
100.678
99.4649
99.2943
100.008
100.279
101.153
100.575
103.089
99.7125
99.534
99.9919
99.7356
100.236
99.6741
98.2489
99.1684
100.746
102.415
100.266
102.813
102.996
100.422
99.2622
99.07
100.839
104.587
98.937
101.382
100.362
102.039
100.263
98.7847
99.4286
100.955
100.547
98.7107
101.303
99.0651
101.623
101.705
99.5713
98.8845
100.155
97.3176
100.503
99.0866
98.8873
101.865
99.652
98.1654
100.398
98.4963
100.735
98.2753
100.783
97.6699
99.4099
102.531
99.6488
101.427
101.264
98.3314
100.558
101.81
101.903
104.127
98.8329
99.0935
101.279
100.986
101.405
97.8117
99.3265
98.8907
99.1021
100.774
99.7382
100.734
100.032
98.0466
101.021
102.327
99.0194
100.946
99.6762
101.064
101.404
99.3888
100.249
102.53
98.0827
102.553
98.1003
101.661
99.0025
99.847
99.2782
100.415
102.086
100.388
98.6014
99.694
100.321
101.912
98.0441
100.115
98.5278
100.914
96.2157
96.8352
99.686
101.041
100.671
98.8938
101.083
101.969
103.806
101.905
101.114
100.164
100.417
98.9121
99.6599
100.552
98.1336
101.089
99.9335
102.886
99.049
99.9958
99.7588
102.698
94.9875
101.03
100.978
99.6731
100.743
101.285
101.367
101.198
100.901
100.978
99.823
100.286
101.717
100.538
101.852
99.001
101.886
101.677
103.075
101.71
98.7193
100.607
99.823
101.667
100.004
100.707
96.7974
101.71
98.9855
100.237
101.513
100.459
100.492
102.831
102.056
100.54
99.6398
104.215
100.675
102.855
100.589
99.0014
101.189
97.9259
101.952
99.275
100.428
98.7635
101.543
102.13
99.1189
99.6256
101.88
99.1098
99.4819
101.119
97.4819
100.293
98.5701
98.4285
98.5532
99.0812
99.7363
97.0178
99.491
98.6275
100.215
102.069
99.0675
101.304
101.848
100.858
98.1664
96.103
99.2179
99.0991
100.49
98.7811
101.945
101.554
98.3154
103.058
102.815
101.805
99.3651
101.768
100.079
98.2568
101.044
100.736
100.139
100.773
100.379
98.9215
99.9714
99.6847
100.046
102.32
100.433
99.1257
100.288
101.559
102.048
101.414
99.5349
99.6112
100.724
99.4964
99.989
100.262
95.5696
102.224
102.099
102.395
101.4
100.943
99.1943
100.572
100.623
100.312
100.528
99.1724
99.8026
99.5354
100.802
99.1385
100.129
101.679
99.0588
101.669
97.2657
100.139
101.886
98.8842
100.467
98.9376
98.5265
101.296
97.8524
101.913
97.2397
100.007
98.778
100.093
101.912
99.9419
98.8157
101.741
97.8144
100.711
96.979
97.4513
96.6381
102.686
100.806
100.544
97.7257
100.419
99.6387
99.3848
102.24
101.118
100.166
102.483
99.745
98.0361
102.359
101.66
101.966
98.7027
100.761
100.399
101.702
99.1167
101.572
98.3491
100.853
99.4665
101.567
100.725
100.539
99.4332
99.7134
99.1153
97.9076
101.099
102.281
101.415
101.902
102.435
102.108
100.395
99.4366
100.286
102.102
103.25
100.73
98.4818
99.7734
101.115
98.2569
100.037
100.156
101.074
101.428
101.017
98.0325
99.0677
98.8123
103.334
99.2074
96.6803
103.393
101.102
99.0704
98.5459
100.313
100.359
100.189
101.81
100.948
99.7545
99.0409
101.313
99.4855
100.872
102.335
100.034
99.1944
102.654
101.941
99.4052
102.068
100.754
98.1143
98.7055
99.4886
97.7692
99.9577
101.504
102.22
98.6514
100.534
98.705
98.1517
100.742
102.444
99.8888
101.143
100.493
100.192
101.146
101.528
100.165
98.6153
99.1568
100.604
102.004
100.108
102.438
99.8133
97.1789
101.945
101.836
99.7618
98.8101
102.537
100.735
100.744
100.89
99.7215
99.3725
101.748
100.559
98.9902
100.413
100.618
103.965
101.638
101.633
101.952
98.44
97.248
100.206
97.9655
99.3162
100.71
98.9123
101.543
102.275
100.638
101.422
101.26
99.66
98.0515
99.0786
101.765
98.5312
101.772
105.556
100.232
102.087
97.0315
98.9515
99.4426
101.483
103.239
101.183
100.465
97.5842
100.377
98.4807
102.849
100.784
100.28
100.568
102.065
99.2917
99.8971
100.844
103.661
102.655
101.145
100.346
98.8837
101.39
103.628
97.7728
98.0404
102.509
100.06
101.117
102.025
99.5615
99.5725
101.686
100.345
99.0588
101.529
99.5998
98.4677
99.9656
102.576
99.2999
99.1448
100.631
101.298
100.523
103.311
96.3693
98.3235
98.9682
102.063
102.036
99.0737
97.6224
100.526
101.577
99.6465
101.207
101.818
100.38
99.7289
101.046
102.073
103.335
102.395
100.686
100.865
99.9421
98.3743
99.3109
101.767
99.104
99.6453
99.2285
99.2399
101.869
98.305
98.6041
101.763
100.868
97.7853
99.9837
100.047
101.587
102.661
100.689
97.0216
101.476
98.4965
101.605
103.305
99.1912
98.6417
100.135
98.5544
101.427
99.6034
96.1321
98.6975
100.893
101.877
100.714
100.781
100.993
97.66
100.839
95.2619
101.748
100.397
100.445
100.174
98.4755
100.498
100.906
101.21
100.654
97.8072
98.9072
99.0202
100.913
97.2234
99.1169
100.767
96.2007
97.8352
100.059
99.519
100.966
100.163
100.908
100.427
102.739
102.265
98.2395
102.828
101.285
99.2637
100.653
101.453
99.345
98.8318
101.651
102.105
100.542
103.395
100.986
101.059
98.4696
97.5305
96.5522
101.649
99.5108
100.303
101.71
101.134
101.368
101.83
101.084
100.813
100.106
100.608
99.924
100.081
100.784
101.385
101.429
100.629
99.7902
101.449
100.902
100.25
98.3991
97.44
100.185
100.626
98.4971
99.7191
100.732
97.7544
101.461
101.466
98.7621
102.185
99.758
100.772
100.131
99.1429
103.984
101.232
99.7038
101.034
100.179
101.082
99.7045
100.457
99.8797
99.4389
98.5306
100.665
98.659
100.99
97.893
100.426
102.032
100.903
99.9287
100.618
98.4194
99.4342
98.9199
102.317
100.42
101.164
100.47
100.463
100.691
99.1013
100.859
97.6796
101.094
99.5694
102.173
98.7619
103.877
100.954
101.81
99.4386
98.3557
98.2487
99.4677
100.332
95.7394
100.019
100.897
100.352
100.276
99.6959
102.101
99.4831
98.7759
101.366
98.3927
98.243
101.084
98.2561
101.244
102.237
99.985
100.937
99.8274
97.095
100.899
102.088
101.44
100.55
100.106
101.671
99.4367
100.061
97.2931
101.375
99.0752
98.7811
99.4743
99.4028
97.665
99.367
99.657
99.8795
99.9133
99.0222
99.8396
99.0701
101.661
103.269
100.578
102.593
103.565
102.46
99.4224
100.315
102.495
102.65
99.1966
98.9124
102.171
98.0396
98.3755
100.726
101.671
97.8557
99.6396
98.1928
101.389
100.314
98.045
102.112
103.338
98.9684
98.4013
100.187
101.333
100.194
101.152
101.171
100.366
102.108
99.1198
99.7284
101.678
101.87
97.0133
97.1886
99.1643
98.6466
98.5327
101.808
99.7769
100.646
99.3542
100.053
100.16
97.8352
98.9752
99.9103
100.198
97.9824
100.328
100.923
103.315
99.8171
104.199
100.702
97.1908
100.775
102.914
97.4018
98.5838
97.2456
100.459
101.817
101.023
99.3858
100.098
100.081
102.486
98.3476
101.118
99.0939
100.432
100.843
101.348
98.0363
101.571
100.142
99.3243
97.9297
101.675
99.9076
97.8637
101.506
96.8286
101.805
99.3769
103.263
97.2816
100.99
99.9789
99.7823
101.139
100.947
100.761
103.168
99.8533
100.378
99.5158
103.166
101.37
99.8318
99.4707
98.8981
102.166
99.3472
99.2451
99.7046
99.288
99.282
101.722
98.4468
99.8566
99.8985
99.9427
99.7694
99.4587
100.643
101.014
97.1542
99.5957
97.8656
97.9954
99.1983
101.278
102.35
100.737
102.586
96.5785
97.9011
96.2778
103.31
97.0613
101.59
99.7834
98.9964
100.004
99.3523
98.5541
99.1436
100.311
98.2323
99.8353
97.777
97.5862
99.7244
101.459
98.6907
100.282
100.886
102.882
98.8331
99.8483
101.412
99.6299
102.639
99.6483
102.732
103.458
99.1503
102.589
100.64
100.717
99.4768
99.9765
99.6283
101.886
99.7001
100.775
97.3831
97.8408
98.3123
99.4666
98.9753
100.707
97.586
102.572
100.309
100.868
101.39
98.1353
98.8256
99.7369
98.7191
101.714
98.9169
99.2439
99.5976
97.7477
102.834
99.6867
97.9182
103.653
101.533
100.858
97.799
100.686
99.7702
99.5019
98.5824
98.7362
100.354
101.825
101.254
99.7077
98.3325
99.3318
99.5568
101.155
99.0184
100.309
98.2155
99.6064
100.74
99.1411
96.6893
103.544
103.703
101.882
101.413
99.1303
100.217
100.293
101.183
98.3816
101.696
100.427
100.521
99.8086
99.3807
99.9618
99.6613
100.843
99.3649
101.61
99.9885
100.785
100.137
98.1152
96.31
100.922
103.807
99.0906
98.7478
96.9191
102.19
99.9959
103.101
100.592
101.795
100.851
100.262
103.488
102.232
101.185
98.6944
99.1948
99.7248
98.394
98.1717
100.006
97.4745
99.2868
98.6307
101.753
98.576
100.29
97.8007
101.681
101.363
98.6023
98.8973
97.8673
100.092
99.9056
100.374
98.5041
101.473
97.3675
103.529
100.082
99.8942
100.883
99.5067
100.174
101.899
96.7828
99.71
102.949
98.2512
99.4526
103.405
104.49
100.321
100.166
97.5777
101.395
99.6349
101.043
98.0917
100.636
103.468
102.307
100.697
103.104
100.755
100.907
99.8994
102.715
101.514
99.9971
98.5636
101.696
98.7551
100.537
98.6658
100.312
96.7706
98.4362
100.54
100.057
98.0449
99.826
101.041
98.9048
101.203
100.563
100.16
98.2009
98.2789
98.4232
99.5931
99.9536
102.38
100.982
98.2607
99.7671
97.9046
98.1887
100.001
98.3493
97.3142
100.627
101.406
100.772
102.003
97.2894
98.6359
101.735
99.0741
101.394
101.929
101.398
100.872
101.437
98.4667
100.949
100.76
98.8973
99.9797
100.438
101.626
99.2882
100.457
102.985
100.843
100.834
100.466
99.0947
99.9078
98.9405
102.636
99.6439
97.8579
101.594
100.982
100.891
99.64
98.4719
97.1197
99.9581
100.706
98.4034
99.5241
100.444
99.9549
99.899
97.4044
100.994
99.6504
100.921
99.6063
101.317
102.348
100.816
97.5013
100.036
98.2556
97.8981
97.8375
101.348
97.9326
99.9522
99.3575
98.7927
102.688
100.138
100.994
98.9568
101.102
100.989
98.0121
96.3168
97.592
102.841
100.101
100.488
103.939
99.8063
101.783
102.354
101.931
101.244
100.027
100.245
100.318
101.801
100.037
102.574
100.286
100.353
100.163
102.443
101.863
100.152
98.6891
99.9466
102.905
103.235
101.772
100.127
101.054
102.458
99.0784
101.826
101.231
101.716
98.0761
97.4497
99.1401
101.793
98.9709
100.947
97.7508
100.987
99.2376
100.969
99.0462
100.447
98.65
99.6426
99.655
99.6074
102.615
97.8225
101.163
102.267
97.3737
100.073
99.9376
98.1767
100.479
99.1505
99.7359
97.7324
100.657
101.945
99.4413
98.519
99.2432
97.1094
99.8361
99.4402
99.0398
99.6229
100.018
98.4043
102.609
100.803
102.616
101.297
101.023
100.06
101.865
99.8443
97.6314
102.073
99.5139
97.5081
99.3378
97.6203
98.7172
99.8815
98.0356
100.717
98.7233
99.2442
100.032
101.734
98.3276
99.3133
101.811
97.4553
101.79
97.5401
100.951
99.5188
102.325
100.446
99.8547
102.098
99.1776
98.1863
103.264
102.463
96.7403
99.0787
102.62
100.924
102.204
99.6676
99.3019
99.1077
101.731
99.2841
98.1835
99.9961
100.865
98.7978
98.2368
100.662
101.118
97.1369
99.61
102.955
100.161
100.515
99.8207
97.241
99.7018
97.6725
99.3983
97.2318
96.2188
100.229
98.1247
100.313
101.867
99.8198
101.711
99.0198
98.051
101.58
100.281
99.9578
102.175
96.6271
100.459
100.281
102.47
100.088
100.66
101.567
99.0815
100.178
98.2396
102.971
99.0561
100.618
102.625
99.4002
100.424
99.9101
100.088
98.8322
101.063
102.119
100.644
99.5226
100.558
100.948
100.863
95.9336
98.9972
101.578
102.089
100.076
100.322
100.286
99.6955
100.304
101.087
100.959
100.21
101.159
102.962
100.02
99.4892
101.235
98.5958
100.35
101.11
98.499
100.936
98.2883
100.485
100.407
101.72
98.702
101.12
100.274
99.8491
100.772
102.523
97.6024
100.207
100.027
104.204
99.476
99.8845
100.924
101.072
100.105
100.216
99.4423
99.0073
100.329
103.786
98.756
101.543
102.525
99.2355
100.95
98.4584
99.3754
101.338
104.443
103.583
105.028
99.8379
100.735
102.449
102.837
100.275
100.259
96.8369
96.9846
99.4238
99.9616
102.564
100.406
99.1384
97.1091
99.3877
98.7583
101.824
97.6697
99.301
98.9308
99.859
98.8361
101.034
99.7292
99.9105
99.5346
101.602
100.35
99.8483
102.479
99.5952
100.506
101.049
100.032
99.7711
101.116
103.552
100.086
99.7553
100.64
99.5228
100.31
102.642
98.0564
102.748
100.136
97.4252
98.9853
100.799
98.218
101.463
100.132
101.419
101.232
100.928
99.8891
103.212
102.24
100.668
98.2638
100.291
100.38
98.1223
98.616
101.606
99.3454
97.6339
98.8359
99.7802
100.887
101.014
101.527
99.7745
100.066
101.532
98.2897
101.67
98.0049
99.695
101.706
101.056
103.322
99.6666
99.839
100.425
99.2982
99.9475
100.755
99.4221
97.9194
101.098
98.0333
101.752
99.2433
97.9878
104.018
102.584
100.327
101.122
102.372
98.383
101.998
99.5779
98.9465
98.804
102.362
99.0186
101.475
99.9214
98.6391
100.685
100.582
100.854
100.403
100.817
101.66
104.348
100.476
100.269
100.051
98.6904
100.316
99.6434
102.365
97.4608
98.9892
100.449
100.388
99.1067
98.7455
100.649
101.104
101.281
101.464
100.419
96.2043
100.883
97.9459
101.455
97.4366
102.088
98.7357
99.9686
100.527
100.281
100.208
101.661
100.25
101.531
98.848
97.0728
101.929
98.7602
97.396
98.3089
100.59
102.549
99.2617
101.424
100.28
103.548
100.708
103.232
99.2305
98.4614
100.191
100.283
102.829
99.8968
101.387
96.6783
100.166
99.2424
101.226
100.395
101.586
102.059
100.67
97.8757
101.999
97.354
99.6868
99.8452
98.7042
101.144
102.055
99.6733
97.52
99.4818
103.006
101.025
99.1503
99.6137
99.167
99.461
101.526
101.865
102.243
99.9524
101.553
98.7677
100.691
97.3757
101.646
98.506
102.732
100.022
101.47
101.488
100.907
101.035
99.6604
100.286
100.391
99.5057
98.7026
99.7481
100.429
99.1939
101.951
100.514
96.4209
101.756
99.5743
101.218
101.739
99.5951
102.282
100.023
101.714
100.243
97.6671
100.366
100.771
101.434
102.096
98.9527
102.375
98.9373
102.916
98.7633
100.26
101.288
99.517
99.2039
100.359
101.809
98.7951
100.417
99.9813
100.014
98.6743
100.648
99.7769
97.996
100.813
100.383
100.303
99.3394
97.93
97.4953
99.5731
98.8567
100.599
99.1473
101.25
100.11
102.963
101.709
99.2522
100.582
101.653
101.031
100.459
101.396
99.4742
101.092
101.95
98.9693
102.151
99.3161
100.891
99.4464
100.455
99.7429
101.979
101.746
102.857
98.8309
101.234
99.5823
99.4748
101.197
98.8685
102.435
101.031
100.507
101.138
99.5533
98.6601
101.109
98.4034
100.381
99.216
101.465
99.3776
101.165
102.335
96.9205
102.022
99.5342
102.283
97.7531
103.324
97.9513
98.4195
100.314
101.168
99.754
101.26
98.9571
100.933
101.32
101.474
100.767
98.6185
99.3559
99.8823
97.3905
103.856
97.9778
100.722
100.272
101.325
100.698
101.271
96.5467
98.8835
100.479
99.5742
100.52
99.454
99.7664
98.1865
100.279
103.301
98.893
97.696
99.1698
101.943
97.008
99.893
99.972
102.42
97.5232
101.613
101.002
101.381
98.2799
101.695
100.169
102.111
102.609
100.146
100.604
99.4087
95.2722
100.368
101.93
101.104
101.718
96.9575
98.9471
99.7301
101.435
98.7899
100.76
100.521
100.356
98.5805
98.3578
97.5767
98.9783
101.728
101.091
101.227
101.424
100.984
97.9209
98.4866
98.8961
100.898
99.5321
96.6863
99.4893
98.2575
101.257
100.993
102.245
100.817
100.306
101.832
99.2259
100.639
101.346
98.2783
96.7639
100.504
99.0758
99.2987
99.9442
98.903
97.7744
101.26
99.1495
101.186
97.7446
101.282
99.0314
100.559
101.414
99.1651
100.399
101.586
98.2224
101.745
102.305
100.219
98.5669
98.1839
97.8226
100.663
100.225
99.374
100.115
101.218
100.001
99.1719
99.1546
102.419
101.068
99.4736
100.724
99.0615
100.151
98.8125
98.3765
99.4228
100.434
100.991
101.518
98.8912
101.758
99.4056
99.648
100.822
101.025
101.462
98.8916
100.869
101.061
101.659
99.8058
101.665
99.5733
103.027
101.573
101.013
100.605
102.752
101.588
98.268
99.556
97.5921
99.2847
98.8715
100.774
101.949
100.078
99.003
101.912
103.762
97.8295
99.9989
98.9954
96.608
100.705
101.359
101.331
99.5917
100.338
101.038
101.409
100.954
104.142
99.2528
100.693
99.6592
103.993
99.6437
100.459
100.475
102.462
103.535
101.397
98.1757
101.636
100.959
100.482
103.146
100.272
99.6222
98.0588
100.017
102.004
102.95
101.292
101.658
102.832
100.546
97.0175
100.587
101.676
99.6038
101.299
97.3778
100.603
99.2442
100.35
99.2911
102.438
100.009
101.672
100.235
99.3686
98.502
103.318
100.946
99.2844
100.896
101.427
99.2195
101.37
99.6991
104.585
98.0175
101.012
100.362
102.901
100.353
100.902
98.2901
99.5008
98.5108
99.8246
104.01
100.374
102.747
99.0185
99.8299
101.882
100.148
101.657
100.728
102.727
99.5621
98.0649
100.378
99.5256
100.738
99.3176
99.8461
101.783
97.0374
103.733
100.83
96.0145
100.853
101.126
101.471
99.8119
100.262
100.938
98.7476
99.1441
98.9267
100.659
104.738
104.759
99.6523
101.143
100.907
101.682
102.604
98.8688
100.048
99.519
98.1896
99.8151
100.263
101.03
98.3157
100.76
100.503
98.6371
100.389
98.6847
102.391
99.3708
101.449
100.665
99.7755
99.8938
100.807
103.589
99.3725
97.4266
101.227
98.4054
99.6184
101.522
99.719
99.5292
100.591
101.405
99.4602
101.962
102.287
100.002
102.539
100.499
99.7956
97.6067
100.912
101.968
103.888
98.897
102.211
99.6156
101.832
100.452
100.508
99.2492
100.874
99.0484
100.66
101.365
100.806
97.627
100.732
99.184
102.123
99.6541
99.8934
102.333
98.3692
100.867
100.201
100.302
98.4866
102.445
98.9214
98.7929
99.3921
101.171
99.2587
98.9353
99.7557
100.927
99.8882
100.672
100.303
99.285
100.359
101.262
97.7564
101.679
100.022
101.309
100.894
98.0995
99.8567
98.7576
100.107
100.01
101.475
97.1577
100.942
101.559
99.1959
100.368
96.7356
97.1108
101.539
98.3266
101.269
99.4217
99.8512
100.083
103.143
101.213
99.1584
98.9519
98.3272
98.1042
98.1123
98.2398
100.411
99.2434
97.5475
103.024
102.385
101.607
101.095
102.704
101.223
102.957
101.18
101.944
101.999
101.544
102.685
100.565
102.215
101.086
100.989
103.628
102.114
100.473
98.7288
98.1167
100.4
103.502
100.406
98.8099
98.924
99.2668
100.114
98.482
100.467
100.738
101.735
97.3688
98.4247
101.501
100.238
100.991
97.5864
101.377
102.013
102.165
100.97
102.209
97.6568
98.0975
99.498
99.2483
102.546
100.269
99.3988
99.5898
101.138
98.3739
99.7939
101.112
99.1533
101.205
100.293
99.9099
98.4433
98.2085
101.583
98.5533
99.2224
99.9603
100.696
102.718
101.901
101.641
101.485
100.436
101.285
98.983
98.7415
102.699
99.8331
101.522
102.696
100.017
97.1683
99.9679
101.142
100.1
99.5059
98.486
101.313
99.3319
98.9353
101.117
100.28
98.8886
103.068
103.932
101.504
99.4964
99.6583
98.5832
99.8873
98.6792
100.082
100.782
101.497
101.896
99.2762
101.994
98.5491
97.2537
101.984
101.117
100.74
102.604
98.2259
100.213
102.754
99.2223
100.536
100.501
100.937
100.013
100.281
102.295
102.117
99.9542
105.544
102.474
99.9727
99.0687
100.404
99.9015
99.4095
98.0849
101.45
101.019
100.529
95.7339
99.9217
101.614
102.728
102.637
100.325
100.078
98.9648
97.4616
103.029
99.2475
99.1358
98.5803
99.6788
100.057
97.4651
100.883
96.3518
100.023
99.9091
97.9764
101.64
98.3654
103.501
101.497
97.5839
103.078
100.931
99.4445
99.2342
98.1607
100.239
97.0503
100.243
100.917
100.198
102.142
101.687
99.8835
101.003
98.7528
100.516
97.9732
100.622
98.7674
101.232
100.355
98.1253
99.1328
101.899
96.4941
99.9842
97.0361
101.73
101.219
99.2271
97.7261
101.971
101.6
97.5151
99.8688
100.525
98.435
99.1709
100.233
98.4926
97.8753
100.555
100.622
100.551
99.5061
100.558
99.3519
101.287
97.753
98.6207
98.5675
102.051
102.287
98.6547
99.7873
102.339
100.612
100.809
100.487
100.008
103.345
99.6174
99.8109
100.173
100.813
100.712
102.198
99.8739
99.7378
98.1864
101.64
100.438
101.064
101.395
99.6577
101.027
98.5773
94.732
99.053
102.188
100.012
96.7436
99.9748
97.7168
100.994
101.194
102.998
101.207
100.356
97.9072
101.512
100.38
102.643
102.76
100.284
100.24
100.793
98.7038
102.482
101.452
101.171
99.786
98.5621
98.9632
101.141
101.572
101.827
100.228
99.2801
99.8498
100.643
98.459
102.189
97.5927
104.963
99.9604
99.6218
102.17
98.5563
101.108
99.6674
100.083
100.791
100.98
99.4303
100.628
102.85
101.571
100.844
101.757
100.143
98.4466
98.5248
101.581
100.137
99.4904
98.8064
102.308
100.353
101.079
101.176
99.364
101.074
99.4145
100.139
101.312
97.5047
101.975
98.2736
100.612
100.553
94.9999
99.5388
98.5178
98.9181
98.109
98.8877
101.383
103.802
99.6116
100.391
100.122
100.423
100.879
99.202
99.7005
98.3763
101.727
100.237
102.812
104.144
100.924
100.075
98.5285
98.8174
99.9065
100.001
100.372
101.001
101.779
98.9498
101.406
102.366
97.8951
100.641
100.091
99.4371
99.2839
97.1417
100.444
99.2155
102.709
99.2282
96.9082
103.006
98.8089
96.8754
97.651
103.357
98.7552
98.3346
99.8481
101.546
100.245
98.8355
99.4757
99.5856
99.6002
100.086
101.076
102.859
102.134
101.26
100.967
100.814
98.2326
103.262
100.696
100.326
97.7719
99.5504
101.903
102.009
101.196
99.56
101.121
102.142
101.774
98.5675
101.417
101.405
101.298
101.272
102.773
100.337
104.245
100.824
99.7248
101.913
100.705
97.8507
102.09
99.5801
101.488
102.442
99.0142
99.5123
100.706
100.514
101.469
96.7243
99.3928
101.602
100.493
101.687
101.199
102.277
97.4856
101.699
99.2066
101.291
98.3094
97.2458
100.987
100.765
99.8185
100.451
100.993
98.6278
102.495
100.18
98.7812
101.113
99.8025
100.787
99.2479
100.996
97.866
99.4054
101.641
101.408
99.0537
98.4575
99.3082
98.4754
100.229
97.2415
99.565
100.675
98.1381
99.5051
100.582
101.343
99.7548
98.4556
99.9654
97.6537
103.643
100.328
100.37
100.702
101.072
98.01
100.119
98.8292
103.687
101.732
102.273
98.924
101.71
99.0521
100.444
101.478
96.663
99.2049
101.016
100.243
99.8547
102.13
102.091
96.9494
100.479
100.239
99.6491
100.636
100.52
98.9085
100.156
98.821
99.6735
99.9149
101.71
100.218
101.209
99.2925
99.1728
99.7597
101.011
97.5896
103.332
101.216
96.5771
98.4286
98.4391
102.359
99.3151
100.955
101.761
99.6106
101.589
99.8011
98.6738
99.4008
101.955
101.925
98.3455
101.293
99.6786
99.2897
98.8009
99.6589
100.261
100.025
98.1338
100.402
99.3374
99.9426
98.4401
98.6227
99.614
100.632
102.114
102.035
101.647
100.173
98.5851
99.7983
101.583
101.768
99.1485
103.205
99.0733
100.357
100.439
100.21
97.7802
99.1853
99.3557
100.96
98.0747
99.2541
103.076
100.541
100.509
99.1499
97.6826
100.564
101.21
99.4821
101.258
99.4588
101.135
100.79
101.437
100.626
100.783
97.3686
101.033
101.196
96.9866
98.1848
99.4581
100.522
100.9
101.992
99.3291
101.832
100.323
100.166
100.628
99.3578
100.846
99.5514
98.0972
97.3635
98.5343
99.5629
100.659
102.033
100.955
101.77
100.488
97.8544
98.707
100.674
100.842
101.41
101.769
100.181
100.135
103.235
104.237
100.533
100.228
100.218
99.41
102.87
98.9385
100.526
101.09
99.8455
99.2126
102.617
100.414
97.7886
100.581
101.554
100.879
101.255
100.325
101.444
97.7582
99.4508
100.577
98.5859
102.435
102.839
99.2443
99.9442
99.126
98.3602
101.9
100.439
102.465
98.6556
101.179
100.805
100.281
99.5494
100.112
101.92
100.791
103.635
97.6596
101.325
97.5796
100.07
99.5866
102.913
99.339
98.5153
102.116
101.494
99.8851
99.7534
101.009
100.88
100.217
101.911
101.17
99.9017
98.874
101.893
101.469
98.1846
103.791
99.726
100.558
102.301
100.402
101.887
97.9071
100.445
98.2623
101.773
101.865
97.9306
100.394
100.844
99.0785
99.849
100.536
101.818
99.6996
100.916
97.6629
100.804
101.365
102.318
99.5385
100.508
99.7378
98.7507
97.5649
101.431
101.311
100.844
101.598
102.558
101.461
101.16
97.9634
101.372
99.1048
100.139
100.616
103.903
101.278
99.8349
97.4661
98.0426
99.6707
99.9622
100.668
101.554
101.877
103.379
101.536
100.501
101.377
99.956
100.058
99.5335
100.623
101.124
97.5213
101.296
102.336
99.2913
101.603
99.4115
97.324
102.678
98.0035
101.429
102.178
99.7108
103.238
99.6354
96.9081
99.3972
100.29
97.3085
101.094
100.522
101.992
100.268
99.1762
99.7474
98.8526
105.152
101.263
98.6052
101.046
100.734
97.9426
100.98
99.6917
99.9396
100.9
98.0567
101.453
100.418
102.309
100.649
100.329
101.306
100.299
100.648
104.002
99.1473
99.5067
103.266
100.168
99.5985
99.4178
101.35
99.9206
101.429
100.149
101.2
100.792
100.5
99.0365
101.398
99.5457
102.026
98.9523
100.947
100.351
98.3994
101.117
100.913
99.9108
101.957
100.37
99.5276
101.871
101.142
97.8546
99.081
99.0344
101.997
99.2279
100.589
97.9217
100.315
102.654
99.0324
101.296
99.6026
103.419
102.385
102.015
100.244
101.422
99.7607
102.532
97.5505
101.671
100.052
100.688
99.8564
101.779
97.3659
102.025
100.725
98.0497
101.393
100.982
99.5326
103.137
100.021
99.8343
101.116
100.133
100.5
99.0761
100.095
99.5835
100.067
100.64
99.1763
100.751
99.8213
100.511
98.2423
97.2386
100.562
101.176
98.7538
98.7652
100.369
98.5228
98.7087
100.728
103.099
100.075
99.5684
99.9814
102.966
99.2708
99.4963
98.7674
100.824
103.383
98.8395
100.547
100.407
102.514
103.469
100.802
102.369
99.877
99.6957
99.5275
97.4727
99.2694
101.936
100.167
99.9597
98.2282
101.315
101.349
101.103
97.2666
101.922
99.5495
99.1438
101.05
101.169
101.848
100.571
100.018
102.474
98.4517
101.149
100.895
97.6976
99.2612
99.5059
100.523
100.569
100.542
101.251
99.9791
101.772
100.598
101.668
100.636
99.8101
99.0093
101.248
100.28
100.809
100.532
100.227
97.4926
101.394
97.8262
102.674
100.357
98.6161
99.6661
99.6138
100.408
101.509
102.223
97.7942
97.9869
99.079
99.5929
100.475
100.352
101.408
101.357
97.7547
101.691
100.793
100.463
99.654
99.629
101.893
101.815
100.805
97.2883
101.187
100.354
100.6
101.8
100.235
99.5103
100.695
101.643
99.1898
96.675
100.856
104.529
98.9576
102.233
98.7817
99.2486
100.853
99.8485
101.121
100.884
101.519
100.067
100.087
97.6012
100.545
99.1259
99.0242
101.536
101.459
97.3535
99.6021
101.241
97.8169
96.8474
97.2028
101.444
101.479
99.3929
102.534
99.9228
100.428
104.115
99.6799
98.473
99.5226
102.931
98.9184
101.111
100.43
102.297
102.284
99.9619
100.225
100.245
102.103
99.2105
98.6137
100.925
101.778
100.061
101.717
98.7412
103.694
97.7614
100.859
99.2116
101.303
101.633
103.169
97.5872
99.291
100.315
100.454
98.6532
100.444
101.592
99.0667
101.878
97.5022
104.961
97.7236
98.7038
101.671
100.175
98.4726
101.674
100.127
100.584
100.092
99.1607
102.49
101.542
100.859
101.201
98.9424
100.828
100.517
100.36
99.4256
102.06
99.3907
100.667
101.644
100.29
102.779
102.097
99.979
101.997
100.325
97.8542
102.261
102.703
98.6475
104.386
101.665
98.329
99.3019
98.916
100.001
98.3024
102.52
100.443
101.418
98.4558
101.256
100.926
101.109
101.903
98.6029
102.009
99.7322
98.6517
99.568
101.826
100.049
101.491
97.62
100.796
101.127
101.662
99.3994
101.727
99.4323
103.109
100.152
98.2263
98.2829
100.438
99.4875
98.4841
100.665
99.9123
98.0176
97.0423
99.331
100.481
100.948
99.556
99.0122
103.605
99.5525
101.147
99.3252
98.7374
102.804
99.1892
100.511
101.162
99.6927
99.4011
99.4925
100.343
100.929
97.8168
98.6867
100.997
99.6796
103.061
99.821
95.6075
99.4436
98.7701
99.7559
101.278
101.466
97.6258
99.2296
98.2704
99.7864
101.576
99.7044
100.505
98.9396
97.4722
99.4782
104.647
99.4646
101.338
100.727
105.619
97.9064
99.2675
102.528
102.02
101.279
97.2888
98.7654
100.06
101.693
101.276
100.355
99.3979
99.4049
99.8509
98.489
101.096
102.592
102.12
100.514
97.4254
98.4845
102.86
99.752
100.585
101.363
99.8334
98.6919
98.9537
100.113
98.0269
101.121
102.16
96.7289
99.9371
102.135
99.3297
99.4917
101.317
101.673
99.3589
103.198
102.552
99.0274
100.874
101.973
103.209
98.3053
100.973
97.3737
100.855
99.2896
104.812
101.781
99.8881
97.6971
102.016
98.7527
100.883
102.917
97.9084
100.021
101.413
100.88
102.862
99.1146
100.687
100.125
104.701
101.227
99.5088
99.5856
98.1265
101.923
98.883
99.0254
101.812
99.2287
101.699
100.157
98.5197
99.285
98.3631
99.0621
99.3933
99.9246
100.666
99.3571
102.673
100.799
102.533
98.9943
102.078
100.139
103.546
98.739
101.028
98.8057
98.811
99.8551
100.176
100.4
101.676
97.9258
101.466
100.083
99.4972
101.285
97.9876
102.229
100.264
96.4032
98.2119
99.958
100.612
98.2172
98.2761
99.6665
101.818
100.588
100.381
101.513
102.15
100.882
100.251
99.8638
101.255
98.0837
101.577
100.8
98.2909
100.472
102.923
100.838
98.225
101.388
101.595
102.487
100.213
103.855
102.798
99.75
101.728
100.704
100.065
100.096
99.8283
99.8989
101.338
100.462
100.43
99.835
99.6816
98.0515
98.8138
100.591
98.4765
101.228
99.9386
99.0454
102.316
102.669
101.227
101.649
101.582
99.6956
100.734
99.0697
100.133
101.877
99.2604
99.8948
97.8491
99.7388
100.447
101.46
99.943
100.921
99.9568
100.313
98.5695
100.563
104.457
99.7699
100.303
100.262
97.9037
100.294
99.0042
100.722
99.5129
102.082
100.322
101.873
99.1412
99.3699
101.334
100.188
102.149
102.253
98.8948
100.66
100.321
101.721
103.396
99.1377
100.896
98.9597
102.183
100.461
100.808
99.911
98.6622
98.9977
101.978
98.8814
102.712
98.8429
99.8422
98.7802
100.564
100.847
99.1682
101.294
100.6
99.659
101.417
102.404
99.7747
98.0429
99.1177
99.8967
100.303
101.608
99.6747
99.6836
101.746
99.1582
102.476
101.171
97.7518
101.305
97.9372
98.8534
98.9835
100.064
101.512
100.225
98.3516
99.3198
99.5858
99.4047
99.7763
102.316
100.139
98.6167
101.718
100.679
98.8685
100.359
103.055
102.59
102.379
101.166
98.8431
99.5685
98.2106
98.7942
100.746
99.0823
99.8558
99.5421
102.441
99.5935
101.821
100.57
100.343
100.32
100.658
101.073
99.951
101.368
100.084
101.858
101.554
100.217
100.283
100.83
97.943
103.758
97.8476
101.394
98.2562
99.5397
100.808
101.271
101.103
100.722
101.43
98.1431
98.5732
99.9936
102.164
100.598
99.6163
100.326
102.275
98.4719
97.117
97.7709
97.0672
103.089
98.9246
101.346
102.256
98.5877
100.838
101.622
101.352
99.5937
99.8718
102.381
99.25
100.528
99.7829
100.248
97.1762
100.555
102.817
101.223
102.652
98.4894
101.522
104.116
100.429
99.9793
101.466
100.496
101.966
100.141
99.4768
101.11
98.2793
98.8411
100.594
98.7958
100.446
100.777
101.124
99.149
101.629
103.15
100.593
102.019
99.7666
100.714
101.418
99.6265
100.995
100.362
97.9474
102.639
100.202
100.613
98.7791
100.323
101.689
99.9321
101.438
102.101
98.3262
101.255
100.134
99.7096
101.947
97.1324
100.031
100.169
99.7606
101.036
102.36
97.5158
98.18
100.858
98.494
100.953
99.7935
99.2599
100.983
99.65
99.196
101.345
98.9108
96.5288
99.7191
101.884
98.8853
99.6525
100.063
99.606
99.6375
99.919
96.9933
97.5328
103.851
100.467
100.778
99.7175
102.277
100.84
101.12
102.81
99.2644
100.138
99.2879
98.1042
102.373
101.449
100.66
101.963
100.432
99.4768
101.003
99.4727
101.88
100.898
101.552
98.4101
99.5982
98.1384
98.5893
101.893
99.3801
99.8743
100.698
100.945
102.321
101.274
99.7917
102.048
99.4837
102.357
99.2843
102.024
102.029
101.446
100.871
102.851
99.4275
103.112
100.521
100.916
99.2115
99.6637
98.9302
101.558
98.7273
99.9169
102.373
100.194
100.32
98.3325
103.135
96.7811
97.0511
98.7058
100.602
101.321
98.0681
101.128
100.228
99.6732
100.225
100.076
100.548
101.273
100.807
98.7031
99.3885
102.056
100.482
99.8717
99.0134
98.6922
98.4165
98.8487
100.817
103.136
98.9361
103.763
99.7793
100.547
101.898
96.5047
99.7292
97.7606
100.771
103.354
97.4753
100.579
102.589
97.6002
103.273
103.492
97.8282
101.124
100.787
99.3546
101.277
100.096
99.8521
99.01
100.11
100.851
101.022
98.9413
98.7089
102.247
98.7218
99.5649
100.695
99.8055
99.6515
98.709
99.6584
100.189
101.582
101.453
102.943
98.8586
99.5901
101.223
99.4344
103.782
98.0675
100.651
101.592
100.459
99.3642
99.3033
100.789
101.687
100.47
98.6279
98.0959
99.2506
96.0255
98.616
100.39
98.6329
102.004
102.024
102.694
95.3173
100.629
98.5085
99.3372
98.6709
97.1821
100.148
98.3831
101.64
98.3424
101.53
97.886
100.639
100.981
101.279
98.3587
97.424
99.2691
102.379
97.6819
101.187
100.556
100.94
99.3164
101.9
98.7132
99.6419
100.76
100.906
101.753
96.9084
103.245
98.9372
98.1637
98.1275
102.505
102.259
101.506
98.8298
99.2675
97.9715
99.011
99.2611
100.898
98.5591
97.2745
101.285
98.389
103.148
101.019
97.3133
101.229
102.025
100.691
99.2834
101.254
102.874
100.986
99.4818
102.375
100.051
99.7442
100.136
100.42
100.144
101.332
100.617
101.574
100.776
101.027
100.288
99.9343
101.216
98.5612
99.0875
99.0519
99.8306
101.168
101.205
99.675
102.297
100.987
101.84
102.557
98.2404
99.3346
99.1466
101.643
99.3644
100.111
101.679
104.029
101.308
99.3607
100.631
96.2803
99.9839
97.9716
99.8762
100.678
103.331
100.329
99.639
98.6341
101.252
100.705
100.271
99.6688
99.2394
97.3539
101.499
99.5977
98.3628
99.3592
99.2768
100.836
102.816
99.4999
101.427
100.506
95.7311
101.49
102.134
99.1881
99.2551
102.657
100.267
102.847
101.313
104.697
98.881
99.0891
103.627
100.318
104.138
102.59
100.593
95.8037
99.5721
100.23
99.3591
101.203
101.513
102.214
100.426
101.499
100.266
99.8662
98.2136
102.236
100.661
99.319
101.897
99.439
101.447
98.7493
100.63
98.84
100.269
101.801
101.879
99.811
100.343
98.5992
99.8944
99.406
98.3009
99.4076
100.19
99.1963
98.0109
98.5464
99.8876
102.141
98.1605
99.5095
98.2192
101.67
101.282
97.0485
100.541
101.833
101.177
101.969
99.0825
98.9285
99.502
99.5874
97.855
100.694
102.794
99.0255
99.3146
99.978
100.325
100.144
101.783
99.3882
101.05
98.5649
100.462
97.7376
96.2284
100.716
96.8195
100.14
101.989
101.09
102.722
99.1773
98.7933
102.669
101.37
100.445
100.814
100.701
98.7629
100.132
99.6237
99.5009
101.499
100.546
100.233
99.4673
99.2993
99.4928
99.1527
101.987
99.7594
100.227
101.129
98.6566
98.9768
99.5702
102.219
98.1707
104.813
96.0367
99.2374
99.2026
101.574
102.82
103.131
100.255
98.7451
101.704
97.2476
101.345
103.446
99.9872
101.844
103.084
102.344
100.773
96.1542
98.5319
100.105
98.6426
100.237
100.493
103.189
99.2055
102.13
97.6752
101.718
100.612
97.6899
101.784
102.109
98.9513
99.8856
97.3803
100.276
98.5415
98.5878
102.194
99.2571
100.139
98.8706
99.4357
97.5785
101.027
98.7187
100.493
99.1317
101.001
101.468
100.414
100.797
102.643
100.202
102.175
102.478
101.525
102.621
100.159
98.0214
100.118
100.766
101.629
99.7467
100.294
100.758
102.78
101.218
97.7502
100.224
101.37
99.3087
98.7896
104.133
101.382
100.731
99.1901
99.0492
99.6332
103.203
103.147
100.327
98.1984
98.7054
100.545
101.813
101.626
100.972
97.9035
100.882
100.513
100.8
102.718
100.063
101.403
100.355
101.062
101.121
99.6791
101.293
97.8675
97.7562
99.3822
98.9969
98.6884
98.9782
100.224
102.227
100.065
100.983
99.7048
100.047
100.844
99.1776
100.793
100.25
101.322
98.7811
100.101
101.794
99.4062
96.2688
100.246
100.001
100.915
99.3367
98.5381
100.549
101.159
100.083
99.1121
100.096
98.9717
99.0183
98.3655
99.2923
101.069
101.086
101.7
100.63
100.857
101.738
98.4169
98.9976
101.211
100.665
98.9803
99.2427
103.156
102.791
99.313
101.571
102.288
102.444
100.478
99.2438
97.9883
102.86
101.963
101.446
101.008
101.904
101.9
99.3959
101.233
98.2039
96.7122
99.6611
101.908
98.2046
101.12
100.239
100.367
100.651
102.112
101.529
97.6812
102.243
95.451
101.757
98.1449
99.4886
100.887
100.499
101.578
100.874
100.076
102.928
101.773
99.2896
98.0221
99.7392
102.92
100.193
100.253
100.228
101.096
101.098
98.4674
100.753
97.2178
101.663
100.646
101.321
100.869
102.12
100.138
101.382
102.428
99.223
101.766
100.032
97.5279
100.199
102.328
99.5816
100.603
101.545
98.5708
100.102
97.9148
99.6887
98.6628
98.8515
102.755
100.271
101.55
99.042
99.9965
98.8494
97.1014
100.214
100.861
99.2137
97.7538
98.6663
100.415
99.3571
99.4561
100.499
100.012
97.4306
100.302
99.4637
101.68
100.5
99.8588
99.7253
99.0829
98.8421
100.903
98.4106
98.4373
102.681
99.3306
102.348
101.61
98.6491
99.167
101.516
99.2869
97.862
100.06
100.915
102.794
102.093
101.362
99.8819
100.582
98.9645
98.5927
102.794
99.7229
99.5282
99.4136
102
103.546
101.552
99.7112
101.301
99.2231
99.9909
100.049
101.911
101.514
103.225
103.479
101.48
98.2064
99.3614
98.8007
99.0132
99.6928
99.1423
99.0159
100.127
99.1104
100.788
100.006
99.1771
100.984
101.6
100.648
100.678
99.4072
100.289
99.1803
99.169
100.938
98.9804
101.712
100.497
98.4136
98.886
102.154
100.876
98.8786
99.7158
98.5254
100.711
98.37
99.3275
104.692
101.62
101.271
100.247
100.257
102.349
97.8547
100.8
100.51
100.252
97.8767
99.17
100.506
101.235
97.9749
101.996
100.403
101.085
99.111
100.698
102.558
99.0714
101.567
101.631
99.7108
100.422
100.09
101.144
99.5438
102.171
102.511
100.036
100.285
102.115
100.572
102.544
99.2518
100.033
100.217
98.0762
99.0759
97.214
100.937
98.622
101.126
101.936
100.202
102.144
98.874
100.648
100.654
102.002
100.829
98.2582
99.9389
100.716
98.3857
99.0274
100.161
100.867
101.091
100.415
100.828
100.091
99.022
98.8053
101.287
102.009
99.8768
100.317
102.869
98.8959
99.5228
99.3781
102.042
100.217
100.279
100.878
101.46
99.1229
99.1567
101.304
100.378
99.5138
101.86
101.644
97.4307
102.237
99.5411
102.602
100.847
100.413
101.222
102.31
101.732
102.126
98.1609
97.9338
100.074
97.3361
100.667
97.8482
100.364
99.6681
97.4306
99.6052
101.787
100.262
96.9286
99.701
101.546
98.623
97.9903
99.3638
100.838
99.0692
103.595
101.424
100.869
98.6156
97.6629
98.9767
103.024
101.698
101.423
98.0328
99.156
97.9732
104.588
103.71
100.857
98.3845
102.173
100.579
101.269
101.439
101.8
100.507
100.098
99.6226
100.031
100.325
102.191
99.5424
99.3134
99.8069
101.255
98.0801
99.2256
99.1061
98.8613
97.8037
98.4145
102.67
101.258
101.27
100.965
102.322
98.5903
100.438
100.724
99.2011
103.127
101.96
101.788
100.349
99.1596
100.803
101.155
102.222
99.1812
98.8047
100.155
101.415
98.8473
104.215
100.753
99.6112
100.009
100.783
101.037
99.1543
102.404
99.2419
99.1165
96.578
100.038
100.151
101.983
99.5485
101.381
100.963
99.9611
100.671
103.046
102.183
98.3967
98.131
99.2297
100.269
100.014
99.1332
99.8951
99.7793
100.779
97.2393
99.8461
100.059
100.744
101.776
101.756
100.641
97.6426
98.9668
101.559
100.926
98.7914
99.194
101.408
102.5
97.8943
100.527
99.8948
100.345
101.656
102.613
100.485
99.074
99.239
102.314
102.18
102.222
99.8247
100.213
100.963
102.794
100.733
102.616
98.7012
99.2752
102.898
98.0782
97.4102
99.0931
100.261
100.168
99.1764
99.7749
100.337
101.571
99.7138
100.741
100.506
99.271
102.019
100.744
100.298
101.694
101.025
102.996
99.3878
100.17
100.541
99.564
100.559
99.758
99.195
102.754
100.689
100.688
98.6637
99.9945
100.102
100.605
102.326
99.1749
98.7643
100.847
101.518
100.494
102.102
99.2121
97.6992
100.325
99.6976
100.148
102.357
103.139
101.089
100.563
99.5045
101.117
100.032
101.02
100.738
97.2439
101.066
98.1318
98.8961
100.615
99.9751
103.291
99.8121
102.711
99.2608
97.2288
102.784
99.0117
100.618
99.1059
99.3397
98.6999
102.012
101.936
103.065
100.223
102.531
99.5056
99.7615
99.001
99.1461
100.107
102.11
100.914
102.339
100.462
99.7421
99.2026
99.4762
99.8711
101.663
100.039
100.867
98.262
98.2935
99.7307
97.1341
98.5265
101.541
101.721
99.9987
103.736
99.0472
102.487
100.836
101.931
100.067
101.927
100.552
100.433
98.1366
99.6451
101.17
100.139
101.163
99.9434
99.4695
102.039
99.795
98.6526
101.189
99.1646
100.713
99.9008
100.928
100.471
98.9326
99.0376
98.6483
101.83
101.655
102.299
98.0232
101.197
99.0909
100.137
103.635
97.8729
103.006
101.644
102.96
100.808
99.9286
100.325
100.47
100.48
97.8917
98.3828
99.1366
100.543
100.519
101.243
99.1713
100.01
99.3986
100.928
97.8274
99.2698
101.59
100.778
97.882
100.333
98.5681
98.3057
99.4238
98.8456
97.9794
102.141
99.4041
98.6388
99.5792
103.184
99.6655
99.9933
102.189
99.471
101.414
102.232
99.8107
96.6184
101.121
99.7596
101.054
101.626
101.022
100.232
101.027
101.086
101.056
100.3
101
98.2591
103.424
99.2254
98.8028
101.125
99.6775
100.204
100.741
101.854
98.2484
103.399
97.6354
99.6088
103.288
101.958
99.6673
100.111
102.343
101.296
97.976
101.28
100.271
100.329
99.88
101.475
98.7586
100.047
96.9938
103.619
98.5259
102.707
100.253
99.1098
99.6903
98.4526
101.257
101.261
101.581
101.757
103.212
97.5875
99.153
101.196
100.425
96.9269
96.7039
98.5281
99.5027
100.05
99.9763
102.239
103.267
98.8763
98.2366
99.9369
100.41
103.508
100.885
101.192
102.333
98.7314
100.625
101.209
99.9742
98.5264
99.4818
96.0093
99.5939
100.051
100.591
99.1254
101.239
98.688
97.023
101.113
101.349
101.174
100.558
100.302
102.628
104.13
101.002
99.3661
100.847
101.008
99.2064
101.737
100.153
100.651
101.416
105.312
100.465
100.251
98.1592
101.36
101.631
100.274
97.8218
101.473
99.0831
98.763
98.8094
100.94
100.334
100.38
100.42
98.749
99.4931
99.4892
98.6067
98.7503
101.233
99.6763
100.273
102.958
100.686
99.0253
101.94
101.421
100.143
99.7218
98.7677
99.0868
99.6513
98.5722
99.5684
99.0793
99.676
100.32
100.457
100.101
100.694
101.89
100.019
97.1376
98.5263
99.5651
99.6065
101.703
99.8393
101.618
100.557
100.332
101.769
98.1329
97.7696
99.2073
98.1434
100.598
99.7443
102.774
98.6651
101.024
100.598
99.955
101.228
98.19
98.9555
99.7671
100.473
101.5
98.0265
99.8118
99.2152
101.138
99.4187
101.985
99.1441
100.922
100.376
102.504
101.634
99.3521
100.264
100.005
99.434
97.6747
98.4626
98.7937
98.8468
100.084
101.959
100.269
99.8892
99.6537
101.913
100.594
97.0563
98.6676
102.067
100.424
97.0442
101.295
99.6976
100.685
98.1636
98.6643
99.2228
99.2037
100.682
100.066
100.848
100.463
98.3302
98.075
100.059
101.828
101.081
102.577
100.296
99.5447
102.287
95.9964
101.551
101.417
103.122
101.855
101.624
101.409
99.5619
99.8153
99.8382
99.7138
103.012
100.281
101.257
98.5641
100.911
99.5557
98.0073
97.2653
100.486
102.691
98.9525
102.008
95.0734
101.081
100.069
98.3551
97.7245
99.8453
99.7063
98.3531
98.4447
99.6662
97.6606
98.3284
100.075
99.153
98.2909
100.001
99.2016
98.7403
98.8797
99.4544
100.324
99.5547
99.6275
100.193
101.63
98.8571
99.6363
99.6536
102.263
101.531
99.2053
98.934
101.8
103.18
98.5328
99.6088
100.251
98.981
99.6261
100.219
101.125
97.3928
98.9172
102.327
102.366
101.441
104.293
103.069
99.5687
104.065
99.6834
100.587
98.8746
100.313
99.022
98.4853
100.475
99.5899
98.2437
100.428
100.095
98.3373
99.0946
99.8615
100.676
99.6693
99.9463
100.591
102.52
97.9287
102.787
100.541
97.2727
97.9396
102.814
101.067
99.0466
98.695
98.6355
101.384
100.744
101.148
101.106
101.236
98.5549
98.6041
102.213
99.5413
99.4103
99.4029
98.0718
101.129
100.261
97.6819
100.877
101.634
101.95
103.175
100.07
100.485
98.5443
100.115
97.4945
100.475
99.9325
101.55
97.7415
99.9168
98.4396
101.808
101.326
99.1574
101.75
100.794
97.2995
102.448
97.4307
102.089
98.2522
97.229
99.4939
98.6808
100.614
101.429
100.509
101.579
101.359
99.0683
99.3213
101.897
98.5735
99.7437
99.2098
100.852
99.7879
100.215
101.261
98.3446
98.3024
101.618
98.1774
98.8105
98.4755
100.811
97.2786
102.468
99.9222
97.0135
99.0419
98.9737
99.4735
99.7626
100.98
101.449
101.656
101.163
99.2321
98.652
100.378
98.0546
100.02
100.624
99.3655
100.398
97.6701
101.438
99.0991
100.989
100.782
100.33
101.574
102.069
95.577
98.1352
97.7871
100.568
99.9183
97.3463
99.9932
101.107
98.2802
99.3566
100.063
100.028
99.4122
100.565
99.0644
98.9785
102.168
98.5946
101.817
100.954
102.078
101.017
101.454
100.464
100.86
98.676
100.417
100.25
101.555
102.43
100.577
98.2442
99.2469
99.36
102.01
101.079
100.635
99.9693
101.971
99.3809
100.653
98.2381
100.175
102.934
96.4515
99.1129
100.041
102.064
100.808
101.977
102.664
101.062
100.963
99.3583
99.2691
98.8953
98.7464
102.05
99.0052
99.2031
101.289
102.464
100.314
100.873
99.301
100.172
99.1916
97.9913
101.588
100.027
101.441
100.832
99.7278
100.378
99.7119
101.781
100.056
100.644
101.908
102.961
99.3362
104.058
101.148
99.1545
100.495
99.4699
100.767
100.555
100.9
96.5072
100.955
102.067
99.5299
99.3574
101.059
98.7486
99.2774
98.9578
98.7063
100.056
102.905
102.33
103.928
101.334
100.643
99.4338
102.606
100.625
100.08
101.726
100.511
99.6091
100.364
98.6352
100.302
98.855
100.797
101.724
99.301
98.9325
99.253
98.3672
99.1297
99.2456
97.4464
100.175
101.158
101.505
99.0717
101.332
101.977
101.016
99.2539
100.67
102.491
101.875
103.306
101.135
98.8982
102.064
98.7162
99.7348
99.8997
102.323
99.0148
101.432
99.1394
101.919
99.4647
100.796
103.024
99.283
101.231
100.287
103.377
97.4175
97.7288
103.129
101.655
100.201
102.215
101.878
100.399
101.602
100.195
100.395
99.7077
97.9884
98.5741
98.9652
98.895
98.3928
101.409
97.6506
98.4618
98.4222
98.2477
97.3101
101.607
99.3321
98.0369
99.6889
99.9592
99.757
100.743
97.393
101.528
99.713
101.469
99.1628
100.071
100.073
98.0043
101.65
98.8932
98.6666
99.7674
101.318
101.002
102.627
101.424
100.326
98.1232
97.4968
101.278
99.8153
97.9852
101.267
96.8105
100.057
99.1771
100.658
100.954
98.4146
100.763
100.206
99.4329
100.409
100.858
101.986
98.6331
98.0901
99.3498
99.1308
98.5568
99.3411
102.927
100.965
102.088
101.961
99.5737
99.7952
99.9141
100.099
102.159
98.4094
97.7297
100.157
100.311
100.493
100.872
100.273
101.317
101.659
97.4042
100.011
100.422
99.3589
100.73
98.7908
100.096
99.4106
100.256
100.627
99.7465
101.848
100.517
99.9973
100.677
102.131
102.265
100.405
99.6979
103.249
97.9754
102.107
101.086
100.52
101.468
98.4731
101.88
102.942
100.18
100.271
98.1476
101.471
100.727
100.326
100.884
96.2546
103.211
101.713
97.4788
101.585
95.859
98.076
102.592
101.398
100.761
102.425
101.758
101.871
100.133
99.1892
102.069
97.7068
101.643
102.553
99.6228
99.3887
99.219
99.658
100.296
98.5299
101.436
100.984
99.0503
101.039
100.972
98.7905
97.9844
99.61
102.232
99.8118
100.521
99.4511
98.9671
102.2
97.7631
102.101
102.212
99.2219
102.011
100.556
100.114
100.798
100.467
100.701
103.849
102.772
101.083
99.8728
102.266
97.9016
99.9182
101.447
100.049
100.028
98.2263
100.474
99.4476
102.492
99.5127
99.5697
100.449
99.6933
101.278
102.535
101.734
99.6555
100.123
101.031
102.533
101.607
99.0217
103.66
100.9
99.8141
101.862
99.4384
101.176
101.893
97.2066
102.265
98.8218
99.8897
100.36
95.8924
99.1399
98.4117
99.9489
98.2802
100.494
99.3061
102.547
98.3764
95.9134
99.6988
101.981
99.1039
102.45
100.754
100.734
98.9129
101.009
101.308
100.922
100.909
101.153
98.9428
100.183
100.574
100.533
98.1968
98.3854
101.07
102.445
98.1059
99.5987
100.831
103.098
101.324
100.257
102.181
103.078
105.265
103.682
99.8985
98.0284
100.524
97.8632
99.2717
99.1625
99.419
99.986
102.649
99.3929
100.74
97.8424
96.8806
100.276
100.265
99.3455
99.2962
101.212
98.5647
98.6998
99.5944
99.2789
99.5005
98.9412
102.273
99.4605
100.11
100.52
100.678
101.867
97.2372
100.983
98.6797
98.6362
98.0827
99.046
101.079
102.003
97.8779
100.311
100.734
100.342
99.9288
100.005
102.333
99.7582
99.2766
101.256
101.618
98.4066
101.829
99.8043
99.2856
102.873
101.004
100.832
99.8801
99.3937
99.4185
101.848
101.892
98.0432
100.426
99.307
100.496
103.393
101.516
99.1485
101.571
100.347
101.207
102.137
100.362
97.0169
101.306
97.1669
100.128
99.8748
101.298
98.249
99.1487
99.5446
102.263
100.404
101.636
99.1179
102.688
100.214
102.197
98.7366
100.619
99.8074
99.2729
99.1231
99.0633
101.058
97.7401
100.175
99.9883
100.602
101.832
101.173
99.2003
100.918
99.9115
102.384
99.0191
96.3889
101.046
99.9464
98.7438
98.1551
98.4495
103.117
99.7417
101.746
99.3751
103.301
98.2647
99.601
98.5804
100.844
99.6898
101.258
99.6337
99.861
97.2183
99.7487
101.746
101.845
99.4122
102.194
101.277
97.7145
96.1213
103.278
100.56
103.421
99.7521
99.4588
99.6665
98.0908
101.437
100.351
96.9839
101.367
100.565
99.6371
101.052
100.203
101.126
99.2297
99.6496
101.726
100.1
101.431
97.7257
100.817
99.4319
98.7377
101.092
99.836
101.24
97.9638
100.209
101.287
98.2568
101.723
102.835
100.556
99.2449
96.8934
101.063
100.143
98.1787
97.4002
101.709
96.416
99.4688
100.885
98.5224
101.874
96.852
100.722
100.551
100.11
101.018
101.496
98.7741
100.595
101.202
100.185
101.578
101.329
101.725
97.3438
101.086
101.225
99.6184
97.8636
100.688
98.2462
102.602
99.7671
101.438
97.7219
101.731
98.4558
99.8862
101.291
100.582
98.4731
101.698
98.3156
102.743
99.2727
100.135
101.116
101.451
101.118
103.465
100.83
102.624
97.6634
102.916
99.4835
100.644
101.691
98.972
98.315
97.9458
100.709
97.6921
103.118
102.596
101.055
99.9321
98.3389
99.5296
101.276
99.5629
101.074
100.681
102.559
98.9454
99.0913
104.621
102.106
100.161
98.6255
101.477
100.118
101.743
99.7504
102.601
101.969
102.174
100.845
103.268
101.518
102.173
102.078
97.5843
101.98
101.478
102.064
98.2157
97.8892
100.579
99.7466
100.037
100.204
102.693
101.581
98.9375
100.638
100.335
98.7654
98.6833
100.882
100.596
100.197
100.809
102.208
100.432
100.889
100.226
99.7255
98.5249
102.185
98.5017
97.1874
99.5753
101.748
100.633
100.438
99.0518
94.886
100.767
99.7647
99.2905
99.6139
100.805
101.864
101.674
101.524
97.2996
101.412
101.068
98.5558
98.4507
100.449
100.057
98.2547
99.4125
101.285
99.7777
98.4345
101.127
103.164
99.376
99.598
104.209
102.064
100.049
100.361
100.272
97.3697
99.0481
102.016
101.602
100.772
97.5562
99.6203
103.046
100.408
99.651
100.978
101.758
99.4908
101.772
100.998
98.673
99.0753
100.638
102.596
102.029
100.878
100.793
101.113
102.543
99.0174
98.2214
100.71
101.296
101.371
99.727
102.656
100.545
100.329
101.941
98.1661
99.4102
101.026
103.996
101.122
101.309
101.753
98.8565
102.496
100.14
99.9727
97.1441
98.688
101.564
99.1455
100.382
101.173
99.6308
102.455
97.56
97.3787
99.3838
100.813
101.926
102.216
100.342
100.728
98.0371
101.821
99.6247
99.9679
99.8738
98.8792
100.348
100.664
101.56
99.9085
101.072
101.715
99.8426
98.0564
100.341
99.3199
99.5219
99.3035
97.9487
100.945
101.21
99.6923
99.6788
98.5996
100.069
97.4891
101.257
98.6096
97.7653
101.157
102.095
100.624
98.577
103.172
100.444
96.8826
99.2007
101.356
103.612
98.5995
102.407
96.9827
101.924
101.044
102.97
102.738
100.095
101.2
97.8992
100.886
100.58
99.7413
100.211
100.99
101.545
98.1978
98.8568
104.384
100.94
98.4835
100.944
100.632
98.194
99.5703
98.5466
100.153
101.61
100.77
101.75
97.2048
97.4354
99.5813
99.1461
98.9362
99.099
100.1
98.8026
98.3369
101.424
100.516
100.29
102.404
100.019
98.133
101.966
97.4266
100.538
99.9854
98.7008
99.1848
100.268
102.881
98.2217
99.3297
101.504
99.9998
98.886
101.332
99.6712
104.026
100.183
100.303
100.436
99.0694
99.4471
100.692
99.219
100.198
101.292
101.5
100.214
98.3847
98.7614
99.8548
101.351
99.6964
101.027
101.304
100.764
99.88
100.122
100.318
99.4211
99.0616
98.0834
100.768
103.027
98.9838
98.8287
100.285
100.039
102.174
102.776
101.708
100.141
100.183
101.252
99.4445
100.301
98.0437
99.8503
101.736
98.9652
99.885
101.678
101.391
101.998
100.683
99.4275
101.99
100.656
100.415
100.54
100.605
99.2568
100.018
99.0307
99.2146
101.157
100.332
99.7919
99.5021
98.9169
99.0495
100.999
101.028
102.522
98.7707
100.991
101.237
102.351
100.015
99.6252
100.48
98.9706
99.3164
100.822
99.1964
98.4042
98.3487
103.208
102.099
99.6832
98.6071
97.8843
99.4523
99.3635
99.0473
101.32
97.7879
102.523
99.3778
98.9559
100.712
99.4903
98.9662
99.1474
100.726
98.6951
99.7646
102.102
98.689
99.1869
99.5116
101.602
101.235
100.291
103.338
97.5256
98.7627
100.078
102.394
100.542
101.21
100.737
99.575
101.693
99.3301
101.294
99.688
99.9655
99.7746
102.334
100.368
98.6127
102.73
97.7591
100.782
100.578
101.708
99.9341
97.6934
98.9019
102.159
101.213
99.9416
98.9795
100.346
97.5403
101.726
99.5173
98.7187
100.702
98.1535
100.146
97.3404
100.565
100.287
99.1781
99.064
97.0636
102.468
100.786
101.136
99.8173
101.536
102.791
102.185
100.601
99.9217
100.252
97.4853
98.4222
101.459
99.9735
100.654
100.67
100.494
100.005
98.372
103.543
99.4571
99.2618
100.499
100.312
100.197
100.581
96.5312
98.726
97.6817
101.286
99.3249
100.132
99.7223
97.6714
102.348
98.254
100.17
102.258
100.4
103.352
98.8444
102.837
100.251
100.151
100.978
99.0922
100.832
100.881
98.1957
101.221
100.405
102.738
98.2852
99.5043
104.01
101.764
101.468
98.8638
99.5083
98.7131
101.22
100.541
99.564
101.407
98.6231
101.4
100.707
100.477
98.5668
98.7918
100.685
99.267
102.047
101.887
102.778
100.499
98.454
98.9805
97.3729
100.847
99.6181
100.757
98.5285
100.346
100.316
100.124
101.481
100.296
98.6889
100.866
99.0865
101.017
100.235
102.193
101.438
102.856
101.196
102.253
101.133
101.55
100.296
100.168
101.869
103.204
99.9623
100.697
101.368
98.0511
102.549
98.4618
100.222
98.566
98.135
100.572
97.6407
98.957
99.9554
100.77
98.0785
100.704
100.152
102.392
97.6041
102.503
100.632
100.899
101.057
98.8544
101.576
102.086
99.7704
100.057
99.6047
100.187
97.9781
101.926
99.7365
101.516
100.795
99.0775
102.18
101.861
99.5542
98.0735
99.9045
102.203
99.523
101.995
99.5068
98.8725
100.713
99.3851
99.9109
102.088
99.9727
98.9414
97.9906
101.207
100.858
97.2985
99.4685
98.3512
97.8096
100.714
99.4772
99.9973
98.1894
100.166
101.774
98.5495
100.88
100.518
100.524
100.46
100.766
100.21
100.46
99.8549
100.02
100.857
100.215
98.3064
101.566
97.7804
100.58
100.636
100.808
100.712
101.059
101.024
98.7288
100.78
100.685
98.6536
99.1675
100.191
98.545
98.8296
100.736
99.8201
100.368
97.1175
99.6781
100.301
100.098
100.338
99.1646
100.095
99.3368
99.3989
99.2235
100.567
99.6459
100.869
102.022
102.137
97.0907
100.098
97.7708
96.4607
100.494
101.481
100.86
99.3372
97.025
97.6749
98.885
100.051
98.2339
100.321
100.407
98.5911
97.7187
101.137
99.3842
97.213
101.435
97.4421
101.461
100.706
103.222
102.499
101.111
99.7325
101.929
99.4187
99.6592
100.545
101.743
100.533
100.022
98.9238
100.921
99.1016
99.3779
98.7991
98.0118
97.9483
101.167
102.345
100.07
100.727
100.685
102.864
101.535
96.6326
102.543
99.6799
102.252
100.456
101.748
98.1198
99.1426
101.708
102.235
98.2123
101.953
98.7418
100.305
99.8154
103.976
98.7449
97.8255
102.023
99.927
98.0879
100.662
98.8036
99.4625
101.892
100.543
99.1285
100.542
97.5255
98.7395
98.0196
100.723
100.918
100.924
103.177
99.76
99.1978
97.9539
100.86
97.5319
98.5995
99.6553
102.553
100.11
100.5
100.305
100.873
99.665
99.1529
100.173
99.1996
98.273
101.635
98.8903
100.618
101.856
103.223
102.008
97.3078
101.667
100.998
100.782
103.118
99.9316
100.977
99.0316
99.2903
100.385
101.625
101.011
103.314
99.6771
99.8671
101.19
98.9376
99.8092
100.143
103.07
100.125
100.296
99.042
100.768
98.0989
99.4234
99.2856
102.404
98.0839
98.8888
97.7173
100.515
100.701
102.16
98.8142
99.2935
101.964
98.4718
100.918
103.122
100.259
101.469
102.148
102.526
99.0761
97.6444
98.7126
96.7
100.702
98.7159
97.7793
99.95
102.364
99.15
101.628
100.056
102.104
102.286
98.8977
97.3015
98.7875
101.427
101.409
102.376
100.649
100.417
98.0298
101.938
101.156
102.481
103.127
99.565
98.5432
99.153
99.0146
100.393
100.956
102.659
101.07
100.274
101.185
100.754
101.207
98.5308
100.603
98.8045
99.3285
99.1401
97.4276
99.583
101.821
99.5055
99.467
103.504
101.021
100.093
99.8207
101.9
102.202
98.1697
103.164
97.8711
103.126
99.9153
98.6119
100.529
100.892
98.9478
102.364
101.618
98.4549
100.085
100.771
101.277
100.153
101.097
100.001
99.0841
98.8399
100.686
99.6633
101.757
98.6794
100.712
100.842
103.355
97.7064
101.429
101.061
101.731
99.766
100.243
100.683
100.054
98.4778
100.806
100.893
100.865
103.036
99.0511
98.3793
99.7379
100.273
100.922
101.095
103.963
102.442
101.459
101.168
99.0867
98.2648
98.016
102.925
98.4442
100.611
97.9006
99.4093
101.591
98.7934
99.3246
98.8943
100.171
98.361
99.6706
101.039
100.646
100.227
98.1992
101.012
97.4196
98.4207
100.939
103.554
99.5353
102.764
97.4602
99.2426
102.21
99.404
98.9256
101.419
99.3895
99.4696
96.1668
99.9125
102.511
102.249
103.363
99.6566
101.355
101.914
99.9416
103.198
98.8374
98.5829
101.957
99.6592
99.0211
101.386
99.939
98.2521
99.2584
102.621
100.5
99.4476
100.782
99.0393
99.6293
101.213
102.813
99.3456
102.211
98.5358
98.3856
99.5547
100.158
102.515
102.916
103.066
99.022
100.388
98.613
99.6789
101.276
101.658
102.581
98.8439
101.527
97.4755
102.248
99.7243
99.4109
101.403
101.275
101.176
99.2033
100.803
101.211
98.7317
101.004
99.1056
100.32
100.196
99.5812
100.93
100.858
99.7665
100.621
99.3143
99.9342
101.021
98.1795
101.073
99.9773
101.016
98.6731
100.248
102.048
101.742
100.151
99.2351
99.9212
98.9901
97.941
100.488
99.1399
101.285
100.847
102.135
101.766
102.864
100.083
99.0353
99.5266
102.372
101.503
103.57
100.664
103.766
101.981
99.5805
103.504
101.196
102.81
100.666
100.424
97.3702
100.254
100.454
96.7278
104
99.8667
101.302
98.1256
99.4488
99.7554
101.489
99.4611
100.03
98.4276
100.144
100.155
101.641
99.8395
102.508
100.854
99.4652
103.152
95.6985
101.479
99.2982
102.004
97.3212
98.052
98.8537
101.114
103.21
100.167
100.346
99.0879
98.6013
99.7074
99.322
97.7181
100.832
99.4379
102.01
100.507
99.2504
100.134
102.369
100.937
99.2081
100.716
99.9985
100.118
101.991
103.161
100.423
99.4914
100.163
100.82
99.3038
102.11
102.403
101.406
99.1427
98.5989
96.9085
99.9062
99.2489
99.592
100.353
101.249
98.9543
99.1225
100.78
104.609
100.658
100.023
99.3286
98.8048
101.755
98.9886
101.349
98.355
101.272
102.408
99.0181
100.287
99.9472
101.683
99.8649
101.515
102.578
101.541
100.709
101.427
101.01
102.179
100.429
98.3163
99.892
102.323
100.849
98.7287
101.341
99.677
98.9373
102.259
101.331
99.6635
99.5693
97.2071
98.6541
99.7
99.3166
101.622
98.2693
97.6669
99.8269
100.977
102.06
103.83
98.1854
102.006
100.727
99.31
99.6361
99.8855
102.338
100.635
99.694
98.5285
98.9563
100.636
100.707
99.5072
99.8308
100.225
99.7499
98.9378
103.053
99.7233
103.378
101.367
98.5661
100.162
99.7541
97.6819
103.699
101.135
102.119
99.7484
100.073
101.601
100.233
102.892
100.105
97.8989
100.442
100.415
101.49
99.7526
98.968
97.4284
101.739
102.21
101.466
100.866
100.224
100.398
102.192
102.146
100.349
97.2099
102.089
