106.742
106.371
105.431
105.209
106.382
110.145
106.458
106.499
106.655
107.515
107.857
108.57
105.941
107.215
105.401
106.789
106.575
106.638
107.113
107.319
107.488
106.047
108.322
106.541
106.664
107.23
106.053
107.419
105.521
108.967
108.595
105.27
107.882
105.829
106.882
109.589
106.297
107.001
106.311
105.508
107.704
105.235
106.495
107.399
106.831
109.37
108.25
108.732
107.854
104.749
108.069
105.669
107.045
108.421
103.982
105.812
106.838
106.223
108.355
105.98
109.567
108.868
107.46
106.242
109.114
105.215
106.721
108.963
105.949
107.718
107.051
104.253
108.015
107.671
107.598
107.391
103.456
105.583
108.288
104.984
104.419
107.879
106.607
107.707
107.028
107.399
106.664
106.713
106.511
104.819
106.503
107.213
106.28
107.379
106.784
106.651
106.701
106.986
106.972
106.921
104.654
109.077
107.282
107.241
106.722
107.632
106.784
107.033
104.759
108.129
106.505
106.991
105.613
107.925
108.419
107.753
106.397
107.896
106.995
108.323
104.325
108.943
104.783
106.478
104.679
107.934
107.81
107.905
105.868
104.348
107.991
104.206
106.796
106.22
108.993
108.931
105.899
104.821
107.277
108.237
109.143
105.695
107.574
106.873
106.002
107.511
108.691
107.023
106.675
105.782
105.66
106.622
106.05
106.2
108.667
106.185
106.98
110.389
106.891
105.729
107.784
106.685
104.218
106.711
104.369
106.073
105.887
106.647
105.387
106.566
107.619
105.126
108.433
105.571
106.556
105.475
107.527
106.369
106.066
105.515
107.427
108.109
108.679
105.942
108.266
107.043
107.549
107.191
105.833
105.082
106.106
108.327
108.973
108.583
107.899
107.36
105.425
105.189
106.03
106.662
107.274
108.018
107.067
108.224
108.755
105.255
106.17
106.565
104.742
106.836
108.296
106.648
106.394
106.568
107.054
108.091
107.328
105.988
106.078
106.862
107.025
104.407
104.921
106.137
106.309
107.499
107.722
110.232
107.819
104.343
107.538
106.929
106.073
108.142
108.358
107.056
104.959
106.358
106.394
106.665
106.937
108.647
106.866
108.542
107.398
108.927
105.757
107.303
106.006
107.307
107.452
105.028
107.226
107.566
107.587
106.826
107.271
108.869
107.43
106.607
105.396
107.931
105.775
105.147
107.066
106.725
105.439
108.153
106.711
109.519
104.726
105.172
106.541
104.56
107.052
105.047
108.679
107.429
106.309
107.147
107.694
105.92
105.926
105.71
109.19
108.905
108.384
105.668
106.88
107.617
109.194
106.809
106.925
106.315
107.488
107.18
107.712
104.374
106.332
106.168
107.205
108.076
106.058
107.637
108.463
106.6
108.026
104.847
104.67
108.588
104.281
107.732
105.314
107.406
108.253
108.506
107.001
105.004
105.915
107.25
106.218
107.069
106.24
105.703
106.349
106.552
107.935
104.63
106.573
105.725
106.343
106.253
108.482
107.196
105.548
107.394
107.888
104.287
107.142
106.826
106.383
107.876
104.785
108.101
105.979
107.622
104.703
107.28
106.429
106.257
106.945
107.024
108.104
106.843
104.425
108.684
106.241
107.093
104.681
107.052
108.974
109.278
106.721
109.639
106.744
105.232
107.402
108.391
105.861
106.89
107.77
106.198
106.645
104.579
107.255
108.515
107.456
105.393
107.387
103.921
106.082
105.005
107.688
106.103
107.971
107.547
104.58
107.552
103.33
108.769
105.666
106.689
108.008
106.339
107.836
106.927
106.605
107.617
106.966
107.717
108.578
107.014
108.609
108.594
106.908
110.48
108.09
106.281
107.306
106.043
107.162
107.147
107.131
107.731
108.387
107.564
110.291
107.421
105.548
105.688
105.246
106.99
107.639
106.815
106.598
106.283
104.789
105.86
106.496
109.38
109.036
104.156
107.858
105.662
107.076
108.361
105.958
106.601
108.139
107.422
105.407
105.321
110.085
107.201
107.53
107.12
108.153
105.927
106.289
106.396
107.884
103.986
104.422
103.879
106.537
107.462
106.891
107.215
106.669
106.906
108.626
107.767
108.502
105.989
107.069
107.116
106.266
105.359
109.152
107.062
109.423
104.86
108.036
106.695
107.829
108.764
106.881
106.413
108.226
106.496
106.933
107.761
105.473
108.115
105.563
107.175
107.73
105.635
106.925
109.809
105.797
108.238
107.635
105.802
104.691
107.7
107.168
105.23
106.275
105.908
108.365
108.129
103.996
108.627
106.236
107.698
107.228
107.804
107.974
108.278
106.81
107.117
107.777
107.815
103.853
106.919
105.997
107.464
108.217
106.803
107.584
107.589
106.657
108.195
106.549
107.244
106.226
108.077
108.447
107.954
105.656
105.669
105.996
106.412
108.607
106.841
109.203
106.114
104.948
106.49
106.423
107.97
107.481
105.821
108.776
107.489
107.949
107.356
105.351
107.34
108.058
105.349
107.421
109.446
106.495
107.875
108.777
105.149
105.993
108.558
107.728
105.887
107.095
106.569
107.88
105.07
105.979
105.772
108.556
108.325
105.856
105.289
108.296
105.822
109.659
106.15
107.091
107.629
106.854
105.58
108.792
106.753
105.669
107.58
108.386
104.551
105.599
108.542
108.365
106.649
106.849
106.398
106.633
106.708
107.85
107.966
107.601
107.855
108.956
108.478
104.533
108.669
108.734
105.992
107.583
106.45
104.89
107.367
109.533
106.875
105.746
108.845
106.613
106.841
105.232
107.004
107.421
108.721
105.914
106.097
105.889
105.084
104.735
107.097
106.108
106.243
107.438
109.148
108.428
110.862
107.215
104.885
107.117
107.434
106.16
107.254
108.533
108.911
105.644
103.854
108.789
106.554
107.277
108.027
106.568
109.931
108.63
107.328
108.411
106.836
105.524
108.844
105.457
108.198
105.759
109.05
106.459
107.732
104.392
106.288
105.39
109.277
106.055
108.082
108.51
107.081
106.281
106.523
106.945
106.968
107.835
107.814
107.897
105.008
104.669
110.363
106.394
105.219
106.761
107.039
107.873
107.69
105.655
105.716
107.27
105.82
107.155
106.108
107.589
107.246
104.139
105.554
106.748
107.309
109.228
106.499
106.652
109.417
105.505
108.537
109.596
109.03
106.713
106.121
106.754
106.888
106.382
105.162
106.984
105.822
105.477
107.188
108.083
108.06
107.442
104.954
106.358
108.337
106.185
107.833
106.651
104.157
107.607
104.602
107.136
108.406
105.707
109.209
106.586
107.704
107.639
104.748
105.26
107.8
108.597
106.211
106.152
108.954
106.617
104.665
108.779
108.963
107.05
104.923
108.155
107.797
110.154
108.787
105.267
109.215
108.034
106.819
106.795
107.542
106.406
106.424
106.992
105.808
104.576
106.032
107.069
107.632
107.929
106.507
105.419
106.007
108.53
107.603
105.014
107.587
107.911
105.917
108.699
107.622
106.457
107.599
107.555
108.243
105.445
107.632
105.006
107.075
109.65
104.957
107.723
104.957
106.167
107.613
108.801
104.979
105.92
105.463
107.908
108.432
107.604
106.403
106.354
107.221
107.247
105.33
107.578
106.457
104.163
107.158
106.313
106.476
108.346
106.218
107.315
107.614
105.599
104.813
105.794
107.284
108.561
104.034
107.496
107.903
107.805
107.461
106.476
107.373
108.656
106.86
108.052
108.901
108.54
106.704
109.253
105.491
110.173
106.203
107.928
106.444
107.546
107.703
108.507
108.631
109.162
106.994
108.439
107.357
107.438
106.332
104.945
108.482
105.959
106.212
106.513
104.893
108.108
106.657
106.641
105.167
108.374
107.457
105.853
106.118
105.441
106.609
108.819
107.612
104.939
105.984
106.187
104.981
107.675
108.317
108.616
107.881
105.604
106.574
105.238
104.691
107.419
109.51
106.904
107.279
105.475
108.337
108.443
107.015
108.494
107.075
106.337
107.557
106.737
107.674
108.215
109.712
107.559
105.376
105.891
108.705
105.607
107.34
104.729
106.237
107.548
107.951
106.472
106.805
105.858
107.269
107.421
107.251
107.038
107.074
106.703
108.455
106.123
105.674
106.803
105.812
105.755
106.841
106.34
105.771
106.098
107.707
106.875
107.069
106.275
106.023
107.357
103.1
106.559
106.373
109.819
104.068
107.552
107.775
106.765
106.342
107.84
108.492
105.783
105.587
104.643
107.845
104.989
106.412
107.395
106.804
107.41
106.484
105.814
108.581
107.486
107.691
107.44
105.729
107.899
103.769
108.777
105.784
106.887
107.4
106.346
108.192
107.743
106.574
104.971
106.502
107.422
106.738
107.575
109.394
108.933
107.386
106.682
106.38
108.259
107.291
108.866
108.086
106.737
107.552
106.58
108.594
107.856
110.121
105.046
106.954
106.447
106.138
105.459
105.86
107.151
106.771
107.044
103.03
106.744
106.912
107.261
105.745
106.724
107.454
106.396
106.398
105.654
106.963
109.56
107.053
106.063
107.34
107.151
107.88
107.033
107.827
105.406
107.338
108.329
105.604
106.726
107.637
105.598
104.64
106.917
105.55
108.5
106.381
106.786
108.837
105.45
108.621
105.491
110.072
104.939
107.624
106.028
106.353
106.175
106.28
106.015
108.863
106.85
108.641
106.547
107.759
108.214
106.284
108.044
107.318
106.837
106.269
108.317
105.483
106.278
104.029
108.771
108.135
107.001
107.103
108.507
108.31
106.336
105.995
107.009
108.893
106.877
107.07
106.253
103.976
106.608
108.043
107.794
108.586
106.504
107.556
109.152
106.52
106.894
107.524
107.6
107.193
107.108
106.218
107.353
107.312
104.925
104.821
105.198
107.98
108.305
108.749
108.481
105.789
105.918
108.404
106.92
108.335
108.218
107.638
106.353
104.842
105.892
106.119
106.156
107.344
108.751
107.117
104.371
106.726
108.292
107.712
107.48
106.099
106.538
106.24
108.046
107.239
109.161
105.515
103.932
108.046
105.249
106.515
106.537
107.323
106.612
106.24
107.287
107.013
108.029
106.72
106.3
107.145
108.114
107.671
108.123
109.672
105.837
106.645
107.911
105.824
109.96
107.446
107.049
103.855
109.283
107.902
106.792
107.256
107.341
106.861
106.184
107.554
106.393
108.541
107.047
107.812
108.055
105.758
107.949
105.382
107.579
107
107.319
106.505
108.828
105.604
107.09
107.14
103.895
109.847
107.13
105.651
105.941
108.088
107.136
107.17
106.748
104.342
107.325
109.575
107.815
105.38
106.429
105.886
106.305
107.07
108.035
105.58
104.948
106.908
106.762
108.391
107.41
107.265
103.936
106.649
107.903
107.807
105.548
107.852
109.29
106.265
107.842
107.532
106.699
106.993
107.329
107.578
108.114
106.626
107.194
105.674
105.823
108.082
108.733
107.29
105.712
108.064
106.932
108.021
105.787
105.766
107.856
105.753
107.391
105.183
106.704
104.348
107.006
106.212
106.804
109.663
105.505
105.722
105.502
107.819
107.454
106.499
104.872
103.788
107.111
107.816
107.72
105.356
106.525
106.729
106.697
105.747
107.732
108.621
108.341
107.995
104.926
105.724
108.595
107.192
106.025
105.201
107.46
106.746
105.917
105.363
109.242
105.919
109
109.583
106.056
105.9
107.011
106.205
106.765
107.016
108.62
107.013
106.313
106.392
107.622
106.819
107.638
108.061
107.992
108.028
107.835
107.284
108.295
107.609
109.014
105.936
106.85
107.859
106.805
108.761
110.838
108.034
106.441
106.907
106.743
108.238
107.507
107.453
108.43
104.62
106.405
107.182
106.551
106.431
106.244
106.072
106.569
106.052
105.583
106.095
107.336
103.588
108.328
108.072
106.526
108.292
107.784
106.487
107.385
106.383
107.278
108.114
107.585
106.498
105.767
106.57
105.861
107.943
107.997
106.412
108.694
108.208
105.882
106.087
106.918
105.516
106.488
106.59
106.547
108.332
106.587
106.728
106.69
109.24
105.529
106.165
106.575
105.312
105.996
105.225
106.43
107.498
103.818
108.112
105.896
106.608
106.99
104.777
109.743
106.839
108.795
106.416
106.928
108.611
108.954
106.952
105.704
105.51
107.439
107.332
107.473
105.599
108.303
104.415
107.197
106.743
107.473
105.637
109.909
107.273
105.53
106.34
106.851
108.636
106.886
105.731
106.642
106.166
106.065
108.462
106.994
107.583
104.552
107.455
108.871
107.944
104.238
106.688
109.428
108.208
107.691
106.34
107.554
106.362
108.12
107.428
104.942
107.265
109.272
106.724
108.575
105.42
106.9
108.927
106.273
105.986
108.438
104.919
105.287
107.112
107.04
105.249
105.76
106.595
105.947
107.698
106.961
107.769
105.055
106.238
105.565
103.81
108.22
109.127
106.896
107.231
107.355
108.284
109.582
108.343
108.155
106.024
105.793
106.79
105.899
107.327
106.1
104.499
107.114
106.634
106.092
106.95
109.139
106.963
107.684
106.747
106.831
110.495
107.543
104.864
106.527
106.056
107.148
104.833
106.538
105.043
107.343
109.084
105.057
106.699
108.119
108.99
105.647
107.518
105.266
108.066
106.654
106.847
107.382
106.955
105.97
107.595
108.436
106.082
104.763
108.366
106.915
106.163
106.382
109.047
106.205
107.019
107.178
107.239
107.79
106.75
106.669
108.649
107.092
109.934
109.434
105.164
105.735
106.963
107.372
106.442
108.902
107.603
105.076
107.062
107.016
105.499
109.384
106.986
109.763
107.131
105.457
108.653
106.929
106.267
107.511
105.708
107.855
105.819
107.32
106.087
106.675
107.006
107.373
107.164
105.683
108.953
107.909
105.784
106.925
107.926
107.731
109.671
107.268
110.212
103.897
107.239
106.547
104.927
107.422
107.687
106.321
108.002
107.348
107.259
107.227
108.631
107.258
107.361
106.692
105.721
104.757
106.11
108.134
106.85
105.218
105.109
104.702
106.114
107.819
106.975
105.919
107.91
104.087
106.085
105.361
107.06
104.877
106.766
108.109
107.321
107.016
104.901
105.945
106.462
105.365
106.912
106.729
106.262
107.048
106.865
107.324
107.088
106.882
106.57
109.222
105.278
109.771
107.774
107.881
104.137
105.565
107.412
107.812
106.732
107.496
106.614
107.925
108.252
109.375
106.671
108.123
104.465
107.241
106
106.644
105.229
105.507
107.851
108.159
106.697
107.41
107.888
106.614
108.599
107.565
104.892
106.211
104.836
109.102
107.95
105.966
108.676
108.086
107.334
105.935
106.539
107.399
104.962
108.162
105.009
106.478
107.403
107.247
105.759
105.994
107.53
108.376
109.117
105.055
108.811
108.094
103.906
106.772
107.772
107.04
107.181
106.155
106.534
103.693
107.847
105.259
109.244
108.465
108.711
107.838
107.216
107.135
108.18
106.084
107.13
108.507
107.281
106.19
105.06
107.783
107.42
107.54
107.821
105.964
106.915
108.878
109.893
108.179
106.556
105.256
106.685
105.667
104.04
106.301
104.965
107.918
106.798
106.461
106.688
106.016
108.274
107.89
108.673
106.804
106.698
105.962
106.665
107.129
106.292
105.936
108.869
107.397
106.819
107.807
108.092
106.234
105.138
108.708
108.682
106.585
107.744
107.439
109.338
107.746
106.271
109.901
108.323
107.085
108.967
107.365
107.361
107.45
108.115
106.609
106.428
106.172
103.943
107.361
106.891
107.853
106.648
104.533
110.833
105.304
105.464
106.127
107.6
108.32
106.738
104.611
106.616
106.854
107.586
107.538
106.644
107.053
106.568
108.245
109.005
109.078
108.141
105.68
105.434
105.79
108.082
108.913
107.311
107.277
106.829
107.56
106.549
107.139
109.21
108.808
106.595
106.826
108.459
105.667
104.881
108.322
106.447
105.169
107.481
108.01
107.467
106.773
108.137
107.245
108.465
109.282
107.786
106.919
108.803
108.819
107.742
103.534
107.822
106.151
107.098
108.952
105.684
109.054
106.826
106.404
107.346
105.823
108.037
104.971
108.537
107.185
108.697
105.266
106.341
103.943
105.853
107.575
106.805
108.282
103.924
108.879
106.111
106.726
107.113
105.17
107.733
104.822
107.168
106.807
107.05
108.038
107.727
108.335
106.336
106.95
103.272
107.283
105.89
104.131
107.19
107.228
109.003
105.369
107.99
104.226
105.811
108.484
108.773
106.69
105.302
107.874
105.884
104.754
105.673
106.701
106.826
105.848
106.761
107.975
106.454
106.2
107.592
108.662
106.623
105.56
105.861
107.68
107.831
106.944
108.745
106.752
106.33
105.93
108.086
106.806
109.456
107.183
105.598
104.102
107.931
107.962
105.364
107.282
108.112
106.738
104.873
105.534
108.411
107.37
107.454
106.792
106.68
106.392
105.803
103.738
109.372
106.368
106.784
108.234
108.059
106.281
106.04
109.745
106.192
107.248
106.094
107.514
110.309
107.04
107.644
106.621
107.079
106.076
107.696
106.73
108.539
106.364
106.926
109.973
104.867
105.344
105.059
106.817
106.761
105.565
106.109
107.711
105.587
108.873
106.137
107.806
106.364
108.261
107.421
107.826
110.373
105.602
106.923
107.444
105.16
105.958
108.925
107.727
104.607
106.164
107.648
106.01
108.069
108.856
107.204
107.062
108.03
106.823
108.176
107.311
107.128
107.454
108.04
106.867
106.401
106.916
105.458
109.203
107.788
106.481
105.321
107.643
104.759
106.944
108.949
105.807
105.391
105.881
105.267
105.46
106.309
107.408
108.532
106.124
107.158
107.391
107.002
108.14
106.259
108.191
108.491
109.972
105.574
106.555
107.845
105.36
108.929
107.626
107.268
107.62
108.1
104.844
107.343
106.33
106.719
107.696
106.954
106.924
107.202
106.575
107.967
107.025
107.561
105.95
108.019
107.691
107.269
108.658
108.6
105.604
105.535
106.063
105.693
105.767
106.776
106.421
109.379
106.898
109.103
105.911
105.998
107.819
105.675
108.732
104.964
107.568
105.582
107.35
108.535
105.748
106.135
107.916
108.118
107.52
106.438
104.968
106.624
108.945
107.226
106.333
105.789
105.676
105.591
104.826
106.765
108.102
109.718
108.08
107.762
108.8
105.787
106.387
104.293
108.064
110.19
107.658
108.792
108.241
108.869
107.383
104.302
105.465
106.374
107.029
107.104
108.648
108.804
107.06
105.198
108.55
107.655
107.176
107.041
105.905
108.574
108.028
107.428
108.99
106.155
106.191
103.861
106.5
106.887
109.865
108.115
105.516
105.642
106.19
107.161
108.675
107.907
107.166
107.58
107.248
107.668
106.165
105.633
108.921
108.996
108.718
106.848
106.079
105.199
105.092
106.897
107.81
105.945
106.045
104.077
106.916
105.451
106.728
106.607
105.252
104.413
106.32
107.913
105.337
108.319
105.84
106.387
107.287
107.895
108.044
105.716
105.572
106.929
105.569
107.365
106.965
108.081
105.744
106.544
106.641
107.77
107.293
105.774
104.841
107.16
106.557
104.702
106.517
108.38
105.743
106.159
107.074
106.204
106.732
104.171
106.431
107.379
108.138
106.079
107.472
107.161
106.904
107.66
107.129
108.105
104.417
106.728
106.243
110.27
106.654
108.32
106.039
108.341
105.178
103.913
108.718
106.949
106.356
108.173
106.887
107.09
104.972
106.83
107.979
107.43
107.917
107.449
108.039
106.188
105.394
108.954
106.928
105.253
107.713
110.111
106.838
105.548
104.926
104.935
108.663
107.242
107.089
105.598
109.67
104.752
107.272
107.179
108.038
106.185
108.056
106.814
108.438
106.876
108.386
106.305
107.853
108.423
106.796
106.963
107.63
106.187
106.004
108.799
107.652
106.919
104.452
109.387
109.317
109.325
106.136
107.353
105.889
107.848
107.108
107.026
106.812
106.505
107.576
108.125
106.404
106.64
109.517
107.422
108.312
105.655
106.526
108.135
104.566
107.411
107.488
105.863
106.728
106.301
106.325
108.624
106.618
107.763
107.998
106.892
106.14
106.99
107.429
107.107
107.717
106.685
107.336
106.886
107.288
108.62
107.127
107.225
105.992
106.658
106.085
106.409
107.506
106.389
106.636
106.166
108.617
107.212
107.234
105.527
106.199
105.502
106.67
107.793
108.28
105.425
108.718
107.137
107.652
105.838
107.039
107.541
107.187
107.623
108.045
104.481
109.466
107.673
106.275
105.382
107.834
107.682
106.658
106.728
106.227
108.537
107.464
107.421
107.234
107.637
107.017
106.778
105.121
106.063
109.256
107.162
105.986
106.947
108.056
106.669
107.962
105.222
106.384
106.243
105.735
106.511
108.453
106.224
104.573
105.238
106.839
107.507
106.866
104.553
108.602
105.88
106.939
105.651
108.286
107.204
107.627
108.05
107.518
107.564
108.069
107.392
105.675
109.323
107.629
105.619
106.902
106.423
106.37
104.501
108.508
105.926
108.339
108.202
106.533
106.35
109.495
105.843
106.688
104.959
106.136
106.708
105.434
106.516
107.341
106.372
107.621
105.453
110.7
106.723
105.643
107.422
106.195
108.39
104.261
107.106
109.688
111.127
106.583
106.747
108.591
106.03
108.268
108.383
106.126
108.581
105.602
104.2
108.52
107.927
105.547
109.163
108.606
107.872
108.311
105.61
107.662
107.066
105.352
107.022
109.633
106.225
107.795
105.394
107.785
106.702
106.278
107.694
106.13
108.158
106.326
106.702
107.865
107.166
107.061
107.97
106.652
107.019
107.943
109.914
105.363
108.79
105.82
106.148
107.312
104.859
106.838
105.532
107.855
108.485
106.345
106.056
105.324
111.026
106.366
108.644
105.876
107.738
107.951
107.294
105.186
107.592
108.138
107.055
106.297
108.036
107.801
107.165
106.1
108.15
105.821
107.622
107.23
106.543
104.585
106.991
106.929
106.087
106.174
105.983
106.32
107.679
107.536
106.566
106.721
107.777
106.502
104.571
105.254
108.586
108.145
107.414
105.307
108.171
107.599
107.871
108.231
108.552
107.121
106.201
106.254
107.176
107.122
107.378
108.136
108.072
108.591
106.373
105.733
105.236
105.879
105.755
107.096
106.85
106.889
108.213
108.529
107.924
107.341
106.413
106.147
108.809
107.064
105.631
108.738
106.679
106.008
108.28
106.751
104.929
106.57
107.986
106.502
108.519
106.576
108.971
107.054
105.391
107.188
105.741
105.474
106.367
104.647
109.177
105.457
105.904
106.368
105.158
109.422
107.398
104.993
108.989
106.958
106.283
106.138
108.215
107.297
106.519
104.897
107.218
105.795
109.46
107.455
108.973
105.721
105.628
106.965
110.246
106.889
105.272
107.741
106.76
107.835
107.349
105.261
105.661
108.764
106.685
108.098
104.552
108.561
108.532
107.475
106.9
105.813
109.25
106.446
106.216
105.703
108.224
105.271
106.076
107.247
107.231
106.86
106.677
105.69
106.364
109.313
105.271
108.272
108.446
106.994
109.037
106.261
105.057
107.246
106.852
106.867
107.828
105.9
107.862
106.853
107.31
107.034
107.181
107.919
105.262
106.046
107.117
106.818
108.101
106.292
105.851
106.747
104.438
108.534
107.572
104.562
106.635
109.074
109.701
105.812
105.504
110.137
107.407
105.117
105.65
107.413
106.07
107.357
106.806
107.407
106.97
107.228
106.704
104.985
105.758
107.329
105.328
106.715
107.402
106.165
106.957
105.881
105.74
106.635
108.078
108.078
104.751
109.314
105.123
106.532
108.595
110.903
106.339
109.479
107.003
105.968
105.363
107.356
106.863
106.306
108.077
109.702
108.366
107.529
108.338
108.143
107.911
106.995
108.238
109.313
107.138
109.869
106.718
109.228
109.845
106.53
108.158
106.054
108.587
106.785
107.987
107.289
106.747
108.195
106.106
106.334
107.454
108.428
106.7
106.521
107.19
106.235
106.861
106.227
107.958
106.339
106.833
107.294
107.732
107.079
110.256
106.899
108.092
107.124
109.296
107.508
105.889
105.584
107.233
104.587
105.664
107.113
107.643
107.543
107.723
106.54
108.026
105.458
106.113
108.174
107.016
106.619
107.413
103.937
106.218
106.838
107.642
104.542
106.915
107.618
106.104
107.434
107.952
104.695
107.464
109.014
107.436
106.793
107.259
108.982
103.869
107.134
108.009
105.422
108.746
107.291
105.566
107.733
106.536
106.377
109.889
107.461
106.2
107.815
106.541
107.246
106.778
105.518
107.886
108.007
105.686
106.464
108.466
105.751
105.999
107.234
106.594
107.68
107.021
108.365
107.634
106.528
107.38
107.321
109.531
105.967
108.773
107.767
106.087
107.783
106.812
105.923
107.554
107.681
106.061
107.902
107.607
105.512
109.143
107.851
108.466
107.643
109.701
108.697
107.531
106.14
106.638
105.728
109.14
105.651
105.776
107.058
108.304
108.989
106.908
106.389
107.02
105.809
106.827
108.842
108.728
106.789
105.77
103.877
106.999
110.235
106.023
107.242
107.879
107.117
105.689
108.968
108.137
107.361
107.047
105.377
108.281
107.848
105.816
107.122
107.51
107.996
107.997
108.35
106.245
109.865
108.53
107.032
107.266
107.802
108.643
105.691
107.393
106.236
107.359
107.778
107.238
110.862
105.851
105.483
108.373
105.485
109.448
106.992
107.394
108.246
104.386
110.084
106.543
105.468
107.696
107.285
107.938
105.788
106.806
108.276
105.95
106.218
107.357
106.617
108.017
107.339
105.009
106.449
105.501
107.211
105.691
107.148
106.77
106.38
103.772
109.018
108.687
105.636
105.897
105.328
105.836
107.829
107.559
109.232
108.047
108.127
105.817
106.306
108.922
105.955
105.663
105.972
109.282
106.949
106.367
108.06
106.203
106.243
106.816
108.284
105.554
107.63
106.065
104.683
106.35
106.754
107.516
107.073
106.026
104.992
107.431
106.652
106.185
107.704
108.782
105.212
107.964
107.578
107.548
107.028
104.285
107.953
106.695
106.544
107.536
104.108
106.693
106.26
106.104
107.004
106.752
107.774
107.196
106.154
104.787
105.964
105.739
107.488
107.675
106.367
106.937
107.376
107.781
104.786
106.84
106.332
107.516
106.888
106.666
106.057
108.466
106.742
107.618
104.34
107.398
106.294
106.871
106.917
106.93
107.925
105.527
107.212
111.213
106.152
106.814
108.317
106.412
108.854
109.678
105.255
107.196
108.78
106.396
105.037
108.43
105.163
106.576
107.288
107.702
107.593
109.034
106.307
106.828
108.234
106.712
107.445
107.461
107.596
105.091
106.417
107.032
108.321
108.078
106.617
105.356
107.674
106.068
107.85
107.904
107.244
107.91
105.946
107.707
105.31
106.018
108.577
106.852
105.886
105.976
108.471
106.372
105.664
107.991
106.459
106.75
105.771
104.87
106.096
106.809
107.257
105.319
106.132
107.636
107.745
108.62
108.639
107.002
104.946
106.928
107.447
108.276
107.101
105.739
106.485
107.027
106.229
107.279
106.81
109.106
108.886
104.785
106.735
106.897
104.805
108.182
107.894
110.182
108.245
106.13
108.138
108.223
107.379
105.403
105.082
105.128
107.83
106.552
108.186
108.122
106.792
105.787
107.477
107.092
109.731
108.559
105.651
103.808
108.639
105.961
105.354
108.543
105.288
109.001
106.492
105.172
106.082
109.257
107.639
107.833
105.83
108.591
104.344
106.778
105.896
108.797
106.084
111.372
107.861
107.802
107.267
104.576
108.525
105.826
107.257
105.883
106.675
107.123
109.229
106.126
105.57
107.378
105.605
108.286
105.744
107.932
108.007
106.657
105.778
107.906
106.02
107.347
110.593
107.817
106.94
105.16
104.073
105.774
103.985
108.061
106.51
104.383
106.578
105.861
104.913
108.308
107.513
110.951
110.52
108.589
107.91
106.208
104.75
107.894
107.662
106.524
107.994
104.985
106.095
106.601
106.418
107.321
108.401
107.497
108.613
105.732
106.685
106.933
108.261
108.108
108.142
108.567
106.138
106.381
106.47
105.318
108.425
106.558
105.832
106.25
106.282
106.318
107.164
106.795
107.726
106.122
105.562
106.141
105.137
107.157
106.258
104.731
107.891
108.176
106.483
106.936
106.872
106.523
107.442
107.025
108.186
108.578
107.679
107.238
105.017
106.373
107.998
106.314
108.238
107.137
106.475
108.472
106.246
107.299
107.426
105.945
106.34
106.887
108.036
108.041
107.346
106.167
107.707
107.896
105.742
107.556
106.441
107.398
105.983
106.441
106.065
105.148
105.461
105.437
106.957
108.249
106.795
105.969
108.208
106.183
104.099
108.323
108.477
107.466
109.05
105.744
105.25
107.558
105.129
106.085
107.726
107.997
108.381
110.434
106.74
107.251
108.084
105.136
106.014
107.89
107.924
105.267
107.926
106.677
107.339
106.772
107.553
110.116
107.846
105.557
106.605
106.796
107.068
108.685
104.204
105.424
106.874
106.877
107.057
107.34
107.199
107.941
105.657
107.437
106.99
107.396
109.426
105.769
105.745
107.643
111.121
109.698
106.881
105.752
108.122
109.731
107.719
106.164
107.095
106.645
108.023
105.047
106.541
108.821
105.938
106.819
108.645
106.829
107.281
106.407
108.383
106.348
107.873
105.315
105.922
106.282
109.326
107.813
110.958
109.004
105.504
107.877
107.674
105.913
106.562
107.984
107.349
107.224
107.67
107.744
104.789
106.437
104.542
106.165
107.368
107.94
105.152
107.13
107.723
107.091
108.498
106.432
107.093
108.184
106.518
107.442
105.57
106.251
106.533
107.95
105.068
105.412
107.268
108.157
109.403
107.163
106.735
105.843
106.493
104.751
107.042
107.93
106.271
107.507
106.984
108.437
107.867
107.635
107.524
104.833
106.036
106.894
106.678
107.849
107.181
108.443
106.128
105.697
109.018
106.671
107.519
106.127
107.213
108.726
107.544
108.04
105.882
105.198
107.762
103.557
109.349
108.833
105.661
107.885
107.435
106.511
109.554
105.132
108.269
106.052
106.338
108.832
107.297
104.846
107.74
107.648
106.931
104.307
107.141
110.787
103.469
108.206
106.748
106.667
104.703
107.289
105.944
105.499
105.328
105.913
106.052
107.476
108.085
108.952
108.711
107.122
105.684
108.365
108.378
108.157
106.119
108.576
109.742
109.536
105.661
106.756
105.87
106.787
108.395
108.154
108.435
106.352
106.772
106.426
107.865
107.315
106.047
106.252
106.485
106.065
107.78
105.764
107.968
106.289
107.355
107.21
108.123
103.864
109.575
108.648
107.589
105.978
105.464
109.511
107.11
108.045
107.139
108.266
105.019
105.532
107.802
106.5
106.768
107.236
107.907
106.752
106.151
106.457
107.672
106.003
105.053
106.51
105.932
104.632
108.004
106.034
106.212
105.49
107.437
106.146
105.838
106.44
107.177
104.651
108.491
106.528
106.6
106.513
107.138
106.898
106.921
108.536
106.08
109.899
106.474
105.848
107.389
109.121
104.815
107.549
107.157
105.206
105.813
105.058
106.515
107.622
106.874
107.521
107.367
107.953
107.573
107.984
106.417
105.07
107.648
107.207
104.932
106.905
106.515
106.449
107.409
108.331
107.68
105.847
107.095
107.863
107.79
106.496
106.232
107.819
105.644
107.866
107.014
107.947
106.756
106.287
106.533
106.734
105.841
106.631
106.024
109.516
106.995
108.196
108.081
107.257
104.802
109.588
108.476
106.718
108.238
108.094
108.036
105.72
107.458
107.047
106.486
107.843
108.889
108.898
108.059
104.58
105.024
107.224
105.49
107.923
107.704
105.051
106.476
105.053
105.489
109.351
104.964
106.827
108.128
109.647
106.658
105.798
107.236
105.19
106.127
104.942
105.271
106.868
106.415
106.817
106.936
106.887
107.021
105.526
108.042
105.296
107.541
106.245
106.744
105.603
104.657
108.044
106.9
107.115
107.525
106.584
107.441
105.113
108.4
105.666
107.872
106.966
104.496
106.814
105.925
106
107.215
105.535
107.16
106.854
108.49
105.975
105.585
107.742
107.656
106.694
109.565
108.987
107.962
107.914
107.362
105.731
108.921
109.185
106.624
108.211
107.206
110.346
108.237
106.644
108.738
107.64
105.576
105.35
108.212
108.909
105.651
105.493
106.545
106.442
105.415
105.821
105.796
105.774
108.643
105.91
106.373
107.559
105.223
107.562
106.475
107.599
106.888
107.702
104.876
106.606
106.932
109.441
107.764
107.894
105.46
108.206
107.47
106.415
104.916
105.691
106.254
105.161
107.372
106.784
106.239
106.067
108.263
106.549
108.136
105.012
108.222
106.668
107.816
105.062
106.261
106.531
109.283
108.912
106.009
105.24
107.23
106.488
106.824
107.596
106.496
105.04
109.603
106.306
106.366
106.786
103.962
108.039
106.484
106.934
107.906
106.903
107.572
108.289
107.137
105.35
107.962
104.508
108.453
106.665
104.587
109.23
105.978
109.179
106.033
107.284
105.36
107.128
106.096
106.931
107.494
106.592
105.545
109.094
106.043
107.094
107.743
107.833
106.189
105.561
107.303
106.362
107.667
106.04
106.332
107.128
107.587
107.067
109.019
108.361
105.451
105.634
107.242
106.348
106.395
105.733
106.461
105.381
105.289
108.954
105.71
106.931
106.891
107.244
106.384
104.845
106.33
107.875
106.692
105.411
106.184
105.482
106.604
106.543
104.286
106.527
105.383
108.106
106.956
106.142
107.208
106.458
108.625
104.784
105.595
106.584
104.859
107.319
105.606
109.423
106.235
107.278
107.989
107.485
108.469
104.534
104.179
104.502
106.501
104.397
108.743
107.509
106.71
107.403
109.914
106.676
107.343
106.796
105.173
107.001
107.261
106.315
106.006
108.129
106.34
108.544
107.594
106.654
105.424
106.501
107.649
105.143
108.276
106.158
105.369
108.397
105.309
105.082
106.713
107.851
104.921
108.745
104.494
107.781
107.767
106.006
106.918
105.819
107.938
105.869
109.131
108.317
108.039
109.354
106.638
107.177
107.652
105.248
106.06
105.399
106.125
108.447
106.269
105.231
108.052
106.622
107.235
107.316
109.75
105.971
108.508
105.621
106.928
105.473
109.857
104.762
107.829
106.171
109.564
105.66
108.618
105.515
105.333
107.435
107.621
105.733
107.919
109.058
106.644
105.26
106.819
104.176
109.186
105.007
108.49
108.685
105.716
106.539
106.655
105.514
107.547
107.904
105.153
107.931
109.859
107.104
107.256
107.176
107.224
107.418
108.31
106.185
107.894
106.718
106.03
107.73
108.232
110.108
104.809
106.948
108.703
107.652
108.062
107.076
106.876
105.5
107.012
104.758
110.306
104.266
108.402
109.337
107.759
110.153
104.369
107.248
105.818
108.104
106.542
108.731
109.673
108.02
108.47
106.611
107.751
105.653
105.698
107.226
108.184
104.805
106.204
108.109
105.074
105.477
106.84
104.215
108.556
107.177
107.191
106.641
104.856
108.869
108.372
105.526
107.288
106.956
106.747
107.302
109.504
107.415
106.858
104.468
107.068
107.648
107.656
107.021
108.896
106.078
106.202
106.027
107.441
105.216
106.862
106.068
105.521
104.25
105.592
105.045
108.186
106.666
106.574
106.464
106.864
107.957
107.171
110.71
108.821
106.805
107.049
105.028
105.724
108.983
106.848
107.897
109.042
106.772
106.011
108.163
109.448
109.402
105.764
105.269
108.053
108.129
104.35
108.176
107.719
109.461
104.063
106.298
104.89
104.683
108.085
107.895
106.04
106.159
106.376
106.647
106.001
106.725
107.691
108.578
109.468
105.304
104.498
103.834
105.764
106.271
107.394
108.607
107.106
109.149
106.404
105.171
107.332
105.482
107.079
107.137
106.978
107.03
108.118
105.494
106.46
106.632
105.601
105.585
105.128
107.618
110.661
108.744
106.974
106.705
108.915
104.82
108.523
107.074
107.874
108.258
106.923
107.493
106.112
107.601
106.169
107.926
107.094
109.8
106.328
107.079
108.436
107.082
105.388
107.59
108.164
107.683
105.974
106.613
104.842
104.536
106.864
108.63
109.134
106.366
108.871
107.969
106.124
108.096
107.461
107.089
106.782
108.898
108.483
107.298
107.101
106.464
106.347
108.143
107.05
106.923
106.234
106.832
108.2
105.901
106.772
107.537
107.273
107.369
105.182
107.957
103.135
106.165
107.202
107.315
108.449
107.801
109.046
108.933
107.034
105.866
107.318
106.976
107.521
109.278
106.508
107.103
106.009
108.908
107.649
107.589
106.525
107.784
108.021
104.572
108.837
106.516
106.827
106.294
109.865
106.759
109.836
108.843
104.599
108.481
103.741
108.876
106.406
106.478
106.184
106.753
106.32
108.698
108.937
109.52
106.669
107.03
106.213
107.398
107.598
110.889
106.796
105.822
106.741
105.389
106.98
108.669
108.133
106.422
108.941
109.207
108.085
108.437
108.211
106.937
106.354
104.901
107.014
106.629
107.311
104.486
105.432
107.889
106.932
105.04
109.349
108.25
107.906
106.594
106.055
108.589
106.548
107.217
108.705
107.103
107.134
107.54
108.111
105.727
105.328
106.59
105.793
109.128
106.922
105.824
106.447
107.724
105.671
106.703
107.392
106.165
107.347
106.996
108.095
109.738
105.895
107.687
106.061
106.434
107.71
109.423
107.101
106.831
107.24
105.94
104.948
104.948
106.46
106.693
105.648
105.293
106.294
108.087
107.381
109.034
105.603
106.424
105.53
107.759
108.373
108.37
107.635
106.927
107.068
107.088
107.882
106.559
109.032
105.746
108.369
106.824
106.529
107.652
106.878
107.495
108.544
106.007
104.475
107.901
106.876
108.651
107.509
108.182
108.143
107.535
107.308
107.914
106.402
107.32
107.31
106.248
105.139
106.659
107.295
108.257
107.638
107.595
106.092
107.44
107.349
107.099
107.932
107.487
107.375
108.947
108.546
107.195
104.341
109.302
104.799
105.727
105.806
108.094
108.388
106.536
105.77
107.931
105.719
107.044
108.068
109.499
106.311
106.89
108.218
109.799
106.475
106.578
107.122
103.783
105.213
105.307
107.506
105.289
105.317
107.887
107.324
106.812
107.275
108.61
108.003
105.681
106.943
108.331
107.802
105.403
108.443
106.136
109.439
105.621
109.286
106.905
108.031
106.166
105.299
104.699
106.003
107.231
107.895
106.385
105.706
107.445
106.401
106.264
105.878
105.999
105.17
107.095
107.02
106.722
106.146
106.717
105.938
106.098
108.748
107.003
104.923
102.746
105.711
107.33
106.1
107.744
108.475
106.505
105.071
105.96
107.155
106.112
108.295
106.392
106.486
107.325
105.889
106.788
107.169
106.476
107.69
106.699
105.649
107.417
107.798
104.258
108.736
106.524
104.995
108.341
108.914
104.15
105.117
107.796
107.01
108.586
108.343
106.698
106.854
106.547
106.813
106.934
105.576
106.704
104.282
107.016
107.618
107.518
107.908
107.293
105.893
105.806
105.724
106.187
105.29
107.026
105.336
107.307
105.316
107.181
105.923
108.02
108.615
104.267
107.013
108.004
106.672
106.752
105.988
107.199
107.309
108.083
104.481
105.579
107.158
107.534
106.704
106.917
105.749
105.675
109.474
106.061
107.983
107.341
107.754
106.57
107.273
106.396
106.872
108.193
107.493
105.079
106.497
107.41
106.028
105.031
107.688
106.25
109.094
107.929
106.741
106.397
107.985
107.633
108.985
107.986
107.193
106.196
108.595
106.346
106.127
105.829
106.242
107.981
106.716
105.684
106.909
107.91
108.534
108.99
105.134
107.913
107.913
107.082
107.742
106.246
105.96
107.623
107.986
106.812
107.173
106.438
108.458
105.239
107.774
107.302
110.484
107.248
106.508
107.281
106.607
106.901
106.469
107.096
107.998
107.434
106.478
107.764
106.869
106.978
106.172
107.286
106.763
105.617
106.24
108.154
107.104
104.672
106.166
107.68
110.793
108.815
105.742
106.139
106.087
105.345
105.737
105.442
107.594
106.205
106.187
108.423
106.71
106.363
108.198
106.898
109.3
107.031
106.844
108.17
104.208
104.95
104.307
105.606
105.623
107.245
106.656
105.522
107.298
106.741
104.748
108.309
108.289
107.238
106.671
107.516
107.44
106.411
106.978
106.664
108.48
108.903
107
106.977
105.49
104.935
108.518
109.451
106.645
106.608
106.305
108.732
106.483
106.456
104.66
107.944
106.145
106.627
108.519
107.307
106.283
108.452
107.407
105.781
106.065
106.878
106.141
107.303
106.698
108.266
108.528
104.43
108.42
107.887
108.947
106.15
108.813
107.454
107.295
107.181
107.39
106.349
107.676
107.778
107.366
106.908
108.131
106.255
107.435
106.492
107.419
105.388
107.158
106.871
105.511
104.117
109.071
107.413
106.94
107.746
108.314
105.822
107.038
104.701
106.758
109.844
107.8
108.152
105.476
107.982
106.657
107.094
107.484
106.019
104.479
105.163
108.242
108.967
105.988
107.753
106.596
109.559
108.499
107.379
105.163
105.971
104.617
106.226
107.394
106.194
107.67
107.203
105.574
107.067
107.507
104.974
105.578
106.177
108.54
104.991
112.386
107.559
108.573
106.591
106.39
105.319
104.777
108.012
108.393
107.321
106.377
105.482
106.38
104.805
108.312
108.218
106.839
107.178
106.144
103.997
105.855
107.825
107.947
105.565
106.342
106.126
106.888
107.983
108.485
106.171
107.522
107.445
107.236
108.272
107.937
107.905
107.659
105.459
108.001
108.053
105.836
105.119
105.309
107.706
107.471
104.204
106.615
107.99
108.808
106.88
107.962
108.484
107.008
105.848
107.525
107.436
107.052
108.273
105.715
105.947
106.966
108.194
107.479
106.42
105.537
105.309
107.589
107.866
106.118
106.745
107.054
107.975
106.726
105.082
110.178
105.394
108.214
106.628
107.269
105.012
108.095
106.16
106.368
107.911
108.999
107.521
107.268
104.864
106.252
107.63
108.386
107.646
108.724
106.886
104.526
106.672
105.654
107.082
105.235
106.761
104.559
107.246
105.989
107.339
105.43
108.407
108.008
105.394
107.627
108.146
109.235
108.082
105.715
105.818
106.066
109.085
106.764
105.445
104.151
107.702
105.83
109.047
106.784
109.212
106.348
107.609
103.903
106.673
108.075
106.006
104.701
109.232
108.01
106.218
105.865
107.715
108.28
105.999
107.289
108.195
107.595
107.714
107.058
108.6
107.233
105.64
106.29
107.373
104.728
105.758
106.84
106.268
106.235
106.513
106.637
106.429
106.622
106.077
106.479
106.69
108.303
109.408
109.218
107.177
105.944
108.75
107.459
106.352
106.707
107.565
108.011
108.87
108.804
105.715
103.735
107.233
106.197
103.621
108.109
107.078
106.868
106.82
106.684
108.008
106.661
107.346
106.214
107.646
106.357
106.334
107.698
105.965
109.018
106.925
108.506
106.869
106.909
107.406
106.41
107.533
108.224
104.468
106.177
105.763
107.886
105.85
107.297
106.266
107.578
107.919
106.486
108.101
106.958
104.239
107.226
106.919
107.995
106.787
108.713
104.328
107.823
105.182
107.444
107.421
108.936
106.855
107.351
107.803
106.605
108.324
105.962
103.253
105.489
107.072
107.484
108.546
105.899
106.175
108.004
107.212
105.615
107.367
107.463
109.403
109.089
107.487
107.546
104.302
106.706
106.95
105.634
105.894
107.132
109.487
108.645
107.179
108.691
108.589
109.478
104.956
108.407
107.001
108.942
107.05
105.664
105.716
106.97
106.995
106.961
106.832
109.129
106.87
107.044
108.507
106.713
107.784
105.34
108.658
107.595
104.7
106.554
107.781
109.49
108.211
107.424
107.035
108.032
107.48
106.269
107.9
106.931
107.224
108.887
104.939
108.258
105.42
105.316
106.216
107.904
106.273
105.916
105.972
107.715
104.377
106.346
105.992
107.666
109.102
108.199
107.783
106.933
105.734
107
106.09
107.268
107.574
106.137
105.49
104.708
106.797
106.966
106.599
105.557
106.246
109.06
108.743
105.697
107.783
106.418
106.226
105.972
106.542
104.983
107.868
105.302
103.279
108.467
107.046
107.34
107.142
106.447
108.582
107.082
108.875
106.599
108.437
104.476
106.306
107.117
106.408
106.706
105.435
105.285
108.445
108.356
107.475
105.994
105.601
107.088
104.693
107.902
106.779
107.925
105.156
106.228
106.997
107.873
106.799
107.751
108.229
107.062
107.168
108.002
107.791
109.163
106.553
105.013
106.935
106.151
108.912
108.042
105.272
106.026
105.831
109.007
107.867
105.013
107.434
106.61
106.873
108.189
104.45
107.401
108.108
106.038
106.884
107.124
104.763
108.363
107.666
106.183
107.112
106.694
107.306
107.086
108.487
106.003
109.296
105.768
108.409
107.417
106.903
110.415
108.729
105.837
106.336
106.194
108.103
106.69
105.702
107.205
105.796
107.37
106.48
104.711
106.886
105.756
108
107.12
108.8
108.831
108.271
106.47
107.869
106.55
106.145
110.825
108.746
110.358
105.347
108.142
109.072
108.309
107.077
105.404
106.879
108.692
107.341
108.061
107.079
106.774
106.312
107.55
106.366
106.482
107.457
106.978
106.21
106.042
107.932
107.467
108.689
106.295
105.49
106.682
109.522
106.455
106.458
106.014
108.202
107.446
107.957
107.349
107.106
108.931
107.02
106.846
108.569
107.131
106.57
105.655
108.495
105.735
107.855
107.091
106.009
106.78
107.544
106.202
109.055
107.32
106.937
108.884
108.918
106.396
108.75
103.882
106.809
107.729
109.594
106.42
107.447
107.187
107.68
108.544
106.667
106.446
107.34
105.716
107.081
107.792
106.96
105.989
107.366
106.347
108.793
106.525
107.507
105.292
106.234
105.398
105.672
106.137
106.327
106.857
105.042
106.685
107.735
106.841
106.009
107.89
105.471
107.088
107.297
105.78
105.075
108.657
107.323
106.675
107.033
106.646
105.521
106.173
108.677
108.44
105.217
109.343
105.091
104.959
108.921
107.305
108.755
106.65
104.277
106.146
106.24
108.329
106.914
108.125
104.81
109.801
106.373
107.626
107.594
107.064
107.425
107.581
108.712
105.363
107.866
106.227
107.272
105.125
107.472
105.876
105.201
108.825
104.764
106.387
107.714
107.461
109.81
106.497
105.77
107.961
106.86
105.959
105.024
107.512
106.653
106.935
104.782
107.296
105.519
107.59
108.088
108.562
106.153
109.866
106.64
106.817
108.031
107.184
104.729
107.804
108.64
107.577
107.419
109.893
107.666
106.338
108.61
106.059
108.983
106.635
107.147
105.608
105.565
108.568
106.765
107.701
109.341
106.013
105.764
106.542
106.776
105.983
107.029
106.717
107.538
105.448
106.085
107.522
109.087
105.449
106.117
107.464
108.284
106.052
108.07
106.073
106.117
106.473
106.047
108.253
109.158
106.396
105.171
106.129
106.127
107.317
105.758
106.649
109.59
106.674
110.989
105.824
108.407
109.077
104.928
107.2
106.626
106.472
107.665
106.746
106.927
105.82
107.416
108.127
105.82
107.249
109.13
109.018
110.359
106.7
107.558
106.163
106.369
106.781
107.36
108.071
107.339
105.225
107.511
106.876
106.364
104.911
108.754
108.724
105.033
107.262
106.976
107.595
107.814
105.068
105.706
106.948
108.689
109.172
107.978
107.067
107.91
106.63
107.088
105.673
106.952
105.288
106.12
105.243
107.118
106.104
105.272
106.436
105.608
108.35
104.627
106.747
107.938
106.511
106.522
105.424
107.88
107.622
109.521
106.39
108.092
107.963
107.164
106.942
106.976
106.493
108.406
111.55
106.667
104.196
105.588
107.557
107.744
106.72
104.999
106.491
108.212
106.253
105.74
107
107.351
107.457
103.229
105.39
106.292
107.525
106.438
104.249
106.762
106.812
109.3
107.855
105.593
107.671
107.792
107.512
106.97
105.649
110.073
109.029
107.002
107.194
106.278
105.911
107.109
107.9
107.706
106.489
107.472
108.24
106.365
109.868
108.286
105.908
108.206
107.153
106.916
107.097
108.285
106.5
108.394
109.626
106.427
105.497
107.74
107.081
106.306
106.015
106.23
106.144
106.508
106.619
105.646
108.45
107.311
106.261
105.918
108.86
105.162
107.354
109.554
108.722
107.64
109.914
107.585
106.733
108.567
107.963
107.619
107.043
105.977
108.139
108.163
106.404
107.62
105.588
104.739
107.799
106.402
107.48
107.258
106.086
104.819
104.959
106.595
107.723
106.481
107.22
108.844
107.423
107.684
105.735
105.198
110.129
105.225
109.644
106.67
106.345
107.704
104.68
107.183
107.861
105.975
107.356
107.044
104.418
107.737
106.436
103.841
107.885
106.463
107.299
107.487
106.482
108.174
105.463
107.379
108.88
107.487
106.838
106.817
106.97
107.818
106.774
105.974
108.083
109.579
106.093
108.316
107.571
105.764
105.801
107.16
107.889
107.736
106.386
107.687
107.677
105.702
106.752
106.668
106.693
109.631
106.112
105.585
108.164
107.892
109.185
106.218
108.39
105.995
109.142
107.38
104.419
106.935
105.662
104.756
108.084
105.399
108.312
104.315
105.652
107.29
107.14
105.952
106.481
104.762
107.902
106.521
106.933
106.575
105.025
107.052
107.887
109.677
105.265
105.525
104.301
106.446
105.507
107.307
106.554
106.171
107.83
105.951
105.628
108.302
106.279
104.431
104.877
108.617
106.691
107.491
106.654
108.699
104.353
106.407
105.469
105.8
107.077
107.715
106.625
108.695
108.181
107.712
105.487
106.357
107.745
107.908
108.787
105.246
105.622
107.037
105.076
106.604
106.458
107.665
107.252
105.058
105.677
105.608
106.677
107.369
108.809
106.957
110.073
106.558
107.331
106.73
106.763
107.862
106.56
108.122
106.951
106.573
107.208
107.508
106.14
107.045
108.406
107.521
106.739
110.399
107.356
107.662
108.941
108.352
106.689
109.221
106.362
107.796
107.646
106.543
105.845
105.96
105.826
105.999
104.714
106.725
107.984
106.747
107.793
105.189
106.939
108.208
108.283
107.868
104.214
107.064
107.613
105.085
106.414
104.96
106.856
109.46
108.239
106.699
107.991
106.564
107.244
106.554
106.945
108.38
107.375
104.495
106.807
107.678
105.374
106.844
109.498
106.512
107.248
108.976
105.669
106.787
105.022
108.392
106.308
103.858
106.264
105.107
108.254
105.388
107.601
106.754
106.095
108.682
105.846
105.744
106.433
106.051
108.052
106.715
107.946
107.08
104.961
108.584
108.06
106.712
106.02
107.28
107.799
106.321
104.77
106.27
107.231
107.438
108.612
106.607
104.501
106.873
110.323
105.912
105.18
107.207
107.49
109.282
105.8
105.568
106.358
105.475
107.597
106.911
107.242
106.04
106.732
106.497
106.425
107.715
108.03
106.856
107.015
108.138
106.019
108.869
107.454
106.409
106.854
106.069
104.487
105.617
108.228
107.02
107.558
105.683
108.532
106.687
108.167
107.219
108.081
106.517
106.958
107.799
107.984
108.386
104.074
107.135
104.71
105.719
104.187
106.847
108.033
105.499
111.742
106.415
106.045
106.462
108.343
105.437
106.593
107.422
108.127
106.112
107.019
104.635
106.539
107.289
106.703
104.453
106.588
107.56
107.651
106.307
105.439
106.79
108.085
105.311
106.45
107.159
106.26
107.497
108.736
108.214
109.687
105.686
105.22
105.332
106.798
106.633
108.605
106.219
107.92
107.618
108.183
106.072
109.615
107.947
105.027
107.63
106.149
108.032
104.914
104.929
105.898
107.226
106.926
107.128
108.084
105.422
106.084
108.229
107.834
104.583
108.607
110.502
108.146
106.223
106.695
105.992
106.869
106.021
106.158
106.901
106.628
106.318
108.269
109.146
110.441
106.085
105.126
106.587
106.968
107.691
105.656
107.261
106.344
106.294
105.769
105.364
106.696
107.27
108.149
106.334
106.177
107.062
105.006
107.307
107.45
107.389
107.534
104.236
107.59
104.777
106.657
107.315
108.78
108.009
107.478
104.776
108.589
106.991
107.327
106.723
109.265
106.183
106.42
106.731
106.8
104.894
108.557
105.827
106.322
106.333
107.335
106.647
106.497
109.349
107.574
108.442
107.822
105.668
105.826
107.002
106.201
107.1
106.902
106.723
103.675
105.956
106.521
107.402
106.956
105.6
109.899
107.737
106.176
106.012
106.81
107.251
106.085
106.194
109.163
106.658
105.81
106.756
107.441
106.664
105.988
108.352
106.051
108.559
106.894
105.557
109.356
107.917
107.483
105.197
106.786
107.824
105.919
105.072
107.034
109.452
105.406
106.73
108.498
106.316
105.171
106.339
106.34
105.364
108.037
106.467
106.719
105.237
108.252
109.567
106.419
105.257
107.106
108.62
105.257
108.745
109.183
107.052
107.245
107.466
107.09
109.606
105.689
102.851
107.53
105.16
108.735
108.051
107.792
108.022
106.641
108.881
107.897
106.977
106.638
107.353
110.028
106.743
106.59
106.495
109.38
105.626
106.968
108.879
105.921
107.281
106.797
108.98
105.674
107.338
105.203
106.524
108.182
106.05
107.474
105.95
106.512
108.763
107.955
107.812
106.385
106.855
108.289
107.137
105.782
107.044
108.593
107.123
105.605
108.754
107.99
109.275
106.114
108.585
107.91
106.293
106.291
107.694
106.462
108.44
107.038
107.566
107.398
106.065
106.561
108.376
106.075
105.503
106.848
107.442
106.021
105.08
105.678
106.168
106.564
106.073
106.885
104.492
106.518
109.331
106.501
106.265
107.862
105.551
107.165
108.142
107.046
106.394
106.424
111.297
108.966
107.384
107.361
104.325
108.085
107.752
107.004
106.995
105.312
104.604
108.175
108.42
106.293
109.296
106.463
107.829
108.87
107.218
109.586
105.005
105.747
109.558
105.026
106.531
107.341
107.083
107.382
105.388
107.465
105.812
108.491
104.843
109.629
106.503
107.819
108.199
109.637
107.273
104.934
106.105
104.865
107.704
105.318
106.883
107.691
109.548
109.87
105.675
107.358
104.993
104.61
108.446
108.415
106.645
104.328
108.74
108.476
106.134
105.101
105.493
106.611
108.592
107.137
106.77
110.093
105.332
108.294
106.13
105.757
107.219
106.339
107.399
105.536
106.741
106.725
107.131
106.373
107.09
106.056
107.886
106.095
107.659
108.275
108.185
107.419
106.938
107.39
108.908
106.811
109.264
106.631
105.341
106.324
106.027
109.513
107.033
106.101
107.856
107.509
107.542
105.747
105.475
107.999
106.697
107.366
103.369
106.965
105.342
107.663
108.148
107.371
106.407
104.477
106.599
109.137
105.433
104.396
105.24
106.464
108.915
106.955
105.554
103.801
107.642
107.146
105.466
105.886
107.708
105.631
106.303
106.833
109.127
106.776
105.786
107.251
106.756
107.725
108.719
106.506
106.018
105.48
107.492
108.602
105.676
106.947
104.014
108.221
109.015
108.136
107.964
106.908
108.155
108.355
105.603
105.962
106.225
105.041
106.367
105.983
106.221
108.055
103.538
107.699
107.762
107.215
108.563
104.898
107.751
107.241
107.827
107.815
106.513
104.788
105.219
106.654
106.433
107.365
106.782
106.934
108.282
106.352
108.645
106.719
107.379
106.999
108.606
108.858
106.617
106.966
106.661
104.14
108.457
107.214
106.881
105.883
107.618
106.284
105.233
106.138
110.503
106.652
108.894
106.885
106.626
108.743
108.837
108.902
107.761
106.793
106.668
106.162
106.773
105.54
108.03
107.442
107.258
109.064
107.822
106.53
106.86
105.613
106.182
108.808
105.523
107.013
106.111
106.466
104.659
106.555
107.434
107.191
109.928
107.256
105.015
105.911
109.375
105.545
108.222
106.581
108.673
106.675
108.004
105.635
106.857
107.092
107.664
107.218
106.378
106.202
107.686
108.024
106.817
108.576
106.712
106.734
106.907
108.617
106.284
111.032
110.041
107.017
103.115
106.46
111.006
105.128
107.492
106.406
105.398
105.926
106.945
105.816
108.665
108.233
105.054
106.853
106.017
107.362
107.437
107.723
108.351
107.123
107.553
107.651
107.83
105.132
105.875
106.017
106.173
106.573
106.693
107.311
106.177
105.704
105.27
107.563
106.328
109.079
106.538
106.752
106.863
106.484
106.895
109.465
107.215
107.137
106.357
107.77
105.479
106.194
109.058
105.746
106.464
106.933
107.063
105.743
106.378
106.313
107.414
108.379
106.338
108.247
106.341
109.514
106.6
107.375
106.648
108.514
108.533
105.652
106.698
107.621
107.094
107.2
106.638
106.604
105.742
107.426
107.354
105.173
108.806
106.501
106.975
107.358
106.283
103.684
106.92
108.11
108.498
104.399
108.109
107.671
106.846
106.659
107.566
105.003
107.971
107.378
106.803
106.496
106.377
106.995
104.703
107.534
106.709
105.828
107.671
106.787
106.565
106.056
109.059
108.409
106.894
106.633
107.214
108.234
104.587
106.24
107.699
106.876
104.775
107.011
109.071
107.796
107.559
107.188
105.481
106.68
106.25
106.289
105.852
106.719
108.664
105.21
108.408
106.938
106.868
108.25
109.086
106.488
105.856
105.615
106.028
109.217
105.268
108.228
107.598
107.046
107.489
106.893
107.259
107.466
109.075
106.579
105.311
106.781
105.539
107.75
106.856
106.667
108.908
107.447
105.965
104.858
107.132
105.469
108.852
106.094
106.705
108.912
106.322
108.079
106.883
106.634
108.023
109.458
107.323
106.486
104.918
106.685
106.679
107.052
107.552
105.736
108.027
106.997
106.578
108.059
108.852
106.188
107.564
107.044
107.45
107.577
108.595
108.562
106.361
107.353
105.603
105.351
105.817
106.275
106.126
107.737
109.047
105.603
105.85
108.185
107.19
108.736
105.468
104.899
105.833
105.438
106.605
106.51
108.668
107.188
108.065
108.837
106.079
108.609
106.359
105.495
105.542
108.419
106.293
107.905
104.839
106.825
106.721
109.931
109.099
108.178
110.089
106.441
105.712
106.317
105.103
108.772
108.488
107.11
107.623
107.961
106.943
105.237
106.915
108.355
107.009
105.312
107.451
105.933
108.63
107.598
106.082
109.343
109.039
105.17
106.255
107.376
107.688
106.909
106.287
107.572
105.491
107.556
105.226
108.796
106.926
107.178
105.631
104.002
107.854
107.162
107.399
106.883
107.075
107.242
106.065
107.368
105.124
107.722
104.996
108.619
107.928
105.22
107.05
105.587
106.482
106.481
105.663
105.446
105.746
109.589
105.519
105.235
108.354
105.78
104.377
108.037
106.291
106.137
105.18
106.371
107.517
105.404
107.297
106.214
107.19
107.734
105.768
105.482
105.24
107.238
106.831
108.901
107.079
105.925
104.223
106.036
106.785
108.004
106.635
106.46
108.123
106.385
106.438
106.853
106.67
108.644
106.89
106.61
108.417
105.067
107.994
106.789
104.112
105.701
105.409
105.297
109.978
107.51
108.403
106.19
106.664
108.362
106.428
107.7
108.203
105.295
103.999
107.081
104.416
103.238
106.63
107.475
106.244
107.746
105.295
107.544
105.656
108.002
105.788
106.826
104.866
108.502
106.746
104.898
106.39
106.784
106.665
107.468
109.051
108.55
105.702
104.263
106.59
108.801
107.791
107.613
109.919
107.342
108.729
108.1
107.162
107.172
107.628
109.376
107.477
105.666
106.577
107.852
107.34
106.059
106.659
105.043
110.277
104.769
106.902
106.715
104.413
105.573
106.732
107.515
107.65
107.594
107.855
106.684
104.726
106.451
105.993
107.713
105.238
108.01
106.976
106.381
109.448
107.403
106.327
106.932
105.427
107.957
106.349
108.118
106.621
107.613
105.894
106.182
107.383
104.887
106.235
107.652
105.547
105.384
107.581
108.069
106.43
106.882
109.355
105.176
104.77
106.912
106.135
105.503
107.283
106.724
107.425
107.316
106.679
106.834
106.85
105.013
108.255
105.745
106.722
106.146
108.49
105.509
105.864
108.895
107.283
105.311
107.331
105.344
108.625
105.72
107.602
105.666
107.14
110.178
106.084
108.105
106.739
107.792
105.418
105.608
108.438
106.045
107.49
108.551
107.98
108.041
107.088
107.286
106.404
106.572
107.278
104.708
109.141
107.934
109.112
106.767
108.448
106.937
106.496
105.617
107.918
109.133
106.791
108.767
105.801
106.614
105.503
108.115
106.577
107.444
109.15
107.991
107.587
106.574
106.122
104.879
104.422
108.598
107.29
108.047
107.674
108.036
107.24
104.94
107.713
104.446
107.388
108.639
108.115
107.364
107.392
107.181
105.883
107.824
108.981
106.219
105.954
107.019
108.152
107.797
107.821
105.488
107.375
107.211
106.053
107.348
105.267
106.107
106.2
105.414
106.697
105.808
105.86
106.516
105.16
106.701
106.382
105.501
107.109
108.131
106.34
104.317
105.568
106.281
104.784
107.787
105.143
107.262
107.042
108.945
105.96
105.865
107.264
107.636
106.575
107.122
107.682
108.076
108.383
106.319
107.653
108.42
106.63
107.525
107.007
106.596
107.338
107.764
107.403
107.878
105.253
106.12
108.335
106.871
105.954
108.011
104.909
106.12
105.69
106.369
106.815
106.381
107.813
106.736
104.403
105.251
110.556
106.919
108.224
106.095
107.698
105.525
107.783
105.973
106.717
106.897
107.167
106.473
106.98
107.239
107.461
107.161
107.706
106.699
107.032
107.043
106.931
104.867
107.245
104.693
107.23
104.961
108.883
106.182
105.691
107.672
105.281
107.694
104.314
107.01
106.302
107.244
107.337
105.044
107.686
105.341
106.616
106.424
108.108
105.809
106.103
105.666
106.508
107.205
107.904
106.932
107.036
108.453
106.189
106.597
107.118
105.857
108.377
107.733
106.28
105.213
106.566
108.075
105.936
107.473
109.111
109.613
106.248
107.9
107.019
105.53
107.087
107.402
105.924
108.958
107.434
106.705
107.66
106.504
108.146
105.937
105.754
107.183
108.611
107.793
106.771
107.093
105.959
107.394
107.13
106.903
107.445
105.435
110.175
107.322
107.033
107.586
107.14
108.343
106.807
111.421
109.203
106.563
104.952
106.289
108.205
106.053
106.919
106.05
107.548
105.912
107.26
107.91
108.598
106.21
108.246
106.986
105.645
107.747
104.995
106.261
106.732
106.469
107.62
109.662
108.115
107.534
105.273
107.646
106.82
106.16
107.511
107.418
106.043
108.659
105.821
108.008
108.068
107.712
109.134
109.367
107.46
107.506
105.058
108.738
106.451
107.665
104.891
104.667
106.744
107.525
107.588
105.536
107.097
107.547
106.309
106.7
104.914
103.466
107.017
107.267
107.273
107.928
107.156
108.353
107.623
107.344
105.812
108.549
107.376
106.405
109.012
108.758
109.083
109.305
107.344
108.314
109.486
109.012
105.197
107.061
106.655
107.979
106.804
104.697
103.46
109.56
106.975
108.742
106.115
104.69
107.857
109.16
107.566
104.02
109.36
107.329
107.581
105.386
107.933
106.409
104.624
106.466
106.957
107.409
107.164
107.602
106.522
105.824
109.779
106.982
108.599
107.609
108.032
106.775
106.369
106.584
108.245
107.812
105.839
105.473
107.413
105.403
106.013
107.458
107.698
105.661
107.79
108.214
107.518
106.462
105.078
107.419
105.638
106.516
104.858
108.696
109.369
106.989
105.455
107.503
106.785
107.173
107.695
106.988
104.447
107.182
108.15
108.566
105.722
108.931
106.315
105.808
108.148
106.575
106.675
105.498
109.024
105.899
106.16
106.31
108.413
106.599
105.781
105.511
105.988
106.292
108.412
105.219
106.691
107.779
105.422
106.118
106.376
108.724
105.821
108.176
106.466
106.595
107.709
107.614
106.981
107.554
106.191
109.732
106.592
107.865
107.816
105.695
107.731
106.994
107.036
108.853
109.331
106.449
106.721
105.579
106.265
106.431
105.361
106.179
107.489
107.808
105.177
104.65
109.029
104.963
107.734
106.469
104.155
108.27
105.737
108.249
107.288
106.952
108.454
107.524
106.701
107.147
108.8
108.253
107.478
104.984
107.197
107.109
107.801
106.333
105.881
107.486
107.187
106.576
105.328
105.486
104.654
106.868
105.19
105.536
106.516
106.758
106.717
109.636
107.246
106.492
109.75
108.475
108.26
106.76
107.035
106.918
109.827
105.875
107.726
105.25
109.277
107.031
107.093
105.489
106.892
107.718
106.204
108.031
108.935
108.335
104.093
107.076
107.967
109.579
109.145
106.48
106.337
104.876
106.632
109.273
106.464
109.19
107.789
107.885
108.309
107.552
108.739
106.515
107.32
105.339
108.445
108.531
106.836
107.037
105.385
108.225
107.76
108.481
106.498
108.266
105.987
107.601
108.447
107.864
105.736
105.943
110.443
104.882
107.355
106.547
105.379
106.598
108.343
107.237
106.353
105.384
108.1
106.072
106.594
107
109.314
106.181
107.82
106.406
107.548
106.375
106.485
106.067
107.272
107.726
104.998
107.868
104.734
106.394
106.588
105.876
107.807
109.72
105.773
107.901
105.407
107.779
105.867
105.545
108.789
106.536
106.249
107.508
105.3
104.346
104.352
106.474
107.828
105.678
105.783
108.296
106.904
108.648
107.297
106.768
105.608
108.952
107.137
108.906
103.833
106.426
106.387
104.449
105.988
106.186
107.453
105.377
106.245
106.768
108.808
106.963
107.847
105.498
107.395
106.307
107.904
108.267
106.995
108.025
107.99
106.496
107.33
107.244
108.501
106.195
105.843
106.387
106.944
107.39
107.106
106.615
108.143
107.337
107.27
105.429
107.835
108.289
106.474
109.096
107.872
107.523
106.744
105.797
110.688
107.368
107.393
109.019
106.12
105.553
106.567
105.522
106.619
107.711
108.112
108.523
106.839
106.552
108.653
106.426
105.526
106.181
105.369
106.865
107.263
106.461
105.414
108.903
108.797
106.815
108.213
107.603
107.018
105.992
106.929
105.322
109.486
108.83
107.494
106.129
106.462
105.186
106.764
107.229
107.424
106.88
105.976
106.524
109.612
105.07
107.264
105.711
109.308
108.483
110.004
107.611
107.579
104.986
107.738
108.763
107.145
105.126
106.336
105.497
107.577
108.075
107.705
107.066
107.44
107.38
107.402
106.083
106.222
106.575
106.244
108.076
107.78
107.128
107.724
106.013
106.38
105.589
107.251
108.124
108.178
106.96
105.094
106.363
108.263
108.453
105.148
106.656
108.007
106.769
108.228
107.012
107.764
105.243
105.747
106.683
107.96
107.189
106.258
106.527
105.713
106.782
109.154
105.986
107.66
108.274
107.939
107.197
106.422
108.665
107.551
106.561
107.345
107.055
109.341
106.509
106.778
108.613
106.229
107.296
104.813
104.987
104.925
105.328
107.456
106.949
107.398
107.819
107.393
106.617
107.535
106.031
106.807
107.929
107.289
106.863
107.643
105.785
106.283
105.757
107.822
106.693
106.969
108.435
107.536
106.745
104.726
107.486
107.297
107.352
108.054
106.103
104.867
106.223
107.371
107.894
108.161
106.232
108.502
106.518
108.441
107.447
106.442
109.277
104.8
106.806
105.306
105.019
105.337
108.385
108.917
108.36
104.941
105.808
108.65
107.973
106.503
106.176
107.341
106.426
109.428
107.211
106.433
106.418
106.878
108.087
106.831
105.533
107.604
106.884
106.348
105.804
106.735
108.64
106.598
106.417
106.04
103.865
106.329
106.093
106.955
106.089
108.054
105.918
105.911
106.332
107.777
105.03
108.088
107.793
106.499
105.339
105.658
106.552
108.568
106.768
106.041
107.042
105.419
106.288
108.19
108.507
107.207
106.316
105.107
106.063
108.37
107.472
106.597
108.58
108.332
105.897
107.73
106.313
106.629
106.935
106.387
106.54
105.113
107.198
107.574
107.802
105.433
106.904
106.14
107.223
105.951
109.45
104.361
108.651
107.082
106.119
105.986
107.378
108.942
106.991
107.973
106.222
108.437
107.599
108.186
108.378
106.938
105.736
105.541
108.743
107.723
106.845
110.395
108.002
107.028
106.687
105.562
108.604
108.963
106.165
106.469
108.137
104.678
106.082
107.283
106.887
105.029
107.655
108.128
107.007
108.608
104.871
108.744
107.772
107.319
105.725
107.215
104.539
107.373
104.301
106.595
106.762
106.553
107.157
106.936
105.428
104.823
106.614
105.163
106.73
106.785
106.42
107.155
106.498
106.564
105.809
108.187
108.082
105.001
107.771
105.145
106.734
108.045
105.753
104.613
108.165
103.059
105.209
105.227
105.984
104.179
104.554
107.728
107.489
106.592
107.15
104.8
106.377
107.298
109.058
107.558
108.04
107.281
106.466
105.757
105.47
107.288
107.51
107.865
107.261
107.001
107.204
107.115
106.269
106.319
106.899
105.896
106.449
107.133
105.998
107.762
107.202
106.977
106.93
108.123
106.578
107.253
106.936
108.816
107.221
107.407
106.178
107.548
107.243
108.064
104.848
109.389
106.789
105.564
108.831
106.161
105.719
104.601
108.713
106.317
108.291
106
108.053
104.599
106.238
105.866
107.819
108.02
108.271
108.68
109.535
107.256
107.102
108.274
106.278
107.939
107.61
106.678
106.875
107.269
109.995
105.4
110.014
107.865
105.008
107.614
107.053
106.896
105.147
107.407
104.292
108.162
108.048
105.155
107.669
107.648
107.81
107.121
107.238
107.15
104.284
104.759
107.063
106.137
107.397
109.786
106.465
107.461
107.994
106.79
107.806
107.447
106.395
106.69
106.834
106.253
108.639
105.831
108.692
108.719
106.737
107.468
107.233
104.666
109.798
105.498
106.246
106.371
104.76
108.044
106.336
107.382
107.949
104.366
106.134
105.382
105.367
106.254
107.855
107.193
106.41
106.305
108.677
105.601
106.861
104.819
106.525
107.711
105.906
109.078
107.585
108.539
107.015
105.637
107.579
106.08
106.623
108.053
108.332
106.387
108.654
106.849
106.494
108.949
108.71
106.509
106.501
107.611
107.656
107.553
107.653
106.212
108.066
106.147
107.009
104.642
109.028
107.653
105.95
107.567
104.051
107.016
104.473
104.977
107.424
108.79
104.747
109.168
108.099
108.167
106.739
105.662
109.991
106.095
104.648
107.131
108.493
104.867
107.358
106.875
107.931
108.368
106.876
104.226
106.072
110.738
105.17
107.609
106.286
108.034
105.974
107.399
107.313
104.803
104.144
106.59
105.808
107.591
107.142
107.326
106.424
108.218
108.266
107.066
108.438
108.014
107.944
107.727
106.829
105.81
105.684
108.087
106.805
105.749
107.947
106.849
106.673
105.135
105.587
106.708
108.042
106.937
106.896
105.707
107.095
107.358
107.999
107.922
109.678
107.709
108.169
108.319
106.939
109.18
105.605
105.994
106.934
106.385
105.7
106.112
107.832
104.186
108.461
105.811
106.111
105.097
108.542
104.65
105.278
106.887
107.17
107.245
109.105
106.384
109.033
105.503
109.498
105.918
107.27
107.28
107.235
104.983
108.472
106.062
106.015
103.9
106.339
106.794
106.364
107.816
107.479
106.73
108.423
108.014
108.659
108.927
107.519
109.715
105.296
103.622
106.309
106.977
109.174
103.099
106.927
107.28
106.12
105.731
106.349
104.794
109.063
106.257
107.582
106.926
103.272
106.474
107.876
107.298
107.797
106.069
107.212
107.603
106.364
107.094
109.002
105.165
106.977
105.509
104.556
106.35
104.968
106.277
107.467
107.88
106.123
108.024
109.424
107.491
108.371
109.13
104.839
107.364
107.815
106.242
107.392
106.563
107.199
108.911
105.937
107.502
106.569
106.44
107.208
106.464
107.078
106.685
106.494
107.228
107.844
104.566
106.077
105.545
106.207
105.398
106.254
107.522
107.254
105.955
107.419
107.212
108.618
106.868
105.521
107.439
108.283
106.184
106.451
106.694
106.531
105.021
108.489
109.013
106.869
108.118
105.491
107.22
107.176
108.066
109.006
107.908
106.961
108.37
110.318
108.206
107.793
107.644
107.422
106.251
104.699
105.359
105.745
106.805
105.071
106.967
107.511
106.773
107.558
106.669
106.413
103.927
104.311
105.33
107.404
108.39
108.387
106.251
106.388
105.76
108.576
107.6
105.362
106.938
106.389
106.842
107.657
107.583
108.937
108.629
105.841
107.979
105.385
106.763
105.297
104.446
107.51
105.618
106.602
109.413
106.033
107.943
107.802
104.458
107.733
104.787
107.726
104.001
104.857
108.047
106.127
107.396
106.129
107.282
106.88
107.879
107.685
106.811
106.06
107.217
107.674
104.042
108.059
108.169
106.024
107.114
107.637
106.964
108.183
106.627
106.89
108.611
107.649
107.666
108.143
108.379
107.21
108.335
106.638
107.124
107.176
105.39
106.702
108.823
107.748
105.676
107.437
104.471
106.415
107.995
108.151
108.014
108.686
106.241
107.58
107.66
106.038
108.335
104.591
105.068
105.121
106.65
105.816
106.688
104.845
107.909
105.839
108.739
106.625
106.15
107.968
107.13
106.729
105.573
105.573
107.87
104.011
107.974
106.684
107.747
106.55
107.354
108.719
106.94
107.969
107.357
107.099
108.34
107.274
110.705
106.417
107.62
108.069
109.004
107.47
107.322
107.861
106.166
106.128
104.039
106.619
105.311
107.728
106.25
105.543
106.811
108.07
105.863
108.464
105.041
106.784
108.078
105.664
106.214
105.31
106.954
106.888
108.518
105.141
106.476
106.38
103.977
106.925
107.054
107.792
106.165
107.182
106.742
106.983
108.973
104.7
105.487
106.991
107.164
106.82
106.952
106.868
108.002
108.497
105.733
107.2
106.767
110.688
105.336
107.786
110.64
107.74
108.144
106.995
108.091
107.37
108.735
106.482
105.579
105.664
108.96
106.159
105.388
106.5
106.108
107.874
106.888
107.715
108.992
106.265
106.734
108.1
107.117
105.828
110.112
107.287
106.051
106.45
105.974
107.218
106.518
104.464
106.483
104.17
110.898
106.47
106.947
105.289
107.264
107.083
108.165
105.151
106.968
106.483
107.142
107.171
106.154
106.769
105.395
106.676
106.481
106.142
108.004
106.848
107.558
106.079
106.203
108.012
105.683
107.152
107.141
107.21
107.614
111.485
107.228
105.002
105.36
105.911
109.215
107.276
107.871
108.325
106.488
105.633
107.49
107.147
106.033
107.928
108.292
107.129
106.147
106.21
105.836
108.052
106.643
107.714
104.624
108.437
106.601
104.648
107.077
108.018
108.033
105.424
104.709
108.019
107.828
105.359
108.455
106.041
107.098
105.807
103.424
109.283
104.659
107.727
106.779
107.189
107.361
106.974
106.504
108.038
104.655
105.375
107.728
107.312
106.816
104.33
108.869
107.534
107.645
107.99
107.433
105.939
108.277
105.428
106.836
108.872
106.742
107.309
108.288
106.788
108.229
105.321
108.116
106.979
106.672
105.649
107.216
107.598
105.926
107.337
106.833
107.329
107.137
106.725
106.246
109.174
106.16
107.189
107.438
110.082
108.565
106.804
107.047
109.419
107.516
109.371
107.786
107.917
107.202
109.088
107.264
107.704
106.583
108.061
107.747
105.424
107.377
109.008
106.132
106.889
106.358
106.88
105.955
105.113
106.653
107.365
107.95
108.29
108.844
106.597
106.15
106.367
107.371
108.663
108.377
107.801
106.672
106.647
108.599
107.222
107.218
107.83
105.634
104.918
107.23
107.237
107.454
107.669
108.611
106.187
107.883
107.955
107.506
107.096
105.638
107.541
108.745
109.45
107.563
107.742
108.68
105.644
106.36
107.343
104.005
106.336
108.307
106.114
106.949
107.446
107.74
106.678
108.144
106.729
106.234
109.784
110.189
106.207
105.966
106.988
110.084
107.104
107.985
105.329
107.332
105.035
106.893
107.084
107.708
107.878
105.92
107.915
107.578
109.262
108.096
107.426
106.871
108.303
105.716
106.422
107.577
105.471
107.703
104.84
106.886
108.504
106.272
107.226
106.088
104.412
108.813
106.322
105.483
107.107
107.454
106.524
106.806
107.003
107.766
107.178
105.913
108.937
105.025
107.107
107.395
106.778
105.578
108.518
107.078
107.398
108.365
106.818
107.104
107.258
105.213
107.113
108.263
108.647
109.118
107.341
109.334
106.093
107.063
106.558
108.297
106.269
105.212
110.124
106.426
106.924
107.642
107.572
106.894
105.168
107.687
105.1
104.605
109.263
109.25
108.426
107.949
107.418
104.557
109.341
107.74
105.943
104.31
106.262
105.764
105.862
104.795
106.587
108.652
105.542
108.46
107.989
103.296
108.23
110.546
107.798
108.132
106.889
107.264
110.105
107.824
107.754
105.708
105.988
107.956
108.118
106.607
107.073
107.011
106.596
107.426
105.892
106.584
109.07
108.797
109.051
107.515
106.652
105.764
106.89
105.9
105.827
104.214
107.214
108.151
107.533
107.287
110.028
106.696
106.284
106.59
109.186
106.557
108.317
107.526
104.367
108.97
107.051
105.631
108.146
107.953
108.909
106.989
103.29
107.022
105.369
106.137
110.781
104.479
106.725
106.567
108.17
104.757
106.232
109.299
107.48
110.879
106.011
107.988
108.407
107.413
106.738
109.032
108.513
106.776
107.649
107.654
107.6
106.104
105.701
107.551
105.118
104.004
108.1
107.215
106.954
106.902
106.568
106.266
107.299
107.119
107.297
106.885
109.304
108.146
107.483
108.243
107.937
107.723
107.528
106.228
106.854
103.63
105.954
104.674
107.955
106.698
106.349
107.278
108.103
107.446
108.589
105.915
107.14
106.256
106.956
107.161
104.967
105.719
107.604
107.961
105.163
108.006
105.121
109.062
107.367
107.109
104.043
107.735
107.359
105.368
108.05
105.808
105.89
104.562
105.652
108.914
107.031
105.781
106.554
105.046
105.531
105.399
107.405
107.849
105.783
106.748
109.246
109.713
106.715
108.191
107.098
106.626
105.581
105.664
106.452
105.383
105.921
107.066
104.02
104.775
106.933
107.986
104.635
107.565
105.99
106.629
106.852
104.225
109.841
108.801
105.224
107.151
106.499
107.821
107.271
108.798
106.85
108.99
106.449
107.805
108.552
104.575
107.392
108.734
106.018
107.733
107.456
105.371
106.67
107.4
107.957
102.84
106.144
108.86
107.083
107.828
108.533
106.169
106.443
108.743
106.695
107.297
105.633
106.539
108.254
106.41
107.362
105.627
104.924
104.959
108.731
107.192
107.839
106.442
105.323
107.392
106.505
107.405
108.44
108.088
107.308
107.792
107.111
107.722
108.27
106.526
107.22
107.099
105.83
105.477
106.308
108.502
106.475
107.216
107.226
106.514
106.856
104.798
106.503
104.484
107.68
106.492
104.404
105.362
107.333
108.668
106.346
107.804
108.466
107.147
103.427
105.387
105.958
106.231
107.909
105.95
104.956
107.972
105.884
107.785
107.16
107.956
108.129
105.634
105.53
106.752
109.062
106.388
107.776
106.553
107.404
105.227
104.723
106.549
106.571
105.095
108.391
106.657
106.603
106.703
107.478
105.523
106.041
108.844
105.076
107.709
108.458
107.771
108.278
105.622
107.609
106.846
105.322
107.116
107.371
106.314
105.488
106.342
107.045
107.357
105.49
106.893
107.833
105.528
106.717
105.084
107.799
108.803
108.924
105.329
106.304
107.255
106.564
107.85
107.735
107.303
106.791
106.315
105.778
108.501
106.98
106.264
108.225
104.912
106.818
109.752
108.864
108.585
106.193
105.151
104.118
107.62
109.504
108.576
106.244
106.476
104.381
105.498
104.685
107.577
108.449
106.614
105.108
108.451
106.558
106.255
107.845
106.241
107.47
105.176
105.998
105.732
108.523
107.961
106.167
106.947
104.451
106.679
106.571
107.953
107.714
104.761
106.03
105.174
106.806
107.47
107.544
108.073
107.042
107.523
106.812
107.804
107.623
105.544
108.228
108.169
106.504
105.813
107.929
106.813
106.537
105.93
106.819
106.64
108.004
107.203
107.568
107.349
104.413
106.074
106.705
107.517
108.346
105.134
107.21
108.668
106.51
104.732
107.099
108.555
106.78
109.26
107.916
106.563
107.11
106.845
106.671
107.583
107.669
106.411
106.815
107.895
105.797
106.334
109.13
105.524
105.346
106.717
106.668
104.486
108.037
106.274
106.792
107.458
107.614
106.891
105.313
107.636
105.701
107.466
103.545
106.525
106.992
105.93
105.854
106.025
106.654
106.464
107.299
106.333
109.108
105.737
106.229
106.844
108.513
107.823
108.392
108.364
106.674
107.673
106.472
106.506
104.694
107.784
105.469
105.377
105.314
105.44
106.168
106.409
106.97
105.601
106.973
105.785
108.011
104.789
108.95
104.294
107.959
106.527
108.947
106.967
109.254
108.141
109.721
107.863
108.189
104.827
105.772
107.166
108.547
108.589
105.913
107.638
107.667
107.122
106.737
106.836
107.672
108.083
107.515
109.497
106.525
109.076
104.463
107.43
106.2
107.899
106.834
107.595
106.693
106.289
105.294
107.71
105.348
106.793
107.051
107.206
106.617
105.795
106.947
105.55
107.66
108.152
104.692
106.084
107.305
108.484
107.51
106.335
108.012
104.724
106.881
107.027
105.542
105.344
111.466
104.534
105.426
104.88
106.746
106.888
105.587
105.957
108.712
107.81
105.364
108.485
106.597
109.196
106.092
109.113
108.014
108.007
108.504
108.161
105.447
108.541
107.015
104.782
105.687
105.832
107.497
107.32
108.299
107.24
109.064
106.765
106.952
106.738
108.748
104.653
105.78
108.304
106.966
106.883
106.867
107.785
105.593
108.972
107.477
106.354
107.345
105.427
105.423
107.051
106.252
105.416
107.028
106.936
105.839
107.592
105.161
105.684
106.518
104.344
106.543
107.467
105.886
105.089
107.143
107.89
105.168
109.488
106.823
105.902
107.459
108.757
107.748
107.63
105.572
106.774
108.462
106.347
107.984
108.177
106.684
108.951
107.94
105.711
105.589
105.933
105.889
107.434
106.492
105.881
108.291
106.589
107.696
107.83
109.601
105.445
106.787
107.841
107.772
107.742
105.391
106.237
106.524
106.72
107.44
105.811
106.728
108.055
107.147
106.014
107.641
107.778
106.29
107.753
106.011
105.052
106.727
108.716
106.29
107.182
104.269
107.023
107.795
108.845
106.362
104.87
108.436
108.323
110.545
107.077
107.242
107.991
106.083
106.994
107.19
107.563
107.718
107.505
109.086
105.736
108.136
109.82
106.483
108.54
105.848
107.008
107.799
106.221
106.205
104.956
106.223
108.111
106.317
105.761
108.069
108.122
107.448
107.535
106.265
107.091
107.988
107.07
108.165
106.994
106.217
107.347
106.912
108.908
105.905
104.06
107.313
106.225
108.481
106.167
106.282
106.682
107.531
106.482
106.441
105.367
106.669
109.252
105.878
105.973
104.811
109.031
107.072
106.96
106.974
108.162
106.09
108.635
107.367
106.407
105.864
107.824
108.893
105.314
108.533
107.163
110.504
108.768
107.665
107.922
108.132
105.98
106.274
105.414
108.419
106.766
105.978
104.749
108.087
105.528
107.824
106.885
105.636
106.293
106.604
107.469
104.887
110.198
105.515
105.912
106.795
107.221
105.87
108.579
107.897
108.789
108.189
107.161
105.796
106.684
106.801
108
105.999
108.179
107.971
109.055
108.042
108.935
106.306
108.843
105.202
106.414
109.321
105.159
105.51
108.596
108.495
106.04
106.199
108.761
106.17
107.846
105.784
108.774
108.147
108.23
106.773
108.603
105.575
108.199
107.405
108.154
107.824
105.731
107.432
109.116
106.888
109.712
105.508
106.322
107.539
106.865
107.176
108.86
105.188
104.803
106.272
108.357
107.673
107.756
105.309
107.652
107.449
107.427
106.444
109.419
109.487
106.789
106.75
105.624
106.472
106.484
105.06
108.83
105.847
108.2
105.64
104.94
107.089
105.534
106.19
106.63
108.984
106.799
108.005
107.735
110.84
106.815
107.1
106.361
107.486
105.402
106.113
106.019
105.638
109.444
108.778
107.892
107.901
106.424
111.336
105.725
104.888
106.665
106.34
106.506
107.695
106.192
106.26
106.17
106.505
106.919
107.457
107.13
107.977
107.407
109.617
106.828
107.653
106.165
107.14
108.087
108.549
107.822
106.882
107.279
105.771
105.316
105.961
105.935
105.109
108.071
108.27
106.269
106.416
107.462
108.725
105.457
105.664
104.556
107.116
108.177
104.964
107.871
108.217
107.43
108.047
109.52
106.527
109.374
105.887
107.992
105.469
105.394
107.836
105.359
107.225
106.606
105.761
108.653
106.305
106.624
105.907
106.179
107.571
106.972
106.836
106.969
108.073
107.73
106.302
106.451
107.013
109.49
109.378
107.134
108.608
107.627
106.64
107.42
107.017
108.804
107.324
109.353
107.62
106.977
108.151
107.292
107.729
105.555
107.27
104.834
106.563
106.18
106.614
105.455
108.7
107.109
109.295
107.36
108.053
110.208
107.196
104.807
107.094
109.059
107.264
108.374
106.962
105.227
108.567
107.309
106.568
106.604
105.558
107.611
107.362
106.441
106.444
107.505
107.318
106.928
109.432
109.895
104.434
105.646
107.573
107.45
106.812
105.57
107.666
107.693
106.929
106.442
108.553
105.258
107.922
108.277
107.717
107.004
105.157
107.232
105.765
108.881
107.419
108.653
107.868
106.166
108.113
105.762
107.662
105.405
104.518
106.511
105.229
106.617
106.31
105.581
106.371
108.421
105.074
105.119
105.314
108.802
107.555
106.316
106.08
104.837
107.296
107.606
106.668
108.687
106.586
106.97
110.186
107.808
111.39
106.47
106.518
105.938
108.5
107.206
105.948
107.557
104.986
107.501
111.33
106.512
106.678
106.15
108.949
105.531
107.741
107.3
106.874
105.155
108.428
107.219
104.442
107.511
108.264
107.848
105.666
105.374
108.007
106.186
106.701
105.688
104.893
106.475
106.985
106
107.941
106.916
106.356
106.115
107.616
105.598
106.797
107.062
104.635
106.744
107.371
106.394
108.794
107.402
107.492
107.562
108.094
106.489
108.128
106.525
107.519
108.655
106.884
107.906
106.538
105.701
105.23
105.625
108.6
107.349
108.123
107.427
102.837
107.731
107.756
106.638
106.373
107.265
106.801
108.047
107.497
106.318
107.611
108.247
106.447
107.362
105.64
106.902
107.813
105.419
107.058
108.027
105.885
107.947
105.911
106.986
105.875
107.242
104.988
107.392
106.836
106.153
103.46
106.148
107.513
108.662
105.906
107.896
105.932
105.348
107.467
108.374
107.351
106.063
107.988
104.483
106.666
105.789
107.426
106.071
104.959
107.456
108.816
107.435
106.685
105.838
106.807
106.304
106.73
105.961
107.764
106.046
108.203
107.481
107.858
107.178
108.087
106.81
104.261
106.203
106.765
108.605
109.157
107.282
104.954
106.993
107.095
105.787
106.976
107.502
106.48
105.58
105.056
107.362
107.625
104.606
107.968
106.275
106.685
107.088
108.804
109.295
109.591
104.444
108.015
108.817
106.079
105.842
107.549
106.188
106.992
108.746
108.65
106.464
106.623
106.968
110.452
104.785
107.065
106.902
108.775
107.732
105.591
105.725
109.68
107.078
107.647
105.602
106.464
107.401
106.625
107.16
106.798
105.869
107.174
106.689
108.651
108.086
107.301
106.538
106.688
106.218
106.171
106.914
108.309
105.063
105.286
108.323
108.955
108.615
108.985
105.137
110.505
106.711
105.239
106.714
106.832
108.209
108.253
109.247
105.394
106.383
107.09
106.378
107.386
104.823
107.338
105.596
105.47
104.877
106.43
106.636
107.872
106.997
106.644
106.214
107.196
109.196
107.17
103.407
105.657
108.066
106.495
107.732
106.272
107.719
108.404
105.785
107.939
105.243
108.443
106.327
106.636
108.36
109.378
107.524
107.583
106.103
108.939
105.119
106.876
106.877
107.103
107.466
106.515
107.834
106.168
107.705
105.738
107.612
108.191
105.738
107.361
104.897
108.01
107.702
107.678
106.805
105.422
106.18
107.697
106.137
104.228
106.006
109.488
107.238
106.542
104.955
107.815
107.757
105.862
108.523
106.22
105.736
108.163
109.12
108.05
107.893
104.838
107.298
104.336
108.115
107.959
108.676
107
108.228
104.307
105.855
107.878
107.864
107.762
107.107
106.403
107.472
107.07
107.901
107.346
108.646
108.723
108.229
108.539
108.803
105.457
106.381
104.977
107.296
106.738
105.046
105.61
106.987
107.563
106.366
106.936
108.621
107.237
108.151
108.383
105.865
106.451
105.348
107.201
107.471
106.636
107.531
