186.349
176.924
178.566
180.977
182.531
179.902
180.421
178.425
178.256
183.177
180.984
182.106
179.461
180.494
183.879
178.301
181.084
182.261
181.592
179.919
179.963
180.035
180.218
182.408
176.319
179.298
180.161
181.522
181.135
177.69
182.716
181.964
181.177
180.478
181.335
175.581
182.72
182.426
178.587
185.647
180.405
177.275
181.068
181.689
177.118
179.321
182.123
176.843
180.793
183.783
178.184
179.369
179.798
180.814
181.609
175.462
185.862
177.908
181.649
179.286
180.499
180.671
179.806
182.895
177.73
181.586
178.437
180.818
181.152
185.199
184.642
180.564
180.053
177.656
180.774
178.536
183.047
183.059
178.066
182.879
182.302
176.29
179.665
181.052
179.946
178.615
182.056
177.837
182.667
179.93
181.411
182.062
188.092
177.959
183.728
181.305
182.069
180.245
184.056
182.174
181.39
179.657
185.247
180.131
180.293
179.04
182.072
182.235
179.83
180.419
183.599
180.3
179.431
179.823
178.499
186.042
180.346
181.636
182.178
179.221
179.255
174.328
180.671
176.197
179.99
181.268
174.686
181.666
179.883
178.301
180.495
179.554
181.344
185.817
183.444
178.976
175.548
179.439
180.26
178.625
179.42
182.449
178.376
185.233
177.169
183.12
184.087
178.822
178.104
175.831
178.817
178.062
183.368
183.268
181.808
180.551
185.58
181.142
179.376
179.81
180.503
182.153
178.613
179.917
180.536
183.28
176.857
185.42
181.219
181.879
180.445
180.52
177.574
180.84
180.699
181.266
177.11
178.877
174.627
185.785
180.828
179.597
181.443
184.581
179.35
178.752
179.177
180.927
182.787
179.853
177.881
180.505
181.446
182.969
184.553
181.211
177.884
182.442
177.736
182.277
183.326
180.8
177.311
182.458
176.862
180.02
180.031
177.927
176.352
181.077
181.374
177.33
179.749
183.546
184.155
180.294
181.976
177.347
181.52
179.857
180.297
182.022
182.385
183.36
178.436
183.268
183.2
179.057
183.533
180.063
178.831
183.369
182.626
185.141
184.76
182.657
179.734
177.496
180.697
181.161
177.799
179.011
180.644
177.583
183.745
179.54
181.024
182.349
181.511
180.845
182.888
183.24
180.207
176.659
178.961
177.707
183.928
176.81
182.616
175.786
183.005
183.021
180.437
179.353
180.622
182.387
180.86
187.782
180.585
179.783
179.952
180.805
180.498
179.689
179.337
184.281
182.34
179.874
181.732
182.599
182.615
177.42
178.038
180.188
181.103
182.516
180.346
179.764
181.864
183.728
181.764
182.297
181.717
178.786
178.419
179.63
180.074
180.328
178.708
180.921
179.1
179.1
178.309
177.095
178.715
178.282
179.102
182.46
176.039
183.169
178.564
180.371
178.13
174.519
176.712
180.556
181.325
181.278
180.069
178.761
176.766
178.781
181.117
180.491
175.913
179.679
180.841
177.348
180.134
181.993
179.889
178.561
184.895
179.854
178.462
179.62
179.756
177.225
176.066
184.247
181.413
179.237
178.844
182.711
180.48
177.678
183.28
183.048
181.051
179.939
182.464
174.624
178.739
181.066
176.039
180.62
185.982
176.568
179.569
178.177
177.992
181.951
181.247
184.662
182.356
176.668
181.338
184.113
181.118
180.141
182.138
182.371
179.678
178.009
183.746
177.177
176.459
177.794
180.708
177.954
183.265
180.599
181.504
176.722
182.634
177.223
180.811
182.417
181.045
180.1
181.45
180.227
176.173
181.136
178.215
178.777
176.435
178.264
178.647
182.013
179.999
184.357
185.584
178.559
183.496
179.67
178.853
179.833
179.091
179.803
181.994
178.009
180.545
179.582
178.697
185.545
179.542
183.688
184.6
179.044
184.674
184.684
180.156
176.65
178.181
182.427
176.274
175.858
182.192
180.759
179.159
182.193
181.471
177.308
179.865
180.822
179.824
182.333
179.478
174.384
177.983
176.294
181.412
181.045
180.733
180.558
182.752
177.066
183.654
182.241
182.491
176.038
180.547
177.644
183.504
181.028
177.928
179.026
177.911
180.002
180.17
181.284
178.316
182.676
182.149
183.744
181.46
178.749
179.297
177.54
181.026
178.17
179.234
184.239
181.169
176.288
181.103
185.347
182.46
184.5
179.449
181.125
180.796
181.097
178.462
175.936
177.767
179.666
184.265
180.187
178.308
179.162
183.523
180.266
184.559
178.187
175.914
181.408
179.314
178.644
175.74
176.542
182.792
176.439
182.861
180.619
178.67
183.585
183.625
183.857
177.606
182.584
180.545
181.632
177.103
183.792
175.89
183.266
182.749
180.623
179.461
177.299
178.455
182.517
184.344
178.195
178.688
180.055
178.553
181.019
182.616
180.978
180.436
179.821
183.616
177.872
181.128
182.863
179.936
178.354
178.05
180.026
180.875
182.93
178.913
178.096
185.591
175.423
176.026
180.058
179.671
183.089
182.949
179.394
183.356
180.93
182.464
179.711
181.663
179.178
182.952
178.524
179.654
182.896
182.631
176.75
183.111
183.381
180.434
179.76
181.827
180.314
182.559
184.736
183.65
180.941
180.065
182.499
178.611
184.478
179.364
184.335
180.216
180.319
184.678
174.427
186.49
181.362
178.729
172.139
177.928
181.564
180.548
178.293
184.049
182.993
183.695
178.213
175.973
183.391
181.565
177.616
184.162
179.374
180.55
185.869
178.504
179.522
178.407
182.895
182.334
178.585
176.922
181.986
180.676
179.215
177.695
183.445
179.719
180.058
180.596
182.673
182.969
175.625
180.975
179.513
180.065
179.998
180.688
180.797
178.391
181.822
175.037
181.361
182.906
182.984
180.223
176.605
179.391
183.3
180.158
178.982
183.745
182.813
181.327
180.778
183.162
179.477
183.976
183.603
178.012
179.256
177.686
181.775
181.461
181.788
181.77
181.409
177.061
179.661
178.651
180.968
183.349
186.891
181.193
185.755
183.787
181.646
178.977
186.672
183.712
178.434
180.43
181.06
183.357
175.245
178.965
182.777
180.352
181.407
180.09
175.535
177.713
179.55
184.062
176.963
178.164
179.726
179.336
177.289
175.518
181.375
179.044
181.047
175.487
178.189
176.568
180.69
180.945
177.97
178.206
183.531
182.591
181.021
180.145
180.615
180.996
183.025
185.169
185.04
177.084
180.011
180.692
179.695
183.328
178.509
182.834
180.173
181.633
178.862
179.368
176.394
175.877
181.529
179.441
178.915
178.913
179.173
180.364
177.563
183.163
178.807
180.233
182.049
179.398
178.865
185.673
181.914
180.982
183.531
182.726
179.981
178.105
183.179
182.144
178.588
180.818
177.987
184.894
176.775
181.355
183.444
181.647
180.767
178.076
180.58
178.738
183.906
172.808
179.943
181.426
179.044
181.342
182.857
181.849
178.349
182.149
179.135
181.329
177.71
179.673
178.537
180.098
183.566
183.363
178.442
180.858
181.493
179.479
179.442
182.269
182.384
179.834
181.564
179.528
179.874
179.115
181.605
182.255
184.283
178.06
179.903
179.39
178.372
179.364
185.564
184.549
178.4
182.536
184.01
178.799
181.275
177.767
175.887
183.259
181.89
186.069
185.449
182.918
181.896
180.437
180.347
181.446
178.019
180.307
181.108
178.65
182.884
180.935
178.996
177.806
176.09
185.316
182.071
183.789
182.487
182.725
180.464
178.735
179.417
178.655
184.444
179.104
182.986
179.62
181.297
179.505
180.145
178.035
178.194
179.231
181.934
183.767
178.068
182.35
177.411
177.293
180.47
182.369
181.7
179.579
177.792
182.614
177.32
182.206
182.619
179.687
183.013
177.111
183.886
180.609
178.808
178.871
177.857
178.894
182.489
183.517
178.416
181.011
173.715
185.757
180.308
178.54
181.066
183.634
180.005
180.09
179.702
182.11
176.753
183.405
177.751
178.118
182.255
183.694
183.527
179.479
176.739
177.126
186.288
177.25
182.217
182.017
177.653
179.698
174.241
180.779
182.491
180.134
181.307
181.315
179.818
177.549
176.423
181.963
178.926
180.745
176.513
183.512
183.998
176.491
177.354
182.56
178.148
179.202
179.918
183.118
180.927
183.011
182.797
180.563
181.709
180.564
177.019
181.1
180.554
177.777
178.118
182.634
181.226
174.326
179.927
182.942
182.371
185.353
179.649
178.171
177.931
184.207
181.203
180.024
180.14
177.37
180.967
182.736
179.162
179.743
182.776
177.01
176.284
181.769
179.033
183.116
178.486
177.288
184.138
184.562
178.974
180.994
186.407
180.618
182.28
181.892
181.6
180.251
179.805
183.583
180.281
183.171
179.649
183.568
175.553
180.634
178.967
183.293
178.3
177.413
179.759
181.254
180.432
175.889
178.605
180.084
182.399
182.603
179.235
182.424
180.195
179.807
178.164
179.614
179.196
181.754
180.039
181.654
181.188
177.713
184.823
179.068
178.459
179.254
179.95
184.139
180.662
179.093
180.764
179.658
181.212
179.938
184
183.627
181.11
181.536
182.725
181.391
179.271
176.606
178.564
181.5
181.289
181.78
182.194
184.1
183.231
180.105
180.79
173.964
176.253
179.839
181.984
180.265
180.887
180.22
178.754
178.647
179.656
179.261
179.696
185.48
184.639
180.351
178.369
176.97
178.16
180.071
180.748
178.933
178.323
177.159
180.937
177.689
181.518
182.968
176.746
178.685
179.18
183.111
180.102
185.085
178.385
181.485
182.805
178.445
184.774
182.03
183.042
182.194
179.321
179.02
181.968
178.276
178.441
183.961
178.787
180.887
182.067
177.716
177.951
184.717
180.91
179.667
177.806
179.936
180.505
183.337
182.406
179.86
181.275
179.556
176.964
180.964
183.064
181.587
181.51
176.787
175.717
183.297
182.024
180.92
185.628
180.762
180.082
183.297
183.003
178.992
185.89
181.013
175.938
186.502
181.56
184.091
179.348
181.384
181.504
182.39
180.841
179.626
180.903
179.232
182.117
178.588
182.765
184.509
179.54
182.521
181.496
185.383
179.065
180.093
182.211
178.963
181.847
188.085
182.087
177.875
177.985
178.028
184.064
184.457
181.059
180.193
177.741
179.759
181.207
185.971
180.879
184.66
183.014
179.799
179.396
179.035
178.65
180.728
185.735
180.194
180.651
179.522
181.028
179.685
180.741
181.635
183.233
178.675
181.923
180.277
177.572
184.301
181.988
177.492
182.503
185.028
178.346
181.604
182.888
180.458
176.895
182.96
181.316
176.676
181.081
179.009
178.357
180.758
178.44
179.032
177.074
182.065
178.043
181.127
179.111
181.554
182.889
181.366
180.775
186.046
181.072
180.01
182.949
181.012
180.933
177.969
181.648
181.65
182.24
177.759
184.84
182.438
185.746
183.389
180.531
178.109
186.115
184.024
180.174
179.043
181.926
178.66
176.597
178.411
181.116
180.027
181.723
181.369
179.404
182.33
180.983
180.738
184.857
177.445
184.23
180.605
178.132
179.149
180.379
176.611
178.239
177.852
179.644
183.122
178.321
185.774
182.28
176.789
178.087
178.869
181.942
184.078
182.803
182.659
179.011
180.009
176.868
176.483
180.868
178.633
180.705
181.914
180.885
182.034
183.366
181.061
183.689
180.468
181.94
177.946
181.565
182.754
184.092
181.137
182.929
179.716
181.73
181.034
180.712
181.225
176.436
187.691
178.918
177.479
183.207
178.585
181.058
180.578
180.877
180.713
181.737
179.57
176.608
177.555
180.561
180.712
183.966
181.622
181.511
178.149
180.819
181.389
180.021
182.037
180.083
180.52
185.535
178.894
181.933
177.94
178.456
180.813
181.822
179.37
183.977
179.948
180.398
182.056
181.067
181.338
183.903
180.891
179.207
179.805
181.734
174.695
178.518
181.643
180.881
179.963
180.89
178.333
182.532
181.459
184.109
183.065
179.758
181.074
182.109
178.8
186.232
181.589
179.237
177.147
180.618
175.549
183.709
179.079
182.576
178.74
178.82
182.042
185.011
178.3
181.774
181.392
180.159
179.931
180.957
182.264
184.322
182.297
180.659
182.089
177.153
179.068
180.986
181.878
179.41
180.103
175.684
189.018
183.314
178.733
178.317
179.947
181.739
179.37
184.212
177.237
176.078
176.05
181.547
181.574
181.894
183.943
179.764
177.694
181.868
183.381
182
181.511
179.301
180.352
177.75
183.208
182.981
182.21
178.754
183.637
180.598
183.83
178.596
176.58
179.252
179.389
182.61
184.642
179.102
182.248
182.465
180.188
180.398
177.982
180.936
179.819
182.071
182.493
177.079
180.797
179.365
177.84
183.342
179.673
178.907
184.527
185.972
183.278
181.063
177.846
181.208
180.935
179.859
180.716
182.729
178.806
182.31
184.722
177.137
183.698
181.454
181.532
181.766
173.571
179.423
179.165
181.184
176.143
182.755
178.887
179.623
180.798
183.19
178.5
178.384
182.007
175.143
179.148
178.79
177.609
179.802
179.116
178.897
180.195
178.47
177.459
181.195
182.38
182.985
182.582
181.499
178.691
180.133
176.234
183.124
177.831
186.799
179.45
180.418
179.283
179.557
174.822
181.082
177.232
183.849
180.731
178.645
176.1
178.799
183.371
180.582
178.411
180.381
183.734
183.426
178.091
184.62
179.616
181.397
179.359
182.508
178.116
185.637
182.028
180.806
179.424
181.292
180.729
181.248
181.96
182.369
176.72
180.487
182.712
184.223
181.607
181.962
180.5
180.569
183.561
179.859
183.586
183.331
182.015
182.216
183.47
182.303
183.115
181.213
180.794
179.967
179.638
180.411
177.417
179.272
180.447
179.733
177.684
186.517
179.309
181.037
179.42
177.345
179.539
182.654
180.127
178.946
176.962
181.392
185.765
181.366
179.473
180.901
179.302
183.921
180.744
182.39
182.389
177.173
180.738
179.632
176.933
183.647
181.148
180.31
180.1
184.001
178.693
183.84
180.988
182.118
184.292
178.444
179.189
185.814
180.359
183.632
181.892
174.624
183.52
182.442
181.599
180.01
180.122
175.247
178.376
177.582
180.779
177.479
181.156
178.511
178.946
179.271
176.187
175.119
183.351
181.607
180.214
182.978
181.865
180.399
175.684
179.252
184.056
181.542
180.834
177.864
181.735
176.477
186.817
177.57
179.515
185.864
179.576
181.93
181.142
183.458
180.35
179.749
182.948
180.263
175.591
177.066
182.964
186.543
181.987
180.821
182.671
184.73
173.569
182.156
181.923
182.414
180.804
181.807
182.051
180.293
180.647
179.943
185.706
183.608
179.723
179.607
178.472
179.921
182.454
180.399
179.62
184.73
175.287
179.011
180.964
175.589
179.653
183.894
180.015
181.82
178.148
182.284
183.348
181.939
180.335
182.511
179.96
180.472
185.312
181.674
178.877
182.978
179.626
177.882
181.816
180.155
181.261
180.921
183.245
178.115
177.613
180.525
180.865
178.028
180.642
177.307
186.142
179.18
180.647
179.169
182.139
177.758
182.107
178.675
181.648
182.019
181.393
180.348
181.806
180.724
183.393
180.297
179.952
183.162
179.636
180.85
180.655
179.811
181.936
185.812
178.508
181.677
179.262
180.472
177.505
178.489
178.408
177.707
177.758
184.703
182.891
178.217
181.498
177.44
177.153
181.47
184.178
176.941
177.754
181.306
179.865
179.657
181.682
179.884
177.66
180.68
176.432
177.7
184.58
180.315
180.836
186.4
179.306
178.794
184.054
182.109
179.148
178.917
178.683
176.921
186.666
178.388
180.439
181.689
182.236
180.886
176.439
179.418
178.673
179.231
178.28
179.455
179.654
180.715
180.006
178.061
181.796
184.439
184.025
180.745
182.522
185.354
180.039
179.825
182.219
178.16
177.413
175.901
183.443
180.873
183.966
177.753
180.059
178.818
181.192
184.253
181.077
178.529
180.575
180.225
178.196
180.68
181.276
179.929
178.74
174.303
181.25
181.512
174.796
182.178
175.525
177.661
181.884
178.328
176.023
181.497
181.016
179.261
181.064
176.063
177.147
181.797
180.099
184.345
178.038
175.382
180.512
179.733
180.97
179.961
179.818
180.572
177.899
179.356
182.021
180.975
179.872
181.97
180.137
176.64
181.364
178.591
179.754
180.651
180.247
176.862
183.096
180.647
179.327
180.953
185.259
177.499
182.457
183.32
181.786
181.899
179.702
179.918
179.128
174.571
179.469
185.7
181.342
179.482
180.774
176.687
180.611
179.617
177.33
178.791
178.15
186.467
180.839
176.132
178.243
181.437
182.603
180.574
177.533
181.905
180.486
182.961
180.23
180.782
182.12
182.392
180.158
179.249
176.646
179.831
182.833
183.976
185.985
178.767
181.368
183.358
177.255
177.782
182.128
181.012
176.548
181.427
181.005
177.992
185.063
182.616
179.627
181.335
181.155
178.423
184.29
183.336
175.933
181.017
182.768
181.106
180.205
182.325
181.906
184.676
178.737
180.964
180.971
185.212
181.145
181.321
179.748
179.604
177.431
176.551
178.706
182.337
179.699
182.455
177.242
181.508
180.957
182.558
181.809
178.56
181.349
182.391
178.062
180.067
181.994
185.899
180.313
187.261
177.196
178.425
183.925
181.214
179.975
178.95
178.058
179.404
180.082
181.587
185.362
178.54
178.698
181.202
180.799
180.51
180.155
181.381
185.098
184.297
178.698
181.299
182.448
179.265
178.073
181.688
180.38
179.323
181.106
180.26
180.081
179.426
178.256
178.466
186.415
176.612
178.581
181.753
182.828
181.711
180.613
181.924
183.513
185.717
179.681
180.882
179.438
178.458
181.299
179.782
177.905
183.235
181.541
183.127
177.693
180.457
178.098
181.16
183.028
183.061
182.502
178.888
178.273
175.958
182.987
182.943
179.848
178.001
180.528
180.656
179.357
178.19
182.901
182.762
176.548
181.748
179.109
181.872
179.201
179.726
181.234
177.472
182.952
180.741
180.577
176.292
183.319
173.601
177.829
181.281
183.43
182.744
179.425
180.103
182.33
179.997
178.085
179.969
178.233
179.105
178.294
179.219
182.808
181.191
179.638
179.09
182.735
180.378
181.787
179.718
181.728
179.101
178.05
181.55
182.111
178.612
179.358
181.182
180.063
180.393
181.472
179.78
178.655
184.167
181.435
180.521
178.804
181.478
181.639
185.47
180.704
186.091
183.052
181.69
182.442
177.885
181.027
178.716
183.034
178.469
175.793
183.91
181.814
183.815
187.039
177.174
178.751
184.513
177.146
178.765
183.254
179.379
179.127
180.158
183.287
181.326
178.868
185.637
176.094
183.125
178.435
182.422
179.869
181.727
183.231
181.453
177.342
179.362
181.317
179.985
177.939
177.145
179.944
176.337
177.547
174.744
180.489
181.229
179.267
178.307
177.994
182.973
180.223
176.478
180.677
180.896
182.406
182.216
177.326
177.057
181.265
180.768
180.382
180.896
178.855
182.002
179.861
181.092
178.081
177.495
179.555
177.766
183.972
180.595
182.553
178.913
178.488
177.822
184.816
184.208
180.673
177.389
178.515
179.03
178.9
182.136
180.246
177.595
177.545
179.943
184.726
179.275
181.927
182.538
181.236
180.252
178.38
178.742
181.137
180.937
176.491
175.959
181.486
181.107
177.944
178.877
179.558
181.647
181.744
183.563
180.651
180.762
179.561
178.253
180.26
178.179
179.522
177.018
182.36
180.431
178.192
179.023
184.981
175.831
180.642
185.04
180.496
180.772
178.684
179.174
185.159
180.042
180.046
181.949
184.633
179.139
179.082
182.561
183.03
179.313
181.88
178.556
179.488
186.442
180.371
176.818
184.396
178.447
181.105
183.4
181.874
181.922
181.172
182.51
178.388
181.397
179.352
182.87
185.23
178.416
176.976
183.047
181.687
179.746
182.051
180.215
179.774
180.93
178.564
177.551
183.069
183.927
175.561
179.958
180.633
181.815
183.919
183.48
180.614
182.363
179.443
178.01
178.924
181.121
178.996
181.766
185.597
183.139
177.931
178.097
182.604
178.039
183.573
183.236
182.524
181.553
179.311
183.791
181.259
180.096
181.75
176.337
181.123
182.871
179.342
180.987
180.987
178.6
181.823
178.672
177.39
184.907
182.107
178.432
182.132
182.883
181.086
179.856
171.262
182.902
177.42
182.434
179.64
180.244
181.243
179.311
185.387
178.757
183.94
180.409
181.751
178.421
177.73
184.13
177.133
183.367
181.76
182.047
182.853
181.188
182.358
178.397
180.845
178.722
182.638
176.644
177.254
183.57
183.189
185.126
178.856
181.737
180.118
179.646
177.536
179.071
181.977
179.181
180.379
188.046
181.966
181.729
180.305
181.357
183.432
180.371
180.512
183.184
176.992
184.497
176.839
179.897
184.404
181.645
175.349
180.417
179.004
185.91
177.717
179.377
182.638
178.706
176.327
180.124
177.8
184.311
188.768
180.232
178.885
178.947
176.68
178.522
181.261
175.054
183.538
183.508
182.569
182.02
178.499
175.439
184.821
178.364
181.496
182.026
178.725
177.963
177.05
181.861
178.741
181.673
179.624
178.182
176.559
178.123
183.696
179.328
181.484
182.534
182.373
183.202
182.015
179.976
185.169
181.842
180.652
180.635
183.217
177.35
180.208
182.476
180.561
183.085
179.309
183.544
180.761
183.313
175.711
182.166
183.735
177.506
182.957
182.245
183.179
176.641
184.087
181.774
178.541
179.599
179.599
180.776
180.708
185.301
179.925
178.723
183.127
185.133
180.125
179.973
177.873
180.364
178.679
175.636
177.697
179.248
181.495
181.43
178.375
177.96
177.563
183.851
179.919
181.308
183.634
184.583
180.716
182.375
182.159
180.719
176.938
181.36
176.886
179.519
180.834
175.942
185.814
183.78
179.19
179.245
178.748
178.921
177.962
183.307
177.825
176.732
177.288
181.239
179.878
182.189
179.859
177.192
186.262
181.329
180.035
179.803
178.539
180.464
181.969
181.851
181.584
179.072
182.264
174.948
177.407
177.023
183.397
184.239
176.647
181.068
184.269
183.06
177.955
182.118
176.414
182.558
183.372
179.045
179.527
178.829
177.555
177.17
181.873
182.079
182.166
181.374
185.196
180.77
172.335
182.581
180.787
180.641
172.674
185.177
180.326
182.192
181.601
184.282
181.432
180.629
181.739
177.758
179.724
177.964
176.567
179.555
179.76
179.165
179.644
179.783
177.607
184.761
179.818
179.381
180.6
183.535
180.722
183.582
182.461
179.694
180.839
180.051
181.781
171.669
177.546
179.719
179.497
179.355
179.55
178.245
187.031
178.283
181.903
179.305
179.15
177.903
181.503
182.524
181.316
183.942
180.153
177.953
177.666
181.194
177.317
180.497
183.014
179.688
179.304
181.839
180.562
181.295
182.82
178.392
182.585
181.525
185.544
182.122
182.072
182.116
182.865
182.634
181.607
186.074
180.2
177.909
178.198
183.325
179.371
182.208
176.915
183.296
182.502
181.578
180.883
178.873
181.084
178.156
183.538
183.733
179.57
181.562
175.693
179.175
184.929
182.085
180.177
176.064
181.051
181.351
181.773
177.447
181.879
180.324
183.931
184.722
176.387
175.829
179.976
181.28
177.133
179.641
180.934
179.81
183.718
182.179
181.696
179.197
182.34
183.148
181.438
180.096
180.017
181.83
180.922
181.904
178.942
179.169
179.361
183.284
184.26
179.196
180.75
180.976
178.665
177.568
181.339
186.194
178.333
183.548
179.098
178.367
173.541
177.973
177.087
181.411
180.819
180.379
176.406
182.225
176.368
181.255
178.776
179.599
183.028
178.501
179.003
179.902
175.742
185.767
179.576
178.318
181.566
181.086
181.608
186.206
179.697
182.775
177.594
176.029
186.308
182.426
180.712
184.395
184.948
175.125
183.483
185.241
183.229
177.377
180.543
179.961
182.183
182.47
178.058
181.501
181.775
179.589
183.295
181.849
182.674
180.12
182.024
181.234
183.862
180.854
177.125
178.305
178.605
180.218
180.815
180.594
178.607
181.402
180.532
177.46
181.974
179.69
180.283
180.967
183.645
179.831
182.544
178.148
179.622
183.317
180.198
181.222
184.658
182.313
181.192
183.229
180.66
176.048
180.512
179.219
178.574
181.872
181.94
180.811
182.823
175.942
182.402
176.164
181.417
181.355
178.162
180.273
180.287
185.368
179.848
182.977
179.99
186.503
179.034
179.321
181.249
183.608
179.876
186.75
178.422
178.408
180.656
181.706
182.466
183.342
184.986
177.914
180.141
179.897
183.709
180.654
181.378
179.641
184.389
180.481
179.002
178.861
178.962
182.521
179.176
176.35
179.629
177.602
182.825
180.011
177.616
181.523
181.293
179.612
180.636
183.193
186.385
180.86
182.692
180.131
181.784
185.05
176.879
184.96
179.61
184.26
176.31
176.428
177.875
178.941
186.871
178.281
183.641
174.968
176.477
182.398
183.827
178.61
183.276
185.29
180.226
185.372
178.791
179.957
186.001
183.502
181.009
183.604
179.849
178.551
179.754
179.441
179.8
182.773
178.129
178.603
178.574
180.119
180.632
178.92
185.909
173.713
179.667
178.53
181.611
178.15
182.15
182.956
177.6
182.505
181.249
177.612
174.766
177.014
177.25
180.906
182.598
179.208
181.49
179.777
179.698
178.378
176.52
180.02
179.411
179.964
183.68
182.252
184.24
180.834
182.757
176.03
181.391
179.595
181.591
181.263
184.063
185.703
183.294
176.844
183.815
179.891
180.021
179.225
178.214
178.552
179.685
185.37
184.251
176.858
180.173
179.367
176.631
184.051
180.385
181.994
177.523
176.303
175.232
179.808
180.887
178.384
185.397
179.941
177.938
178.037
181.52
178.553
181.673
180.605
180.66
178.626
183.369
179.606
181.614
180
183.764
182.177
178.682
181.705
180.22
180.771
181.39
183.335
183.27
180.095
181.037
176.468
178.52
180.246
179.619
180.995
176.141
186.26
182.722
183.822
183.211
185.182
177.722
176.436
178.735
178.659
179.992
178.017
183.996
183.793
175.694
179.916
179.005
180.257
179.698
177.82
179.694
177.615
182.37
181.684
175.011
178.88
182.777
180.689
178.764
178.191
178.621
184.93
180.72
180.601
182.13
180.616
178.299
181.631
181.686
181.128
180.772
181.51
183.159
179.783
182.9
177.751
180.408
178.511
180.48
175.067
178.433
181.297
180.11
181.198
180.392
180.322
181.834
179.32
177.8
181.466
181.592
183.458
182.749
176.884
182.836
179.641
184.085
180.948
182.935
181.88
183.731
179.915
178.479
179.332
183.509
178.694
178.007
182.248
182.53
177.482
178.186
172.686
181.586
181.736
181.876
182.163
182.527
179.48
180.122
175.72
179.105
183.279
177.352
185.835
178.512
179.987
175.864
179.513
181.256
183.051
180.076
175.747
179.746
181.171
180.321
179.052
182.549
178.669
183.987
176.843
179.242
178.69
179.205
182.553
179.439
180.815
177.921
182.331
176.843
179.793
181.45
177.699
180.856
179.59
181.527
181.371
182.866
178.82
182.151
178.036
179.304
183.295
181.703
179.054
184.736
176.178
179.369
178.104
180.379
177.31
176.955
177.673
180.581
181.105
179.689
177.32
183.804
174.752
176.025
178.645
184.561
184.792
178.314
181.406
180.107
181.266
179.98
179.325
182.511
182.276
183.291
177.924
183.829
182.239
180.149
177.376
179.277
181.351
181.662
183.896
179.983
181.217
185.646
179.816
182.622
180.485
176.919
176.887
180.328
178.03
179.294
181.122
179.208
176.895
175.642
178.376
184.971
181.623
180.905
177.793
186.709
181.348
181.4
178.684
181.788
184.838
177.394
181.089
181.586
177.667
182.712
180.285
183.965
181.133
181.046
183.936
177.364
178.299
181.35
183.266
178.046
179.515
180.463
182.659
181.443
179.581
176.376
182.745
180.347
180.264
180.671
182.238
180.506
179.807
181.425
179.882
181.905
180.863
182.274
179.488
179.433
180.725
179.297
187.534
181.483
181.026
182.199
178.35
184.007
182.425
181.489
183.142
178.231
175.226
185.278
178.833
179.913
181.843
178.517
184.638
180.938
182.592
184.76
177.13
180.923
184.376
178.089
181.184
179.984
181.937
179.381
181.609
181.425
178.394
181.831
179.994
177.225
181.682
181.18
181.866
178.587
182.831
182.252
181.71
178.404
178.957
178.742
176.892
179.153
183.844
182.955
184.165
178.676
182.913
182.315
179.502
181.984
183.441
178.845
184.983
183.538
182.58
180.618
183.059
181.023
175.37
180.438
178.002
174.464
176.592
180.945
180.562
181.693
181.586
180.85
179.922
184.25
182.572
179.916
185.161
184.46
175.933
178.604
178.904
184.424
179.269
176.312
181.863
179.844
179.547
183.133
180.791
177.251
178.464
180.465
175.772
177.971
181.331
178.29
179.779
178.76
184.513
184.068
179.706
178.892
176.618
183.684
183.639
177.097
180.584
178.172
179.719
178.839
184.953
181.273
177.675
177.859
180.545
180.074
180.795
183.096
179.41
177.151
177.434
177.374
181.188
177.751
184.23
182.267
176.229
176.085
178.347
183.19
181.147
178.685
181.445
178.042
179.159
180.432
183.827
186.206
180.811
174.45
180.629
183.49
178.141
176.043
181.215
181.697
176.687
183.192
181.702
181.87
180.374
181.972
180.396
181.16
179.141
180.966
178.326
182.497
179.583
179.821
176.347
180.331
184.229
180.367
178.779
180.771
180.687
184.08
181.915
183.586
180.946
180.91
178.002
181.907
181.915
180.472
182.082
180.908
182.791
185.534
182.452
178.441
178.247
180.895
178.038
181.665
179.465
180.458
182.742
183.899
182.745
176.535
187.913
179.865
179.361
179.427
180.462
182.006
178.81
182.387
181.922
178.946
174.874
177.306
184.085
178.264
176.059
179.89
179.43
181.438
177.663
181.844
180.642
182.932
178.646
180.346
177.398
181.996
182.488
181.096
183.079
179.247
181.099
177.63
179.329
176.994
185.177
179.009
183.154
182.784
183.105
183.025
181.476
179.988
182.463
179.584
183.533
185.588
180.866
181.829
175.563
180.724
179.111
182.495
182.609
184.27
181.49
181.407
174.868
183.668
180.805
183.614
179.581
184.333
179.894
184.646
185.378
181.1
181.534
179.264
176.467
182.85
181.979
179.971
178.728
181.43
180.424
180.514
179.37
179.936
180.104
181.64
176.014
178.79
179.683
180.927
180.407
180.22
176.98
177.724
182.37
184.108
179.748
180.049
181.179
178.64
181.031
182.198
176.403
183.572
178.909
182.201
180.548
183.397
180.391
179.124
183.305
180.399
181.644
180.977
180.677
182.617
180.574
183.212
181.234
182.698
180.054
182.314
180.636
177.877
179.332
180.266
178.882
181.11
175.763
178.385
180.613
184.727
181.985
180.085
177.972
182.594
179.27
184.368
181.515
181.838
178.137
179.847
183.257
180.833
180.61
179.865
183.393
181.055
176.757
181.775
181.412
182.271
182.814
185.658
179.487
179.782
180.582
180.735
179.223
183.57
178.185
182.055
183.104
184.849
181.633
178.338
181.6
179.688
183.34
177.784
179.471
185.487
182.233
179.897
180.683
181.53
183.793
173.841
181.674
181.196
179.135
178.897
183.202
179.098
181.324
176.287
181.974
178.547
183.183
176.626
181.184
179.639
182.641
185.078
179.572
180.638
176.962
183.473
182.861
176.977
174.644
180.44
180.824
181.707
181.992
184.712
179.602
180.185
179.111
179.204
181.916
180.572
181.246
181.444
182.081
179.556
181.877
176.174
177.747
180.118
177.421
178.143
179.228
180.952
180.459
178.313
178.516
179.849
184.532
185.024
180.852
182.309
178.096
181.047
185.993
180.076
176.669
179.822
180.578
186.25
178.658
182.739
181.406
180.074
181.218
180.043
175.91
182.121
179.655
182.222
179.209
178.013
178.713
179.694
181.662
183.825
184.571
183.023
182.098
185.619
182.302
182.216
181.563
184.102
180.146
181.506
184.453
176.649
183.025
178.997
181.595
180.315
186.629
184.13
181.142
179.083
179.706
180.805
182.668
179.377
179.692
182.041
180.428
176.918
176.057
187.472
182.148
181.256
175.667
179.616
180.325
181.403
178.821
182.26
178.336
177.888
181.09
180.987
178.755
184.154
180.428
179.756
180.54
185.201
180.945
179.215
185.592
181.968
180.865
180.946
181.803
178.228
179.171
179.622
178.596
177.781
181.57
184.495
182.649
182.677
181.866
181.787
177.55
180.059
178.082
176.435
178.503
181.073
182.273
176.826
181.615
181.245
182.272
183.716
182.412
182.429
178.934
182.499
180.555
181.698
182.165
182.765
181.474
179.619
180.453
181.668
179.529
175.761
179.957
180.839
183.913
177.112
183.369
178.921
178.876
179.952
187.746
178.5
177.53
179.432
183.018
181.507
178.538
177.78
182.206
179.921
178.799
182.549
183.453
174.739
179.148
183.393
180.643
181.374
179.618
180.789
179.92
180.573
183.289
181.182
179.895
178.148
182.966
179.515
181.725
178.832
178.562
180.451
186.838
180.789
179.362
178.409
181.012
180.851
181.375
181.123
180.161
181.097
180.024
177.88
179.39
179.43
178.437
179.189
184.841
183.118
177.203
181.936
181.545
182.002
180.295
180.514
179.7
178.09
180.394
178.463
186.641
179.92
184.255
181.532
180.705
178.767
176.592
181.096
177.793
177.716
184.068
181.222
182.015
182.402
180.59
179.791
181.258
183.945
181.463
181.649
183.032
180.866
182.366
176.403
183.94
182.597
176.652
184.956
180.031
182.076
177.6
178.449
181.699
179.368
181.948
182.037
176.342
180.179
177.11
180.312
180.466
182.046
180.776
181.284
181.828
177.241
182.864
178.122
182.579
178.757
181.2
182.043
179.725
177.965
183.856
182.708
178.76
176.394
181.351
181.794
182.333
177.803
179.032
181.87
181.847
182.631
181.01
181.883
181.47
180.485
178.58
179.219
182.109
182.291
181.226
183.565
180.737
180.2
175.12
183.02
183.1
180.914
181.512
180.291
182.425
180.126
181.725
183.885
177.231
180.441
180.156
174.095
178.956
180.803
180.323
179.181
182.334
180.299
179.83
181.552
180.292
184.454
182.305
181.36
174.568
178.102
183.309
181.964
179.789
181.051
181.253
183.978
181.401
181.562
180.333
180.719
179.719
176.786
181.324
178.578
182.911
178.126
185.238
179.824
179.561
180.62
183.731
177.778
179.381
184.305
181.807
176.744
180.753
186.977
180.298
181.724
185.378
183.02
178.569
185.917
179.404
179.162
181.498
183.351
184.589
180.661
179.862
177.479
182.247
182.09
177.317
178.751
178.337
177.316
180.433
179.117
181.267
183.844
180.921
184.547
182.235
180.267
181.653
186.884
178.143
181.392
178.029
186.437
181.058
184.142
177.532
182.473
175.951
181.282
176.855
182.66
178.922
187.494
179.522
182.572
180.794
180.582
181.98
176.165
181.377
179.926
180.231
179.773
181.907
183.152
182.887
183.742
178.866
179.794
184.684
178.294
179.082
176.752
181.721
173.564
177.039
185.148
182.183
183.154
183.025
177.617
181.92
178.302
175.088
180.611
183.814
177.017
178.572
181.134
176.108
179.637
182.077
184.595
178.366
182.162
185.039
189.037
179.568
178.839
172.487
180.127
182.105
176.062
175.286
180.391
175.81
179.87
184.88
181.324
182.003
181.14
183.552
183.105
181.687
176.619
177.216
177.142
181.912
178.717
180.177
179.174
179.403
182.959
181.854
183.739
177.38
179.627
178.407
186.748
179.941
184.067
180.61
180.756
184.029
176.074
177.845
184.334
177.854
179.655
182.837
179.267
180.231
179.902
184.891
179.601
179.993
184.187
178.585
181.232
178.182
180.781
181.302
181.005
182.066
178.001
183.851
178.456
178.144
178.813
180.242
179.636
181.533
178.39
178.44
181.604
179.697
177.46
177.271
183.651
183.946
176.604
184.595
180.936
182.024
178.687
185.354
181.96
182.829
180.447
181.69
178.551
183.105
180.212
182.978
181.263
177.447
178.558
181.149
179.427
180.674
183.462
185.002
180.032
181.521
181.581
180.111
183.387
177.905
180.155
180.577
175.357
180.31
182.597
176.966
181.068
177.563
177.677
178.397
181.681
183.068
176.33
182.892
176.833
179.54
181.364
185.262
177.736
180.873
178.494
182.545
179.886
180.684
182.342
181.235
176.009
182.119
185.693
182.951
179.756
182.755
184.438
179.698
180.162
181.124
182.442
178.786
179.36
177.885
178.165
182.935
177.51
184.243
179.795
180.902
181.187
181.034
181.921
181.597
184.497
177.169
179.741
183.164
183.461
180.882
180.01
182.601
182.184
182.931
183.682
179.065
178.991
184.223
186.893
180.376
180.191
178.224
181.098
181.33
178.263
182.22
177.986
180.142
181.591
180.296
177.896
182.639
180.659
177.019
180.377
178.051
182.525
178.735
178.654
178.303
178.474
179.41
177.568
176.272
180.197
181.835
180.63
180.125
179.297
180.553
180.848
178.779
182.915
179.108
179.472
175.605
180.748
178.033
176.478
181.457
181.296
178.23
181.23
178.436
181.1
181.065
180.005
182.564
177.984
183.466
184.467
179.883
179.87
178.059
179.714
179.34
179.875
177.512
186.978
182.588
182.028
182
180.266
180.408
180.925
174.587
182.822
182.205
180.13
182.405
180.638
178.312
179.042
181.319
181.592
182.275
176.882
182.459
180.949
178.12
178.317
178.745
180.832
177.863
183.102
182.661
180.497
180.978
183.899
179.757
182.22
181.571
180.95
177.28
186.358
179.206
178.362
184.039
176.091
180.662
177.279
179.983
180.525
179.608
185.087
182.197
178.703
179.568
176.603
180.818
177.37
181.526
178.713
179.817
179.454
175.981
181.356
181.537
181.619
182.023
176.86
179.506
180.35
178.383
180.767
182.286
187.212
181.267
178.471
178.762
179.276
182.033
182.644
178.277
180.166
178.106
184.094
180.039
179.507
181.749
180.533
177.474
181.062
179.712
180.227
177.616
180.548
180.521
180.651
176.521
179.506
179.839
179.072
181.309
183.586
182.078
184.535
179.794
184.605
176.431
181.342
178.648
182.857
178.557
182.982
182.688
181.824
178.465
186.238
180.828
182.704
179.011
178.138
183.044
181.343
178.722
178.679
180.239
179.118
181.859
177.124
175.999
180.672
180.375
184.744
180.364
178.031
182.691
178.44
182.283
181.423
180.82
181.347
178.056
181.238
181.021
182.207
185.275
180.823
176.352
176.127
178.672
177.549
186.929
179.081
175.003
175.249
179.717
180.366
175.196
181.074
181.219
178.756
176.878
179.497
177.655
181.244
182.145
182.66
179.636
182.599
179.706
181.342
180.756
181.115
180.486
182.091
182.525
182.941
184.962
177.375
181.278
176.801
179.04
184.909
178.055
183.687
179.112
183.167
180.14
181.398
180.767
175.436
182.522
178.66
182.178
179.036
181.015
181.175
178.337
176.116
183.525
176.462
183.054
179.01
180.96
177.334
179.854
176.709
179.632
179.18
177.773
183.76
182.455
184.999
181.975
184.097
181.352
180.268
180.054
180.839
179.545
183.6
183.848
181.913
181.84
182.55
185.069
185.43
178.811
180.177
183.038
179.399
178.103
176.591
180.572
181.875
181.652
176.775
184.524
183.776
181.62
179.9
181.666
183.521
182.987
178.763
181.028
182.962
182.948
182.163
182.596
179.526
183.767
183.054
182.406
183.86
177.977
183.45
183.041
178.757
184.82
179.385
182.784
179.817
176.479
180.952
179.456
178.238
181.824
180.976
184.973
179.022
178.393
182.244
178.639
181.059
176.238
177.898
179.283
181.773
180.453
184.48
185.313
181.774
172.603
182.316
177.983
180.68
184.885
179.383
180.043
180.277
180.977
183.508
182.528
180.59
179.838
182.461
177.762
182.119
180.273
181.595
178.717
180.428
180.164
182.417
179.613
183.655
182.23
180.851
181.494
177.871
179.227
183.175
180.267
179.365
179.32
182.462
180.476
180.828
177.181
182.488
180.314
184.288
181.052
181.973
177.279
176.698
179.039
181.092
176.947
175.156
180.658
175.825
183.233
183.302
178.804
183.944
178.746
185.413
178.988
180.097
176.828
180.178
180.787
179.681
182.805
181.485
181.777
179.041
176.556
178.623
179.868
178.575
182.897
177.851
179.623
184.536
182.343
176.463
181.714
174.479
183.616
178.6
180.808
179.206
176.241
180.659
181.283
180.317
181.685
179.234
180.935
181.282
182.137
183.793
182.881
184.353
182.313
183.696
180.736
181.261
176.064
176.752
178.559
182.649
182.464
180.143
181.569
177.56
184.048
177.06
177.249
178.993
182.084
178.682
179.678
182.482
176.883
177.937
184.02
182.601
181.989
178.909
180.794
178.022
179.848
182.378
181.869
178.714
180.404
177.866
180.36
182.4
179.889
182.451
176.088
182.382
183.984
182.055
180.125
178.767
174.365
177.068
181.02
183.923
179.318
179.255
180.404
183.422
179.409
181.492
181.2
176.318
180.181
180.713
182.873
178.396
180.644
178.519
179.816
181.765
181.604
183.093
180.818
178.898
187.14
178.429
177.778
182.94
181.776
182.771
180.411
181.53
178.236
181.882
178.513
178.576
179.012
180.191
178.709
178.592
176.445
180.58
177.569
177.186
177.233
181.859
182.574
180.693
179.593
182.83
176.24
181.999
178.626
180.74
180.129
183.83
176.854
183.297
182.308
176.049
182.849
181.738
179.198
182.389
181.348
184.288
179.702
179.794
177.436
181.711
181.783
182.259
178.313
177.625
181.397
183.394
182.006
179.028
176.885
181.886
179.818
178.648
179.553
180.544
182.492
182.068
181.976
181.373
178.654
177.411
176.363
178.792
178.251
184.239
179.766
182.768
183.16
180.135
180.292
180.203
179.61
180.309
177.093
184.509
178.175
178.94
180.3
182.872
180.216
181.299
181.506
176.498
184.436
181.885
180.755
179.787
180.506
181.727
182.432
178.348
181.856
181.888
184.988
182.01
174.732
181.54
183.962
180.027
181.391
183.667
179.247
181.248
181.491
182.215
181.749
178.931
181.7
178.443
178.034
177.812
177.015
178.658
179.749
182.18
180.107
178.119
179.968
184.195
180.581
176.735
180.531
181.255
182.794
180.724
179.025
177.871
177.38
179.952
180.84
179.696
180.295
181.492
182.401
182.111
183.71
185.645
178.278
182.241
182.738
181.577
180.856
179.599
177.838
178.522
179.379
181.027
182.827
176.07
179.303
180.623
178.418
180.003
179.708
186.483
179.943
176.278
185.626
181.747
181.534
182.309
179.683
184.55
181.009
180.184
181.296
177.29
183.305
178.788
178.447
182.613
179.083
177.78
183.012
180.92
182.381
179.184
183.731
177.414
184.555
184.931
179.163
181.524
176.143
179.616
186.693
178.643
182.394
176.529
176.503
179.854
180.119
180.417
180.848
178.033
180.674
184.251
177.375
175.945
180.631
179.916
173.606
176.376
178.497
183.079
180.437
180.321
182.185
177.856
179.15
179.315
182.982
184.829
181.087
178.604
176.163
181.812
182.976
183.699
176.274
184.459
182.983
179.281
178.513
178.741
178.37
182.275
181.41
181.519
189.082
184.654
186.701
178.502
180.341
179.039
178.331
177.835
183.68
181.142
180.816
177.183
181.426
183.673
178.712
181.605
180.173
180.675
180.112
178.895
181.982
179.175
183.302
177.213
178.747
183.144
182.643
177.746
179.326
181.369
182.567
182.655
177.845
182.048
177.301
179.357
180.026
185.3
180.91
178.147
181.667
182.664
188.154
179.156
182.163
173.324
182.287
179.981
175.4
180.65
179.033
183.365
181.82
182.183
177.818
184.269
177.861
184.219
182.346
177.658
180.956
178.49
179.745
177.706
178.312
186.555
183.906
183.729
180.14
179.928
187.247
176.435
181.732
174.393
182.902
175.525
185.401
180.281
185.449
180.094
177.923
177.701
183.027
177.703
174.533
179.883
176.52
177.87
179.698
181.97
179.5
181.413
182.429
182.947
181.248
176.124
179.618
179.701
178.873
184.542
182.726
182.271
181.007
183.166
184.788
178.204
185.778
180.659
185.129
183.66
181.968
181.152
187.137
179.117
179.397
181.998
177.037
175.448
181.327
182.641
181.842
179.071
182.845
176.941
176.768
184.093
174.747
180.861
176.066
179.158
181.524
178.128
185.219
178.635
179.239
183.705
179.635
175.979
177.82
179.487
184.164
182.53
177.68
179.858
179.866
178.181
180.262
183.937
184.005
182.722
181.822
177.317
176.545
184.544
182.366
182.025
182.988
182.844
182.81
180.067
184.819
181.813
182.251
179.128
180.101
182.115
178.583
177.444
177.06
185.473
184.99
180.911
179.593
183.229
181.259
178.98
177.68
178.217
181.703
179.02
179.587
181.458
181.168
179.291
177.883
180.76
180.346
184.77
176.981
183.912
178.699
178.592
181.64
184.805
179.05
179.594
182.113
179.325
180.498
181.896
180.897
180.289
176.132
181.891
180.862
181.165
181.266
181.131
183.033
179.531
179.017
175.138
180.099
177.763
177.67
182.956
178.175
182.545
179.264
178.156
180.97
180.72
183.761
179.533
183.363
181.368
180.866
179.47
178.54
181.968
182.857
177.297
181.773
179.54
180.103
177.214
181.163
180.794
177.313
182.081
180.006
181.018
181.347
180.206
179.236
177.573
179.667
179.963
180.252
180.233
175.528
181.852
179.402
180.833
176.926
179.875
179.497
182.857
181.032
184.659
179.869
181.971
181.517
180.421
178.996
184.746
178.89
184.019
180.416
178.141
177.475
175.477
184.247
181.995
180.699
182.262
183.529
179.326
180.502
180.817
179.075
176.087
181.246
182.365
182.934
185.447
183.145
178.016
180.15
180.579
178.761
176.427
178.37
180.964
183.068
180.026
184.427
183.497
177.848
180.591
183.893
178.194
182.274
181.13
179.726
178.945
181.869
182.817
181.679
177.974
180.072
177.261
176.43
179.243
179.718
180.36
186.867
181.467
177.615
178.566
179.076
180.199
183.769
179.254
180.577
182.575
180.96
180.253
177.018
186.023
184.791
176.97
183.308
183.542
183.151
181.745
174.584
181.713
180.254
179.912
183.178
177.539
182.533
181.729
184.676
178.355
179.395
177.793
176.25
182.669
177.563
183.695
184.377
178.604
177.834
183.837
182.472
185.062
178.027
177.049
183.074
179.592
182.029
182.821
176.941
179.206
176.543
180.076
184.172
183.442
179.708
181.933
180.33
182.663
178.951
186.409
179.4
181.677
179.454
179.017
185.456
181.008
184.367
177.916
180.551
181.546
180.633
179.496
177.126
177.413
182.191
179.814
179.249
176.278
180.519
179.206
184.397
183.614
179.918
178.47
175.335
181.938
177.733
178.515
181.798
177.83
181.06
179.346
178.814
181.826
183.475
176.64
182.777
180.293
177.616
183.587
177.403
184.056
181.371
181.747
179.002
177.464
181.043
181.567
182.495
183.611
182.478
182.496
179.625
175.78
177.647
182.239
183.374
179.224
179.454
179.522
182.565
178.654
179.437
179.907
181.156
183.848
180.39
178.641
176.595
178.774
182.228
175.309
179.626
179.982
181.968
180.013
178.027
176.554
178.841
179.528
181.675
175.81
179.451
178.579
183.974
180.928
177.325
178.1
179.733
182.069
180.849
181.309
183.852
183.332
174.084
179.966
177.448
178.411
181.643
178.623
182.151
181.061
178.891
182.311
181.274
181.873
181.698
179.34
183.697
177.969
179.82
179.417
178.574
177.442
183.062
179.236
178.285
177.062
178.184
182.192
177.075
181.576
183.987
180.68
181.631
180.212
179.85
178.007
177.883
178.39
177.42
181.803
176.624
177.811
179.176
177.563
180.049
184.056
182.684
178.795
179.139
179.704
181.178
184.815
180.234
182.754
183.002
183.139
180.312
183.672
180.334
180.014
183.687
175.844
177.135
180.312
185.528
186.404
177.439
181.678
179.502
177.381
180.422
184.181
184.423
177.884
182.387
180.964
180.493
179.944
175.513
182.011
180.829
183.564
184.085
179.534
180.752
181.304
181.827
184.69
183.67
180.502
185.427
179.524
183.561
181.395
179.59
180.563
178.938
179.96
181.257
180.927
183.403
179.704
179.526
178.392
175.44
176.22
184.183
178.776
179.765
183.208
183.158
176.747
185.889
178.049
181.845
180.441
182.78
176.598
183.395
178.204
178.482
183.347
179.63
179.817
184.961
177.286
181.656
183.903
181.9
182.505
181.404
179.224
180.026
181.17
185.677
179.493
180.661
186.805
178.152
178.637
182.682
177.992
178.328
178.451
180.085
178.115
182.013
178.482
181.038
181.646
179.996
179.052
177.351
184.334
179.684
177.893
177.153
178.888
178.399
182.678
178.634
179.188
178.854
184.006
182.258
185.404
179.077
176.126
179.179
178.038
185.218
179.916
186.293
178.864
179.743
179.407
179.401
184.814
177.168
181.133
176.052
181.233
178.366
182.488
178.906
179.798
184.263
182.548
182.737
180.889
183.881
178.847
178.908
178.74
179.65
179.064
180.069
178.979
178.512
178.855
180.027
183.967
181.58
178.515
182.478
179.98
185.64
182.216
179.782
184.077
179.864
180.667
182.514
179.922
180.025
182.527
180.425
182.123
186.559
184.037
179.478
182.23
184.277
185.257
179.414
177.499
183.188
182.85
179.789
183.271
181.33
182.842
182.382
178.807
179.114
181.346
184.62
178.564
179.736
185.657
185.736
179.809
185.562
181.197
184.668
183.84
177.639
182.087
185.096
182.349
176.717
179.884
181.431
177.163
179.93
179.706
177.908
178.207
177.045
181.99
177.398
180.654
181.908
184.713
179.572
180.299
178.223
178.972
185.835
184.706
178.557
178.379
178.962
185.846
180.56
179.594
180.416
177.426
182.205
180.98
182.356
183.673
179.366
180.392
178.559
177.483
183.121
181.217
177.894
181.51
175.842
179.316
182.229
176.955
181.812
182.946
182.284
182.229
179.488
180.791
178.553
184.729
181.911
181.272
181.454
177.349
178.653
178.744
182.268
176.732
179.996
177.768
180.506
182.266
181.263
179.022
184.627
182.282
178.944
181.36
176.446
175.377
179.378
182.825
178.547
182.056
179.344
181.279
181.983
182.352
175.847
180.635
181.189
182.656
180.423
180.163
180.471
183.42
179.941
180.975
181.518
180.319
177.392
186.924
180.002
177.874
178.312
183.359
182.042
178.372
179.395
180.836
182.966
182.065
180.755
182.925
180.426
180.453
181.598
184.344
181.072
177.494
181.478
184.468
178.321
183.624
181.537
180.447
183.731
180.602
180.4
178.947
182.423
177.873
177.353
182.582
182.605
180.874
181.048
182.099
184.481
183.391
183.275
178.704
183.084
182.224
182.068
180.286
178.953
185.568
182.252
183.613
179.366
184.5
181.26
182.035
182.207
176.447
181.53
176.933
180.87
176.519
183.005
178.194
175.916
179.832
187.106
180.999
179.854
176.739
183.424
177.799
180.038
183.114
179.737
185.069
181.15
178.009
183.692
178.879
177.141
182.753
183.668
182.066
183.074
177.476
177.106
177.898
178.622
178.6
179.276
177.724
175.212
185.519
184.525
185.415
178.634
177.235
182.792
174.91
181.087
175.584
183.114
180.8
174.709
176.299
178.739
184.793
177.827
179.752
184.885
180.604
185.283
177.683
182.245
177.086
181.495
181.702
180.837
179.31
179.419
178.573
182.017
179.26
178.992
177.038
181.217
185.186
179.474
183.389
181.194
179.145
182.037
182.797
181.383
176.87
178.772
183.369
181.033
182.542
179.998
179.6
178.301
184.184
182.085
181.374
181.221
179.296
178.853
181.919
181.047
180.949
182.14
186.417
182.447
178.007
181.252
185.09
179.112
178.394
184.173
179.194
181.285
181.652
182.46
181.061
181.029
180.982
180.678
183.539
178.427
179.604
178.798
178.446
179.179
180.131
184.676
185.285
179.389
178.373
184.655
182.795
184.495
172.437
181.648
180.78
179.914
179.999
179.678
177.504
182.388
183.375
178.379
180.727
179.734
176.821
181.594
178.62
183.283
179.375
182.054
182.734
185.171
182.399
183.8
184.053
180.422
180.017
178.382
180.778
179.133
180.003
181.054
177.537
177.665
179.878
178.219
181.675
184.948
184.046
179.773
177.454
179.551
185.826
182.861
183.08
185.059
185.411
182.788
178.008
178.56
179.537
177.43
184.594
180.374
181.188
175.161
182.536
180.259
181.33
181.755
184.07
180.056
182.57
181.316
178.64
183.728
177.893
181.715
179.782
181.345
179.41
174.751
181.836
179.88
182.184
178.19
179.967
184.631
184.997
181.262
180.639
178.617
175.467
181.074
183.312
184.33
180.356
180.923
177.752
179.169
177.204
180.94
180.61
178.52
178.783
181.291
178.428
181.165
182.366
179.341
183.398
186.412
183.16
183.051
179.735
177.758
175.099
181.473
183.597
184.512
185.725
179.033
178.233
176.66
182.101
177.178
182.955
181.184
177.692
178.318
177.89
178.886
182.767
182.073
180.867
179.785
179.52
183.973
178.354
180.561
178.802
178.88
181.122
179.384
180.407
180.024
182.678
177.311
181.138
181.481
179.208
181.71
179.424
181.479
179.438
183.059
178.627
182.789
181.587
177.789
177.167
180.971
179.362
181.957
184.646
181.626
182.418
180.187
179.882
175.631
184.839
180.21
179.748
178.889
178.079
183.015
176.318
178.569
183.397
186.689
181.418
180.535
179.694
179.128
178.797
181.47
181.934
178.817
180.851
182.188
179.598
181.74
174.917
179.993
177.994
181.526
180.924
182.326
182.62
182.013
179.958
175.53
187.195
183.722
181.582
181.811
179.843
179.6
180.963
178.861
179.794
176.785
179.828
181.252
181.678
180.222
177.332
179.62
179.739
181.965
180.46
181.004
175.466
181.902
182.454
184.138
179.773
174.98
177.8
184.634
178.762
178.006
179.934
178.648
189.308
179.42
176.744
182.128
181.572
178.606
178.579
184.572
180.144
177.336
181.63
174.635
182.338
183.173
182.7
181.336
181.777
184.995
181.191
179.683
177.841
180.451
179.432
181.876
180.459
181.49
180.97
178.659
178.985
183.829
182.503
181.508
182.553
182.099
179.107
182.088
177.833
180.524
182.288
175.296
181.632
177.907
183.714
179.403
183.66
179.587
182.888
180.559
183.671
176.932
179.682
185.88
180.106
181.995
177.822
176.632
178.954
179.492
180.874
177.8
180.26
181.305
180.342
178.861
179.422
179.768
177.476
181.296
181.415
179.152
181.897
185.078
181.661
183.608
178.224
183.491
180.379
179.845
180.826
182.293
182.485
181.535
178.589
180.378
180.145
179.11
176.468
179.676
182.684
180.757
182.915
180.457
182.278
176.176
179.098
180.012
175.75
176.912
179.818
179.144
176.376
186.24
183.481
183.773
181.268
178.162
183.583
179.517
183.516
176.693
186.07
182.938
184.328
178.066
178.991
179.568
177.054
180.533
179.491
184.776
178.396
176.979
183.9
184.214
179.983
180.772
179.741
181.449
176.167
179.168
178.297
183.58
178.192
180.166
180.147
179.828
183.994
180.078
182.808
182.954
181.194
176.216
184.128
181.572
183.581
175.843
182.459
181.254
180.467
176.773
180.515
182.454
180.157
179.841
181.314
179.415
174.834
181.797
179.625
182.541
181.923
180.591
181.421
184.031
177.795
184.223
182.445
182.93
182.872
180.827
177.504
180.576
176.984
179.275
182.641
183.513
181.377
182.167
176.506
180.146
180.055
177.882
179.512
180.04
174.989
174.732
177.885
181.948
183.174
182.589
182.793
180.773
178.59
176.996
176.931
178.47
181.258
178.791
179.588
180.479
176.739
182.028
176.866
181.293
180.688
183.934
180.543
178.627
183.058
180.513
177.69
188.35
182.128
184.241
180.15
180.993
180.369
180.376
181.58
178.018
181.136
182.984
182.077
178.807
178.693
183.45
184.563
177.344
183.54
179.112
180.237
184.38
177.943
171.512
180.089
179.059
178.314
183.942
181.38
178.309
182.784
175.774
180.054
180.278
181.507
182.009
187.99
181.633
183.008
180.13
176.994
178.159
181.653
182.646
183.868
181.92
175.822
184.545
180.659
181.024
178.117
184.74
179.647
185.776
186.927
186.467
178.834
180.303
184.661
177.763
178.546
179.217
180.096
182.473
180.893
182.536
182.577
178.89
182.717
179.076
183.914
183.742
182.065
179.53
179.982
181.744
184.73
184.136
175.479
176.007
179.727
179.212
179.972
178.117
180.552
180.606
181.585
175.56
186.445
175.632
178.143
185.899
184.562
176.033
176.69
181.534
181.55
182.328
181.202
183.404
179.898
181.352
181.048
177.457
179.095
177.312
180.609
178.3
184.535
179.086
181.841
180.962
181.443
177.887
183.968
175.393
179.664
177.361
177.429
182.743
178.446
178.301
180.076
182.426
181.437
183.746
183.15
184.284
181.666
177.862
181.299
180.766
175.198
183.973
179.026
177.849
178.017
180.964
179.342
179.525
180.015
180.192
180.043
183.063
182.426
184.281
180.402
181.599
184.579
181.746
180.731
182.107
177.756
182.544
179.789
182.423
182.77
179.458
181.173
178.61
183.211
179.602
181.559
178.338
181.403
180.803
183.85
179.651
175.757
182.223
178.261
180.709
181.444
182.893
181.774
183.278
179.668
181.8
179.592
180.594
181.58
177.774
181.8
184.068
184.626
177.002
176.163
182.129
179.32
182.414
181.763
180.695
177.859
178.511
180.939
176.269
179.946
178.622
176.461
180.018
181.754
180.568
178.947
180.981
179.524
181.029
186.188
179.017
180.78
180.603
176.469
181.141
177.262
178.063
183.328
181.44
180.726
182.633
179.722
181.859
182.743
181.105
181.866
179.192
182.667
177.226
178.476
177.201
182.055
186.249
181.558
179.834
181.841
178.753
180.886
181.416
182.645
183.222
180.186
179.648
179.492
184.225
180.917
184.677
185.261
179.793
186.707
179.006
181.486
179.556
182.279
180.191
178.613
180.221
179.376
178.594
177.889
177.282
178.508
180.529
183.994
181.095
176.75
177.878
180.085
183.281
181.275
183.641
176.622
181.975
178.108
177.416
186.211
181.795
186.323
180.055
181.239
180.21
178.887
179.118
180.284
183.015
178.756
184.471
178.447
180.256
178.055
180.702
184.708
177.503
180.808
182.834
186.828
181.727
180.782
181.03
183.358
174.097
183.924
177.358
181.684
180.94
182.185
176.333
178.727
183.29
179.291
183.696
183.946
179.408
178.838
181.251
182.734
178.263
177.679
177.586
180.223
179.318
181.272
183.062
177.844
183.051
178.538
180.918
180.182
178.78
178.078
182.014
183.894
179.686
178.969
184.521
180.936
181.231
179.337
181.359
180.985
177.789
184.98
181.341
180.034
181.687
182.457
179.808
180.865
180.666
182.938
181.049
179.562
182.714
178.746
177.859
179.272
179.835
179.648
182.232
178.95
185.262
183.528
178.343
179.71
181.444
175.995
177.564
177.901
177.38
180.24
182.012
179.818
181.225
179.772
182.273
178.819
175.711
178.522
182.881
181.241
181.548
181.641
179.436
185.694
181.146
175.272
179.615
182.274
181.861
181.188
180.928
179.428
183.759
179.673
181.368
180.384
178.147
181.573
181.28
179.66
178.105
181.733
179.853
184.019
182.814
180.521
179.123
181.785
182.129
181.755
182.011
184.034
175.525
181.824
178.494
179.648
179.521
177.392
179.916
179.104
179.645
179.143
181.925
180.715
182.315
184.295
181.193
174.922
177.708
182.834
183.377
180.426
182.993
179.609
177.515
183.355
178.665
178.343
178.095
183.878
177.915
181.401
181.519
183.164
183.224
178.258
179.811
180.114
179.645
180.816
175.956
178.272
183.028
181.175
183.952
179.654
178.522
187.749
180.223
181.657
180.61
181.475
181.949
175.041
180.643
177.497
183.477
182.86
174.22
181.068
182.795
181.23
182.402
180.814
181.508
178.128
184.841
180.312
178.799
178.979
182.15
181.788
181.323
182.242
183.264
181.283
182.433
179.711
180.06
182.066
180.963
180.462
180.301
182.609
181.543
180.484
180.342
184.706
178.954
184.309
179.548
184.115
176.735
179.889
181.356
178.063
178.138
177.965
182.704
178.021
181.805
185.971
175.162
181.511
176.964
178.654
179.563
179.823
180.023
182.588
183.939
183.478
178.909
177.656
177.609
179.361
181.44
178.676
180.691
182.767
181.454
180.457
180.016
179.941
182.063
181.113
180.562
182.009
178.461
179.626
183.426
182.655
183.817
180.388
181.043
179.946
178.433
178.264
180.881
176.217
180.859
179.119
178.269
182.486
183.9
179.173
179.103
182.218
177.399
179.561
181.297
178.028
177.928
180.025
183.505
180.426
178.481
174.594
177.687
186.5
174.78
179.283
180.37
180.634
180.387
184.794
181.94
183.673
180.108
182.572
178.735
181.789
179.252
180.935
178.225
181.348
184.57
182.062
181.233
183.201
180.416
181.925
180.077
179.312
184.538
179.442
181.042
179.286
178.079
181.769
181.707
182.605
180.239
181.043
179.065
181.461
179.708
182.586
186.098
182.617
181.089
178.34
182.746
186.401
180.915
176.468
180.354
176.819
180.783
177.911
183.66
181.704
179.66
180.882
178.589
178.949
182.847
184.508
177.82
183.851
181.021
179.858
185.014
180.94
178.242
176.711
179.953
183.029
184.818
176.654
185.367
184.632
181.433
180.084
182.468
177.805
180.676
180.779
183.837
178.539
183.035
178.568
180.791
184.279
184.029
185.026
179.979
180.296
179.791
180.461
180.866
179.712
182.581
178.76
178.083
181.993
184.572
183.888
185.57
173.882
182.269
180.327
178.333
180.718
181.399
178.999
180.586
178.433
181.334
176.079
181.303
181.137
177.988
182.222
179.603
184.038
181.272
177.249
178.358
181.411
179.445
182.592
183.518
185.074
183.864
176.965
180.247
179.008
184.611
182.252
181.721
177.934
181.796
180.06
182.116
183.544
180.854
180.527
181.985
178.661
181.374
181.83
180.626
180.507
183.463
179.738
177.022
180.248
176.433
179.4
186.013
181.431
182.117
180.112
177.922
177.912
176.254
179.714
181.66
178.023
181.03
183.843
182.083
181.489
182.335
183.567
177.028
179.56
178.559
181.383
180.024
181.67
179.902
180.772
189.262
177.96
179.676
177.975
180.128
184.402
183.134
176.71
183.833
178.246
182.504
181.107
181.373
181.143
180.659
180.459
179.176
176.915
179.356
181.409
179.403
177.078
178.234
180.028
181.16
174.934
179.03
176.07
175.188
181.637
173.845
176.527
181.412
180.399
183.242
177.738
178.819
182.533
179.374
179.832
176.804
179.578
181.814
178.581
180.83
181.189
179.002
183.452
183.198
179.174
179.832
179.065
181.364
180.334
179.461
180.692
181.209
181.052
179.115
182.047
181.383
183.108
176.231
183.493
178.913
179.798
177.595
176.859
184.482
185.925
179.251
182.1
178.53
180.457
177.298
178.04
179.285
181.53
181.538
179.698
181.395
183.07
181.862
180.082
175.724
181.544
180.138
180.328
182.298
178.121
184.331
179.111
181.57
175.923
177.006
183.362
181.408
177.794
179.587
180.956
182.586
183.332
183.182
179.456
180.461
179.809
183.052
180.304
180.348
178.844
181.241
174.533
177.751
178.404
181.566
178.05
180.005
183.234
178.889
178.473
181.728
180.772
183.167
181.467
178.395
180.202
182.438
178.519
182.617
179.74
179.059
178.282
177.534
176.329
177.67
178.401
179.787
182.532
176.187
179.266
179.785
178.597
183.919
180.966
180.902
185.705
176.81
179.247
176.332
180.216
183.01
179.77
183.843
179.327
181.059
181.585
178.266
180.544
178.74
176.613
183.192
179.595
182.221
179.798
181.452
182.115
182.521
181.968
183.017
180.842
181.149
181.638
180.939
181.766
182.09
178.074
182.345
184.391
177.577
177.717
181.943
178.34
179.073
181.152
182.173
182.285
183.436
178.829
179.588
181.698
181.769
184.199
182.841
177.031
180.688
185.327
181.695
179.88
182.096
180.607
178.728
176.094
180.703
178.531
184.651
183.21
183.527
183.503
180.345
177.593
179.604
180.994
178.61
181.884
183.821
180.695
179.287
180.543
183.2
176.333
182.057
180.497
182.397
180.09
177.283
177.092
180.946
181.799
183.643
179.852
180.571
176.071
183.971
179.267
183.234
183.4
181.205
181.094
176.294
178.977
180.151
178.85
186.526
179.655
183.152
174.901
177.034
183.884
176.64
182.179
180.661
182.124
178.277
181.784
176.668
177.142
176.952
183.979
177.491
180.131
180.378
177.394
178.364
182.482
178.273
179.089
179.164
183.936
178.606
183.211
180.578
178.435
177.234
177.904
180.138
181.075
176.986
182.296
181.462
180.593
179.292
179.765
181.715
180.755
182.125
181.846
181.876
183.492
182.103
181.953
179.539
179.937
179.624
178.262
183.8
181.062
178.771
180.205
181.204
181.226
180.439
182.465
180.565
180.005
183.623
179.311
177.525
180.524
176.934
177.954
182.499
176.334
176.923
179.669
178.718
179.045
178.002
181.466
178.944
181.781
182.502
179.759
183.089
183.725
183.398
182.441
176.786
179.091
185.018
182.712
177.228
185
186.651
184.011
182.035
181.672
183.458
181.76
182.908
177.322
178.797
185.496
178.085
181.942
175.511
178.375
177.611
183.132
185.758
180.827
179.247
182.646
178.685
182.575
183.436
177.219
177.055
183.418
183.136
181.108
182.578
180.487
181.962
181.466
178.96
182.338
178.369
183.079
182.923
181.057
184.583
186.825
183.018
179.335
183.109
183.104
179.216
179.906
181.464
182.388
182.832
181.029
178.986
182.983
177.185
181.344
181.305
181.537
177.979
181.043
179.726
180.419
177.565
180.038
182.165
179.717
182.495
178.892
181.233
178.96
185.827
181.493
179.163
178.154
181.283
179.277
179.589
181.373
182.897
181.036
182.641
176.397
181.417
181.096
180.751
182.131
176.471
183.2
180.509
177.467
179.88
180.378
180.409
185.975
178.78
179.351
182.572
176.539
178.407
181.188
184.911
177.732
177.704
185.802
177.432
181.495
179.125
180.03
183.019
181.791
182.159
177.329
183.299
182.437
182.888
182.774
186.08
178.918
176.173
179.037
181.771
177.039
182.628
175.982
181.14
180.86
177.683
178.617
184.716
183.179
178.69
181.086
182.355
182.828
177.154
181.14
181.4
177.37
178.144
187.51
179.635
177.978
177.695
178.958
178.96
182.332
180.342
186.508
178.916
182.792
183.217
179.562
173.666
176.076
176.967
181.793
181.421
180.774
177.187
179.719
178.603
179.771
177.814
183.786
178.743
181.637
180.835
178.031
179.05
177.587
182.965
179.719
180.077
178.786
183.249
180.088
177.206
185.418
181.909
181.99
183.991
178.314
181.478
178.82
180.625
180.243
184.218
180.525
177.226
179.698
182.509
181.774
180.095
179.264
182.468
181.305
183.37
178.729
183.654
178.326
185.016
179.857
181.314
176.545
181.425
182.023
180.322
182.646
185.333
175.292
180.819
178.049
177.166
183.606
179.157
182.938
176.265
179.885
179.941
177.495
182.059
184.02
182.545
181.512
181.236
179.444
182.209
183.003
179.611
181.65
182.981
176.862
185.714
179.149
183.228
182.467
180.526
180.922
183.986
181.152
178.856
177.886
180.477
177.988
180.788
179.487
181.664
179.188
180.237
179.788
178.141
180.382
178.002
181.34
176.932
178.636
180.569
178.597
182.536
180.065
178.557
178.152
178.885
177.601
187.887
179.852
185.384
178.849
180.274
184.187
181.589
178.377
180.521
177.524
176.813
181.339
178.281
178.916
179.235
175.678
177.594
181.84
176.98
181.535
180.708
176.752
175.883
183.896
183.23
180.13
179.31
179.931
181.563
176.173
180.602
183.151
182.613
180.164
181.882
181.695
184.691
181.866
181.012
181.787
181.018
183.604
178.276
179.225
182.738
178.192
180.519
179.088
179.791
182.055
185.092
177.798
176.347
182.424
183.541
177.63
179.886
183.399
178.743
182.958
179.689
178.446
179.574
178.818
180.536
175.132
182.024
181.175
181.175
180.481
180.197
181.337
181.762
183.418
182.277
181.339
178.749
181.563
182.546
180.922
184.706
183.934
177.742
183.958
178.605
182.162
183.458
183.09
184.475
178.415
181.677
182.393
178.443
181.496
183.168
179.929
181.971
184.098
179.692
177.019
178.217
177.446
180.327
178.17
183.698
181.216
179.419
184.286
183.949
181.838
178.495
177.237
181.599
181.37
179.385
183.102
181.563
182.012
179.759
179.075
183.088
181.428
181.467
183.006
182.496
179.179
180.614
182.018
182.548
182.296
181.896
184.227
179.902
179.054
180.172
178.746
177.809
182.759
182.649
180.415
179.967
184.744
184.112
177.636
176.452
182.545
182.55
182.525
179.026
182.952
182.1
180.486
181.865
183.416
179.108
180.314
182.281
177.773
177.919
178.144
183.154
180.629
182.801
180.788
176.802
182.505
181.955
182.95
180.39
180.956
179.378
180.542
178.233
186.345
181.736
181.564
182.624
180.014
181.701
181.851
180.019
181.93
176.081
179.478
179.357
178.997
180.075
182.152
181.54
178.03
176.421
180.973
180.742
181.792
178.894
178.907
176.498
177.498
179.152
176.823
181.014
178.649
181.619
179.61
178.11
182.302
182.468
183.598
179.851
180.134
180.442
185.188
179.947
176.767
182.146
185.081
181.544
182.534
182.84
177.51
179.965
179.634
182.455
180.974
180.536
180.971
181.761
178.39
176.713
176.428
179.442
180.973
180.682
183.428
181.58
178.153
181.421
179.754
177.77
179.236
183.574
177.217
179.653
181.165
184.866
183.958
180.793
183.275
176.708
181.229
183.194
178.435
178.275
179.13
181.391
178.024
181.59
181.675
184.276
183.483
180.793
181.458
180.454
184.266
182.193
182.457
181.839
181.896
178.523
180.84
179.641
181.729
180.98
186.942
176.405
179.427
177.84
181.924
180.923
182.487
178.358
176.454
182.422
180.871
182.299
181.369
180.223
181.638
184.692
182.227
183.03
185.685
177.373
180.859
180.652
174.332
179.945
179.343
179.68
181.543
177.017
176.076
183.768
181.215
184.495
183.402
178.279
178.546
182.309
180.342
179.506
178.741
178.006
178.902
182.836
178.865
179.961
181.698
178.597
179.17
177.395
185.605
181.386
178.041
184.634
177.543
181.787
181.53
178.638
178.386
182
179.685
182.986
180.242
179.625
181.524
179.219
182.961
180.549
179.415
183.214
181.663
175.993
176.943
178.355
179.51
181.566
179.498
183.101
181.809
183.792
181.201
180.289
184.146
180.463
183.281
179.126
177.734
181.656
182.038
178.292
179.123
181.871
185.658
182.446
179.014
176.676
181.23
178.764
180.894
181.295
182.402
182.667
181.386
178.205
181.509
181.473
179.73
178.09
177.391
182.545
182.041
182.061
179.741
183.485
184.629
182.201
178.961
178.427
182.615
180.527
181.227
177.59
179.945
180.715
179.746
178.538
183.512
176.899
182.341
176.287
179.825
178.336
180.455
181.55
180.659
175.862
178.152
180.754
183.045
181.38
178.23
179.711
180.433
182.045
179.84
178.603
181.831
181.091
178.976
179.945
180.144
180.309
180.526
176.966
180.109
180.569
182.106
181.331
178.049
178.922
181.443
180.936
179.298
183.617
176.748
181.166
180.67
183.994
180.761
180.313
181.134
182.359
176.285
181.952
181.35
180.19
180.446
182.546
177.637
179.319
182.461
175.285
177.347
184.006
184.161
182.368
175.847
182.222
180.883
178.603
180.305
179.76
180.875
181.669
176.299
179.737
181.801
182.602
177.209
181.05
180.13
182.292
182.195
179.923
182.089
181.097
182.389
179.229
178.785
179.993
178.615
181.084
181.421
183.445
179.57
182.156
180.8
178.647
177.307
183.059
181.585
181.928
184.04
181.81
179.514
179.678
182.625
183.125
179.217
178.023
182.04
187.952
175.821
179.98
181.24
182.037
177.558
181.269
180.011
178.46
180.404
179.571
176.951
180.204
181.094
181.874
179.236
181.493
181.498
179.703
180.212
185.07
175.214
182.576
178.751
178.675
179.231
175.958
180.863
183.739
176.686
176.889
181.562
179.433
174.31
184.773
178.593
181.041
180.599
182.44
177.205
181.561
176.504
180.292
176.623
182.09
178.79
183.753
181.842
180.095
178.319
177.279
181.328
179.109
182.226
181.092
177.992
180.484
178.996
179.472
181.589
179.635
184.853
181.48
181.64
182.126
178.565
176.962
182.018
181.287
178.218
176.688
185.412
176.075
180.322
185.782
184.389
184.128
180.188
185.842
182.29
174.032
176.795
180.047
180.984
177.83
181.058
181.98
181.818
178.495
185.699
175.221
176.316
183.002
182.673
180.083
179.774
181.274
178.881
181.235
181.988
177.92
183.483
180.238
180.427
175.229
179.704
178.67
180.572
178.307
180.73
180.905
183.908
184.911
181.203
181.598
181.884
183.548
179.364
180.748
181.11
182.483
181.87
178.225
182.935
184.452
177.228
182.428
179.443
185.71
181.523
176.659
180.731
178.914
179.898
181.264
181.631
177.945
180.881
180.152
183.539
181.737
178.033
182.94
177.279
179.288
183.757
181.626
181.631
180.883
178.353
182.389
184.037
179.505
180.221
180.058
181.611
179.539
186.092
177.442
179.817
175.343
177.382
182.667
179.253
180.151
181.003
179.968
177.07
181.665
179.056
181.49
187.628
179.875
176.64
179.525
178.027
180.687
176.163
180.215
180.948
176.114
183.416
174.059
180.731
184.857
184.683
178.664
186.588
181.361
176.611
179.967
178.302
180.093
181.841
178.418
181.162
180.118
181.999
180.099
179.423
175.978
180.19
185.694
181.429
179.081
179.664
177.702
181.589
182.919
177.574
179.689
182.458
181.419
180.499
179.905
180.647
181.779
180.688
178.296
181.618
181.143
177.872
180.46
181.334
182.602
179.243
183.035
180.429
180.157
175.033
182.081
184.588
178.933
179.776
181.115
179.453
182.405
179.216
175.813
181.953
180.747
181.675
180.007
179.888
183.524
182.173
181.378
177.837
183.701
174.818
178.221
176.936
179.789
177.415
178.693
180.609
180.173
176.72
180.116
179.104
181.789
182.689
180.223
184.851
181.239
183.273
182.716
178.444
177.934
183.469
177.246
179.472
181.643
182.052
176.531
180.291
181.9
177.638
176.395
181.204
175.641
181.6
183.293
182.159
173.817
182.861
184.959
178.074
180.932
178.364
176.774
179.106
182.964
182.105
181.437
180.279
182.952
178.244
179.806
180.787
177.466
181.45
181.448
184.589
175.475
181.875
179.212
180.671
177.792
179.386
178.739
181.395
181.827
179.236
178.234
183.96
177.32
180.151
179.493
177.587
177.93
177.12
183.681
188.427
185.764
178.716
181.044
178.778
186.443
181.94
180.964
182.357
180.916
181.036
178.912
182.156
180.456
180.269
180.315
182.934
181.678
178.095
178.746
177.65
185.916
181.281
179.416
181.005
176.359
177.66
179.729
183.733
182.223
178.776
180.213
181.022
179.957
180.362
182.761
180.909
182.747
179.867
181.384
179.471
177.909
181.373
179.987
180.81
180.316
178.574
178.162
183.866
179.668
181.448
181.776
176.584
179.492
181.907
180.718
183.324
184.68
183.3
176.447
182.593
181.806
182.83
179.635
179.352
181.37
182.664
182.747
182.091
181.586
176.43
184.281
181.259
177.637
179.161
182.221
183.111
179.013
178.495
179.566
182.552
178.57
181.646
178.808
180.312
179.401
181.634
182.764
180.48
181.37
182.441
183.35
184.643
179.832
182.058
179.137
180.686
177.862
176.213
173.896
180.466
182.355
182.475
180.383
181.359
181.537
179.498
182.39
180.284
184.249
178.751
177.765
183.273
182.388
173.589
179.855
176.114
180.631
182.991
185.105
178.857
178.079
179.812
180.422
179.425
179.295
185.367
179.513
176.658
178.055
185.305
179.767
185.233
178.404
178.853
176.95
176.613
182.678
185.593
180.437
180.616
178.459
179.728
181.792
179.579
180.564
180.27
183.589
180.961
181.942
180.986
180.687
183.513
180.685
181.192
179.557
179.477
183.523
176.781
181.971
178.873
181.749
177.713
183.483
181.05
177.367
180.946
182.903
179.756
179.663
179.409
178.604
184.769
179.8
181.421
180.794
176.628
184.713
186.604
179.506
179.142
177.245
180.919
179.616
180.116
179.918
180.833
181.051
181.145
180.096
178.252
181.802
178.671
176.658
183.215
179.137
180.139
180.374
179.762
178.442
182.788
179.818
178.8
179.828
175.379
176.991
176.316
181.013
179.14
182.258
173.923
182.742
183.48
181.845
180.758
184.278
180.421
186.212
179.437
177.281
178.359
182.011
182.151
184.558
180.718
182.134
179.26
180.797
173.055
180.03
181.204
181.2
179.798
180.813
182.284
178.588
178.688
180.993
178.454
180.639
179.384
179.334
185.959
179.923
178.523
181.862
180.997
180.522
178.655
184.472
177.707
179.858
177.581
177.006
183.977
177.27
183.828
181.795
179.47
173.794
178.415
179.184
179.643
181.478
180.614
177.706
182.127
183.529
182.723
186.228
177.409
178.755
177.693
182.296
177.353
182.88
179.194
185.389
180.504
184.8
179.737
178.89
179.682
182.476
183.301
179.93
177.461
180.047
177.851
178.007
177.125
180.816
176.633
178.8
182.719
183.787
181.856
179.28
181.305
177.785
181.176
177.694
176.189
182.96
176.24
184.215
182.466
182.442
179.825
179.876
181.941
183.622
179.815
179.974
182.193
175.744
180.394
178.617
177.946
178.73
182.114
185.127
182.738
178.486
177.928
182.219
174.803
182.61
180.101
181.519
185.508
179.986
180.138
187.992
180.051
177.738
180.084
179.627
182.748
181.153
181.109
184.608
179.222
178.429
181.477
182.159
178.95
182.546
180.158
175.483
183.037
181.159
181.78
179.295
183.768
181.122
184.364
181.856
179.078
178.662
183.646
183.712
182.232
175.683
178.888
179.829
177.85
180.362
180.904
178.013
183.561
182.258
180.888
180.721
177.584
185.519
180.004
180.482
176.377
179.297
180.87
182.102
182.515
181.215
181.453
184.566
175.348
181.177
181.171
185.184
181.447
182.88
180.838
181.413
179.406
180.446
178.422
181.821
180.773
182.25
179.095
177.636
182.09
184.279
181.642
181.785
182.724
181.238
179.803
180.331
181.737
179.215
182.82
179.254
179.157
182.001
180.399
181.927
179.395
182.192
177.7
182.472
178.606
180.938
177.631
183.47
181.546
181.654
177.91
180.312
183.446
181.829
178.761
182.668
181.3
184.208
184.113
178.987
182.613
177.363
178.926
180.004
182.055
178.579
183.639
182.07
180.429
177.191
179.346
176.868
179.275
180.439
176.498
179.48
182.131
182.775
182.948
179.995
184.618
187.431
182.257
176.953
178.729
187.879
181.015
178.043
181.555
181.856
178.02
184.702
182.371
181.041
180.828
179.596
177.422
181.692
178.289
177.224
178.496
179.582
180.534
180.027
177.551
177.512
184.251
181.117
178.588
180.979
183.592
183.881
181.581
186.463
181.761
180.147
182.723
177.462
181.649
180.196
180.413
180.082
183.583
181.446
176.588
182.281
180.658
180.206
180.166
179.307
180.072
180.026
180.994
180.43
182.378
178.591
179.194
185.091
180.244
179.871
178.282
180.136
181.232
174.833
180.154
180.462
181.209
182.944
180.518
180.414
183.292
178.061
182.448
180.534
181.422
178.122
182.671
178.694
184.785
180.422
180.483
175.699
180.752
177.598
181.266
180.983
184.629
184.356
181.986
178.636
179.243
177.449
183.174
180.808
175.975
183.362
181.821
181.889
182.118
180.726
182.457
177.527
177.996
177.443
176.148
179.329
180.454
179.832
176.09
179.379
180.869
177.599
175.906
181.655
176.6
182.274
180.953
176.612
180.402
182.038
177.96
181.629
181.65
180
180.919
182.587
178.009
179.531
186.898
182.885
184.171
182.609
177.495
180.119
171.876
176.67
178.047
179.722
182.377
176.748
179.027
184.028
180.863
179.699
176.783
176.629
178.383
179.881
183.595
182.146
180.665
180.975
179.252
178.251
177.868
180.42
180.249
179.381
185.005
181.038
179.642
178.311
183.253
182.935
176.856
176.003
179.771
178.701
180.095
181.521
180.899
182.891
181.348
181.128
182.499
179.911
181.365
182.146
185.302
178.599
178.742
177.663
181.201
177.852
179.181
184.558
183.063
186.532
180.162
183.366
182.111
176.655
179.568
177.819
183.656
177.475
177.84
182.496
183.176
176.56
177.115
177.394
183.336
182.162
184.5
180.413
179.09
177.228
180.628
181.601
180.757
184.763
177.073
183.75
179.963
185.331
179.133
180.177
182.324
180.189
180.314
179.415
176.084
181.697
177.048
184.833
177.553
177.568
178.464
178.493
183.063
180.035
180.845
183.885
181.727
183.119
177.354
177.149
179.746
179.879
185.123
181.23
182.797
181.507
178.291
182.221
182.497
180.206
176.548
184.874
184.13
182.323
177.353
182.052
184.017
182.967
177.54
179.461
180.801
184.379
182.453
180.432
180.865
179.688
177.139
180.065
178.102
183.942
177.977
182.779
178.969
181.459
179.756
184.269
181.278
178.061
180.934
183.351
179.334
182.751
181.062
181.28
180.886
183.315
179.41
180.071
177.494
180.894
185.558
178.751
181.23
184.932
178.909
181.288
178.307
178.257
181.034
183.864
179.256
182.362
177.726
182.475
179.75
178.194
183.68
180.028
182.954
176.75
183.779
176.708
182.607
180.445
178.868
178.396
180.252
181.942
181.296
184.502
182.257
180.634
178.917
178.405
182.2
177.858
182.421
179.646
188.296
177.723
178.491
180.695
183.2
179.838
182.108
180.876
182.091
179.786
182.339
179.411
180.634
181.122
182.467
182.833
179.271
178.981
179.872
176.616
182.568
182.872
175.728
179.95
181.786
182.212
177.806
179.067
181.142
181.479
180.193
181.939
180.116
183.902
180.061
173.792
175.153
180.954
178.744
178.324
180.644
179.456
177.62
181.023
181.936
180.503
176.162
177.594
182.065
175.37
179.177
179.041
176.361
179.045
180.468
179.878
184.256
177.877
180.21
175.904
183.843
185.363
184.369
182.285
183.625
180.949
179.507
182.353
179.968
181.388
182.539
178.409
182.503
182.166
181.433
179.3
178.481
179.348
181.138
179.931
181.619
180.873
179.931
179.238
178.098
178.709
177.769
179.189
184.589
176.09
185.234
183.32
179.116
182.856
184.887
183.076
180.483
180.278
179.93
180.39
177.608
181.252
180.319
183.499
182.951
175.169
179.373
182.478
180.314
181.888
181.203
175.894
181.407
178.353
180.364
181.248
181.828
182.717
179.305
179.356
182.515
177.176
182.932
177.018
177.756
177.86
183.818
183.042
181.195
179.988
177.964
179.491
184.472
178.164
183.68
182.311
179.396
182.633
179.461
180.49
181.182
179.203
180.146
179.962
182.209
181.048
183.321
179.427
182.533
183.148
177.667
180.454
179.086
178.603
179.582
182.108
178.039
184.575
181.686
183.027
180.032
179.358
185.228
174.953
183.142
180.674
179.308
183.276
176.337
179.927
180.224
182.164
177.988
181.73
182.643
181.354
184.15
182.336
182.073
177.225
179.027
179.935
182.529
187.287
184.797
181.602
178.839
179.689
182.177
179.636
180.531
180.749
183.901
181.032
181.353
179.256
178.134
176.164
183.469
181.379
178.331
182.16
181.542
182.25
177.358
178.585
180.56
183.275
182.07
182.446
181.4
180.482
178.194
180.451
178.548
180.435
181.775
178.338
181.301
177.411
180.833
178.133
181.651
185.682
181.289
178.254
187.222
182.844
182.13
182.319
176.913
177.097
179.849
182.193
179.123
184.937
177.534
178.278
180.856
180.975
184.274
177.881
179.12
183.394
179.47
179.744
179.734
182.148
178.503
180.685
182.212
177.883
178.757
178.285
179.644
180.602
175.941
178.689
181.301
177.346
183.457
178.867
183.418
178.167
175.847
181.514
184.525
177.992
180.814
180.041
177.692
180.717
182.036
181.787
178.143
183.634
180.906
183.937
179.501
183.037
180.797
182.398
181.913
176.989
180.051
184.668
182.965
178.991
177.661
180.533
180.365
179.654
179.387
181.887
182.021
175.547
181.158
178.623
182.374
180.964
180.773
181.013
179.014
185.51
187.35
185.89
182.078
182.599
175.132
180.142
177.674
179.978
179.034
180.623
181.567
181.304
181.326
178.128
181.514
177.519
177.783
182.239
182.179
183.127
179.841
178.884
182.559
179.298
178.456
180.957
178.767
180.243
178.887
180.772
185.132
182.651
177.388
182.184
183.615
179.541
181.877
179.504
181.884
186.7
180.053
178.467
183.143
183.695
178.026
184.943
181.901
178.858
178.941
182.136
175.18
180.13
179.595
179.13
179.501
180.726
178.161
179.52
177.316
178.078
178.635
176.917
179.825
180.283
184.232
175.658
181.435
183.636
174.809
181.607
176.87
183.962
178.203
178.394
177.777
183.6
184.256
180.618
178.58
179.792
179.813
180.897
187.116
180.46
182.455
183.03
181.759
180.092
179.204
177.048
179.057
184.844
180.767
180.396
182.88
181.988
184.966
180.94
178.799
180.68
184.396
185.311
182.636
182.843
174.824
184.521
180.879
182.038
181.657
182.379
185.271
176.919
177.008
181.476
177.881
180.048
184.156
180.323
185.329
175.933
182.641
182.346
179.414
182.179
180.861
181.682
183.074
176.796
180.426
183.408
181.853
181.505
178.973
179.398
181.957
181.914
179.817
182.028
180.769
179.492
182.194
177.406
176.56
180.909
180.007
180.544
182.601
179.904
179.795
185.502
179.465
182.391
181.437
183.698
177.137
179.637
180.582
183.769
178.831
186.868
185.566
179.203
179.568
179.715
179.127
177.227
182.888
178.691
179.113
182.575
176.116
180.118
180.807
177.699
180.563
182.672
179.848
179.79
179.058
180.158
179.113
179.625
175.272
177.146
179.589
182.146
179.624
181.281
182.556
185.089
181.676
179.092
180.437
181.423
179.658
176.565
180.203
183.239
183.406
179.982
186.313
178.481
179.664
181.647
178.494
180.925
179.621
186.288
182.198
182.899
179.276
180.389
175.006
181.98
182.544
176.847
180.757
176.322
178.827
182.016
177.522
184.988
178.825
180.89
177.154
179.098
176.706
182.334
178.13
182.226
178.781
185.212
188.351
179.102
187.233
181.425
180.771
182.022
176.299
178.611
182.281
180.838
180.861
177.322
178.058
181.91
177.016
180.426
179.862
180.514
173.547
180.599
178.621
180.548
178.815
181.153
181.392
179.861
177.468
179.252
177.186
183.156
182.107
175.082
180.087
181.173
183.423
179.354
178.899
180.529
181.286
179.234
183.987
180.623
180.459
182.735
177.771
180.989
182.711
182.566
182.219
179.007
180.286
180.123
178.65
181.005
177.097
175.51
181.397
181.615
184.58
183.736
181.974
176.246
182.564
183.283
178.235
180.903
179.624
178.981
179.991
179.961
178.402
183.571
175.618
179.145
177.16
182.723
183.543
181.818
178.349
176.022
180.079
181.361
181.335
178.636
180.202
180.081
181.714
181.682
181.39
178.359
177.274
183.988
178.896
183.842
179.401
177.212
177.745
179.628
183.522
181.562
180.871
182.134
177.743
179.897
179.215
179.436
181.516
181.255
174.476
180.402
176.605
179.088
176.598
180.978
180.889
180.52
180.92
181.601
180.496
185.1
181.068
181.523
182.011
181.026
186.576
180.59
179.915
181.642
178.022
180.262
179.831
180.609
178.145
179.146
179.115
183.324
181.621
181.817
179.434
179.846
183.191
179.666
178.977
184.992
183.258
179.586
176.87
180.82
182.104
175.301
177.131
183.363
179.184
178.804
180.416
178.781
181.445
179.717
180.252
181.655
186.235
182.857
181.133
178.847
179.273
181.573
177.164
176.772
180.982
179.615
178.202
184.564
180.482
178.527
180.227
179.291
184.404
178.6
184.495
183.477
179.863
178.96
182.675
182.162
181.639
180.804
181.893
182.692
177.362
177.444
183.486
180.136
182.984
182.045
183.083
178.753
178.066
183.987
176.486
176.803
179.794
181.57
179.291
177.648
180.544
179.279
183.178
184.136
178.858
180.652
179.394
179.001
181.157
178.854
184.111
180.548
180.337
179.156
181.837
185.117
176.284
178.935
177.54
180.422
180.738
178.132
