163.65
160.913
161.694
161.619
161.498
165.96
166.217
161.707
163.69
162.231
163.528
164.464
161.983
163.986
163.683
163.56
160.512
165.151
161.581
162.342
164.266
164.574
163.722
160.94
164.545
166.48
163.281
167.05
162.854
161.383
162.545
164.723
162.739
162.787
163.955
165.836
163.396
160.476
164.847
165.85
162.421
163.76
160.67
162.034
162.536
163.107
162.146
163.183
164.616
164.255
163.83
162.502
164.034
162.634
163.453
162.485
164.221
164.143
163.355
161.233
161.44
162.308
166.343
163.946
163.139
165.365
161.67
163.201
163.707
164.804
163.302
164.704
166.151
164.493
161.3
164.21
163.974
162.039
165.602
161.299
165.16
161.18
162.518
165.291
161.995
164.186
164.87
165.106
163.146
165.219
163.404
165.949
161.655
166.068
163.597
162.129
167.279
166.554
164.161
161.642
164.343
165.083
161.32
159.922
161.531
163.715
164.066
164.091
160.888
163.434
162.401
162.617
160.639
162.346
165.699
161.362
162.871
164.092
160.665
165.731
168.884
163.4
163.104
162.116
166.385
165.909
163.173
164.425
162.576
164.944
162.492
162.398
163.065
162.904
163.978
160.01
163.741
161.232
162.781
165.752
163.347
162.576
161.593
163.5
163.972
163.294
159.047
162.925
161.327
163.473
164.126
162.678
163.431
163.946
160.836
166.496
161.789
164.591
163.999
165.554
163.082
163.095
162.102
160.958
158.821
167.797
166.197
162.856
162.921
162.401
166.089
163.227
161.304
163.147
165.733
164.452
167.095
162.197
165.99
162.435
167.304
166.768
163.161
163.611
164.536
164.927
161.908
161.641
162.542
162.374
163.353
164.83
164.147
163.562
166.615
165.355
161.57
160.971
160.973
161.056
164.593
163.652
164.656
160.457
165.529
163.83
162.268
161.549
163.178
165.159
162.461
165.741
163.643
161.839
162.081
164.894
164.334
165.563
163.661
166.56
162.572
160.919
159.013
163.31
166.351
162.191
162.669
161.461
163.133
162.152
164.418
164.052
166.375
161.489
161.464
164.339
162.527
163
161.109
162.187
164.987
160.537
161.602
163.616
163.506
160.935
166.036
165.765
165.749
160.383
168.648
165.229
161.473
159.702
160.571
160.856
164.869
160.038
164.278
159.465
166.667
161.455
163.02
164.034
162.58
162.923
158.891
160.795
163.814
160.724
162.364
164.167
164.179
166.145
163.993
163.277
162.192
161.285
165.3
163.064
160.399
163.504
164.414
164.09
164.08
164.992
164.209
162.396
168.514
162.736
165.749
164.316
165.459
164.94
165.65
161.434
162.231
161.513
162.651
162.789
164.317
159.262
166.923
166.611
162.681
159.627
159.471
164.703
164.389
163.312
162.915
166.124
165.646
162.773
169.436
164.372
160.246
165.119
161.401
164.405
163.258
163.089
162.672
161.36
159.373
165.419
161.572
164.33
164.627
161.391
166.903
164.65
164.361
163.877
159.793
163.634
164.923
161.743
167.304
165.075
165.952
162.683
162.167
161.609
164.138
161.727
162.818
163.387
167.087
161.63
163.158
166.523
163.088
164.388
162.784
164.405
162.739
166.403
162.769
163.559
161.15
163.471
163.371
165.33
166.351
165.848
164.558
161.82
161.712
163.625
161.194
163.254
161.901
160.469
161.638
162.076
164.85
164.408
164.149
164.256
164.626
166.962
162.283
161.304
164.044
165.319
162.002
163.764
165.114
163.395
161.779
166.882
164.585
161.634
163.666
162.921
164.286
161.705
161.538
165.245
159.608
161.885
161.255
162.634
163.627
161.839
165.946
160.702
161.612
164.46
163.885
164.198
165.557
162.967
162.749
160.309
168.51
164.159
162.977
165.037
160.755
162.075
161.923
163.614
163.437
159.539
159.864
160.327
161.849
161.59
165.018
165.606
161.225
158.729
162.659
161.298
160.751
161.247
161.98
166.703
158.728
161.688
163.613
163.315
162.839
161.622
162.184
163.2
164.361
162.867
159.702
165.399
162.861
167.565
163.581
164.188
164.449
165.515
165.323
162.31
165.491
161.615
163.769
160.432
161.688
164.72
165.738
163.937
163.478
164.813
165.441
165.435
165.074
163.049
158.628
164.426
164.503
162.047
165.007
161.544
163.399
166.15
161.685
160.894
162.481
162.824
162.897
160.885
163.047
162.503
165.776
162.919
164.214
162.401
162.412
163.799
162.503
164.784
165.413
164.674
164.354
162.784
164.568
163.643
164.46
162.04
160.769
162.582
163.107
160.716
163.868
165.307
164.316
167.83
163.022
162.821
166.716
161.097
164.459
163.572
160.878
163.029
161.805
164.642
162.254
165.244
165.101
166.314
162.013
168.515
162.877
166.77
163.952
165.457
164.621
160.328
162.322
162.69
164.402
162.655
162.971
168.189
162.62
166.025
162.281
160.685
163.84
164.663
163.247
167.748
165.727
165.464
162.347
159.807
163.888
161.653
166.039
161.4
162.593
161.946
165.132
165.091
163.968
165.496
164.843
163.958
164.436
160.7
167.682
165.939
165.012
162.747
163.469
164.402
164.517
166.983
161.251
165.441
162.76
163.475
167.05
162.657
164.908
165.998
164.619
162.373
164.321
162.053
162.995
161.285
161.474
166.376
168.27
162.117
161.765
161.821
160.358
163.033
161.911
166.543
165.243
164.719
167.15
164.361
164.987
162.388
164.981
161.201
158.601
160.919
162.405
159.757
162.116
165.104
162.908
162.451
165.132
162.322
164.209
162.759
165.581
164.878
160.862
163.312
164.707
164.204
164.138
163.167
164.865
159.724
163.03
162.938
164.782
163.44
164.962
161.75
164.309
159.131
165.332
161.573
162.743
164.865
163.212
163.719
162.556
163.021
165.441
166.892
166.115
163.498
162.853
163.419
163.152
166.423
161.175
163.153
164.984
161.852
164.203
161.628
163.904
160.449
161.587
160.176
164.163
161.642
162.227
163.105
163.048
164.462
164.81
165.773
161.258
163.009
164.31
162.524
163.462
162.444
163.19
164.32
163.689
162.418
162.014
162.77
161.169
164.122
163.195
161.999
162.235
164.63
163.617
162.629
159.501
162.532
159.47
164.68
162.231
161.422
162.485
162.784
167.355
164.077
165.473
161.046
162.578
162.123
163.528
163.332
165.097
161.332
164.878
166.019
161.764
163.018
161.883
164.074
164.263
161.574
168.919
161.372
164.535
162.279
161.716
164.774
163.776
163.756
162.802
166.301
161.22
164.654
166.63
161.664
164.059
163.743
159.503
165.029
165.293
165.446
165.156
168.129
162.15
162.606
163.077
159.939
164.497
166.131
162.471
163.368
162.66
163.293
158.378
161.738
167.35
163.444
160.377
164.062
166.29
163.32
164.192
162.864
166.729
161.175
163.627
160.258
160.997
159.044
166.181
163.229
159.528
162.106
166.976
160.332
163.028
161.846
162.835
165.852
163.892
165.231
158.946
165.782
166.449
164.148
162.281
161.017
163.413
163.787
164.209
160.602
162.648
163.235
165.261
166.686
160.604
160.791
158.276
160.709
161.889
160.934
164.894
162.466
167.287
163.076
163.693
162.613
164.094
161.595
164.39
163.463
164.394
164.437
163.339
160.295
165.441
163.756
162.494
163.154
163.769
165.308
163.155
161.707
163.605
161.151
166.493
164.527
165.736
162.328
161.203
164.464
164.347
164.193
165.205
167.283
162.677
161.942
162.425
163.65
165.492
163.174
165.933
164.284
161.344
163.725
164.583
161.423
164.538
165.797
163.038
163.759
162.124
166.415
161.942
163.268
164.111
165.546
162.585
168.446
163.898
162.052
164.244
167.066
161.051
164.342
162.698
163.122
160.155
161.937
162.866
164.428
162.974
163.361
159.297
161.868
161.599
165.522
165.815
163.984
165.006
164.908
164.531
165.517
161.865
161.963
164.465
162.468
164.439
164.456
164.567
165.149
161.819
161.423
164.675
160.832
166.984
163.987
163.615
160.679
163.219
162.09
161.662
164.978
163.526
162.628
165.614
166.063
162.235
164.49
163.688
161.771
161.254
160.411
164.022
164.538
165.58
165.903
163.238
164.241
164.829
161.741
162.637
167.945
162.159
161.066
162.304
163.575
163.236
163.84
165.014
164.806
162.99
166.262
161.096
162.457
162.603
166.414
164.017
163.295
163.645
163.906
162.981
165.208
163.233
163.921
161.206
165.384
162.785
163.476
161.191
166.648
164.569
160.961
160.824
164.024
163.241
165.07
162.348
165.386
161.316
160.952
164.559
161.349
160.505
162.613
160.311
161.824
162.697
162.479
164.497
162.829
164.209
162.292
163.711
161.839
161.896
166.164
166.283
161.886
163.867
162.387
164.056
161.894
160.387
159.462
162.243
166.619
163.681
164.566
165.01
164.81
162.037
166.895
163.425
167.656
165.173
166.868
162.866
165.448
162.194
159.152
163.845
164.112
162.234
161.013
163.3
166.804
162.358
160.673
161.344
164.411
160.89
161.621
164.331
160.718
163.331
162.252
161.757
164.249
161.051
166.059
164.143
161.214
166.799
164.66
165.111
164.19
161.341
164.058
164.139
159.719
165.222
161.47
160.699
161.921
163.678
163.649
158.66
165.286
164.441
162.034
162.468
164.241
162.938
165.612
162.596
166.552
162.879
163.786
159.975
165.615
168.098
164.666
163.599
162.174
163.7
165.067
160.826
166.186
164.601
164.651
160.28
160.674
156.835
164.667
163.583
164.329
162.59
163.19
166.324
162.265
165.783
160.631
169.085
161.78
162.208
161.378
165.014
162.295
160.683
164.02
162.786
164.195
159.855
165.109
162.725
163.3
164.38
160.538
162.103
161.774
162.81
165.396
162.685
159.941
163.693
160.665
163.702
161.403
164.92
162.777
168.254
162.99
164.093
160.785
162.294
162.432
162.236
163.739
162.581
163.784
162.027
161.39
164.97
165.773
163.057
158.944
164.246
162.701
163.657
158.609
163.31
165.912
164.74
165.818
163.311
166.628
159.158
166.873
166.436
161.234
162.396
164.992
164.039
160.195
162.083
160.566
161.646
165.673
163.651
160.887
163.464
161.789
168.528
164.471
164.304
164.85
161.808
163.171
159.821
164.239
162.425
163.839
162.686
160.937
162.235
163.029
165.147
162.779
164.543
164.183
161.773
162.528
166.497
159.177
167.511
164.945
165.081
164.896
166.966
162.911
160.796
163.803
164.766
163.157
163.62
165.878
166.247
164.384
163.276
163.255
166.121
163.633
162.517
165.216
162.613
163.138
164.57
162.956
158.837
164.248
163.148
166.392
164.825
160.28
162.845
167.417
164.105
165.908
158.447
166.457
161.123
161.146
161.549
161.469
164.921
164.016
164.806
163.102
164.569
163.675
161.75
158.773
163.943
164.426
162.369
164.203
163.157
165.148
163.332
164.873
163.584
161.976
166.794
169.601
164.513
159.836
164.689
161.614
161.22
162.082
167.362
160.585
164.41
162.737
164.964
163.04
165.893
165.914
163.196
161.222
165.671
163.284
165.201
165.421
162.742
163.626
161.015
167.296
161.149
163.16
160.846
167.381
163.65
160.772
163.823
165.883
166.946
162.762
164.699
162.373
162.564
166.339
162.189
161.784
164.679
163.615
169.01
160.082
163.773
161.219
164.942
161.253
163.444
162.957
160.034
165.571
164.077
160.728
164.048
164.151
163.621
162.672
163.609
161.229
159.274
160.924
164.644
166.75
161.401
162.609
163.342
164.408
163.935
163.251
163.497
164.141
164.007
165.061
164.001
163.41
164.055
160.082
163.624
163.484
164.379
167.921
160.799
162.292
163.582
160.941
161.857
162.29
160.565
164.031
162.068
163.24
164.051
161.386
163.067
161.99
162.654
164.061
163.497
166.754
165.365
165.127
162.626
162.834
159.981
164.666
163.558
165.439
162.674
163.586
166.779
159.705
165.681
162.271
163.01
161.072
163.115
166.719
166.266
164.637
163.136
163.976
167.02
163.338
163.461
159.36
163.26
165.047
166.314
162.001
164.203
162.541
162.995
163.39
164.8
164.141
158.952
164.084
163.573
163.191
165.087
166.211
163.618
162.741
163
161.276
164.638
162.747
165.675
163.791
162.357
166.879
162.814
162.637
163.418
161.278
162.172
162.837
162.885
164.334
161.046
161.356
164.862
162.015
164.007
164.917
163.561
162.424
164.164
164.316
163.525
163.223
163.656
162.957
160.257
165.1
160.262
161.936
163.348
160.503
161.545
166.913
165.148
164.383
164.643
162.465
166.322
166.424
163.075
164.128
162.646
162.721
164.164
163.42
162.053
162.446
163.73
162.24
163.205
160.106
162.902
164.132
165.355
161.263
162.849
160.851
163.046
163.646
161.971
163.596
163.861
163.923
162.929
163.273
162.039
163.784
163.402
163.065
166.576
161.308
165.91
163.711
163.104
161.064
162.654
163.914
163.356
163.174
164.762
163.986
164.302
162.751
164.721
162.101
162.559
164.3
163.486
161.237
160.873
163.204
163.966
160.243
163.239
162.419
161.386
163.794
160.442
167.721
162.745
162.336
166.243
162.047
165.114
163.511
162.591
164.006
161.329
160.142
164.444
162.701
165.461
165.804
163.456
159.91
159.909
159.301
161.651
162.559
162.3
161.006
163.036
161.251
160.018
163.668
164.937
163.246
161.673
163.172
162.332
161.544
161.348
165.416
163.558
164.214
164.278
161.549
165.49
166.637
163.694
165.874
165.423
166.7
165.19
163.72
165.947
160.864
163.688
162.908
161.635
162.257
165.034
160.835
162.568
163.908
162.224
166.673
165.566
165.267
165.629
165.821
163.633
164.915
165.453
164.392
165.137
165.124
161.493
164.46
167.181
161.677
165.521
162.849
160.442
165.125
164.083
163.898
165.948
162.443
162.504
167.036
162.351
164.95
162.853
164.098
161.86
166.555
166.741
161.637
166.278
162.526
163.553
164.181
162.51
162.723
163.425
164.121
161.755
163.687
162.416
163.593
160.986
163.054
162.871
163.129
164.242
164.765
163.977
162.678
163.724
165.595
161.537
165.413
161.962
164.028
160.206
165.498
165.331
163.112
163.996
161.649
163.381
163.491
161.964
167.717
162.756
166.026
162.728
162.485
162.344
162.364
162.771
163.14
162.219
167.04
166.582
167.131
158.909
163.209
162.598
162.023
164.447
164.798
162.816
165.333
168.053
164.197
163.672
163.274
161.853
163.111
164.377
164.381
162.2
165.136
162.573
164.772
161.662
163.395
165.478
163.572
161.199
161.684
162.925
161.957
162.783
163.111
165.707
163.332
162.22
165.549
163.558
164.556
164.228
165.634
164.393
163.296
163.183
162.885
165.387
162.167
159.932
162.772
165.05
160.957
163.219
164.53
164.985
162.468
163.335
163.667
163.07
164.523
161.423
163.981
166.779
164.65
165.969
164.507
163.867
161.532
162.204
162.147
163.874
162.1
164.391
162.072
164.449
160.9
164.077
165.884
164.218
161.817
164.945
164.963
162.106
164.756
167.698
166.734
166.702
162.741
164.518
166.127
162.199
165.406
160.383
164.924
165.345
163.726
166.142
165.276
162.674
162.857
164.984
166.869
164.479
161.871
163.797
165.794
162.759
164.671
162.59
164.43
162.262
160.633
160.952
161.07
161.955
163.366
163.379
163.338
164.634
165.064
164.928
161.965
163.539
166.165
160.49
162.737
162.895
163.415
162.824
160.766
160.193
166.135
161.662
164.022
165.035
165.636
166.01
162.665
161.569
161.38
165.455
164.699
161.892
162.564
163.65
161.396
163.978
163.277
161.524
165.553
162.471
161.825
164.665
164.448
165.53
162.927
168.092
162.942
165.203
162.443
165.373
159.609
162.341
165.74
160.843
165.73
163.094
162.904
163.749
162.577
160.134
163.931
163.297
166.181
163.72
159.556
165.871
165.075
165.781
167.866
161.002
166.433
162.917
162.636
162.739
162.963
158.712
162.751
163.17
163.271
166.55
161.926
162.53
164.994
164.311
165.267
162.382
164.458
163.636
161.509
162.548
162.806
162.411
165.29
162.315
161.499
163.021
161.424
164.068
166.815
161.339
164.587
164.294
163.541
162.471
159.583
167.245
164.084
160.593
165.291
162.209
163.787
164.739
163.417
162.172
161.131
163.489
165.165
161.521
166.453
164.844
164.233
164.418
160.62
160.716
161.528
167.149
161.125
163.367
164.472
163.692
163.766
159.672
161.65
165.862
164.067
161.061
161.591
166.105
162.971
160.711
165.258
160.559
162.248
164.205
165.989
163.095
162.428
163.745
164.295
165.352
162.965
166.024
163.59
161.994
161.733
161.186
160.223
163.111
162.788
161.661
164.152
165.151
163.326
165.827
166.193
162.196
156.783
163.845
164.168
161.54
160.317
164.665
162.794
165.078
168.286
161.064
163.062
162.244
165.839
165.213
164.935
163.817
163.026
164.895
162.013
161.539
163.255
164.356
161.448
163.465
165.466
159.948
165.023
162.593
164.126
162.518
164.827
163.046
164.093
164.417
163.973
165.365
167.824
160.797
161.995
162.992
161.751
164.883
162.792
161.365
164.874
160.113
165.942
163.789
160.875
157.735
165.226
163.453
165.131
164.176
167.754
159.904
162.694
164.929
162.681
164.23
162.272
163.729
165.355
162.726
162.306
163.078
164.938
161.377
165.885
165.207
164.424
162.846
160.5
162.064
162.44
166.769
162.457
161.031
162.706
164.788
165.391
165.258
163.207
163.017
164.794
161.787
159.134
161.845
160.173
163.204
160.879
161.516
167.201
165.254
162.364
163.823
163.981
163.556
165.886
162.288
163.429
162.585
167.011
163.985
162.528
163.656
164.151
166.967
160.643
164.901
163.491
164.959
161.729
163.795
163.715
162.323
162.531
166.668
161.46
162.387
162.132
164.044
165.467
167.581
165.471
162.51
166.704
167.422
161.941
162.222
163.819
162.63
163.065
163.893
161.173
164.392
166.707
163.246
165.659
165.086
159.462
161.146
165.593
166.5
164.23
161.864
160.993
164.332
163.417
161.651
164.283
163.035
165.651
165.85
162.493
164.246
166.63
164.099
163.527
159.728
163.651
165.906
164.021
163.308
163.32
165.32
162.479
164.289
163.484
163.873
163.756
161.178
166.02
161.356
164.742
164.799
166.35
166.341
162.911
161.381
165.095
164.673
163.843
161.65
163.375
166.217
160.728
165.497
163.413
160.807
163.356
165.587
164.468
165.772
164.757
162.252
163.652
165.111
163.063
159.98
164.924
161.88
168.344
165.688
163.314
163.628
162.082
164.007
163.834
162.292
163.773
165.412
163.246
165.573
162.048
167.531
164.738
159.216
162.316
161.881
163.932
164.033
163.305
161.361
163.554
161.102
162.591
162.793
164.352
162.273
164.251
163.413
166.216
162.121
162.022
165.887
162.961
160.613
164.44
165.449
163.012
162.599
167.055
166.098
164.682
163.351
163.97
159.749
161.584
160.29
160.686
163.555
163.137
163.841
163.238
164.116
162.334
160.007
166.762
164.887
163.707
168.068
163.742
164.796
157.772
162.42
162.922
162.99
167.919
162.308
162.358
162.546
161.425
165.276
164.708
164.919
159.376
163.728
165.893
162.634
163.828
164.36
159.194
163.192
161.706
162.507
165.332
164.741
164.566
161.29
162.127
163.091
163.192
161.9
164.049
163.932
163.1
163.862
162.26
162.344
164.488
164.025
163.481
165.611
163.658
168.151
162.965
162.719
166.238
161.858
163.798
163.802
166.415
164.161
158.701
162.851
162.74
162.724
161.996
162.164
163.571
163.139
168.294
161.536
164.71
160.107
165.17
161.853
164.065
163.505
161.455
160.868
158.974
157.816
163.373
164.536
164.95
163.767
161.893
166.575
160.879
165.588
164.067
163.285
162.177
164.643
160.826
163.271
165.497
165.092
161.32
163.686
165.743
163.678
163.306
159.718
163.272
163.774
163.846
166.529
163.945
165.434
164.129
159.595
162.925
161.939
166.966
163.427
161.231
162.988
163.122
163.973
167.129
166.02
162.03
159.449
164.162
161.815
165.389
163.999
164.641
167.225
164.926
165.23
163.874
162.959
164.681
162.479
163.23
166.055
163.5
162.758
166.363
161.742
163.244
162.867
162.483
162.14
164.428
166.759
163.591
163.557
165.855
166.717
161.176
164.858
163.236
166.026
166.092
162.608
163.414
164.863
163.484
163.16
163.481
159.397
162.754
164.928
162.542
165.165
163.175
164.096
163.188
161.581
163.983
160.509
163.157
163.582
163.297
163.773
163.19
165.509
162.153
162.654
161.559
164.469
160.402
162.886
164.833
163.299
161.04
164.922
166.587
165.108
160.308
165.032
163.206
164.259
162.138
165.029
162.535
163.966
166.464
165.92
162.91
163.55
163.22
164.166
162.735
163.475
164.206
164.089
164.958
163.072
163.887
159.676
164.243
163.691
162.503
161.461
160.368
160.847
163.611
161.725
165.81
164.068
163.485
165.484
162.614
162.959
163.522
162.478
164.427
165.723
163.455
161.106
163.44
165.98
159.439
161.787
161.533
163.513
158.083
165.175
164.151
164.872
163.994
165.105
163.471
165.468
165.292
166.298
164.332
163.319
166.128
161.01
162.91
165.05
163.911
163.778
165.185
162.54
164.284
163.608
161.383
163.811
163.696
163.216
166.099
165.864
163.886
164.869
165.059
164.439
162.648
164.702
162.962
162.37
164.03
167.36
161.271
162.527
161.944
163.291
163.169
160.645
165.228
162.413
164.203
163.603
161.588
163.565
163.502
167.152
165.754
163.604
162.319
164.247
159.883
163.493
160.836
161.533
161.628
162.461
162.01
163.673
166.87
165.796
165.429
166.646
162.804
165.339
164.404
164.256
164.501
160.202
162.805
164.393
164.748
161.626
164.799
163.623
165.297
162.846
164.281
163.594
162.68
161.466
161.203
162.933
168.502
166.036
167.415
164.969
165.379
165.513
163.822
164.058
163.619
165.445
165.983
161.754
160.994
164.346
161.827
162.918
163.042
162.256
163.482
162.488
163.973
162.02
163.914
160.085
163.004
162.02
163.72
164.275
160.847
164.716
161.556
163.704
162.391
162.858
161.947
163.376
164.7
161.443
162.106
165.484
166.924
165.977
164.218
165.018
163.149
164.781
164.97
162.89
163.228
165.89
162.362
162.118
158.355
163.379
162.787
160.504
162.935
164.095
162.228
164.033
161.156
160.778
163.238
162.767
160.236
163.088
161.203
164.345
164.331
161.706
159.929
163.977
163.53
163.413
162.199
162.966
165.961
163.01
164.818
160.011
164.383
167.13
157.647
161.586
162.03
163.858
165.931
163.086
162.576
162.497
166.103
164.016
167.862
162.018
163.439
164.613
165.087
159.767
161.858
164.663
165.554
165.875
163.866
160.974
162.727
166.85
163.465
163.775
162.643
165.974
163.705
164.35
165.457
164.175
162.6
164.745
162.358
163.878
162.345
162.682
165.009
165.16
162.203
165.345
163.506
161.893
166.826
164.622
164.738
162.759
164.837
163.618
164.007
163.159
168.567
161.872
164.014
161.335
165.264
163.976
163.356
161.597
162.496
163.763
164.647
164.251
161.374
162.74
165.869
165.628
165.625
163.677
165.618
163.393
164.455
161.982
163.316
166.605
161.613
162.979
164.831
159.547
159.411
166.039
161.912
165.601
164.15
163.251
165.084
165.745
160.579
161.155
162.136
162.984
161.98
164.176
164.86
164.668
164.577
164.06
166.375
162.677
165.494
161.928
161.562
160.881
165.16
162.317
164.943
168.419
163.858
166.246
162.492
166.079
163.329
164.999
164.469
161.226
162.766
161.396
164.206
165.932
161.112
163.863
165.948
164.405
161.817
159.5
166.004
167.026
163.751
163.554
168.454
166.1
166.234
164.06
162.722
167.643
163.591
161.511
166.498
164.023
162.64
161.668
165.764
163.109
162.99
161.119
166.985
162.886
157.886
164.729
163.756
166.238
162.077
161.829
164.026
162.288
159.375
164.117
163.495
163.042
161.874
163.137
163.893
166.556
164.101
160.362
161.851
165.298
161.673
163.472
162.541
165.124
162.587
161.362
162.133
161.543
164.305
162.375
166.798
164.252
160.451
163.008
165.887
165.234
164.542
160.768
165.223
162.603
165.634
160.982
163.053
162.172
164.037
159.62
165.489
165.107
161.718
163.703
161.088
162.947
163.416
163.806
161.97
165.184
162.287
163.254
162.894
162.656
164.869
164.151
160.056
165.655
164.733
161.434
160.651
165.208
164.836
164.254
161.274
163.246
162.267
164.09
164.442
160.598
163.509
162.986
165.761
161.485
163.916
163.116
163.456
164.172
163.174
162.077
162.927
163.268
164.767
165.674
165.803
164.355
162.654
158.44
163.825
163.452
161.08
162.009
161.334
164.709
162.42
163.368
163.716
161.834
164.639
166.849
164.515
164.406
162.758
161.036
165.309
162.217
162.995
159.607
160.811
162.313
161.642
166.566
160.921
165.361
163.547
163.381
163.459
167.41
167.839
166.678
163.125
162.304
163.529
160.649
165.507
162.555
161.424
158.595
163.425
162.378
164.328
162.771
162.778
160.724
162.882
162.166
165.245
165.599
164.385
163.239
165.023
162.648
165.864
165.642
161.767
161.571
160.226
164.737
167.814
161.981
162.561
164.89
166.007
161.597
164.262
162.591
162.716
164.61
162.466
162.861
165.17
161.969
165.126
161.633
163.422
163.085
166.515
161.838
165.323
163.593
162.987
164.636
163.589
164.058
162.738
163.569
165.061
162.552
162.384
160.507
163.748
163.507
164.372
161.89
162.586
166.349
161.326
163.902
163.147
164.544
162.992
162.062
163.268
162.039
166.811
162.129
160.83
160.871
163.505
164.711
164.457
160.671
164.261
162.812
165.04
164.277
162.959
160.452
165.518
166.475
162.804
164.617
161.597
168.066
163.353
162.439
162.985
162.881
164.516
163.399
162.117
164.014
166.316
161.475
165.014
162.04
163.024
163.386
161.799
164.316
162.11
159.803
163.816
163.903
160.564
161.606
166.45
167.271
166.065
165.517
164.219
164.3
164.532
162.621
164.05
161.167
164.703
161.09
163.425
166.298
164.14
163.801
163.201
161.535
161.738
167.129
161.869
162.228
163.204
162.663
163.135
160.573
162.417
162.045
163.433
160.462
164.591
167.11
161.734
164.538
165.45
158.886
161.736
167.076
163.014
162.092
162.436
163.361
165.488
166.169
165.261
163.094
164.516
159.888
162.474
160.577
163.017
164.321
163.381
163.861
165.424
161.94
165.282
160.882
165.032
162.662
165.94
163.915
162.028
166.431
163.577
161.396
165.422
163.189
163.25
164.614
165.866
161.92
165.693
162.826
161.586
163.241
165.4
160.69
164.865
160.309
162.913
162.287
165.418
165.517
166.086
162.839
163.328
162.059
164.185
163.125
161.286
161.956
164.329
162.298
164.847
160.964
163.479
162.671
162.419
160.777
164.114
166.757
164.865
165.225
161.371
160.885
163.888
166.185
163.925
167.354
165.112
164.856
161.978
162.498
163.105
164.827
165.075
162.97
162.212
163.92
163.01
164.988
165.927
165.093
159.435
164.699
162.547
163.62
163.539
161.478
162.539
161.424
163.943
164.832
161.009
165.019
165.244
163.372
165.19
164.466
165.045
162.259
164.167
165.184
164.997
163.281
161.483
163.428
165.149
161.262
163.781
161.612
163.727
161.178
162.525
166.228
165.572
161.938
166.021
165.335
162.446
159.466
164.651
162.965
165.795
161.266
160.526
167.791
163.519
160.697
162.716
161.743
164.741
165.668
162.326
162.843
163.133
164.836
163.439
163.82
163.614
161.956
165.728
158.635
162.649
163.361
161.3
162.358
166.656
164.838
163.671
166.131
164.762
163.685
163.684
163.683
164.581
161.233
164.376
167.09
163.738
162.331
163.045
162.871
163.558
162.124
163.093
165.55
164.568
164.514
161.61
164.988
168.784
162.289
164.983
162.307
166.352
158.933
163.196
161.693
166.706
162.681
162.091
162.15
160.714
162.43
162.999
163.47
162.517
163.932
161.516
163.564
161.475
165.334
161.756
159.832
161.355
163.845
163.644
160.564
162.681
163.336
165.883
162.177
163.464
163.04
161.981
162.923
165.132
162.726
163.578
165.343
162.949
166.191
165.965
165.031
162.37
166.089
164.136
166.317
162.936
161.82
159.17
161.786
161.755
165.762
163.946
167.063
165.331
163.513
161.427
165.073
165.436
162.84
161.536
167.311
161.936
165.135
161.403
166.182
163.932
162.892
160.997
162.277
161.983
160.535
165.201
166.777
162.302
164.563
163.448
163.61
159.485
161.52
162.167
164.147
161.866
164.038
161.752
165.881
161.76
162.952
161.723
164.304
164.382
159.806
165.443
162.255
163.418
164.456
163.15
164.04
162.925
160.836
164.36
161.689
167.437
161.109
163.332
162.738
165.832
165.805
161.062
162.824
159.422
161.67
166.053
163.156
160.344
162.51
165.437
164.715
161.992
165.811
161.116
165.095
162.453
163.739
163.789
164.171
162.976
162.953
160.728
164.77
161.516
160.46
165.228
162.41
164.54
163.323
165.336
160.346
166.461
163.288
166.22
164.551
163.836
164.311
165.499
162.95
164.617
166.781
163.296
164.036
163.617
164.995
165.848
164.078
166.605
164.022
164.379
162.454
162.92
160.961
164.693
161.111
166.64
167.325
164.812
165.751
164.47
163.562
165.817
165.314
163.142
163.951
164.402
167.298
166.07
162.725
160.574
166.373
163.664
160.968
163.599
162.231
160.785
163.598
164.822
160.941
164.654
162.123
163.504
164.731
162.818
159.827
164.371
165.471
161.786
162.669
162.299
164.81
163.018
163.17
161.909
161.654
164.238
161.455
163.442
164.173
165.458
160.543
165.287
160.677
166.539
166.788
165.726
162.736
162.954
163.657
161.234
165.574
163.266
167.979
164.742
165.491
163.837
161.931
164.765
164.022
164.028
162.47
166.434
161.314
162.893
162.828
164.047
165.875
164.703
161.586
164.512
165.04
167.324
162.224
163.982
164.259
161.169
167.376
164.653
158.668
161.56
166.156
163.147
166.248
161.982
164.149
164.901
159.888
162.159
165.79
160.749
163.103
163.677
164.691
166.042
164.161
162.903
163.892
165.287
164.114
161.7
168.309
164.522
165.44
160.946
162.649
163.79
163.988
163.822
163.068
163.777
164.078
165.64
164.577
165.185
163.163
163.907
165.041
161.398
164.243
162.119
164.836
164.661
166.402
162.471
162.978
164.803
162.206
164.095
162.032
164.922
163.156
163.456
164.584
164.618
166.191
165.684
164.156
161.921
163.541
163.763
164.632
163.381
164.851
163.349
163.26
164.533
162.64
159.138
164.194
164.629
166.145
163.791
163.856
163.78
167.033
163.811
165.098
163.89
164.419
167.347
166.237
162.237
166.909
164.255
159.212
163.464
161.647
163.574
161.934
166.102
164.169
164.775
163.597
161.867
163.343
162.679
162.039
161.337
165.009
160.604
166.028
162.753
163.69
161.871
163.213
159.08
163.84
163.076
163.649
161.741
163.913
162.268
162.86
162.918
167.44
163.551
164.707
164.988
162.908
161.6
162.285
162.235
163.037
160.832
165.182
163.756
162.722
161.959
164.162
163.337
165.876
166.866
164.73
163.163
164.012
162.08
163.456
162.658
164.468
163.066
164.959
163.26
159.194
160.699
164.013
164.697
165.829
165.584
161.201
163.823
162.856
164.53
168.335
163.5
168.218
163.087
166.325
163.868
164.574
160.205
166.318
161.258
162.454
161.641
163.953
163.595
164.946
165.921
164.126
165.448
161.839
163.211
163.448
162.73
165.244
163.302
161.477
163.399
162.947
161.451
163.02
164.689
164.672
161.086
162.947
162.738
165.853
165.749
164.303
166.264
160.169
160.289
161.85
166.723
161.016
163.219
163.255
164.292
162.193
162.45
161.978
163.261
168.91
163.491
167.492
164.45
162.502
162.64
160.871
163.514
164.577
161.94
167.961
164.794
163.669
163.072
162.259
162.345
165.695
161.62
167.071
166.03
166.273
165.389
164.431
163.294
164.877
161.318
163.69
163.915
166.058
163.959
163.844
160.644
164.876
163.059
160.242
164.795
164.785
163.651
163.352
163.403
164.879
161.792
163.029
163.5
163.997
161.445
164.34
163.054
159.297
164.831
161.465
163.988
166.023
162.802
166.442
165.711
162.166
164.729
159.668
165.203
164.036
161.071
164.938
164.765
161.957
163.318
164.486
158.99
163.966
163.907
162.07
162.881
163.289
165.711
164.653
161.696
163.488
166.881
162.456
162.161
165.307
165.8
161.022
160.186
156.381
166.138
164.179
163.864
165.075
167.458
161.979
162.566
163.916
161.736
162.469
162.502
161.897
158.004
160.498
162.049
163.667
162.248
169.567
164.457
160.416
159.005
161.857
162.663
159.865
163.717
165.569
161.583
164.897
167.199
164.169
164.916
163.945
164.9
164.685
164.329
164.904
162.681
163.762
162.955
162.464
162.775
164.154
163.313
162.401
161.069
160.682
165.225
160.997
160.943
163.851
164.712
162.415
163.321
164.006
162.582
163.511
158.796
165.655
164.862
164.604
163.417
161.899
164.59
164.243
164.325
164.993
162.45
161.008
164.637
162.173
161.991
167.482
165.525
162.187
162.53
162.72
163.6
162.946
166.185
162.103
166.729
166.529
164.776
163.304
163.992
164.617
163.311
162.8
165.314
162.928
162.334
163.072
160.561
163.572
161.072
160.641
161.905
161.061
161.919
164.16
159.283
164.637
164.097
165.33
161.159
160.028
166.405
166.794
167.665
160.89
160.048
160.964
165.886
161.594
164.732
163.03
163.219
160.873
163.777
167.202
164.701
162.181
164.716
162.97
163.822
165.881
161.955
163.144
166.364
163.199
165.351
160.669
163.02
166.77
165.735
165.169
161.64
164.604
163.512
163.834
163.347
162.024
161.867
164.359
160.12
164.819
166.467
162.973
165.822
163.874
167.222
166.055
165.318
161.759
163.174
162.399
160.639
162.546
163.199
164.991
165.08
161.156
164.439
163.817
161.331
165.817
163.98
160.529
164.686
166
162.981
163.617
164.79
161.789
165.281
162.126
161.268
162.38
163.4
161.683
162.403
165.042
163.103
163.76
162.987
163.986
163.774
162.141
164.929
162.005
164.338
165.077
165.572
162.447
160.171
164.504
165.157
167.067
164.897
162.042
161.824
163.254
164.975
162.021
161.939
163.602
161.007
165.604
161.317
163.106
165.819
161.853
163.324
166.309
161.537
162
162.368
162.056
163.764
162.871
162.719
160.637
165.743
163.77
163.452
162.165
167.615
161.591
168.216
162.526
163.943
161.672
165.195
162.429
165.865
163.369
163.893
163.115
163.188
162.616
163.663
163.647
163.226
164.415
165.431
166.799
160.276
164.881
163.268
161.908
162.151
162.055
163.439
163.96
164.325
161.773
161.105
164.485
161.892
161.961
164.684
163.183
162.021
165.547
161.231
159.161
162.836
165.956
163.274
165.112
162.115
161.369
162.484
162.98
159.927
162.847
164.728
165.512
164.794
163.085
161.735
164.318
161.543
166.586
161.585
166.692
162.503
165.232
167.357
160.9
161.023
159.281
163.217
158.792
168.674
163.54
164.599
163.313
166.857
165.96
159.756
165.675
162.11
166.155
164.743
166.599
164.306
159.119
162.719
163.355
160.281
161.761
166.944
162.237
161.105
162.379
160.197
163.549
160.549
162.852
164.494
165.212
162.795
164.282
160.97
164.297
165.966
163.589
161.113
161.907
168.02
164.977
161.855
165.059
163.528
163.354
163.388
161.949
161.703
164.732
163.498
164.922
167.417
165.796
161.312
163.856
166.685
161.349
163.086
166.115
167.25
162.673
165.165
158.282
161.207
165.11
161.785
159.064
160.677
162.687
164.455
162.439
165.344
165.182
165.043
165.628
161.239
163.225
162.427
163.335
159.287
163.587
162.917
163.833
165.087
165.049
163.993
162.857
162.482
160.586
164.745
163.891
162.714
162.146
164.399
166.044
166.079
164.391
159.84
163.205
162.866
164.75
163.759
164.67
165.598
162.715
163.332
165.699
163.967
162.698
163.613
161.757
161.881
163.851
163.026
166.878
164.235
165.594
166.482
166.919
165.517
161.063
165.609
162.747
164.774
162.574
162.716
163.667
163.562
162.086
164.104
162.987
164.51
164.161
166.312
163.043
162.575
165.599
162.926
164.229
160.64
162.469
164.874
168.756
164.491
163.846
165.376
164.185
163.715
161.801
160.508
165.424
162.296
159.876
167.191
164.46
163.348
163.265
162.055
165.97
164.238
165.068
165.701
159.079
162.115
162.859
163.301
164.936
162.156
165.776
163.351
164.99
163.656
164.586
164.635
164.18
163.409
162.857
164.762
161.272
164.443
162.978
161.822
163.371
163.253
161.957
165.874
162.536
166.419
163.147
160.934
162.432
158.781
164.991
163.29
163.27
162.026
162.479
165.942
165.98
164.355
162.063
164.884
161.931
161.205
162.528
166.52
163.31
163.18
165.798
160.949
166.82
160.884
161.707
163.087
162.994
164.331
167.072
164.366
162.225
163.474
162.706
163.421
161.636
165.366
161.946
165.041
163.969
163.76
162.431
164.432
164.978
162.96
163.449
164.891
164.625
163.217
161.971
164.638
160.926
163.013
166.127
162.748
161.426
162.075
164.447
162.506
162.723
163.009
162.857
165.89
161.205
164.329
165.525
165.163
166.241
165.201
163.329
161.836
163.705
163.339
163.17
162.044
163.67
163.503
165.75
161.715
163.804
162.441
166.455
161.824
164.393
158.348
165.932
164.562
164.152
163.551
165.997
166.34
163.491
165.031
163.619
162.152
164.32
161.361
160.519
161.322
161.432
161.884
163.422
160.451
161.914
166.343
163.532
161.65
162.532
161.977
163.349
161.881
162.984
161.486
166.278
165.408
164.368
158.153
163.834
160.489
163.338
164.419
164.506
163.712
162.245
163.259
165.136
163.838
164.991
162.278
166.787
161.523
158.669
162.948
161.075
161.71
163.02
163.871
163.67
163.403
163.531
161.423
163.43
165.366
162.14
163.652
162.543
164.306
165.11
163.01
162.809
164.478
163.046
166.641
163.115
166.198
163.828
161.912
164.426
166.88
164.251
164.296
164.651
160.443
159.777
164.644
168.103
165.448
165.296
163.252
165.993
163.611
162.571
160.821
164.979
166.455
163.408
162.676
164.65
161.062
165.339
161.716
168.879
162.359
165.069
161.604
166.021
159.796
162.914
164.338
161.823
160.945
160.102
159.834
162.984
164.716
162.89
164.795
159.358
159.454
164.437
164.293
163.021
163.111
163.658
165.069
161.489
160.364
162.062
160.289
161.14
164.981
160.313
165.514
164.319
164.581
162.199
161.816
163.252
164.7
161.5
162.807
160.369
164.85
165.026
163.139
163.964
161.5
162.463
165.334
164.096
165.176
160.567
163.768
161.893
165.433
163.283
166.954
163.948
164.845
163.658
163.336
163.572
164.539
162.678
162.936
161.267
164.557
165.932
163.157
164.241
164.308
165.177
162.109
167.774
161.559
163.047
161.501
164.77
163.856
161.827
164.195
164.331
161.351
161.019
161.826
165.431
162.344
163.899
159.825
161.921
163.617
165.502
163.52
165.494
164.801
163.473
161.006
165.491
165.09
159.674
164.417
165.132
162.082
162.439
165.22
163.642
166.188
163.715
159.427
161.369
163.909
163.592
161.959
168.567
160.002
163.191
162.128
162.298
160.089
165.662
165.176
163.665
162.853
160.685
160.499
161.534
164.649
167.462
163.586
165.858
161.17
160.361
163.384
160.179
167.563
162.475
165.446
164.303
162.925
163.016
164.339
163.582
164.993
162.064
164.761
160.312
164.59
165.772
165.561
164.759
163.642
164.763
164.786
162.97
161.209
164.509
165.319
163.204
162.99
161.556
164.434
164.058
165.077
163.978
162.16
167.323
164.534
161.748
164.273
163.339
164.895
163.764
166.287
162.627
162.676
164.507
160.559
160.285
161.873
164.153
167.672
163.477
163.981
163.214
163.619
160.54
164.338
163.376
164.106
164.334
163.685
158.903
165.062
162.827
159.248
164.881
163.985
167.346
162.734
164.446
163.099
166.168
161.574
161.526
165.619
165.756
165.423
165.599
164.162
164.149
159.634
166.393
161.902
163.915
164.342
163.646
164.263
164.776
163.525
158.835
164.411
161.359
166.471
164.733
164.983
165.321
164.472
162.252
162.869
163.854
163.703
162.889
163.307
160.553
160.808
164.874
164.462
166.29
162.383
162.026
161.85
160.245
160.696
159.777
162.728
165.247
165.962
164.591
160.985
161.124
165.926
163.428
163.939
162.08
162.018
166.837
160.814
163.528
164.092
165.222
162.013
162.291
162.81
163.608
161.008
163.938
162.723
165.227
162.76
165.26
163.091
164.376
165.864
164.563
161.905
167.092
166.039
166.894
165.244
163.149
164.593
166.709
162.557
160.761
159.592
156.173
162.331
162.128
165.858
164.71
162.917
165.07
164.781
164.519
162.109
159.497
165.135
164.524
165.386
164.849
162.908
163.712
167.548
160.665
163.41
162.952
163.077
165.798
163.391
164.553
161.479
160.951
161.978
162.982
162.182
164.251
159.916
164.481
161.923
164.635
164.076
160.018
163.945
161.472
162.995
163.87
160.7
162.437
163.743
165.055
165.031
163.28
164.107
164.267
161.109
163.171
159.759
163.387
163.511
162.03
163.338
161.765
163.88
163.845
164.536
161.326
165.451
165.35
164.392
165.096
164.784
167.214
165.685
164.664
164.784
163.256
162.571
163.956
165.348
165.907
160.865
164.632
163.394
163.947
165.746
166.033
161.83
162.646
165.972
163.868
162.242
167.41
166.636
161.222
166.133
165.773
165.244
161.921
166.071
164.806
162.925
162.261
161.585
160.725
162.181
166.487
167.532
164.417
162.827
167.22
165.469
166.639
164.547
161.997
167.735
164.122
158.689
164.441
164.071
165.895
163.305
161.421
158.536
163.822
166.572
162.389
165.01
162.13
166.183
166.848
160.908
161.988
162.556
165.191
165.664
163.309
162.517
164.603
162.247
166.15
161.469
162.621
162.867
168.224
159.707
165.444
164.756
162.121
163.902
161.304
163.054
162.747
165.398
164.449
160.851
164.418
160.747
162.353
160.728
163.26
165.409
163.138
163.233
164.783
161.85
165.827
160.065
163.794
162.277
165.162
166.744
163.996
165.016
162.898
163.054
162.504
161.626
164.176
165.984
162.744
161.663
165.38
163.957
163.813
163.245
164.507
161.028
166.963
162.548
163.618
163.616
167.179
164.415
165.85
162.429
162.471
163.644
162.778
166.116
164.015
167.673
161.401
164.755
165.494
164.686
161.938
161.785
165.53
165.391
160.875
162.123
163.161
162.674
163.667
164.892
162.848
160.266
163.313
166.918
161.552
164.847
164.874
165.419
162.984
165.107
162.996
167.297
163.784
168.657
166.36
166.447
163.835
164.305
161.068
163.213
164.278
164.082
165.124
165.567
164.801
165.743
166.243
167.086
164.608
161.908
160.197
163.191
158.959
163.863
165.135
161.744
167.196
159.367
164.971
163.331
166.079
165.306
161.732
162.919
161.974
166.57
164.118
162.013
162.237
163.485
164.123
165.445
164.286
162.017
162.764
164.127
165.076
163.385
163.317
163.766
161.666
163.954
167.001
162.101
164.656
165.318
165.072
167.289
162.994
165.002
160.452
161.772
163.186
166.62
163.364
164.371
164.407
161.253
160.22
165.205
164.732
166.937
161.328
165.151
165.134
161.11
162.194
164.737
168.192
162.904
165.201
162.736
162.749
164.731
166.316
161.918
161.63
164.087
163.038
163.778
163.442
168.143
164.507
164.411
164.525
162.505
164.736
166.203
166.027
167.087
164.77
164.663
162.25
163.745
158.972
163.216
160.597
162.363
165.287
164.888
166.751
160.449
163.033
163.898
162.673
161.243
161.762
164.09
164.047
166.719
162.503
164.603
166.301
165.277
162.004
165.472
162.118
164.102
164.204
164.417
160.569
163.996
159.253
166.15
163.394
164.165
165.64
162.43
164.196
162.597
164.517
161.87
161.208
162.71
163.445
163.245
159.155
166.4
163.072
158.056
163.905
161.802
162.82
164.515
162.557
165.042
163.44
167.161
160.995
166.097
165.332
164.012
165.612
164.844
163.6
164.583
161.812
166.166
161.542
164.788
164.444
160.849
161.645
165.033
162.748
161.554
162.451
164.225
163.488
163.902
165.915
164.027
162.366
160.874
165.654
161.988
163.547
167.486
164.705
160.357
163.819
160.255
162.574
164.068
158.856
164.526
162.333
161.481
165.635
166.85
164.903
161.851
160.603
161.698
167.199
160.174
164.815
161.332
165.759
159.668
161.089
162.827
164.616
165.191
160.755
162.77
165.788
160.019
163.192
162.343
164.85
160.146
165.188
165.341
164.816
160.961
160.513
163.54
162.136
166.816
161.298
163.178
166.121
165.424
164.707
161.25
162.548
160.385
165.606
162.245
162.546
161.197
165.008
160.745
163.788
163.138
161.726
165.799
162.461
166.203
164.767
162.161
161.826
163.455
163.073
163.08
166.041
163.798
163.783
162.291
165.567
166.574
160.977
163.734
164.804
162.356
167.964
161.547
162.452
166.603
164.255
166.257
165.836
165.121
164.264
160.154
164.307
164.85
162.402
164.156
164.052
165.943
161.417
162.412
163.107
162.037
162.705
162.934
159.932
163.724
161.364
163.24
163.923
162.372
165.712
162.059
164.018
162.089
164.558
165.702
163.339
164.029
167.155
161.794
160.526
164.954
161.99
164.619
162.531
164.026
162.236
166.001
161.748
160.775
162.172
163.239
163.249
162.368
162.75
165.836
161.591
162.553
166.127
163.78
163.113
161.206
162.716
165.715
164.05
164.119
164.726
163.292
161.313
163.492
161.968
167.97
162.069
162.123
162.703
161.706
161.02
163.297
163.004
163.175
162.618
164.883
166.863
164.082
162.998
161.85
162.804
163.298
162.889
165.934
161.791
163.795
159.275
163.72
165.187
162.344
165.27
163.997
163.733
164.141
162.181
164.382
164.739
163.369
162.497
164.488
163.291
160.912
163.704
165.545
161.493
164.51
161.995
163.494
164.15
163.043
164.635
162.811
166.805
161.264
160.463
165.082
164.34
162.839
165.955
162.31
162.786
162.675
163.777
163.59
161.693
163.877
162.595
166.214
165.259
163.838
163.502
163.34
162.677
164.517
165.472
161.818
165.443
162.628
165.103
162.438
165.677
160.111
163.435
165.433
163.094
163.389
164.503
162.987
162.563
163.635
165.468
160.283
164.108
164.137
164.51
165.88
163.678
161.803
160.633
164.872
161.521
164.957
164.982
162.423
163.707
164.557
164.776
165.066
162.747
160.965
164.586
165.321
164.15
160.341
164.83
163.563
162.248
163.333
162.561
163.745
164.299
163.327
164.962
165.378
161.545
165.203
164.8
162.232
165.542
164.433
161.095
159.925
162.789
161.736
165.043
163.354
164.251
163.525
160.922
165.21
164.063
162.444
163.339
161.849
161.676
163.118
165.297
163.204
160.563
166.989
165.577
161.947
165.734
162.757
166.15
163.638
160.927
161.591
159.171
162.612
163.299
166.956
165.048
162.526
163.031
162.837
164.047
162.383
163.876
160.416
163.507
163.602
162.357
162.498
162.092
163.424
166.322
164.988
163.162
163.625
160.533
161.743
161.611
162.03
164.121
165.763
163.419
162.801
162.294
159.545
166.116
160.137
164.28
159.945
163.615
163.843
164.354
163.702
163.614
164.548
163.34
165.768
162.221
162.902
162.832
163.183
160.07
162.246
164.51
160.851
165.234
164.71
162.62
164.773
160.767
165.179
167.647
162.96
163.341
164.871
164.567
160.226
159.899
163.691
164.928
165.446
162.087
161.843
162.105
163.117
166.249
164.602
165.86
164.101
163.166
162.093
161.866
163.332
167.039
160.323
165.008
163.154
164.335
160.947
165.619
162.491
159.254
166.203
163.708
163.41
162.588
162.378
165.155
163.446
162.417
163.739
161.735
165.747
163.303
162.307
162.79
162.383
163.358
161.419
162.427
160.92
164.299
166.031
165.124
162.686
165.863
162.981
161.792
162.475
165.393
160.745
166.113
162.227
159.88
163.72
165.606
163.862
164.55
164.797
161.813
160.832
162.463
167.996
160.984
162.014
165.102
164.866
162.143
162.448
161.035
163.922
162.386
162.357
164.243
159.424
163.353
159.986
163.015
164.297
162.913
164.921
165.97
163.669
163.505
160.781
164.376
163.922
162.687
168.112
169.219
163.031
162.243
160.931
162.946
164.132
161.266
162.215
161.912
163.516
166.263
162.009
164.532
163.9
165.34
161.128
161.518
163.367
164.066
161.648
162.272
161.848
161.879
162.347
161.814
165.322
161.229
163.19
161.893
160.776
162.627
160.547
162.48
166.225
166.148
166.248
163.877
165.416
164.89
163.227
166.133
163.846
160.361
162.206
165.286
166.64
162.287
164.969
165.853
165.698
160.716
161.463
164.036
160.607
167.266
162.514
165.122
166.858
161.329
160.424
161.552
160.103
161.51
163.797
164.26
164.596
165.746
162.072
162.709
161.435
162.536
163.387
163.827
164.297
162.859
162.433
164.512
166.1
166.492
164.663
161.323
162.205
163.202
162.653
164.405
159.744
166.321
165.289
165.021
161.607
164.425
161.443
164.928
164.532
162.708
162.271
161.659
167.887
160.428
162.585
162.42
160.392
165.414
163.184
162.095
164.35
163.212
163.672
164.217
164.329
166.662
164.607
160.86
167.599
165.409
162.731
164.538
162.78
163.5
162.888
165.936
161.907
166.242
165.2
161.767
160.417
162.306
163.645
164.449
161.123
161.836
169.316
163.045
163.825
159.431
160.72
160.668
163.623
163.964
167.054
163.332
163.953
163.355
162.222
161.72
163.517
163.48
163.508
162.376
161.398
162.873
167.811
165.854
160.971
166.267
164.293
164.554
166.332
166.937
163.379
161.457
165.38
162.959
163.978
164.412
161.434
165.334
165.241
165.659
164.054
164.397
164.857
166.697
161.726
162.607
160.671
163.514
162.109
163.417
162.804
163.832
164.92
162.284
163.463
162.561
161.762
163.055
165.291
161.53
161.765
164.078
160.878
163.851
162.228
162.536
163.976
163.463
164.715
160.134
167.446
166.106
161.724
162.617
163.794
162.345
163.39
165.45
163.266
163.052
166.361
161.264
165.272
164.084
162.638
165.443
163.283
161.97
165.66
163.903
164.843
164.396
164.253
161.599
164.169
163.904
166.537
161.336
160.992
161.802
165.031
161.688
165.445
160.109
164.628
158.631
164.817
164.489
163.383
162.296
164.094
165.823
160.85
162.586
163.841
166.442
162.459
166.906
161.805
162.284
165.092
164.786
165.405
165.855
164.442
165.05
164.92
164.843
162.12
163.838
165.163
164.448
164.346
164.37
161.709
162.27
164.798
165.197
164.213
165.094
165.017
162.85
163.661
165.155
166.278
163.968
163.598
162.073
161.474
161.701
157.888
159.593
164.301
165.103
163.779
163.933
163.26
164.318
165.649
165.383
164.708
165.009
164.094
162.56
162.477
162.314
164.542
160.888
163.112
163.878
162.734
165.441
164.865
161.859
165.363
164.733
163.616
163.437
162.528
167.364
162.842
160.599
161.33
162.212
166.203
165.301
163.915
163.757
165.081
162.75
163.55
166.732
168.161
163.879
163.447
166.378
163.571
163.452
164.773
161.824
165.802
163.113
164.087
166.338
166.084
164.408
166.202
164.476
163.998
161.255
164.001
163.389
161.032
165.234
161.855
163.884
164.382
163.032
164.924
161.222
163.117
164.505
163.504
161.96
161.787
165.45
160.933
162.698
162.485
163.86
162.465
164.683
162.674
161.601
165.412
163.675
165.945
162.246
163.263
165.516
160.879
161.406
160.108
165.95
163.493
163.157
163.32
164.881
164.938
162.043
160.963
165.946
158.064
163.931
163.069
162.845
163.669
165.517
164.213
161.095
164.495
168.694
168.286
160.866
161.827
163.665
163.865
162.345
162.584
159.998
167.386
162.908
166.242
161.721
163.58
162.392
162.999
164.747
164.404
161.664
166.262
165.237
161.645
161.906
162.557
165.253
162.633
159.603
163.207
164.557
163.096
166.6
162.228
166.182
166.341
162.771
165.098
163.587
162.921
161.43
164.576
161.514
163.377
163.565
165.523
161.033
165.902
165.339
163.884
158.64
164.658
166.726
163.599
166.516
162.879
161.061
164.259
162.437
161.728
163.132
163.371
166.379
162.221
162.752
165.762
163.453
162.359
162.802
161.585
165.898
163.139
162.575
164.641
166.323
161.623
162.46
164.708
160.62
165.196
163.489
163.312
165.506
164.806
163.135
162.602
165.27
159.223
163.648
163.786
165.123
161.883
163.802
163.641
163.176
162.163
164.665
164.347
161.862
161.97
165.456
165.843
160.262
162.789
165.784
165.385
161.025
168.136
163.262
163.278
164.428
166.656
163.053
163.592
164.525
164.399
165
165.701
162.816
163.411
160.96
162.627
160.314
164.284
165.065
162.803
161.242
161.094
161.216
163.986
163.164
163.866
166.503
164.887
162.976
164.404
161.694
163.871
162.217
164.427
167.675
161.642
163.796
164.63
162
160.227
161.137
163.781
162.869
163.599
160.66
161.087
166.747
162.912
162.291
161.151
162.854
161.693
165.877
162.983
163.193
165.112
161.725
165.995
162.917
166.02
162.015
163.312
162.945
157.835
165.282
165.367
161.062
165.406
160.911
162.005
162.196
165.717
162.889
163.148
167.29
166.477
163.329
166.363
164.926
160.525
166.055
165.892
162.553
166.171
161.988
163.212
163.123
162.563
161.674
161.406
160.313
166.489
164.694
165.4
164.294
166.313
161.931
162.38
162.963
163.492
164.567
165.932
162.793
165.15
164.383
164.303
162.319
164.05
166.205
162.307
163.479
160.654
163.938
164.91
162.735
165.543
160.517
164.325
162.883
164.753
163.558
162.365
162.767
160.348
160.65
163.989
162.518
165.406
163.138
163.527
163.914
168.13
159.155
163.717
163.549
163.278
166.186
164.108
165.821
162.974
163.576
164.191
161.435
165.568
162.028
162.178
163.606
161.744
167.032
164.728
163.053
163.884
164.178
164.5
163.313
160.555
163.343
165.352
165.616
163.086
167.437
162.749
165.159
166.449
163.102
164.916
164.994
163.573
165.17
163.156
163.46
162.091
165.787
161.15
164.039
159.372
163.358
160.174
160.874
165.19
163.653
161.964
162.696
162.822
166.418
163.83
167.132
159.911
165.437
164.173
164.032
163.284
162.176
164.619
162.7
163.627
163.996
159.295
168.539
162.791
161.497
167.366
165.76
163.397
159.974
167.045
165.893
164.518
166.054
166.696
162.016
161.496
160.843
163.185
162.614
163.958
160.691
162.672
165.939
162.425
168.333
163.815
162.802
160.637
163.448
162.176
161.197
160.658
162.454
168.213
163.698
160.793
163.501
165.82
164.638
164.275
164.616
165.127
167.92
165.41
164.861
164.739
165.069
164.036
159.821
165.225
160.691
164.923
159.805
161.507
164.413
162.181
159.259
164.211
164.073
164.678
162.23
166.061
165.765
162.183
162.971
163.322
163.226
160.285
162.931
163.141
163.659
165.763
160.659
163.792
159.071
162.352
163.665
162.645
163.255
164.172
164.932
163.158
163.02
162.281
164.908
157.006
164.608
163.197
164.861
164.146
161.444
160.635
163.968
164.993
159.132
161.037
161.159
168.495
160.15
161.534
161.761
163.156
163.03
162.623
163.495
163.82
166.324
162.727
163.39
159.137
166.164
163.201
160.784
163.752
164.623
165.237
161.837
163.136
163.495
164.123
163.396
164.995
163.567
161.679
163.199
164.139
164.242
166.583
162.574
161.042
160.605
161.664
164.081
162.262
166.809
165.601
163.098
166.512
165.091
163.784
163.213
166.326
162.511
163.535
162.785
166.363
165.407
162.712
160.078
163.355
162.155
160.571
164.397
165.69
164.723
162.292
161.503
163.673
165.196
161.998
166.044
165.176
162.399
167.489
163.159
163.051
163.756
162.317
162.577
166.209
161.843
164.898
162.599
162.763
162.093
165.191
164.534
164.864
161.813
164.282
166.667
160.517
165.669
162.902
164.377
164.102
160.573
163.744
163.78
164.522
163.967
169.855
161.784
164.462
165.327
167.802
160.755
162.052
162.725
162.722
165.227
159.742
163.755
164.323
161.3
164.425
162.811
162.645
160.682
163.876
166.164
161.721
163.549
164.337
164.06
159.4
159.479
164.923
161.956
164.692
163.22
160.577
164.032
162.288
162.829
164.624
164.228
163.424
162.622
162.775
166.025
163.642
161.158
166.388
162.733
165.062
164.458
163.265
163.424
162.876
165.673
166.052
160.562
166.045
163.395
165.782
166.144
161.03
161.754
162.537
161.97
164.494
162.578
163.642
163.747
164.913
163.196
164.261
162.221
163.49
165.854
162.516
161.44
163.094
164.107
164.407
162.279
164.215
163.701
163.456
161.128
166.963
165.056
161.642
164.328
164.048
164.861
165.352
165.572
166.58
163.042
165.359
161.458
161.945
163.677
162.373
163.545
162.319
163.578
165.155
163.028
163.173
164.142
160.579
166.066
163.975
163.231
164.94
161.456
163.417
165.131
164.463
161.613
163.067
165.933
164.999
162.506
163.875
162.103
162.756
160.409
159.76
163.571
159.94
163.071
157.353
162.167
163.225
162.109
163.734
160.675
162.593
162.935
165.178
165.026
164.289
163.739
163.17
159.251
161.368
164.119
162.915
165.533
165.807
163.798
164.579
162.15
164.568
168.063
164.284
160.831
164.159
161.665
162.465
163.226
162.075
163.286
162.693
165.564
163.364
164.971
163.337
163.802
162.607
163.722
164.803
163.876
163.637
165.648
166.68
162.183
163.795
162.454
160.95
165.23
164.294
161.909
162.242
163.954
162.638
167.853
164.545
162.731
166.342
164.416
162.205
166.006
159.726
164.974
163.939
164.8
165.369
162.728
163.357
162.628
163.153
163.407
161.481
160.949
163.538
163.13
161.653
164.47
162.247
166.186
163.25
163.931
161.885
164.085
162.315
165.648
162.774
165.986
164.801
167.73
161.509
160.19
163.397
163.635
163.091
160.957
164.804
167.448
163.214
165.203
166.225
164.639
161.839
161.912
161
163.518
162.691
160.639
165.034
161.117
161.081
163.248
164.094
157.976
164.379
165.636
167.601
163.508
162.939
159.976
163.041
164.164
166.397
163.708
163.554
162.199
163.4
163.88
163.327
162.289
162.86
163.25
165.95
161.976
162.709
167.286
167.233
161.425
161.79
164.478
164.539
160.998
161.593
168.809
161.812
167.289
159.974
162.16
165.459
164.618
160.65
162.343
161.601
163.677
163.731
162.498
165.527
161.576
163.182
164.84
159.074
165.045
165.888
160.099
163.185
162.76
161.205
164.472
167.841
160.986
164.622
162.391
164.884
164.431
166.178
160.78
164.608
165.019
163.3
160.937
162.638
164.399
160.359
164.022
164.08
164.001
164.069
163.259
161.501
164.007
164.283
158.437
163.698
162.328
165.503
165.979
163.348
158.193
165.76
165.971
165.745
163.804
163.696
161.619
165.599
162.912
159.572
161
163.733
166.227
165.291
162.285
169.47
166.873
166.925
167.294
162.717
164.215
164.268
164.789
161.771
163.518
163.104
165.011
165.318
164.004
162.486
163.421
162.618
165.86
163.535
162.83
164.754
165.311
164.805
162.54
163.609
161.402
164.936
162.723
162.26
162.424
160.804
165.012
164.578
165.278
161.493
162.53
163.272
163.417
167.306
162.218
161.593
167.472
164.165
160.043
164.11
163.658
164.758
165.615
161.62
166.603
161.92
164.726
164.068
165.154
160.504
162.533
165.753
164.642
163.991
164.876
164.081
163.971
165.162
165.234
163.407
167.223
164.354
164.376
162.47
165.527
158.038
165.124
166.854
161.73
163.975
164.285
163.973
163.23
165.269
161.841
160.32
161.764
160.366
164.833
162.335
164.355
163.755
162.668
165.979
164.663
162.467
163.453
161.308
162.881
162.786
163.635
161.075
162.435
162.988
160.877
164.35
163.495
165.306
164.199
166.358
165.386
159.686
167.522
162.345
165.556
163.271
161.584
166.234
164.376
162.397
163.032
165.986
165.352
165.66
164.415
164.817
164.865
163.17
161.139
162.722
163.005
162.208
164.836
167.698
165.333
164.707
163.651
164.753
162.534
164.932
164.009
160.442
165.933
168.495
165.18
161.284
163.629
164.88
163.093
169.782
164.029
163.992
162.155
164.163
164.467
164.415
163.667
165.372
162.363
162.141
162.97
158.218
161.735
161.945
164.505
165.84
163.39
163.242
162.489
165.457
167.897
165.409
166.021
166.239
164.113
160.695
168.162
163.345
165.696
165.433
164.096
162.969
162.232
163.686
163.854
164.669
162.875
162.636
162.086
160.489
163.767
162.917
166.214
167.951
163.094
162.787
166.11
163.694
163.201
163.411
167.069
166.548
163.277
161.485
163.634
166.277
161.936
162.786
167.305
165.348
166.078
166.668
165.268
164.214
164.444
164.454
163.056
160.606
163.301
162.362
163.186
166.126
164.301
166.177
165.22
163.099
165.597
166.412
163.322
161.272
165.359
160.556
163.187
164.688
163.517
163.221
162.955
164.112
163.34
164.337
163.935
162.893
166.411
164.353
163.452
162.827
164.449
164.462
165.217
163.122
164.714
164.287
162.964
164.024
166.041
164.599
165.088
166.806
164.877
161.88
161.396
163.969
163.345
167.387
162.105
161.855
165.891
159.097
167.699
164.24
166.542
166.322
164.363
158.714
166.975
166.132
164.181
164.856
165.546
165.385
162.88
163.985
163.142
161.146
163.102
160.511
164.388
164.345
162.935
165.28
164.72
162.944
163.239
165.172
163.992
161.089
160.584
168.745
164.94
163.054
163.623
163.34
162.746
163.948
162.176
163.322
159.123
160.749
162.673
165.444
163.24
159.987
159.851
163.582
163.59
162.604
165.665
162.549
164.433
163.856
166.353
163.337
163.385
164.191
160.666
165.515
164.099
164.956
162.512
164.606
165.677
164.212
163.912
167.033
162.209
163.676
161.365
164.035
162.236
161.637
164.293
166.654
162.223
164.767
160.406
163.749
161.738
162.733
165.569
163.774
163.027
162.609
163.848
162.205
165.108
163.565
160.028
160.351
165.56
160.486
163.955
166.786
163.919
162.174
162.972
168.779
161.937
160.589
165.116
165.06
162.777
160.922
163.064
163.822
162.76
165.179
165.213
162.045
161.895
161.882
161.49
163.298
166.625
163.206
162.848
160.96
166.185
165.727
161.402
165.798
162.542
162.982
162.23
161.952
165.305
163.173
164.772
169.215
162.715
161.212
168.326
165.527
166.658
163.323
162.83
163.957
159.601
162.398
160.462
161.847
162.574
165.127
164.84
162.021
162.208
160.214
166.996
163.11
162.165
164.433
161.634
164.565
157.207
164.549
164.587
161.948
164.204
162.245
164.353
163.809
163.767
165.501
163.696
160.67
163.896
159.823
163.966
163.352
166.458
163.329
162.561
163.483
166.84
164.796
158.827
164.748
159.537
162.549
163.041
162.528
164.7
161.222
164.3
163.214
161.612
165.463
165
162.102
165.463
162.881
162.818
163.165
159.697
165.427
161.599
164.552
164.939
161.096
163.591
165.398
164.086
163.462
165.208
163.704
165.302
167.292
160.663
163.697
164.913
163.676
163.625
165.972
164.533
165.644
163.354
164.459
161.577
164.026
162.5
163.399
162.301
161.811
164.161
162.296
161.388
163.136
166.399
161.13
162.37
165.756
162.273
164.01
162.592
162.108
165.444
164.453
163.305
163.235
164.854
159.51
160.321
165.998
167.469
165.356
163.282
164.644
164.348
165.568
163.818
165.889
162.477
162.71
162.704
163.021
167.245
163.518
165.644
163.964
162.189
165.612
164.781
163.378
163.304
163.019
161.105
161.162
160.502
163.818
165.468
163.245
163.339
164.428
164.13
166.177
162.452
165.082
163.437
160.937
162.988
162.136
166.832
164.869
162.322
164.996
163.865
163.004
157.593
163.376
165.885
162.809
166.509
164.166
165.275
161.673
164.502
166.151
165.282
164.872
164.206
166.092
165.807
160.101
165.149
164.278
159.533
158.916
168.997
161.055
159.199
160.527
163.5
164.707
163.606
163.803
162.911
165.385
162.83
162.612
161.552
162.492
165.143
160.195
161.679
162.429
165.048
164.987
165.409
162.727
162.299
166.151
159.395
166.203
166.668
164.878
163.477
164.551
162.713
163.882
165.701
166.668
161.567
163.725
160.293
162.72
163.978
162.332
165.028
162.495
163.542
164.088
160.833
165.966
163.817
161.237
162.616
162.836
165.134
161.179
164.568
162.851
163.096
166.89
161.199
161.22
163.252
165.385
162.378
165.736
164.197
165.002
167.339
162.629
164.149
162.888
158.513
164.261
163.754
164.3
162.446
168.514
163.222
163.208
163.989
162.637
165.044
165.108
162.634
158.897
162.816
162.373
162.903
160.329
162.17
162.743
161.544
157.124
161.543
167.351
165.147
161.662
164.252
166.476
167.345
164.624
161.994
158.478
161.204
163.54
163.934
163.485
161.841
163.905
162.126
164.122
163.387
166.604
162.132
160.864
169.163
162.47
162.222
162.84
165.918
166.067
161.995
161.734
164.325
161.793
163.457
163.578
161.782
164.668
165.054
163.239
161.161
163.117
166.382
161.889
162.403
165.067
163.367
163.709
164.897
159.031
160.276
160.047
162.358
159.235
161.883
167.009
164.354
162.103
165.819
159.71
162.818
164.893
164.034
159.262
164.746
167.353
160.569
162.564
167.646
161.375
165.766
162.726
164.977
163.453
167.836
162.435
162.594
158.85
164.387
162.858
160.825
162.993
164.89
160.08
164.152
165.499
160.85
162.471
161.562
159.537
159.506
165.306
161.59
164.847
162.408
163.525
161.789
162.697
160.743
165.548
164.573
164.477
165.221
162.709
164.05
165.491
164.939
164.595
161.644
165.233
166.305
165.631
162.78
159.3
162.939
165.982
161.553
166.507
166.456
160.72
164.936
166.867
163.795
164.531
164.595
159.708
161.504
163.444
162.74
165.265
162.363
163.245
162.378
162.598
162.895
161.085
161.33
161.605
162.065
162.132
161.476
164.411
164.304
165.09
161.939
163.933
160.309
164.242
161.887
161.188
161.835
161.728
159.574
163.853
166.157
161.416
159.803
164.442
165.149
162.797
161.056
164.825
163.949
166.044
165.259
165.084
161.535
162.84
162.24
162.015
163.135
158.554
162.93
165.798
160.486
166.31
162.598
163.916
165.996
164.116
161.324
163.762
163.21
162.896
166.81
162.828
162.525
163.34
165.404
164.046
163.143
162.324
164.956
162.774
165.881
163.893
165.784
165.424
162.257
161.084
159.372
162.535
160.29
163.416
163.99
162.802
160.263
163.214
165.747
164.861
161.487
163.505
162.797
166.344
163.69
165.778
163.845
166.361
164.115
161.96
163.847
166.433
161.63
159.327
164.958
165.03
161.482
162.103
161.366
163.468
161.379
166.663
161.932
158.851
165.944
162.98
162.176
164.516
163.228
160.775
163.696
165.419
165.828
161.288
165.173
163.455
162.643
164.107
163.621
160.116
164.856
160.201
162.745
163.741
164.91
165.71
161.557
161.586
162.474
164.82
166.299
163.335
161.587
159.049
163.674
163.461
163.419
163.215
162.656
163.844
163.393
163.66
163.398
164.289
161.422
163.01
162.494
165.128
161.832
164.916
162.843
165.394
161.477
161.446
167.513
162.46
162.043
162.195
162.88
163.66
163.466
164.942
162.577
166.229
167.158
163.849
162.753
164.458
164.807
159.95
164.854
165.177
164.227
159.531
166.768
162.909
161.347
159.452
162.838
161.62
164.152
162.843
164.908
163.533
163.331
163.614
163.666
164.247
161.6
165.468
167.938
163.482
162.779
163.303
162.505
167.602
163.549
161.061
164.789
164.857
160.891
161.843
165.72
165.691
162.486
162.393
162.409
163.819
163.946
164.582
160.563
161.573
165.268
164.612
163.94
165.288
164.414
167.539
161.481
162.146
165.981
162.992
161.406
160.066
166.488
161.857
164.463
162.702
163.388
162.576
159.58
161.867
163.419
165.758
163.152
163.082
166.27
160.33
161.187
164.381
164.394
166.253
161.667
165.604
168.109
161.443
162.595
165.174
164.277
165.411
163.13
162.578
162.037
159.136
162.731
164.399
163.961
163.097
162.895
162.618
163.086
164.522
167.796
162.766
160.664
162.577
166.066
164.071
158.531
161.136
164.179
160.245
163.689
163.169
162.155
164.176
162.119
165.181
163.317
163.653
163.092
163.615
165.387
163.205
162.256
161.068
165.983
165.703
165.484
163.789
164.617
162.09
163.036
162.021
162.374
163.732
163.256
160.898
165.13
165.198
165.028
162.778
165.155
164.184
162.717
164.162
163.261
159.414
166.656
166.96
165.349
162.81
162.684
165.037
167.387
161.267
162.363
162.87
161.897
162.913
161.96
167.851
162.316
160.185
163.957
162.261
160.889
161.913
162.189
164.314
165.168
163.435
163.331
162.938
165.995
164.788
163.944
163.474
162.478
161.725
161.008
161.946
166.313
165.297
161.406
165.148
160.143
162.85
165.09
162.749
165.551
163.759
164.157
163.826
164.298
162.887
159.814
160.81
164.245
161.518
165.481
162.399
164.717
164.017
162.761
162.632
161.162
163.481
164.208
163.847
164.119
169.065
163.077
163.282
164.444
161.559
160.984
163.742
167.8
163.749
163.282
162.371
164.643
164.036
165.813
165.308
164.426
162.508
166.059
163.219
163.538
165.749
164.979
165.746
164.911
162.984
164.056
166.55
163.098
161.285
164.7
163.033
161.795
161.182
166.234
161.655
162.485
167.534
164.556
159.814
162.44
162.59
163.124
165.705
165.138
164.36
164.862
166.111
163.274
164.964
165.248
161.571
163.769
161.004
163.193
163.11
163.545
160.454
163.321
164.208
164.053
162.728
161.843
165.047
162.264
165.742
162.568
164.113
165.68
163.132
161.108
163.985
163.947
163.799
162.533
162.853
166.159
165.902
162.737
164.941
162.609
163.884
162.868
164.201
160.919
165.712
163.755
161.749
163.912
163.114
167.253
163.889
163.005
166.758
165.273
162.832
164.288
160.13
163.148
164.503
162.777
163.675
163.723
162.677
164.257
163.395
165.886
162.806
161.288
162.551
159.74
164.324
164.733
164.326
165.045
164.223
160.127
162.186
164.763
164.225
165.2
164.471
164.816
165.025
166.326
164.687
165.233
164.43
161.528
160.961
162.426
160.125
160.711
164.011
161.053
163.529
163.014
167.1
161.288
162.572
162.177
166.295
162.253
162.747
161.875
161.944
164.217
164.975
161.182
159.029
162.479
163.88
162.814
163.503
164.437
167.345
166.337
161.863
164.559
164.55
163.492
167.284
163.787
164.796
165.145
164.39
168.081
165.298
164.522
165.335
162.534
161.419
162.486
165.539
161.499
163.747
164.121
163.24
162.672
162.674
162.727
165.787
162.948
164.106
167.76
162.036
159.692
165.928
166.223
164.295
163.487
162.133
165.811
162.947
161.66
161.628
167.078
165.867
162.498
163.397
162.79
161.649
163.469
160.159
161.121
165.384
161.657
163.582
165.547
167.413
165.574
162.037
162.703
161.452
167.132
162.617
164.073
161.988
163.515
166.525
162.389
163.011
165.356
164.84
161.954
160.82
165.523
160.936
165.095
164.5
160.457
163.705
160.776
162.82
164.849
165.014
162.409
164.577
162.896
163.126
161.797
164.56
163.591
159.662
163.043
163.117
168.566
163.045
166.541
164.267
164.709
163.278
160.843
164.14
162.326
165.025
162.062
162.585
160.915
163.377
163.653
163.01
166.784
165.506
164.937
164.435
164.107
162.213
164.26
164.494
162.361
162.059
166.85
165.343
163.894
162.732
162.413
161.54
161.785
161.428
160.572
163.617
165.938
161.554
163.426
165.388
162.695
160.258
163.011
161.343
162.51
165.315
161.253
158.931
164.781
163.903
158.763
161.334
162.158
164.949
163.066
163.31
167.601
165.889
163.523
166.038
163.651
163.173
163.428
165.12
167.09
164.934
161.445
159.787
165.047
161.406
169.358
164.258
162.956
162.405
161.362
162.291
165.437
163.83
161.118
163.76
164.054
162.9
165.176
164.471
162.67
164.374
163.639
161.344
160.827
165.703
165.645
171.84
162.841
162.797
158.489
164.718
159.55
165.176
164.049
163.514
165.216
164.11
165.395
162.806
160.899
162.433
164.106
163.995
162.413
165.321
162.152
163.66
161.86
162.187
162.68
169.187
166.785
164.87
164.786
165.503
163.72
164.895
164.558
163.176
160.306
164.623
166.311
162.085
162.848
160.272
163.296
162.146
162.753
161.967
164.789
164.11
162.781
159.156
164.223
165.679
163.857
160.236
160.426
161.573
163.003
164.409
162.768
163.656
162.043
164.098
164.952
162.325
160.682
161.13
164.005
163.979
161.772
163.942
162.952
163.477
160.229
166.23
165.452
162.881
160.913
164.45
160.135
161.009
164.981
162.328
163.83
161.724
162.278
162.548
162.026
161.989
168.219
162.553
165.087
166.183
162.24
163.38
165.475
165.547
162.425
165.608
166.196
163.156
159.034
162.48
164.654
162.26
166.095
164.67
166.154
166.893
164.113
163.768
166.597
162.088
160.024
161.751
161.304
159.81
164.508
158.318
163.992
162.314
164.41
160.16
164.758
161.288
163.426
168.06
163.027
162.514
162.505
161.192
162.608
164.805
161.203
160.622
162.085
163.332
163.853
159.843
161.588
161.835
166.706
163.467
166.005
161.017
163.121
160.908
164.297
162.837
160.947
164.787
164.612
163.448
161.882
168.855
163.227
162.457
160.167
160.071
159.487
163.58
161.728
162.008
164.184
164.138
162.102
163.495
166.749
165.618
165.585
165.954
161.007
165.506
162.672
161.151
165.448
164.172
162.303
162.764
165.301
163.169
159.759
160.983
164.995
163.822
164.803
165.366
164.252
164.708
160.134
161.389
162.273
162.899
163.099
165.516
164.155
160.891
163.17
161.525
162.73
165.407
164.921
162.281
159.297
164.265
165.919
166.157
162.568
161.938
163.449
163.711
165.152
161.874
161.257
166.477
163.182
167.196
166.242
161.184
162.836
162.445
164.482
163.142
164.183
166.502
160.654
165.072
164.255
163.09
162.846
164.168
166.514
163.039
161.185
163.819
163.129
162.758
163.268
165.354
162.052
165.625
163.055
165.377
163.511
162.596
162.605
163.821
161.581
164.204
166.24
163.19
162.891
162.793
162.531
162.026
162.804
164.148
161.467
167.583
165.199
163.565
162.963
165.404
164.151
162.401
168.297
163.454
161.632
162.426
165.119
165.221
164.476
162.547
158.991
159.436
164.283
164.597
164.268
164.965
160.367
160.692
163.698
161.686
161.719
160.578
164.44
162.433
159.122
163.614
167.11
164.19
163.343
161.349
163.125
167.781
163.628
161.011
162.867
161.77
161.938
160.345
163.246
164.552
164.106
160.755
162.431
164.827
165.542
161.25
163.406
157.635
162.261
163.189
162.05
162.395
160.735
160.695
161.387
164.571
162.367
166.614
162.911
163.252
165.523
166.122
165.413
163.468
166.838
165.189
166.112
163.196
162.354
164.776
160.794
165.424
163.511
160.75
164.756
163.681
165.728
164.188
165.293
162.447
163.212
164.044
164.188
163.434
165.333
161.541
165.631
164.194
166.569
162.702
164.334
163.797
158.692
162.763
163.743
163.44
167.84
161.215
162.613
161.466
161.283
163.758
162.695
161.183
165.207
162.565
164.191
165.374
165.201
162.853
163.596
162.704
165.822
165.257
163.966
163.854
165.138
166.924
164.952
164.831
167.648
165.128
165.904
162.124
162.889
162.643
159.388
164.774
162.518
158.918
165.179
162.129
164.569
161.357
166.561
163.845
162.375
161.935
165.591
163.488
161.267
165.241
164.505
163.028
163.457
164.638
161.595
164.6
163.573
162.312
165.062
164.313
164.8
167.84
164.143
161.933
161.816
162.453
164.914
163.811
164.885
168.9
164.309
163.302
164.003
162.004
163.037
164.38
165.248
160.625
163.179
164.311
164.797
165.414
165.878
158.916
164.031
160.319
164.811
163.398
162.379
165.879
163.098
162.037
160.916
163.289
166.673
163.806
164.212
165.107
164.407
159.969
164.085
162.028
163.698
164.077
164.741
161.191
165.61
163.303
163.987
163.154
162.311
161.587
161.103
165.934
162.108
163.675
164.324
159.287
164.322
163.938
167.028
166.242
163.386
164.627
166.205
166.639
161.449
164.143
164.418
162.166
166.144
166.275
163.222
166.921
157.902
161.259
160.648
163.57
163.757
163.202
158.944
162.107
161.586
163.677
159.596
158.93
161.276
161.101
163.451
166.039
164.993
164.098
163.4
162.841
163.676
164.325
166.196
165.3
164.373
159.544
165.058
164.451
162.106
162.8
162.535
162.675
163.314
162.317
164.815
161.026
164.404
165.792
167.794
159.914
163.626
164.125
165.27
159.568
162
166.313
166.223
162.964
161.042
165.464
166.005
162.087
164.677
163.796
162.509
159.331
161.351
164.875
164.563
161.335
163.572
163.935
159.902
160.222
164.486
164.103
166.102
161.939
161.06
163.756
163.59
160.999
162.971
165.126
163.74
159.974
163.841
164.369
162.698
164.062
161.886
165.768
166.59
162.566
164.645
164.079
164.391
163.999
162.22
162.573
166.036
162.459
163.956
162.493
163.351
162.325
165.07
164.737
163.692
161.734
164.914
163.972
163.065
166.464
161.039
162.563
164.426
163.736
163.778
161.011
161.707
166.171
166.039
163.773
164.08
163.394
163.367
166.799
162.558
161.499
161.715
162.381
163.611
163.318
165.589
165.392
163.629
162.433
166.014
164.563
164.028
166.74
162.637
161.38
162.83
162.381
158.641
162.305
164.446
163.162
161.591
163.95
164.132
163.053
161.654
163.742
162.603
163.633
162.945
161.969
162.831
164.725
163.872
162.216
162.532
162.852
164.406
164.887
159.691
164.971
164.627
168.041
163.728
164.638
164.588
160.911
162.754
162.396
163.106
163.992
163.797
162.952
167.673
169.279
164.911
161.869
164.032
161.734
161.703
161.466
164.436
161.254
163.839
162.821
163.676
164.972
166.272
165.816
162.278
164.992
163.409
165.472
166.486
162.351
161.104
162.039
163.486
163.939
166.291
165.343
164.458
165.2
163.664
163.659
164.909
168.013
160.481
165.032
166.271
166.283
158.415
162.984
165.88
161.225
161.792
161.291
164.518
161.421
158.964
166.786
163.065
164.841
165.004
163.224
164.248
163.746
161.717
164.548
165.6
162.68
162.328
164.085
162.667
164.085
163.788
164.648
163.339
163.755
163.708
163.749
163.286
165.918
161.617
162.42
162.403
165.064
161.241
166.357
161.885
165.213
165.701
162.401
162.125
164.772
164.545
161.903
166.133
160.603
162.17
163.444
168.324
163.982
164.476
164.321
163.632
162.951
160.866
161.623
166.677
159.248
164.946
165.207
161.284
166.063
164.121
159.264
162.711
166.661
164.338
163.625
166.359
164.16
162.153
161.121
162.843
164.72
161.132
164.109
168.613
166.21
164.751
161.289
162.699
164.958
161.767
164.43
165.325
163.675
161.603
161.182
164.123
162.956
161.998
163.769
163.01
165.218
163.379
164.796
162.583
162.657
164.444
163.472
164.966
163.468
159.846
164.429
168.926
163.998
160.905
161.417
163.457
163.402
164.725
164.367
162.217
165.112
164.362
165.92
165.305
161.425
163.732
164.658
163.529
165.239
163.322
162.041
166.473
161.776
165.481
162.666
163.084
165.09
164.081
165.844
160.166
160.534
159.424
165.291
164.907
162.524
159.381
166.692
164.948
163.846
164.442
162.128
164.709
165.725
164.033
163.547
162.092
162.712
164.314
164.843
164.292
159.798
162.029
163.822
164.532
162.55
166.004
165.551
162.478
160.142
165.373
167.604
163.02
163.658
163.34
165.259
163.326
163.721
161.467
167.007
167.609
163.57
161.014
163.128
164.263
164.211
163.57
163.688
165.883
162.46
162.111
164.988
162.464
162.957
165.411
161.992
162.496
162.03
163.087
166.58
161.742
163.755
163.014
166.486
162.43
161.675
164.321
161.868
163.403
162.45
164.762
166.489
163.895
166.28
164.297
161.836
164.045
166.572
169.515
162.737
163.692
165.272
165.312
165.905
164.234
163.117
163.664
166.37
164.613
164.144
160.923
166.061
164.785
161.233
164.279
162.338
161.858
164.04
167.49
161.75
160.488
166.676
163.132
161.877
159.766
165.005
162.066
165.674
165.466
164.064
161.958
162.477
163.157
164.951
159.567
165.754
165.51
163.679
163.998
162.958
161.02
163.676
163.287
163.65
162.055
163.379
163.723
164.524
163.058
163.056
162.246
162.273
163.574
161.833
161.79
165.186
165.168
164.31
163.948
163.753
160.785
163.18
164.619
161.207
163.409
160.043
162.425
165.205
164.665
164.837
164.302
162.651
162.756
163.533
162.808
163.565
161.038
164.295
163.252
164.494
162.42
164.369
162.871
165.003
163.029
160.885
164.363
165.894
162.019
161.772
164.513
163.261
160.959
163.992
163.258
166.468
163.126
160.709
162.881
165.682
162.669
162.051
166.786
161.245
166.221
165.438
162.389
164.762
163.411
161.225
161.85
163.17
165.869
160.888
163.7
162.943
160.436
163.435
163.126
163.268
163.404
165.605
164.461
165.786
166.309
164.568
164.848
166.303
162.43
163.899
164.257
161.464
164.703
165.011
166.594
161.032
163.762
165.024
162.962
164.779
164.685
161.006
167.371
163.485
165.172
161.282
165.434
160.392
161.309
160.825
161.918
161.521
161.438
164.435
164.306
164.582
162.892
158.237
162.567
164.878
163.915
164.988
158.337
165.818
167.378
163.408
163.78
166.797
162.308
163.066
164.064
163.592
163.544
163.258
162.049
161.425
164.538
161.565
159.768
161.788
161.179
165.569
164.718
161.667
163.802
163.305
162.817
166.267
165.862
163.856
161.791
163.261
162.326
163.649
164.747
163.799
165.69
160.267
164.354
165.584
163.824
165.616
160.773
162.386
162.437
164.728
162.542
163.281
163.832
166.895
161.843
162.748
163.326
161.169
163.101
164.154
162.803
163.337
165.508
164.511
163.628
161.891
163.078
163.613
161.049
162.889
166.181
165.151
164.808
163.256
162.05
161.668
163.179
163.869
166.023
162.31
160.395
163.278
166.825
164.472
162.473
161.238
164.838
161.834
162.279
163.684
164.58
162.303
163.102
163.478
159.758
162.621
161.588
163.088
163.249
163.542
161.797
164.459
163.321
165.115
165.137
164.348
161.94
166.064
166.945
162.422
163.133
162.353
164.626
161.126
165.58
160.991
164.012
164.977
163.713
165.194
164.262
164.59
163.033
167.091
164.343
162.931
169.195
163.498
162.695
162.503
164.838
161.239
162.199
158.918
164.204
163.4
163.499
165.335
163.181
166.004
163.67
163.071
164.283
162.987
167.512
162.181
164.191
162.494
165.278
165.541
164.234
162.144
164.209
166.547
163.106
160.29
162.41
161.43
165.473
162.968
164.226
159.764
162.853
164.383
165.119
164.608
164.022
162.966
165.795
160.151
163.311
165.595
164.333
162.62
162.877
162.218
164.229
160.61
162.921
163.271
163.047
160.859
161.592
163.318
162.899
166.085
163.293
167.363
161.361
164.077
164.329
158.897
163.447
163.507
162.677
162.913
160.848
164.381
162.013
161.765
162.809
159.62
168.07
164.098
163.048
164.853
162.759
164.759
163.375
164.639
166.387
163.042
163.136
163.716
163.164
164.152
168.321
165.85
164.517
162.973
163.577
163.8
157.46
165.071
161.742
167.722
162.988
163.78
164.068
164.923
162.188
164.615
163.572
161.592
165.791
166.158
167.031
163.153
163.944
163.456
164.929
165.336
163.562
160.577
165.608
165.191
164.546
165.37
164.003
164.542
163.692
161.586
162.543
161.822
162.597
163.563
164.207
164.383
160.458
162.638
161.883
162.716
163.242
163.572
164.281
160.922
164.959
161.199
165.808
159.861
163.539
164.103
164.767
162.404
164.91
161.159
164.74
164.827
163.236
164.575
162.125
161.928
161.592
161.158
166.1
165.833
163.319
161.019
164.317
162.805
162.571
162.641
162.595
159.427
162.374
164.306
163.803
162.269
166.743
161.364
167.008
165.532
165.573
162.117
161.326
162.859
166.922
162.662
166.937
159.835
161.081
164.99
167.441
163.372
161.699
162.875
166.455
162.486
162.653
162.446
163.617
166.945
161.547
162.412
161.811
161.85
162.199
162.735
161.241
165.183
163.326
162.538
163.251
166.506
163.201
164.531
163.139
163.37
163.779
162.925
162.598
167.652
163.094
162.966
160.839
163.733
163.602
163.33
164.14
159.419
164.23
161.715
162.33
161.578
164.073
163.487
166.87
164.199
163.228
163.831
163.662
163.06
162.433
162.835
168.023
164.648
159.237
161.776
165.039
164.832
163.866
161.836
164.342
159.625
164.469
161.959
163.067
164.403
161.885
165.294
165.814
165.2
165.199
162.035
165.034
164.027
166.923
160.951
164.769
165.317
164.715
162.659
162.294
166.519
157.982
159.247
165.776
160.924
165.909
161.968
160.85
163.472
164.961
162.913
161.825
163.829
163.961
164.421
162.822
164.764
162.909
165.033
162.821
163.045
162.171
164.365
163.908
166.901
162.719
167.179
166.506
163.11
165.289
163.994
164.7
161.224
164.322
163.509
164.983
164.527
165.004
165.456
164.182
164.435
165.263
161.87
159.043
163.876
161.233
163.06
164.493
159.832
161.889
166.551
162.944
164.665
165.573
162.076
162.727
166.177
160.06
160.698
162.352
165.927
162.732
164.89
160.516
162.107
164.367
161.004
163.203
162.892
161.048
162.938
162.268
162.043
165.26
160.309
164.001
162.516
163.772
162.102
164.719
163.746
166.413
165.663
164.836
165.536
164.734
159.67
163.316
164.164
166.999
161.323
163.372
162.806
164.914
163.435
159.007
162.705
161.957
159.983
163.18
162.393
165.103
165.807
165.751
161.858
163.142
161.922
164.182
166.521
163.098
165.968
167.676
165.682
160.954
162.196
164.599
163.757
163.915
160.293
165.336
160.855
164.177
161.102
160.405
163.884
158.882
162.577
162.898
162.794
162.378
164.098
161.174
166.823
161.966
164.283
163.379
165.829
162.119
164.558
164.129
165.9
166.086
163.143
163.474
165.533
162.19
163.387
162.562
161.661
163.38
162.7
164.579
164.952
160.606
161.677
160.117
162.662
162.652
164.641
165.15
162.657
162.005
159.464
163.349
164.81
162.282
165.573
161.254
160.618
162.217
162.638
165.605
164.688
162.828
164.111
166.147
159.236
161.888
163.011
168.83
162.93
160.812
165.164
167.109
162.417
164.163
164.462
162.496
163.822
162.985
160.688
163.238
164.317
162.9
165.56
167.156
164.987
163.053
163.836
162.331
164.335
159.703
167.031
161.561
160.025
164.275
164.382
160.722
162.695
164.965
163.768
164.083
159.588
163.747
167.382
162.146
165.375
164.816
163.563
163.281
165.538
164.569
165.516
163.444
163.005
163.885
163.926
165.003
162.956
163.555
165.571
162.162
158.826
163.077
167.051
163.836
162.485
161.786
164.103
159.64
164.676
163.733
164.363
165.552
162.531
161.885
163.535
162.672
164.809
162.401
160.684
162.042
161.364
165.829
161.421
161.152
162.678
162.129
162.877
160.525
160.842
162.95
160.749
160.939
165.021
160.35
162.649
165.392
165.914
161.434
161.801
163.928
162.349
165.358
165.316
161.187
161.147
162.815
162.565
161.399
164.243
163.31
167.211
163.123
165.798
164.071
164.286
160.43
164.586
161.126
164.388
161.633
162.996
164.59
163.166
161.082
163.328
167.287
163.486
161.848
161.387
165.032
162.421
165.555
162.71
164.82
159.992
164.808
167.985
163.891
163.877
161.415
165.87
162.626
163.699
159.632
167.993
167.998
164.805
163.026
164.443
163.167
164.945
164.314
163.138
168.349
163.557
161.055
162.896
164.525
164.259
160.615
166.027
163.11
161.244
165.348
161.805
164.147
162.724
166.849
164.721
