173.422
174.617
172.847
176.082
171.145
172.48
171.98
174.106
169.435
173.787
172.854
172.815
168.179
173.032
172.03
174.644
170.64
172.496
169.512
174.44
173.262
168
169.341
169.601
167.502
168.976
176.004
174.185
170.307
171.268
171.255
175.605
170.095
168.618
173.173
170.459
173.916
170.208
171.938
176.046
171.783
169.284
172.742
168.705
177.03
170.318
174.589
173.624
172.472
176.403
170.002
172.267
172.133
174.711
173.875
170.74
169.286
173.887
173.291
170.658
169.121
172.805
168.291
173.869
170.855
171.39
168.556
169.559
169.712
172.761
170.701
170.969
170.119
169.011
167.636
172.448
165.203
174.752
173.117
170.921
167.949
170.104
175.803
171.176
171.982
173.311
172.317
173.729
168.007
171.862
171.058
169.215
172.064
170.546
173.727
171.711
172.124
171.031
172.643
174.916
170.73
171.252
171.646
175.263
174.689
172.278
173.755
169.616
172.843
174.225
170.233
171.284
169.882
168.508
174.078
175.157
177.109
172.087
175.563
173.935
165.467
172.893
171.182
171.932
169.008
167.781
174.378
176.426
171.091
171.603
168.666
172.385
173.335
174.741
168.85
174.206
170.172
174.357
171.791
167.414
173.259
171.308
173.05
171.571
171.416
172.472
174.997
170.142
170.877
170.841
169.554
172.144
171.582
170.284
174.385
171.628
171.155
173.814
168.515
169.923
171.102
168.805
171.977
172.357
169.455
171.148
173.971
173.656
172.645
174.181
167.713
173.227
174.478
167.409
171.685
176.745
176.377
169.254
167.759
176.867
169.861
169.272
170.868
169.625
174.522
169.127
171.702
169.976
174.14
167.441
174.033
170.178
171.221
173.008
171.03
171.94
175.633
172.074
171.048
172.746
174.159
170.789
170.523
173.018
172.14
172.211
174.332
166.781
171.466
174.659
167.9
171.174
173.562
169.928
170.068
170.113
174.34
173.662
169.734
173.876
169.28
174.461
170.808
169.876
174.969
172.957
170.354
173.932
175.095
176.591
171.996
173.991
173.225
169.202
165.869
173.289
173.47
171.914
175.916
179.178
171.734
171.663
173.037
169.907
173.4
174.238
175.638
175.89
174.635
173.393
173.274
173.184
175.219
170.778
171.61
170.665
172.002
174.122
173.003
172.235
171.757
175.479
167.359
174.755
171.858
170.102
171.433
170.973
171.543
172.02
173.874
172.988
172.648
173.052
172.982
171.831
168.92
169.186
173.157
171.675
173.407
173.698
172.012
173.603
170.784
170.345
170.749
168.857
171.532
175.48
170.012
174.377
176.926
171.377
167.73
170.907
168.615
174.186
173.518
171.627
174.446
173.052
169.124
171.64
172.527
175.007
171.619
170.759
170.621
171.306
170.856
175.399
175.557
171.677
168.928
174.941
176.89
171.725
171.367
174.789
169.643
172.957
174.394
170.121
170.616
163.172
171.53
176.962
170.766
172.614
172.815
172.537
171.477
171.532
165.61
173.978
170.42
173.697
177.664
179.21
175.037
172.402
169.3
168.694
173.16
169.635
173.684
174.513
173.118
174.227
169.386
168.367
171.512
172.999
173.484
171.374
172.831
174.373
170.616
174.615
170.61
172.384
173.743
169.616
171.761
170.478
171.784
170.734
180.214
175.116
172.475
174.298
168.737
172.317
171.858
172.473
170.448
173.498
173.198
173.33
169.065
173.049
171.568
172.464
170.14
172.258
169.633
175.701
175.454
170.477
174.131
172.534
169.971
170.033
171.011
170.416
169.16
177.019
172.669
171.81
174.523
172.927
170.893
177.302
169.751
172.483
170.233
175.172
174.799
172.284
168.642
173.597
174.646
174.336
167.929
168.216
170.7
174.15
171.748
174.337
170.7
173.112
170.856
166.628
170.687
172.969
173.133
173.563
175.244
174.022
171.68
177.234
170.164
170.439
172.477
167.759
168.199
176.394
172.836
174.215
172.826
171.336
171.654
170.899
179.777
169.551
174.626
166.991
174.841
168.662
175.123
166.874
170.252
171.77
170.027
174.692
172.163
175.477
174.497
169.043
171.995
175.232
173.633
171.463
172.926
168.341
172.128
169.914
172.126
169.213
169.904
175.205
172.774
166.987
174.513
175.751
172.249
173.79
176.265
169.934
171.431
174.741
171.045
172.012
171.608
170.491
172.087
166.487
174.998
170.688
175.189
173.438
173.051
168.912
172.848
174.797
173.962
169.504
170.758
168.795
175.91
169.393
169.952
173.416
176.163
170.851
174.643
171.186
175.515
170.649
179.602
166.61
172.579
168.101
170.257
169.347
170.214
170.502
168.822
174.95
168.607
172.142
174.178
172.614
174.118
170.004
171.361
173.507
170.607
173.725
175.225
171.981
176.71
172.062
173.436
167.427
170.142
173.247
173.034
171.587
172.17
171.312
170.765
175.383
169.242
176.558
172.977
173.514
172.117
170.558
171.185
169.748
171.547
167.253
175.018
168.137
173.672
175.178
173.208
172.376
173.818
171.198
170.714
173.092
171.049
175.415
172.62
174.621
173.284
175.591
172.412
173.449
175.376
164.199
169.72
176.261
171.399
171.144
171.451
170.14
169.108
173.336
172.741
174.153
178.593
168.891
176.417
172.811
170.468
171.692
173.108
178.112
171.707
174.455
166.839
173.029
172.559
171.831
172.625
172.562
168.707
170.444
167.859
172.635
174.118
170.426
169.627
165.73
173.593
171.06
169.408
168.138
174.384
170.549
166.776
173.072
171.204
173.457
173.001
175.292
172.551
170.917
172.138
173.23
167.418
173.845
172.94
168.428
168.838
173.535
175.985
172.47
168.034
168.763
173.802
170.733
171.907
171.353
171.742
173.59
175.756
173.837
171.027
173.705
167.869
172.232
173.287
168.049
177.416
172.383
169.727
174.617
173.636
174.933
168.875
174.033
169.095
170.115
170.973
173.609
163.504
168.887
170.992
171.767
174.085
174.966
172.667
174.312
172.847
171.339
167.815
170.748
170.924
173.048
171.55
174.185
171.001
168.249
168.384
169.134
171.621
172.94
172.149
173.077
168.751
172.881
168.761
167.775
170.144
167.741
169.434
170.858
170.491
165.494
171.328
172.575
174.457
167.164
170.644
168.243
176.098
172.552
170.664
172.757
171.529
173.879
172.602
173.114
169.144
174.372
173.026
168.868
168.765
173.958
169.935
172.615
172.652
173.741
170.897
174.027
175.084
172.08
171.493
170.423
171.839
169.052
172.798
175.519
172.172
173.111
171.531
174.45
173.843
172.804
171.94
169.811
173.138
179.283
172.524
169.21
173.721
173.69
170.073
172.305
173.37
171.171
173.038
172.289
170.788
171.952
173.287
169.341
176.212
170.867
174.365
175.26
170.729
177.041
174.191
172.424
172.699
172.976
168.884
172.175
177.294
170.048
169.389
173.036
171.858
173.292
175.322
173.722
170.103
175.92
171.979
176.897
175.334
169.178
178.003
174.657
168.706
174.496
170.758
171.824
175.964
170.574
168.941
173.568
176.538
172.404
172.107
174.553
172.097
173.62
176.466
172.383
169.446
173.023
169.292
172.915
172.322
174.516
174.049
177.264
172.684
169.629
172.658
172.062
173.038
169.726
168.085
170.528
174.715
170.903
167.772
175.876
175.352
168.933
176.916
172.286
174.31
176.912
171.518
173.567
173.715
170.661
174.588
173.242
175.56
170.509
172.843
171.267
177.918
176.282
170.585
169.017
171.705
173.36
169.933
172.761
175.202
169.611
170.86
177.019
166.672
169.659
170.045
172.83
171.286
177.371
175.71
170.619
169.45
172.789
170.911
169.301
171.715
170.261
177.495
172.234
171.093
170.3
171.916
168.617
173.568
170.043
172.001
171.127
171.619
173.424
173.639
172.862
169.393
171.953
170.799
172.36
172.437
169.353
170.59
172.216
172.012
168.246
166.327
173.777
172.966
173.742
168.832
172.806
173.089
168.17
174.389
175.461
173.686
172.508
174.332
173.514
170.333
171.003
169.574
173.832
175.59
165.424
169.898
175.688
174.7
173.943
175.053
173.248
176.982
172.505
174.964
170.942
172.151
169.578
178.217
172.935
173.04
169.749
168.653
172.445
175.645
173.682
174.426
173.301
175.869
165.194
168.298
172.574
172.24
174.115
167.947
173.617
169.971
166.438
169.371
169.79
172.392
174.282
171.692
173.79
172.778
170.27
172.86
171.234
172.486
176.311
172.747
171.31
175.587
171.068
170.351
169.374
173.499
177.035
175.674
172.084
173.698
174.368
174.054
169.695
172.251
172.85
169.233
175.655
170.186
173.886
172.606
173.099
165.883
171.662
164.956
176.213
173.374
170.746
173.541
174.255
171.374
172.991
168.573
175.57
170.708
175.071
171.12
169.215
172.517
173.894
171.355
171.813
169.871
174.754
173.849
168.19
172.628
171.406
173.995
172.183
176.371
175.338
167.887
171.982
170.345
171.868
172.932
177.215
173.994
175.57
169.375
172.951
170.542
170.667
172.587
168.575
170.834
174.097
172.483
171.62
174.977
172.81
168.4
173.767
168.183
173.736
174.598
176.54
171.925
176.223
170.936
170.385
169.221
171.999
176.288
167.598
175.807
174.507
173.867
175.116
173.106
175.956
173.153
177.256
166.754
173.402
175.833
169.239
171.235
179.208
175.266
175.254
170.415
169.028
175.066
169.973
169.833
171.766
171.053
174.563
175.484
170.443
169.356
172.229
171.679
174.645
177.456
170.477
170.558
171.811
173.258
169.226
175.114
175.142
170.809
168.72
172.798
176.365
167.55
172.316
173.484
171.553
169.168
170.835
169.89
173.618
168.501
170.78
172.266
174.807
171.377
172.266
170.37
171.287
173.719
176.807
174.207
176.124
173.631
169.208
171.747
171.418
170.22
175.38
173.435
173.379
172.706
172.903
169.096
174.388
170.077
168.63
173.509
170.138
175.522
169.016
171.704
175.138
173.159
177.725
172.96
170.386
173.865
175.678
173.745
173.824
176.47
175.762
172.453
170.869
170.657
173.277
171.39
180.466
171.606
172.847
172.431
165.074
168.345
173.833
174.578
168.888
173.903
175.518
170.337
181.087
171.961
174.855
175.928
172.982
171.76
172.416
164.493
174.709
172.034
169.47
170.367
177.594
170.3
169.019
173.522
172.439
167.387
171.885
171.272
173.196
171.058
169.321
177.86
174.47
173.333
172.417
170.396
174.319
171.429
172.379
169.733
171.15
176.433
169.708
168.948
169.362
172.676
173.239
172.97
173.468
173.923
170.42
171.296
171.738
178.71
171.164
172.138
171.156
171.842
174.561
175.376
172.931
172.917
172.263
175.047
178.153
171.243
175.872
178.341
170.862
170.607
174.603
172.178
172.423
168.664
175.116
174.751
173.062
170.327
170.354
169.465
172.608
175.328
173.651
169.164
172.656
172.674
175.72
176.24
166.372
171.724
170.302
171.12
172.46
181
171.154
173.258
172.695
175.936
172.392
169.287
172.553
169.547
172.549
171.615
167.471
175.138
175.399
176.282
170.635
173.574
170.568
172.148
170.48
170.382
167.305
173.886
172.714
168.525
171.013
170.013
171.412
171.677
167.71
169.297
168.675
171.214
173.86
170.298
173.741
170.342
172.367
174.679
168.975
169.639
172.147
168.858
168.569
171.465
175.285
170.911
171.726
169.452
173.882
167.821
173.24
173.114
170.895
176.022
170.476
168.07
170.695
173.336
170.52
174.316
174.387
174.432
168.982
176.209
173.932
172.846
173.384
171.885
174.244
172.772
175.032
172.797
170.116
173.377
171.874
165.868
172.022
171.961
174.847
175.984
167.118
172.217
170.458
168.532
172.726
175.561
170.704
170.024
165.368
171.669
173.88
176.45
172.545
175.063
171.427
170.17
170.569
172.713
176.411
170.848
168.178
172.099
164.312
172.112
169.871
169.859
171.228
173.674
176.24
169.529
167.805
172.714
173.199
173.87
172.308
169.652
175.841
173.437
174.431
170.046
172.216
169.111
169.865
176.124
171.606
171.714
169.923
173.812
170.788
168.25
173.233
169.157
167.954
171.908
170.393
170.951
171.025
174.166
171.569
171.705
173.125
172.142
173.801
170.126
174.59
169.303
169.094
172.068
173.022
178.188
171.465
168.889
176.88
175.168
176.303
171.76
170.325
175.888
170.216
175.508
171.644
167.626
169.627
168.928
168.887
169.993
175.045
167.449
171.756
172.787
173.365
171.433
171.413
169.43
170.561
171.468
174.663
173.537
172.034
170.99
174.36
170.539
171.471
172.202
168.298
173.009
179.639
169.253
173.156
168.852
172.84
172.964
176.394
177.193
172.303
171.766
169.619
171.487
175.256
172.06
172.799
167.489
177.905
174.442
174.066
171.023
166.926
167.107
169.32
175.66
172.092
171.756
170.323
172.23
175.534
181.654
170.333
170.993
172.538
173.497
167.726
168.715
169.304
172.006
173.402
171.063
173.678
173.188
170.44
167.532
169.467
171.36
173.103
170.25
172.723
175.258
171.945
169.346
170.643
174.177
171.183
170.386
175.809
171.166
174.35
170.532
174.044
166.907
171.484
171.908
174.388
175.971
175.255
173.994
169.6
170.485
169.014
175.058
171.108
174.432
168.649
172.458
170.063
171.716
169.774
175.451
172.585
171.346
175.126
173.182
167.947
175.078
172.015
167.748
169.68
173.163
172.314
167.498
172.49
172.071
171.657
166.942
169.708
172.958
167.656
172.858
175.404
171.068
165.879
173.141
168.464
174.629
172.156
171.351
171.564
168.54
171.975
168.506
170.673
176.176
173.157
175.163
167.686
174.674
172.233
175.646
166.45
175.145
171.212
173.012
172.864
169.042
171.567
175.822
171.434
173.491
169.352
172.183
169.671
173.346
169.518
170.525
169.186
171.927
173.681
175.864
173.618
169.078
171.703
174.766
174.969
177.218
173.829
174.355
176.532
173.52
172.23
168.12
169.659
171.891
174.291
167.404
171.112
169.978
181.166
172.074
172.412
176.309
171.089
173.578
174.433
170.991
172.395
170.3
174.9
170.843
167.943
170.267
174.02
176.559
172.321
170.453
175.705
170.261
170.817
170.033
176.48
176.338
171.766
169.868
171.57
174.606
166.652
173.73
172.985
167.612
173.841
174.386
174.668
167.383
171.173
174.946
170.021
170.474
167.115
177.648
168.078
171.798
171.381
175.702
169.755
171.152
167.199
173.025
168.881
171.163
173.256
171.597
170.953
170.802
170.028
173.597
171.987
174.345
173.782
169.725
171.818
173.876
173.964
171.901
173.482
171.657
175.925
175.223
171.398
169.357
170.607
173.574
176.535
171.81
173.526
176.842
170.299
171.161
175.263
173.318
173.411
169.107
172.104
171.202
171.071
173.034
172.529
171.019
172.071
168.786
173.975
174.999
167.781
167.819
175.293
173.458
171.065
174.473
172.836
171.301
169.637
173.375
174.592
171.347
169.179
173.891
172.825
172.916
171.583
173.95
173.902
171.386
174.496
174.875
171.238
171.879
172.905
172.704
171.189
173.058
173.115
172.761
168.532
169.154
173.921
171.081
168.664
175.308
172.216
175.596
173.32
171.278
169.843
172.287
166.463
175.769
169.34
174.661
172.218
171.722
171.164
172.775
170.339
169.242
171.855
173.297
172.556
175.614
175.076
176.036
171.126
168.501
175.43
173.836
170.506
173.51
172.264
173.465
167.772
170.532
175.17
172.223
171.666
173.674
170.3
171.394
168.93
171.358
171.557
170.541
167.652
172.47
174.79
172.013
180.466
171.344
170.121
171.632
173.1
177.187
173.202
176.83
177.495
170.696
169.911
171.53
172.918
169.101
169.283
170.031
167.879
172.745
176.032
171.185
169.413
173.721
171.518
174.422
169.746
173.116
174.816
168.465
168.358
170.489
172.785
170.558
173.964
177.139
175.15
176.059
172.393
174.93
171.913
172.426
170.531
172.646
172.723
166.291
170.123
168.613
171.841
174.82
173.996
172.577
168.549
170.166
169.665
173.897
169.908
169.682
169.551
172.605
165.912
171.574
167.818
170.093
171.739
174.948
171.919
168.927
169.776
168.913
173.047
170.07
170.827
176.43
170.569
170.535
169.987
173.564
171.446
175.595
171.957
175.643
173.894
172.464
169.294
173.406
172.244
167.96
164.284
169.423
168.118
167.762
174.372
171.83
175.045
171.325
169.153
170.04
172.286
170.022
172.756
170.802
173.898
167.771
168.84
180.049
172.979
173.074
171.503
173.542
172.059
171.646
167.506
167.753
173.077
172.046
172.241
172.646
172.485
168.399
164.654
171.298
167.431
170.941
175.948
168.692
175.187
173.045
176.867
168.344
171.697
169.409
173.164
169.022
171.846
169.072
171.646
172.013
171.95
171.465
173.72
175.137
173.163
172.705
171.837
167.559
173.751
172.681
174.202
170.206
173.147
171.948
173.433
174.322
177.245
172.636
173.145
169.485
170.777
167.173
169.814
166.3
174.227
171.143
173.417
166.236
175.773
174.727
172.912
170.81
170.762
171.554
174.108
167.852
175.92
170.715
170.709
175.062
167.595
174.448
171.883
170.629
168.798
172.743
172.884
171.378
169.279
167.754
175.738
170.16
168.87
173.38
174.709
175.03
172.103
171.911
168.778
176.09
173.573
171.689
168.098
172.04
171.252
173.143
172.751
169.67
167.753
171.35
176.962
172.957
172.913
173.375
169.143
171.279
170.383
168.978
167.214
174.367
172.247
170.859
166.817
173.953
174.829
170.524
173.807
177.712
171.834
173.14
174.868
167.85
176.451
174.758
172.443
172.873
177.01
164.712
171.675
174.542
177.52
168.772
176.19
171.862
170.445
173.217
174.117
168.379
176.923
176.914
167.681
169.229
173.913
173.225
174.736
174.545
171.035
169.306
175.726
171.572
170.496
174.171
173.488
172.274
176.488
174.965
172.523
168.564
173.844
169.834
174.455
173.585
172.745
170.551
169.83
171.128
171.913
170.337
179.217
169.101
169.213
172.962
170.748
168.405
172.608
172.262
171.248
173.283
170.627
165.656
174.774
170.532
172.897
172.567
171.036
175.852
172.085
173.368
170.418
172.624
172.664
175.827
172.374
173.94
168.977
173.514
171.428
170.12
170.039
171.108
174.229
171.321
168.695
172.111
166.446
170.506
175.451
168.391
173.53
171.304
173.53
173.134
173.022
171.689
170.266
169.898
172.238
170.364
171.229
171.441
169.122
172.696
174.747
175.357
172.703
170.175
175.204
169.818
173.502
173.471
170.03
172
172.437
172.217
179.58
175.052
172.797
174.807
171.201
176.979
169.412
167.494
176.681
170.15
171.235
174.464
167.375
172.772
170.15
172.314
170.961
176.947
168.146
173.559
170.568
174.287
175.824
173.177
173.032
174.484
168.77
167.746
169.603
174.34
167.572
172.258
176.856
175.738
177.608
174.819
170.945
173.889
171.544
174.396
174.235
172.884
171.455
174.797
171.35
167.081
172.37
175.558
171.746
174.926
174.338
174.525
171.908
172.44
169.962
176.371
169.758
171.842
175.95
170.264
168.622
172.323
166.47
170.809
167.846
171.456
172.49
172.958
173.428
174.825
169.531
173.496
173.453
172.675
172.158
169.787
170.772
174.379
167.795
174.409
175.378
169.111
171.607
170.114
174.362
170.683
168.644
174.305
172.586
176.031
169.005
175.944
174.215
173.301
173.312
173.277
170.668
173.988
166.496
168.471
175.255
173.279
174.48
170.644
172.83
170.928
176.461
174.947
172.273
171.916
174.263
174.987
171.678
173.871
169.916
173.462
175.171
172.789
169.106
173.917
165.867
171.121
175.53
171.896
170.648
175.465
179.752
172.077
172.453
174.058
174.683
170.346
177.349
172.486
171.742
170.522
166.941
173.147
174.773
171.343
172.014
173.405
171.868
170.155
169.863
175.037
167.516
170.27
174.81
176.323
171.253
171.418
168.665
168.965
171.848
172.9
170.221
173.108
167.542
174.044
168.279
173.391
169.41
168.769
173.725
171.147
170.032
171.444
171.454
167.035
173.32
172.882
172.267
171.188
171.962
170.981
172.755
172.506
173.82
172.76
173.378
169.452
177.305
175.172
175.393
171.975
168.332
175.875
171.452
172.495
173.098
173.438
169.808
171.775
177.476
174.268
174.658
174.753
170.436
172.647
173.511
169.118
177.089
170.373
170.203
171.947
166.244
174.991
174.933
173.374
174.623
173.136
174.745
169.412
172.005
175.982
178.292
171.66
174.851
172.91
173.892
173.542
169.825
173.861
171
169.095
172.653
169.181
166.224
172.594
174.358
172.283
169.182
176.519
171.747
172.469
173.136
170.01
175.156
171.552
169.063
173.089
168.524
169.473
170.616
172.35
170.214
172.396
168.099
172.029
173.858
173.047
171.199
168.367
169.642
173.972
171.646
169.409
173.539
169.359
173.977
171.357
171.765
169.993
171.524
169.996
173.684
172.608
174.813
171.373
170.678
171.644
173.507
171.622
172.141
172.037
168.771
178.37
173.196
174.851
173.921
172.375
174.485
170.549
171.906
167.93
172.381
170.903
170.652
174.608
166.278
169.951
175.382
174.997
172.783
169.907
173.922
177.143
174.61
169.324
172.175
175.21
173.406
172.149
175.4
173.957
177.235
172.889
175.868
168.288
172.288
168.62
171.544
175.726
168.816
171.562
171.506
170.683
172.026
171.683
169.777
169.25
168.792
174.796
174.311
173.396
169.304
175.474
176.333
172.527
174.271
165.842
168.848
172.006
172.785
171.984
174.656
171.356
167.188
175.072
174.566
173.016
168.174
174.668
172.57
173.916
168.81
171.16
173.798
176.084
173.068
169.509
164.704
172.993
166.615
172.458
167.656
172.106
175.245
167.918
166.399
173.32
170.768
171.1
173.357
173.493
171.655
172.06
170.189
174.004
173.874
167.876
173.59
173.52
169.955
174.297
172.544
175.734
173.516
174.651
170.239
174.678
173.03
171.197
169.066
174.376
172.477
174.077
169.538
176.106
169.276
177.101
175.816
171.432
169.306
169.794
167.963
175.326
170.767
171.606
174.262
167.727
173.174
168.444
170.939
172.858
168.069
178.302
179.695
172.168
174.561
169.348
169.399
173.15
171.003
173.86
176.168
171.588
172.486
177.001
171.72
172.935
171.397
174.11
170.302
173.572
171.856
170.996
175.456
174.18
169.545
169.897
175.559
173.898
172.799
174.28
176.328
175.572
169.892
177.798
173.843
171.666
171.64
168.764
172.003
170.767
176.743
175.817
169.695
171.354
173.872
172.206
173.777
171.988
171.195
171.059
169.619
178.077
176.095
170.724
172.445
167.445
172.696
172.946
176.087
177.252
175.207
173.893
168.52
175.43
171.33
174.094
173.624
169.525
169.573
170.676
173.535
170.235
172.383
173.702
172.185
171.674
170.028
172.79
174.103
169.573
172.121
174.826
171.6
174.631
177.171
173.902
171.766
170.725
168.596
172.376
172.269
172.921
171.805
175.384
173.004
172.898
167.112
171.714
169.825
171.382
168.927
174.424
178.515
170.165
174.76
169.797
170.208
174.308
172.493
174.487
167.66
173.549
173.88
174.733
172.399
176.629
171.256
168.188
170.274
166.808
170.099
170.103
170.118
173.721
172.657
172.221
169.142
171.572
173.118
170.293
173.836
172.846
171.586
170.141
174.596
176.932
173.199
175.183
173.882
172.167
172.778
173.544
172.715
175.753
173.716
173.917
168.006
174.917
167.483
177.084
170.293
173.351
169.028
169.957
171.109
173.884
174.601
170.109
173.531
172.487
170.275
172.213
174.507
171.354
173.171
173.881
170.976
175.831
174.23
170.853
174.785
170.651
171.094
175.736
170.985
168.756
169.234
175.814
174.206
170.378
174.182
169.574
175.142
174.61
169.926
173.358
172.16
177.162
167.396
172.125
175.274
174.986
174.22
171.505
169.721
173.41
171.196
166.662
173.427
167.628
172.225
174.004
169.942
175.466
170.912
169.385
171.67
168.644
174.457
173.162
174.403
170.191
175.323
172.444
173.619
172.481
175.042
173.322
175.072
176.42
169.196
171.78
173.668
171.035
170.39
176.32
172.169
171.371
168.657
168.658
173.681
168.317
169.482
170.391
172.649
168.787
174.592
171.691
173.618
169.819
171.656
169.197
168.534
169.26
167.188
173.055
173.619
173.948
172.49
173.445
175.075
171.974
173.953
171.733
171.765
170.662
171.751
169.96
171.455
171.329
174
168.985
171.147
170.562
176.851
170.724
172.788
171.487
175.014
170.769
173.828
172.637
176.251
172.95
168.14
170.277
172.69
171.221
172.708
175.88
175.563
178.367
171.524
176.992
173.426
172.969
173.939
174.778
171.034
171.387
173.131
173.49
172.795
170.6
171.869
174.633
170.199
168.186
170.896
177.212
172.043
169.794
169.695
173.693
168.999
169.115
170.09
174.319
177.003
172.759
167.099
170.316
170.899
175.019
175.541
171.265
175.15
171.551
172.999
171.609
174.097
173.153
168.361
175.842
170.31
171.217
177.122
175.885
175.998
172.459
172.271
168.053
170.605
168.264
165.784
172.256
174.384
172.332
174.376
172.267
171.891
171.304
179.963
173.344
168.071
173.633
168.738
168.972
168.354
175.542
171.888
176.186
168.963
170.149
172.407
172.372
175.508
172.78
171.046
173.372
169.991
167.442
173.828
174.729
174.134
169.884
169.882
171.54
171.827
173.974
171.22
170.065
168.348
169.385
170.601
172.917
175.581
175.837
172.388
172.447
171.557
174.374
171.22
170.579
171.235
169.251
172.257
170.15
171.972
172.283
170.567
176.079
168.329
173.894
172.899
171.963
170.026
170.939
175.404
171.559
175.672
175.791
168.848
172.32
173.44
170.428
171.571
169.185
171.619
168.69
172.281
169.221
173.967
171.175
174.837
168.142
172.445
170.267
169.901
168.333
174.269
173.62
172.353
174.029
168.839
168.088
174.95
175.357
170.64
174.336
180.237
171.838
170.596
174.272
167.281
174.024
171.555
168.608
178.094
169.432
174.234
172.419
168.599
173.728
168.164
168.957
178.454
171.223
173.128
169.395
171.292
174.125
174.522
173.246
172.703
177.779
169.661
176.288
173.908
171.134
170.73
173.96
173.337
174.695
171.127
168.824
175.303
171.584
172.43
175.32
164.48
178.411
169.374
168.584
172.837
168.397
171.129
174.465
176.002
174.469
171.079
170.553
166.223
170.705
173.704
175.677
170.521
173.513
173.452
171.06
173.507
171.475
171.831
165.499
171.055
173.935
175.607
174.391
172.937
170.637
168.514
168.764
174.523
167.644
165.672
167.606
175.113
173.477
173.434
174.87
171.916
173.861
167.779
173.503
172.754
172.562
170.464
175.141
172.858
165.395
170.564
170.232
167.89
176.527
169.691
171.766
173.45
168.594
177.692
168.492
173.199
172.758
168.066
168.898
171.342
169.077
175.437
173.21
175.681
173.98
166.448
174.035
172.045
179.621
171.931
169.436
172.948
172.861
170.482
171.973
169.161
172.32
170.005
169.511
168.732
169.047
172.169
168.633
172.579
175.862
169.525
174.252
171.755
173.787
171.553
169.674
169.364
170.361
168.423
170.088
172.507
169.765
170.118
177.61
171.046
171.456
169.386
172.663
170.274
171.072
172.313
174.14
169.489
177.645
174.148
173.534
168.838
174.625
169.888
171.574
172.732
170.409
173.072
173.701
167.884
172.477
170.095
171.578
168.206
174.791
176.296
172.965
171.833
169.612
176.462
173.132
169.557
169.256
172.195
168.778
172.784
170.706
169.046
174.412
170.638
172.021
175.99
170.152
174.642
167.912
175.972
173.455
173.265
171.794
172.423
169.156
169.704
170.512
171.363
171.3
177.418
169.733
171.783
171.645
174.962
168.204
173.356
175.651
169.07
178.787
172.035
171.271
173.143
171.456
172.146
173.874
171.357
171.727
171.389
171.569
171.303
169.973
173.234
171.757
177.211
176.409
170.895
175.063
168.702
172.344
171.292
173.728
176.822
173.558
167.422
172.675
174.214
174.363
173.559
170.13
172.523
170.857
172.787
173.103
171.948
171.182
172.607
170.665
170.583
171.659
172.891
175.374
170.599
173.88
169.507
173.446
174.318
171.53
173.195
166.544
172.642
176.732
171.847
168.24
172.226
170.542
175.293
174.619
176.58
167.528
168.202
172.109
171.574
173.647
170.114
170.169
168.398
175.355
174.041
175.979
170.483
168.929
168.408
170.151
172.835
175.215
173.998
173.293
170.732
171.617
169.046
174.125
173.078
176.009
168.738
172.991
169.025
177.165
171.229
173.157
167.494
169.821
168.655
171.73
170.355
173.634
168.5
171.771
165.061
171.427
171.413
172.211
165.581
173.626
173.391
169.53
174.725
171.654
173.984
176.73
174.437
173.457
174.383
171.503
169.901
169.748
172.272
169.547
169.83
173.14
170.31
171.682
170.799
171.642
176.216
172.991
168.124
174.567
170.797
172.595
171.373
171.655
175.041
170.554
171.567
174.312
172.71
170.545
181.066
170.788
174.021
172.755
173.982
173.726
173.778
171.2
172.847
171.148
168.372
169.352
171.941
177.072
173.176
178.051
171.433
175.752
172.792
173.776
171.325
166.736
176.961
169.289
169.802
169.511
173.855
170.077
165.013
173.372
173.705
174.363
170.167
170.753
173.77
173.314
170.883
169.969
169.131
172.894
170.294
172.839
171.695
171.486
171.444
169.566
169.605
174.767
173.763
169.16
171.799
170.523
170.063
172.483
169.976
170.692
166.477
170.957
172.256
171.793
169.044
168.504
170.95
166.006
175.601
175.37
175.621
171.066
173.938
171.566
166.63
171.519
172.566
176.282
172.224
173.824
171.95
172.708
175.18
176.376
173.892
171.907
173.4
170.754
169.447
174.447
170.523
173.904
177.912
171.367
170.541
168.766
170.386
172.685
175.343
173.974
168.773
170.968
170.075
175.656
170.672
173.583
173.91
171.189
173.371
176.555
172.664
174.408
168.778
172.48
172.05
171.661
176.082
168.58
175.309
169.735
172.855
172.126
173.617
172.839
170.051
175.609
166.739
173.842
167.795
171.196
174.862
170.058
169.4
171.736
170.726
170.766
174.692
175.782
169.381
168.725
171.495
171.185
171.586
173.024
174.467
176.279
172.956
171.931
174.315
166.896
171.373
169.487
170.994
169.56
173.683
171.864
172.191
168.192
171.887
168.602
174.997
175.978
175.847
174.801
167.973
170.228
173.709
171.991
175.082
176.037
166.927
178.465
174.384
169.237
169.154
171.177
173.454
169.11
171.874
171.158
170.281
172.812
173.161
166.499
176.452
174.694
174.42
167.749
170.279
169.613
172.814
172.67
171.044
167.47
172.897
174.056
176.96
168.749
171.159
173.181
176.654
171.616
173.183
171.554
172.281
165.045
167.88
166.267
174.936
174.052
172.081
174.581
171.258
169.329
170.324
170.369
171.794
167.211
172.437
175.208
173.6
169.079
171.71
175.594
171.764
176.238
173.692
172.017
172.938
169.194
170.049
172.113
169.996
170.662
166.988
171.983
173.92
169.933
169.385
172.591
175.27
176.278
174.982
174.347
171.127
169.341
166.155
170.257
171.856
173.969
172.819
174.996
174.731
172.568
166.787
175.456
168.163
174.372
171.574
174.737
170.126
169.595
168.48
174.551
172.303
171.099
168.802
170.037
169.865
168.549
166.397
171.471
169.296
173.463
173.734
174.505
172.75
170.478
172.911
174.233
170.342
167.659
174.74
172.156
173.887
173.512
167.381
170.385
169.251
170.138
172.215
171.912
168.236
172.892
173.624
168.227
173.26
170.975
173.29
175.712
172.496
173.684
170.209
170.957
169.984
171.675
166.89
170.956
170.87
166.296
173.455
173.292
173.219
174.446
175.015
170.522
173.072
174.333
173.276
173.768
173.343
175.391
174.154
175.153
172.586
170.277
172.176
173.084
174.449
169.676
170.633
174.311
167.085
171.05
176.971
171.209
170.086
173.747
173.046
172.989
173.171
172.748
169.294
176.515
174.45
166.956
168.845
172.542
167.766
170.751
167.366
173.266
172.746
173.797
168.622
172.617
169.464
172.47
173.579
172.107
172.706
172.472
169.019
171.882
175.793
173.091
179.384
169.938
173.521
169.797
169.99
167.643
169.27
170.98
171.589
174.795
168.116
167.748
178.016
171.959
172.52
175.321
170.111
172.044
171.526
173.475
171.541
167.643
170.165
172.504
172.868
176.81
167.723
171.613
172.216
171.307
172.298
174.349
171.769
174.932
173.977
175.77
173.419
174.331
169.485
172.611
173.307
174.44
174.576
171.419
170.156
171.261
169.632
175.465
171.905
173.038
169.019
173.152
173.145
171.197
175.431
169.48
172.217
171.451
173.855
170.539
169.728
168.107
173.561
173.142
171.952
169.091
176.892
169.763
175.244
172.091
171.59
172.598
171.127
175.633
174.733
172.056
177.909
177.166
174.663
169.777
171.272
171.291
165.202
176.02
169.027
177.263
179.407
171.379
172.246
170.66
169.556
169.084
174.248
169.103
171.303
168.277
170.9
167.983
171.465
170.133
173.057
168.632
173.667
172.462
169.466
170.996
170.674
173.041
174.396
170.053
175.781
166.362
172.44
171.915
169.309
174.264
170.689
168.08
175.049
168.508
170.142
177.107
173.139
171.726
173.339
174.742
171.095
173.037
175.764
175.961
171.172
172.889
166.745
171.828
172.106
169.327
177.171
170.588
173.042
170.601
174.791
173.526
179.474
171.997
176.241
172.456
177.43
173.143
172.567
171.124
173.733
170.973
169.951
171.781
171.509
173.436
170.776
172.307
176.144
173.908
170.525
167.785
170.696
174.555
169.67
170.354
171.221
171.246
172.584
171.314
174.736
175.108
170.502
173.236
169.209
177.818
169.389
168.52
174.507
173.75
171.777
175.498
169.205
175.287
173.261
170.892
170.812
169.871
173.567
171.125
175.147
175.118
167.689
174.634
168.623
167.352
175.958
170.058
173.944
172.449
169.472
175.853
174.195
174.82
176.732
169.07
169.219
171.936
172.021
175.5
171.644
174.327
166.39
172.624
172.6
173.546
172.485
177.072
172.663
173.761
170.143
169.015
166.934
167.803
171.948
176.048
169.065
170.838
170.078
177.158
170.933
168.95
175.931
174.132
173.573
169.391
173.8
173.261
168.618
168.448
168.866
175.208
176.015
170.771
171.545
173.243
174.307
165.43
172.234
168.533
166.633
174.077
171.468
169.548
166.76
170.097
171.624
172.361
165.338
172.225
178.244
171.362
169.026
172.321
168.699
170.011
173.162
176.769
173.983
174.844
174.195
171.112
175.457
174.463
174.855
169.334
176.304
168.64
168.821
170.572
177.727
175.285
173.602
173.496
169.77
175.535
170.009
174.122
173.041
174.992
172.487
169.743
170.766
176.313
173.322
165.655
173.324
170.997
175.096
174.365
171.893
169.201
175.071
175.124
169.563
173.059
172.099
173.611
170.968
173.407
167.163
168.812
171.509
169.692
170.945
168.766
173.692
169.697
169.411
175.197
168.802
169.132
172.545
171.493
173.907
170.548
171.853
169.034
168.857
170.127
167.196
172.495
169.451
169.139
173.086
171.704
169.207
170.605
175.828
169.565
169.302
171.482
170.556
178.559
171.588
170.735
176.335
167.801
173.339
173.439
176.432
174.194
168.952
173.383
170.945
172.583
170.08
170.53
174.373
170.809
169.968
172.561
168.672
174.747
170.61
172.075
165.743
172.27
169.563
177.778
170.941
170.529
167.937
168.965
173.666
172.89
175.468
171.405
174.618
171.792
170.713
171.146
168.081
175.445
172.515
167.777
172.923
171.945
167.417
167.614
171.872
175.749
170.838
169.671
176.422
172.186
173.089
172.353
173.541
170.069
165.027
169.178
168.272
171.038
174.209
172.929
170.745
172.475
169.327
170.404
176.377
172.263
173.685
171.876
178.85
175.135
171.698
166.838
169.113
174.791
172.447
173.021
169.732
175.852
174.6
168.676
167.424
177.081
176.777
174.587
172.895
172.96
172.949
173.887
172.602
177.517
170.311
167.913
174.839
173.73
172.723
175.355
171.718
171.03
172.102
167.249
171.754
175.926
169.478
172.777
174.621
165.406
171.316
170.792
176.618
175.01
170.73
170.951
172.563
175.478
170.559
169.517
172.931
174.569
174.67
169.983
171.433
171.962
169.413
173.844
172.218
177.693
173.653
172.7
175.257
172.766
165.684
176.378
168.014
172.263
171.933
173.213
173.634
175.25
168.892
167.133
176.55
173.157
168.176
171.639
171.892
169.067
168.807
173.699
171.794
173.832
173.188
171.934
174.924
170.633
176.176
176.522
169.94
170.753
173.973
170.369
171.507
173.344
175.348
176.231
162.833
169.977
175.393
170.667
173.5
172.53
170.073
171.282
173.697
173.014
170.98
172.262
169.293
173.88
171.762
173.745
173.623
172.31
170.66
174.533
169.738
173.469
168.868
172.131
173.015
173.311
171.543
173.89
169.296
170.501
170.748
174.464
169.752
172.284
168.784
176.962
170.539
174.929
173.06
174.319
169.522
173.356
173.303
168.04
175.692
175.976
173.921
170.518
167.637
173.503
173.423
171.307
171.989
169.834
173.688
175.217
177.145
170.895
174.578
171.142
170.549
174.672
172.148
173.215
170.452
171.931
169.833
172.342
172.34
173.824
168.342
173.66
169.801
172.358
171.823
169.929
170.801
174.259
175.036
170.581
174.845
174.32
172.941
169.301
170.244
177.028
170.093
172.381
169.962
170.4
172.027
173.417
175.618
169.321
173.184
174.852
165.81
173.056
169.183
172.236
173.335
167.702
174.574
170.632
174.492
172.55
169.259
172.438
173.64
173.814
174.155
170.269
171.532
174.866
170.537
170.07
174.95
172.115
171.669
172.43
168.136
168.184
171.708
169.869
172.483
177.32
173.433
172.299
174.151
173.889
173.145
170.047
172.2
171.136
172.511
171.048
174.854
171.621
171.498
179.461
171.814
166.22
170.737
171.276
169.031
177.603
168.948
173.358
173.389
172.778
178.23
171.395
173.188
174.709
171.413
171.367
171.079
170.616
171.026
166.98
167.236
173.405
172.62
174.702
170.042
166.784
169.078
173.174
167.264
169.323
165.296
169.188
171.922
174.608
174.233
174.626
169.164
173.743
168.78
169.596
175.818
171.146
170.872
168.886
171.384
173.598
173.399
173.058
173.761
171.292
169.499
175.226
172.265
168.819
171.492
171.825
169.934
172.556
171.214
173.773
173.561
171.646
176.429
171.262
168.222
173.926
173.72
173.209
164.799
172.747
170.057
172.768
172.382
173.752
174.601
172.739
171.194
170.069
173.532
173.077
169.711
172.529
172.41
174.248
170.93
175.144
168.152
166.527
170.704
173.142
169.478
171.573
173.517
177.214
175.99
172.43
170.501
173.182
173.244
172.108
172.542
173.698
174.454
171.701
167.833
166.588
176.115
171.625
171.603
176.95
174.366
163.885
170.698
172.88
169.16
172.406
168.134
173.397
167.678
172.785
172.359
174.913
168.684
173.877
171.314
167.51
170.045
171.369
170.48
170.615
168.632
174.023
171.553
172.235
165.461
172.046
172.92
170.377
173.675
174.076
172.435
176.27
170.121
172.73
173.526
170.115
168.882
176.489
171.795
172.435
171.8
174.568
174.625
169.75
169.313
171.422
176.484
174.394
171.827
173.233
176.523
169.118
172.139
171.964
171.97
170.672
168.74
173.766
168.959
166.819
174.018
174.99
170.529
170.894
172.95
169.549
173.227
174.449
170.773
168.651
176.397
170.195
174.857
172.151
170.854
170.479
169.925
169.005
168.996
173.679
172.625
172.724
173.995
172.19
172.267
173.276
163.656
173.548
170.677
173.138
174.423
168.35
173.132
172.22
174.489
170.473
171.872
171.525
177.239
173.89
170.381
173.63
169.248
169.5
171.856
174.222
173.926
171.015
175.656
172.358
168.865
173.51
176.505
169.966
167.246
170.015
177.076
177.392
175.725
173.129
169.689
171.095
172.107
169.997
176.593
166.529
174.022
173.775
171.512
174.675
171.475
170.796
167.993
170.477
174.717
174.436
177.262
173.933
175.785
171.309
167.353
171.485
172.336
170.66
172.252
170.449
170.027
173.948
169.219
172.327
170.989
171.977
169.864
171.77
172.08
173.921
169.796
175.544
170.91
178.024
175.023
168.937
169.933
171.911
171.552
169.369
170.223
171.955
171.477
169.708
168.418
172.039
169.122
172.524
172.461
173.016
174.36
172.609
171.113
173.962
166.725
173.333
169.966
169.2
175.835
171.212
171.03
172.718
169.388
174.926
170.463
175.284
170.714
177.421
173.835
176.702
168.431
174.936
173.143
172.361
170.296
171.643
172.642
170.384
172.356
174.06
171.12
175.038
177.321
166.658
171.316
174.969
175.077
172.727
168.751
173.647
169.292
169.195
170.642
172.419
173.177
173.491
170.303
172.974
171.113
177.352
170.977
168.667
169.936
172.731
170.745
170.572
165.709
169.656
168.36
173.305
171.755
175.173
172.86
169.144
170.008
172.049
176.387
172.279
166.605
175.742
172.422
176.086
169.144
171.58
172.542
171.647
169.615
177.731
174.597
169.675
170.559
168.801
173.754
171.478
174.908
169.291
172.328
178.76
173.776
175.368
176.12
175.434
173.619
174.906
169.753
170.922
173.375
167.177
173.657
167.321
178.879
170.433
173.809
169.048
169.429
173.434
172.422
173.161
172.694
169.757
178.759
164.225
166.268
174.472
170.245
169.874
170.69
172.74
175.879
163.339
175.488
177.552
172.678
169.2
172.548
176.142
174.747
174.13
173.319
174.011
171.785
171.716
169.826
173.161
172.397
174.369
167.193
172.582
171.082
178.619
168.935
176.145
171.897
172.57
171.927
170.778
171.526
170.888
176.402
176.271
173.741
173.936
173.864
175.519
172.84
165.843
172.177
165.736
172.81
172.604
174.052
169.961
172.315
172.318
172.06
176.109
175.839
171.564
173.232
172.139
174.81
170.703
169.535
173.925
166.613
173.44
169.74
172.568
172.532
172.778
163.632
167.766
170.487
174.328
169.769
174.014
170.849
169.776
172.271
172.023
169.061
174.408
168.674
176.179
173.419
173.925
173.342
177.089
169.654
173.006
168.97
173.207
171.747
171.811
173.322
179.032
174.511
170.434
172.07
175.504
170.726
172.866
170.603
175.867
174.215
172.933
169.778
176.014
173.726
174.215
174.147
168.751
170.241
173.09
170.838
165.017
168.757
172.593
170.013
170.541
170.122
170.052
174.558
176.232
172.72
172.162
173.345
177.68
176.678
171.835
173.779
173.302
172.277
172.547
171.008
168.95
171.464
175.637
171.12
168.939
168.463
173.395
175.506
173.341
164.515
172.761
166.256
169.968
168.512
168.01
171.547
168.517
169.86
167.12
171.543
173.201
169.804
175.483
169.935
174.102
176.476
174.597
169.951
173.577
171.774
167.615
171.759
172.68
169.477
177.586
172.958
171.273
170.087
168.165
172.609
171.421
172.562
171.114
174.258
170.57
175.591
169.916
173.605
169.484
173.746
171.937
171.942
173.297
170.54
172.448
172.772
169.749
172.238
164.11
169.899
175.643
171.895
173.359
164.896
169.263
172.989
173.245
169.459
176.325
168.715
177.699
174.712
173.736
173.138
173.542
168.898
171.916
172.352
171.015
171.133
172.57
172.229
169.501
176.924
169.077
168.194
172.364
169.968
172.944
169.078
169.752
169.037
171.516
171.604
170.695
173.511
174.093
174.877
167.17
170.587
172.668
170.198
174.138
173.366
171.674
171.673
172.008
170.029
170.674
172.188
174.523
175.483
173.493
168.882
170.965
171.422
176.94
174.435
174.377
172.606
172.338
176.075
169.279
169.82
171.747
173.518
168.654
173.356
174.702
176.718
172.472
170.646
179.6
171.909
170.214
174.756
173.766
170.959
169.379
171.635
171.308
171.468
173.88
171.572
174.471
171.803
169.893
170.372
170.487
170.379
168.533
172.108
172.606
173.949
170.186
172.22
172.494
173.064
170.339
171.67
172.215
173.834
172.105
173.343
164.029
170.899
171.394
171.607
168.8
174.86
173.609
177.359
174.821
168.622
166.358
173.657
172.898
171.908
171.272
169.18
167.99
171.952
177.513
174.466
171.726
171.672
174.102
171.374
175.859
169.439
172.993
168.029
170.449
173.731
169.469
171.418
175.05
174.325
173.396
172.755
173.368
175.378
175.675
174.508
171.281
167.839
175.01
173.304
171.864
176.223
171.376
173.878
170.163
168.863
171.709
171.538
171.258
167.299
171.59
169.781
172.235
171.339
172.699
173.324
168.129
171.814
167.16
171.662
174.754
171.418
174.859
176.226
170.076
171.927
169.565
178.227
172.38
170.731
172.02
169.779
175.58
171.12
167.197
168.59
176.769
171.153
173.589
173.474
172.292
172.162
171.036
171.542
174.28
168.773
174.303
176.885
176.168
174.41
173.333
172.86
173.123
170.808
174.26
169.974
176.277
171.249
174.113
168.957
173.814
170.679
169.034
172.478
170.534
174.381
169.014
172.59
172.86
171.273
172.336
177.522
173.259
172.996
171.753
176.9
168.754
170.682
171.972
172.39
166.165
175.653
174.5
175.683
167.016
170.473
177.726
169.268
166.513
173.452
177.637
170.835
168.795
173.103
166.7
170.297
172.23
171.806
173.807
176.844
171.954
170.396
171.815
173.357
169.79
167.696
173.547
169.32
172.184
173.17
170.045
176.009
174.684
167.45
170.043
170.572
173.247
174.25
171.472
173.552
170.185
169.654
170.856
174.751
176.719
168.673
172.442
166.559
170.215
171.164
169.08
167.092
170.826
166.99
171.785
171.646
171.919
175.416
169.969
172.862
173.957
176.74
168.933
170.493
170.978
169.919
175.162
174.908
170.987
175.408
173.211
170.337
172.578
169.703
172.271
173.042
174.688
167.72
170.691
175.253
174.134
171.15
171.909
173.033
173.63
172.543
171.562
171.74
172.387
173.533
174.96
168.933
168.175
173.181
170.846
168.057
171.305
173.724
171.427
172.896
175.323
171.307
172.938
173.072
170.372
171.398
173.331
169.809
173.088
169.528
170.527
175.631
170.411
171.399
171.295
173.11
172.891
173.312
165.872
168.073
174.473
173.136
171.317
171.889
172.2
175.094
174.31
171.422
167.164
170.095
171.698
168.655
175.785
169.77
168.672
171.066
174.409
172.888
169.781
175.173
170.338
172.928
174.696
171.788
169.988
174.444
173.924
174.355
173.814
169.871
170.567
172.279
171.515
169.324
167.373
169.538
171.022
174.841
169.91
169.929
177.016
175.696
167.037
172.927
170.032
170.621
174.547
171.46
172.537
171.398
169.799
173.47
172.039
169.415
175.437
169.481
172.493
171.47
163.486
172.364
171.853
173.473
174.689
178.745
176.055
170.461
174.159
168.573
169.629
172.591
175.24
171.072
170.08
165.689
171.884
169.185
173.371
172.387
171.319
174.447
172.195
168.111
171.468
174.075
171.426
166.896
172.704
170.409
171.438
176.754
171.899
170.862
169.148
168.467
171.582
170.569
174.927
171.483
173.519
170.107
171.587
172.563
169.735
173.132
174.276
174.426
171.735
176.065
172.775
167.358
171.971
168.65
173.483
174.094
170.592
176.106
171.198
173.566
170.459
174.014
171.4
168.044
171.965
171.982
172.204
174.387
172.203
168.049
169.703
171.843
168.11
176.99
170.327
171.301
169.326
173.886
169.779
175.832
169.208
168.484
171.27
176.738
175.775
170.73
173.564
171.075
168.752
169.242
170.934
169.944
175.691
172.059
170.731
173.61
173.943
173.975
172.222
170.093
169.983
177.029
173.101
173.525
168.525
171.679
169.056
173.796
174.828
169.735
174.456
171.247
170.844
174.612
169.786
175.391
167.344
168.773
171.628
171.766
174.565
172.448
172.572
170.866
169.85
170.508
177.548
169.705
173.846
179.804
169.142
170.932
171.362
170.055
174.447
168.875
169.943
170.917
171.825
170.098
177.237
167.609
169.631
170.718
170.151
172.127
174.758
171.276
174.755
170.035
177.056
165.364
175.142
170.822
172.633
176.372
166.256
168.149
171.858
172.803
171.439
175.283
170.687
169.823
172.53
169.404
172.57
175.205
168.591
173.28
170.066
170.313
169.023
174.704
176.149
172.274
170.241
171.519
174.679
169.173
171.816
172.939
171.309
171.185
168.524
174.065
170.137
170.684
173.091
171.032
170.625
171.766
176.932
170.083
172.354
170.462
171.302
175.915
173.5
174.031
174.241
168.523
174.45
167.447
170.987
169.883
174.119
174.443
171.899
169.221
173.075
173.746
172.163
170.798
169.641
168.818
175.981
168.837
170.261
169.457
169.408
176.719
173.139
175.811
169.61
168.094
172.411
172.386
171.138
171.892
169.713
169.333
173.297
169.685
170.177
176.404
175.066
170.092
170.139
176.244
170.075
176.913
170.459
172.384
172.04
168.39
174.253
176.779
174.665
176.995
172.868
170.242
173.01
172.793
176.705
172.997
173.359
171.609
166.313
173.955
168.836
170.915
174.178
173.141
168.002
171.13
172.565
176.098
176.005
173.435
175.126
173.213
174.221
169.051
170.56
172.682
166.14
171.029
172.786
172.451
168.33
175.142
169.276
168.912
172.022
173.757
173.728
170.909
173.542
166.979
173.488
172.622
174.665
170.558
176.781
169.658
171.537
169.879
172.71
173.615
172.308
172.241
171.65
166.904
172.576
169.917
172.033
172.547
173.993
174.787
168.256
173.434
169.195
175.047
167.628
171.68
166.226
169.578
174.33
166.448
170.405
165.983
170.384
168.048
174.377
174.395
170.961
171.872
173.305
171.153
170.071
166.934
172.783
171.484
167.894
174.32
174.255
173.123
170.279
169.728
174.64
169.083
168.145
174.297
172.273
170.65
170.531
168.156
174.933
169.009
172.112
174.224
168.637
173.744
173.698
169.814
171.393
175.631
172.271
168.384
170.413
170.583
168.409
171.143
168.925
165.109
167.888
170.781
179.427
171.849
168.974
173.457
171.573
177.84
171.894
170.97
172.836
167.154
173.655
176.246
169.176
170.452
168.966
172.921
178.31
169.38
174.506
174.924
176.09
172.344
165.721
168.45
168.728
168.083
176.726
173.552
171.486
172.195
169.757
170.846
173.262
174.618
172.859
172.967
176.781
169.455
172.813
171.077
171.733
170.741
168.619
171.504
172.761
171.815
173.738
172.254
174.965
175.717
172.163
174.485
172.22
170.948
174.975
171.382
176.551
167.952
175.342
168.782
170.961
170.554
171.189
168.486
172.264
174.679
174.082
169.758
172.549
174.92
174.224
176.42
173.552
172.459
171.049
172.735
173.462
168.879
171.694
170.708
175.063
173.466
176.372
171.574
172.607
175.272
171.153
171.17
173.995
172.142
173.351
171.326
167.526
175.134
167.529
174.761
173.199
169.386
166.987
169.874
172.346
168.6
168.716
174.514
173.774
172.455
173.615
169.71
167.826
168.678
171.828
178.962
169.64
173.009
174.658
169.377
172.129
169.741
173.237
172.674
170.262
174.546
172.012
167.635
169.907
171.345
176.813
171.501
169.015
169.122
170.155
172.044
175.567
173.768
174.47
174.13
173.445
171.263
169.926
170.528
170.54
172.993
171.437
171.963
177.067
169.52
176.899
167.293
173.59
175.19
173.011
172.721
174.083
176.333
169.486
172.875
171.644
170.474
172.269
168.727
170.991
173.86
177.232
176.543
173.605
171.897
168.708
168.141
172.545
172.188
174.037
168.875
173.749
172.54
170.103
175.907
174.653
170.015
174.756
168.03
173.149
171.522
169.347
173.955
171.224
169.156
172.905
177.187
170.915
169.255
168.537
175.333
174.711
167.468
172.313
172.554
171.61
175.551
169.554
167.688
169.43
167.436
172.342
173.439
167.917
168.239
171.885
175.872
171.465
171.434
170.696
173.186
168.614
171.141
172.31
174.955
169.58
175.311
170.313
171.443
173.371
171.165
175.858
169.846
172.968
172.063
166.105
172.703
171.316
169.364
165.19
173.989
166.739
171.667
165.658
170.716
172.324
168.655
171.257
166.863
171.847
173.184
173.671
170.057
171.946
172.894
174.105
176.961
175.223
174.148
168.293
172.575
173.485
174.015
176.81
172.825
171.075
175.221
174.023
168.381
174.772
172.428
173.64
171.622
173.51
174.006
172.825
172.496
174.032
167.899
169.523
173.5
173.626
170.807
173.194
172.107
172.958
176.077
170.307
176.868
169.073
175.751
167.406
171.556
172.056
167.741
174.881
168.803
170.973
171.343
169.709
171.72
176.924
169.824
175.143
173.503
172.445
170.865
171.023
171.555
168.047
169.101
173.535
170.825
169.353
169.096
172.967
172.277
170.259
177.952
174.844
170.436
174.13
170.433
168.807
167.605
167.468
170.225
169.825
176.055
166.562
169.447
168.37
169.733
171.769
169.879
174.81
171.473
171.533
171.53
169.182
166.799
166.11
174.2
177.379
169.655
171.139
172.048
173
170.416
171.479
169.974
173.27
169.495
171.605
171.513
171.648
175.007
171.864
171.73
175.397
169.501
171.818
167.438
175.788
171.48
168.733
169.091
170.721
174.245
169.86
171.662
173.693
172.927
169.025
171.865
170.397
176.058
172.097
173.512
176.881
175.421
169.309
168.689
172.565
173.112
175.372
172.552
170.432
171.339
168.821
175.363
174.254
174.126
172.474
170.365
170.667
174.45
171.797
170.658
169.116
172.145
169.859
169.358
173.978
169.849
170.717
172.556
171.973
169.498
169.796
171.588
172.343
174.354
175.401
175.699
173.281
169.318
174.939
173.046
172.26
167.661
169.43
171.223
173.229
179.009
165.985
170.782
176.367
169.731
175.493
170.615
173.06
168.621
165.482
175.698
171.389
168.45
172.639
169.354
173.669
169.052
173.958
170.235
169.139
170.121
174.44
172.201
174.13
169.258
174.443
172.931
173.471
172.683
171.417
172.289
168.202
169.858
172.628
169.888
175.613
173.809
168.341
170.509
172.254
170.475
173.622
173.883
176.566
169.831
174.62
171.898
168.588
174.409
169.5
175.469
174.256
174.543
172.714
172.275
171.939
173.5
170.577
173.637
169.93
170.012
172.759
170.518
172.942
172.915
174.254
169.779
172.631
169.711
170.392
174.575
167.465
172.296
170.658
169.356
171.414
168.426
171.405
170.393
171.542
177.36
171.971
168.313
172.654
166.696
169.882
174.663
166.744
182.011
177.818
173.606
173.521
173.71
171.922
170.31
170.628
176.478
175.962
174.447
168.793
170.921
170.247
172.44
169.229
173.072
168.045
175.76
169.143
171.671
168.601
174.235
177.101
178.184
173.487
170.221
169.159
173.586
171.91
170.329
175.183
171.64
170.001
173.619
171.056
171.034
175.165
170.932
171.442
169.926
168.699
173.024
170.164
171.028
170.962
175.297
168.294
173.771
168.416
173.81
166.994
173.819
171.314
171.014
170.893
168.831
168.298
169.596
174.434
173.505
172.021
171.348
173.483
172.745
177.526
168.075
165.629
176.04
172.219
173.754
169.307
175.999
173.862
169.575
167.622
172.427
174.182
171.217
171.13
177.012
173.498
172.361
173.742
172.009
169.608
173.664
174.56
175.505
172.408
170.144
174.888
170.601
167.348
170.537
170.42
173.361
169.869
173.497
174.785
172.724
170.821
175.13
175.61
168.458
173.165
173.2
171.882
173.728
176.596
172.448
175.074
171.132
174.338
169.499
171.629
174.213
171.13
173.601
170.082
167.164
166.32
170.209
171.515
173.555
172.344
172.788
173.35
173.077
174.094
175.244
171.764
173.349
171.994
171.998
172.604
174.035
172.088
171.499
176.118
176.045
171.067
172.17
171.015
170.854
171.621
174.028
173.498
167.714
168.869
172.922
175.187
176.401
167.416
169.728
167.092
169.685
172.826
173.36
168.917
176.184
169.898
171.902
168.607
170.359
178.466
173.866
174.962
170.138
171.732
173.249
173.206
168.041
176.838
171.116
172.202
171.536
174.196
172.108
170.661
170.103
172.141
166.675
174.227
174.361
171.451
168.624
173.529
167.076
170.515
169.096
171.581
170.74
172.105
174.605
173.973
176.068
172.037
171.073
168.32
172.986
170.48
169.358
178.727
172.379
170.727
167.889
173.096
170.14
168.672
170.298
174.217
170.132
170.139
166.589
170.741
170.012
170.988
172.868
172.501
168.717
170.585
176.552
169.394
176.059
174.961
174.157
169.156
178.41
171.55
171.789
172.012
171.627
169.912
176.405
172.705
177.119
171.467
170.251
173.393
174.25
172.826
173.259
170.042
175.083
173.398
175.282
172.872
170.128
170.834
171.549
172.939
173.276
169.044
173.109
169.92
171.561
174.318
171.182
173.797
168.785
174.095
170.922
168.164
171.355
169.946
168.873
167.339
172.638
170.958
172.989
169.464
171.332
173.241
175.164
172.468
177.89
171.653
172.625
175.109
173.62
174.139
167.759
175.31
170.183
170.047
170.047
175.404
170.884
176.985
168.895
168.513
174.752
172.164
170.274
175.505
170.881
174.12
173.175
170.567
173.183
176.042
174.253
175.402
176.458
169.398
172.55
174.818
169.397
165.132
177.918
175.796
167.987
171.294
176.005
170.179
172.883
175.173
171.164
171.956
174.334
172.368
171.793
169.801
171.081
167.231
171.3
169.643
174.703
172.753
171.279
167.281
172.679
169.676
177.825
174.141
167.325
168.186
172.805
173.524
173.556
170.313
173.311
170.998
168.716
167.747
170.468
178.457
175.48
172.183
177.037
171.509
170.454
171.007
174.66
169.832
172.384
170.88
173.091
169.505
170.178
166.848
171.113
174.721
175.429
174.396
172.424
168.965
178.109
175.998
174.122
168.802
171.963
173.051
172.591
173.869
169.762
173.33
172.609
175.451
171.551
171.911
170.372
170.286
176.815
174.095
172.957
171.92
169.967
172.599
173.34
172.961
174.869
179.766
173.797
171.159
171.194
177.12
173.37
172.365
169.952
170.682
176.319
168.561
171.499
171.2
169.567
173.623
172.102
168.65
173.481
170.786
168.415
169.851
170.38
169.716
173.054
170.888
177.563
177.834
172.874
175.393
169.21
176.067
176.172
177.081
173.065
171.675
172.813
171.349
170.91
170.642
170.244
173.291
174.387
170.587
169.62
176.308
170.879
165.458
179.779
172.373
169.082
167.047
167.652
170.614
175.615
172.285
173.699
172.591
170.601
173.566
174.709
166.932
168.14
177.749
168.381
178.457
166.588
171.963
168.276
171.114
170.034
169.03
170.663
169.903
179.297
171.159
171.957
172.817
171.496
173.344
170.348
165.475
174.551
176.126
175.943
175.317
176.099
166.788
173.307
169.986
173.155
174.05
174.106
174.005
175.171
172.086
172.62
172.931
170.029
176.976
166.562
173.007
172.686
170.256
169.029
172.845
170.109
167.619
171.301
171.481
172.731
169.181
166.884
172.23
175.06
173.71
175.141
170.533
169.795
170.476
173.666
171.767
168.372
170.354
168.594
170.242
170.814
171.914
171.788
171.551
173.15
173.385
172.515
171.962
173.958
167.484
167.68
172.159
168.708
171.321
173.846
169.873
170.401
172.377
170.161
171.775
172.237
177.114
174.22
175.351
171.947
168.573
168.955
169.507
174.582
174.311
169.518
171.917
168.473
168.023
172.634
168.725
175.205
171.152
171.196
166.674
171.87
173.315
170.999
170.896
172.597
173.214
168.764
171.945
174.699
179.684
170.665
174.21
167.98
173.834
174.684
171.791
172.295
170.878
175.685
167.677
174.876
172.47
170.394
170.354
169.808
174.066
170.242
171.25
174.538
168.267
173.864
173.363
169.429
174.186
171.987
170.5
169.325
177.128
171.329
175.151
167.198
171.341
174.834
173.985
171.035
177.266
169.505
175.513
168.913
173.874
174.015
175.63
174.161
175.634
173.137
174.217
174.943
172.456
171.201
172.058
174.775
174.711
169.121
168.956
169.649
174.742
174.257
173.074
178.352
174.251
176.929
172.874
173.369
172.966
168.471
171.976
168.584
172.307
172.62
172.537
177.325
173.511
173.843
172.36
175.399
172.337
175.404
171.941
174.617
168.42
175.031
165.618
174.602
172.893
170.031
174.206
175.351
169.106
172.393
174.036
173.152
176.433
169.348
173.324
169.921
170.118
173.77
166.327
171.972
178.199
176.737
172.625
174.662
173.025
173.988
175.835
170.908
169.175
165.028
169.379
172.242
168.058
173.319
170.043
169.803
168.278
171.552
171.86
169.556
173.141
174.108
172.479
171.623
170.654
175.249
171.995
174.889
174.331
170.572
172.808
171.209
171.104
166.975
171.446
168.168
172.297
176.407
170.751
169.678
171.388
170.436
170.398
172.995
175.779
176.901
171.838
170.875
171.188
170.59
169.167
172.054
172.46
169.261
169.701
172.614
176.508
173.205
169.177
169.098
170.684
170.62
175.666
169.284
170.564
171.714
171.583
172.46
171.535
169.584
171.63
171.763
167.348
175.399
165.253
172.06
173.295
173.821
172.139
173.543
173.51
174.556
177.511
169.394
172.963
172.781
174.409
172.71
172.307
168.825
175.035
172.735
167.966
174.221
171.338
166.8
172.328
167.899
174.487
169.564
171.922
171.802
172.406
168.639
173.159
172.14
174.609
172.954
168.018
172.396
173.285
173.585
168.543
171.507
174.793
173.87
172.017
172.665
173.101
174.907
172.678
175.232
166.754
169.539
175.616
172.961
173.845
168.966
176.836
169.457
172.27
174.818
167.125
171.51
168.258
166.999
169.207
170.321
169.861
174.318
167.172
168.24
168.916
168.988
174.256
168.579
175.375
171.622
181.094
168.486
173.583
169.289
175.248
173.037
170.275
171.44
168.954
172.311
168.45
172.529
175.089
172.496
172.028
173.889
172.125
171.354
172.979
173.913
166.155
172.567
175.976
169.971
171.698
168.716
170.817
170.716
173.662
173.817
171.756
175.195
171.626
171.385
171.415
172.503
168.224
174.35
170.908
171.568
175.032
172.392
170.74
171.724
173.898
171.94
172.003
171.844
170.764
169.465
172.737
172.133
171.865
174.802
166.679
168.018
171.112
174.488
170.95
174.761
169.599
175.444
169.411
171.444
171.788
172.864
175.019
173.033
174.795
173.285
170.765
173.96
172.308
171.232
178.44
168.377
171.641
167.558
172.103
173.951
171.269
172.967
176.768
169.381
174.235
167.212
175.309
170.61
172.165
174.781
168.981
169.369
173.926
166.757
173.867
169.472
170.82
176.203
173.287
168.5
172.437
170.889
173.975
171.226
175.151
169.414
173.651
174.367
172.047
171.026
174.05
174.17
172.819
177.115
174.057
174.976
170.34
174.5
166.02
176.391
169.555
177.409
171.387
175.504
172.29
170.93
173.504
173.401
171.794
172.233
171.758
172.748
165.736
174.926
172.323
171.274
168.486
172.022
171.836
175.494
173.984
176.402
166.875
173.309
170.484
169.626
166.624
172.861
169.922
172.082
180.378
170.272
169.489
169.064
171.635
171.493
171.229
170.811
174.592
176.77
167.894
171.841
166.508
170.041
170.598
175.919
175.947
168.073
174.231
173.43
170.029
169.907
173.539
173.767
174.815
171.006
170.717
167.387
171.331
172.204
171.916
174.167
169.692
170.862
172.406
171.074
168.699
175.416
175.768
170.069
170.246
176.399
169.494
162.909
170.053
173.83
171.873
173.2
170.781
170.853
174.932
170.109
169.938
177.779
170.341
170.111
174.966
167.739
169.46
174.861
173.265
175.266
175.025
167.941
170.664
177.722
170.634
174.252
168.233
170.417
168.833
166.447
172.579
176.543
168.392
180.021
173.452
173.037
175.884
171.259
169.275
170.841
171.653
176.135
172.224
171.432
168.918
174.864
175.973
171.702
170.044
172.567
173.525
174.42
172.104
170.415
171.559
170.266
166.37
171.173
170.51
173.519
173.679
170.543
173.821
171.067
175.103
172.418
169.514
174.521
174.12
171.536
172.087
172.515
170.552
173.336
172.319
174.195
173.869
171.741
172.871
175.136
174.172
170.963
173.971
171.184
173.76
170.154
168.818
168.54
170.814
171.601
175.249
169.237
170.711
175.989
172.425
170.205
170.022
173.548
173.87
175.943
164.021
172.062
168.886
171.625
171.768
172.706
168.27
169.473
171.069
171.976
176.678
172.087
172.834
171.952
169.127
172.762
173.248
167.959
169.113
169.127
166.292
170.531
171.754
173.136
175.316
170.101
175.783
170.266
170.052
173.145
169.357
169.981
170.311
174.793
173.098
175.901
171.694
175.214
174.182
167.37
173.918
168.117
167.903
176.179
170.546
172.583
172.751
169.469
176.943
172.283
177.517
174.325
165.057
171.859
173.271
173.095
173.981
170.736
169.003
173.153
173.936
172.791
172.165
173.03
172.18
167.629
169.198
172
168.634
171.905
172.258
175.048
168.88
168.694
173.622
173.747
170.98
174.829
168.31
171.697
170.718
169.555
176.776
167.995
180.567
171.464
171.774
174.892
173.163
175.029
172.157
179.779
169.658
170.253
172.374
168.99
171.18
171.335
173.203
171.639
172.245
168.031
172.857
175.586
171.31
173.252
172.118
170.34
174.426
171.322
168.684
168.433
166.347
173.299
171.173
172.42
172.028
175.29
171.423
174.924
165.225
175.823
167.501
167.487
178.146
174.373
174.782
175.255
172.759
175.243
174.481
176.175
169.182
168.267
166.787
174.629
173.176
169.23
170.607
172.962
176.303
173.834
172.905
176.418
170.652
172.823
169.366
172.07
179.298
172.942
175.207
167.195
169.036
169.871
169.23
170.577
171.578
175.113
176.179
175.385
172.994
170.32
171.617
166.289
174.05
175.198
173.072
170.638
173.755
172.258
175.327
173.025
168.344
168.402
173.222
171.612
174.547
174.003
169.25
175.767
172.066
172.516
173.843
171.032
171.867
171.646
172.659
172.19
173.09
172.425
174.459
175.355
168.255
170.179
174.256
174.106
177.591
172.897
174.283
173.271
174.593
163.034
173.28
167.348
170.211
166.721
171.066
177.898
166.538
169.669
171.396
169.489
175.735
165.867
173.14
169.732
170.645
173
172.472
176.393
170.623
176.625
171.567
168.895
175.381
175.397
172.965
173.952
172.788
169.042
171.506
172.996
172.295
175.471
171.301
174.147
174.184
176.504
175.215
167.249
171.998
174.834
171.349
171
176.335
168.534
175.247
171.368
176.47
172.166
175.209
171.001
171.755
170.793
168.484
170.501
170.094
172.717
175.653
170.887
177.327
167.414
173.214
174.195
170.715
174.026
168.69
169.392
177.099
170.75
174.607
170.288
174.524
172.563
170.499
172.517
171.671
175.695
170.478
168.582
167.393
173.283
171.256
170.874
168.915
173.996
170.405
172.924
177.519
172.388
173.344
174.877
169.432
170.968
172.388
174.312
169.834
173.613
173.402
173.233
177.246
172.454
170.467
176.233
168.481
173.764
177.204
165.601
176.947
170.096
168.803
173.733
165.108
171.715
176.173
174.938
169.968
171.131
170.557
175.062
168.397
168.614
176.546
171.908
173.672
176.546
167.722
171.174
169.232
171.827
176.205
177.258
174.814
177.131
171.89
174.106
171.932
170.512
167.021
174.156
170.966
166.657
171.377
171.292
174.123
174.541
167.034
173.032
175.241
169.302
174.91
171.441
171.214
174.78
173.376
170.659
170.057
172.541
170.576
172.718
175.256
172.692
171.259
173.656
170.585
167.628
170.491
169.842
175.862
173.211
173.994
168.455
173.782
179.2
172.638
170.987
168.684
168.666
171.269
172.268
170.689
174.277
169.339
168.992
173.152
168.724
173.02
171.069
167.089
174.173
171.31
168.467
168.775
174.612
173.677
171.324
172.415
173.329
171.396
173.972
169.826
170.731
170.077
173.926
172.161
172.838
170.091
171.048
173.263
173.93
167.09
171.5
171.705
169.261
172.403
172.094
169.828
170.706
171.444
173.598
173.417
169.153
171.251
172.504
172.603
175.185
167.884
175.821
169.405
173.596
172.231
171.489
174.046
173.251
172.802
174.549
170.107
176.327
169.672
171.43
175.068
175.216
170.543
172.439
169.643
173.812
171.935
171.049
171.978
173.661
172.233
168.638
175.245
168.047
176.507
168.564
173.149
174.275
172.433
169.639
169.491
172.249
168.339
169.903
169.046
173.236
170.3
175.633
176.831
170.677
172.807
174.151
167.964
174.322
170.085
168.294
168.012
169.406
168.126
172.366
173.545
169.838
170.065
166.744
170.686
172.168
173.01
167.581
167.261
171.668
175.59
170.217
171.145
168.509
173.897
174.173
171.191
173.122
170.997
170.219
170.487
174.575
169.995
176.518
167.665
172.565
172.339
170.784
171.695
168.974
171.464
177.837
174.316
171.204
174.705
171.901
171.509
172.501
178.147
169.758
170.317
168.475
171.474
170.5
174.028
169.229
171.659
173.842
176.108
171.665
168.022
173.684
169.399
173.84
172.671
171.366
167.762
176.094
174.333
171.802
171.346
173.95
172.122
173.375
170.505
173.435
174.726
172.88
169.009
167.156
172.354
171.762
170.96
171.041
171.496
169.758
171.917
175.672
172.839
169.924
173.786
175.35
169.658
173.446
174.068
177.817
170.056
171.053
167.443
173.63
172.693
173.938
170.282
172.02
164.461
169.413
174.994
174.453
173.914
170.286
169.971
168.811
171.402
171.541
173.822
166.762
173.055
170.292
172.492
172.342
172.707
176.086
171.71
174.477
172.587
171.768
175.063
170.338
174.269
169.498
169.022
172.478
171.982
170.656
168.858
174.07
168.686
177.616
171.942
168.687
177.791
172.592
172.064
174.067
171.688
168.304
176.145
173.454
177.777
170.226
170.95
168.636
168.628
176.757
170.295
172.153
171.691
169.156
172.508
173.409
170.492
177.405
170.084
172.673
171.507
175.913
168.557
169.109
175.283
171.6
169.114
172.928
172.347
173.246
172.884
170.633
166.302
173.93
167.849
167.13
173.629
169.987
171.892
172.87
176.114
166.987
172.266
175.572
177.345
167.401
176.158
169.424
172.335
174.214
175.201
172.764
169.696
167.826
173.163
169.985
171.988
174.804
172.524
172.494
168.659
166.789
170.476
175.258
172.047
168.394
173.82
171.297
173.064
170.663
175.571
176.119
173.906
171.553
175.43
169.301
171.224
176.351
172.338
175.786
175.336
174.355
173.808
170.276
172.118
172.306
170.79
170.81
174.972
174.491
174.206
175.167
171.482
175.872
170.581
170.19
168.525
171.925
173.366
168.623
169.963
172.003
172.765
166.121
169.924
169.022
174.721
169.667
172.322
171.504
176.901
172.853
175.01
167.57
172.015
173.949
171.179
168.457
175.28
172.778
173.278
172.782
171.539
170.849
171.98
174.749
170.52
167.311
171.544
173.017
176.21
172.247
169.844
176.619
174.958
172.849
176.166
169.754
174.93
169.92
169.331
172.869
170.946
174.661
172.457
171.086
172.268
174.73
171.577
169.59
175.251
173.66
170.918
168.445
168.72
171.136
170.195
175.746
170.976
173.875
171.436
169.415
169.559
175.356
172.369
172.39
172.105
178.706
174.983
171.98
171.941
172.16
174.187
169.457
170.06
174.224
176.809
172.188
170.31
170.479
170.429
167.273
171.271
173.471
173.973
172.858
169.276
173.033
171.687
169.75
181.123
168.585
164.115
176.458
174.525
173.945
171.059
176.697
173.336
170.066
174.218
168.639
169.013
172.137
169.963
173.161
172.535
170.018
172.796
169.801
175.426
174.972
169.77
173.595
170.378
168.603
176.998
173.133
175.433
169.434
170.535
170.796
172.552
171.175
170.887
168.221
176.049
174.229
169.233
171.812
171.541
171.301
173.824
169.755
172.642
172.082
179.192
170.787
173.928
172.683
170.056
170.635
169.875
172.59
171.701
169.992
170.323
169.313
170.829
170.268
171.488
175.017
170.041
172.301
171.57
180.674
176.147
172.519
170.222
166.776
171.932
172.13
171.187
170.301
173.682
173.166
168.976
170.118
172.202
175.87
173.96
176.204
171.137
171.495
170.359
174.963
173.563
169.444
170.812
172.233
170.628
173.854
169.987
169.954
177.246
170.119
167.436
174.193
171.235
169.596
168.37
173.327
174.44
171.328
175.643
173.241
170.38
177.702
172.649
170.997
172.936
174.858
174.792
169.929
170.15
174.928
175.11
169.256
171.135
172.233
173.458
171.521
173.104
172.21
172.104
169.734
172.461
167.337
173.156
175.873
169.846
171.161
170.058
171.599
175.047
177.753
175.329
173.352
171.144
174.276
171.305
172.994
170.56
173.22
172.127
173.447
173.363
172.935
173.369
172.611
173.241
169.069
171.645
165.36
169.359
166.144
173.699
173.313
163.585
175.406
175.317
170.618
171.502
179.668
176.649
171.185
162.848
172.939
169.502
170.664
170.918
168.71
173.993
167.135
173.275
170.866
170.571
176.198
166.939
175.001
174.618
171.891
179.74
177.229
175.772
168.409
178.439
166.103
171.366
175.809
172.317
169.216
175.64
169.333
170.342
168.64
168.718
174.106
169.989
174.037
169.546
173.643
173.355
175.137
171.929
168.166
172.186
172.809
174.826
173.518
174.63
170.664
171.877
169.517
177.955
171.49
177.755
171.318
169.778
176.222
172.779
176.28
170.159
171.545
172.038
169.673
172.806
178.297
170.084
171.395
174.789
172.808
175.703
167.213
170.621
173.291
173.204
168.223
173.889
170.58
173.503
176.9
171.084
170.88
174.226
169.869
170.443
167.288
170.964
174.801
172.997
170.907
170.185
169.641
173.656
171.425
167.711
171.4
166.452
170.129
173.894
174.248
175.224
171.808
169.904
172.673
174.631
170.528
171.813
172.932
172.164
171.769
170.278
174.522
173.803
173.369
172.443
175.38
171.9
175.07
169.256
171.476
172.726
175.284
170.444
168.438
171.696
174.714
169.443
173.146
174.417
171.478
175.114
173.633
173.645
173.358
168.637
174.434
166.359
171.65
174.183
172.73
176.645
170.409
169.062
169.245
171.777
171.682
172.535
167.155
173.666
171.541
172.805
167.468
173.883
171.105
169.87
172.148
169.018
169.037
171.526
172.589
174.727
175.848
179.688
174.722
171.425
176.775
173.795
170.809
172.662
168.112
171.696
169.404
173.029
171.172
172.696
170.818
174.268
177.284
171.151
177.767
169.699
175.075
171.756
174.378
167.941
176.15
175.56
172.336
177.707
174.502
169.289
173.104
173.441
170.681
170.586
175.415
169.139
169.736
170.377
175.875
171.463
171.297
169.425
170.479
172.595
170.765
169.956
175.563
170.011
171.687
172.128
171.458
171.494
173.589
175.099
170.927
170.836
174.924
174.628
172.37
170.801
171.372
165.635
168.524
173.171
171.927
174.782
171.664
172.925
176.476
170.029
178.297
173.845
173.18
172.411
168.1
173.403
169.918
171.165
171.308
171.131
171.92
174.49
174.286
170.119
176.47
171.559
171.482
169.8
172.521
168.026
169.499
171.627
169.311
169.931
173.428
170.386
171.337
172.302
170.443
177.554
175.145
171.732
169.172
178.319
172.694
176.798
167.831
170.033
174.508
175.006
168.214
170.444
171.644
170.716
172.603
172.669
173.391
171.026
174.783
170.575
172.436
174.437
168.71
171.473
169.611
169.71
168.662
170.622
170.651
170.892
170.102
166.416
168.734
176.853
174.739
170.122
171.498
174.594
170.466
173.16
171.618
169.66
169.807
169.322
171.004
173.399
171.613
173.535
170.614
171.385
168.071
173.453
171.899
173.461
173.425
169.941
168.643
172.89
171.154
171.995
174.16
177.816
173.298
171.74
170.374
172.099
169.227
171.889
170.218
173.443
175.39
169.407
170.442
173.691
173.1
168.406
168.964
173.569
171.899
173.387
172.431
169.927
172.056
171.905
169.099
174.699
169.518
174.483
167.576
169.575
170.301
169.921
172.895
172.775
166.329
170.827
169.543
172.14
175.949
171.938
172.76
176.276
168.319
177.522
172.277
174.544
172.085
175.392
173.044
173.751
171.031
167.886
173.07
171.253
170.221
171.445
167.412
170.957
174.53
172.14
170.204
170.696
169.741
172.667
171.476
175.105
173.566
171.998
172.217
171.781
172.728
171.837
168.775
174.815
172.531
174.358
177.96
169.626
173.003
171.245
174.533
178.026
165.712
173.273
172.745
170.793
170.763
170.913
176.609
167.794
171.925
166.443
172.902
171.369
167.656
169.365
172.767
173.35
174.262
176.404
170.484
174.953
174.269
167.404
171.865
164.966
175.96
172.066
167.31
175.172
171.652
170.415
173.085
173.934
174.056
176.124
172.418
171.664
176.331
173.218
169.289
170.493
171.363
175.53
173.91
176.059
172.863
171.366
172.633
172.584
173.4
170.237
166.527
174.994
170.673
172.409
172.259
170.306
168.916
172.191
177.168
172.065
177.628
174.771
169.964
172.997
171.887
177.407
171.534
173.168
170.872
173.166
170.051
174.719
171.31
178.152
168.073
170.699
168.723
171.927
173.713
174.276
166.127
174.392
169.842
166.568
176.23
172.244
172.271
175.899
174.653
170.287
169.282
170.106
168.496
174.868
170.378
171.037
170.69
167.445
171.058
173.241
175.758
163.772
170.882
171.031
173.32
177.086
172.993
170.675
169.207
170.929
168.544
172.182
172.645
174.934
172.934
172.997
169.969
169.147
172.744
173.084
172.329
174.515
173.83
173.733
174.114
174.392
170.996
175.599
174.033
177.26
175.502
169.148
176.393
178.545
174.364
171.114
174.785
173.589
172.024
169.741
173.631
173.491
168.65
170.2
172.714
170.7
168.028
173.875
172.234
177.105
171.298
169.601
170.386
167.762
172.715
168.633
171.846
168.176
173.264
174.373
172.225
172.273
173.793
172.276
169.914
177.345
173.281
167.149
170.808
173.483
169.395
175.018
176.716
173.97
177.825
174.171
176.668
175.47
169.111
171.312
171.864
174.982
172.434
173.898
171.561
170.902
171.94
172.362
169.525
169.352
172.293
173.337
174.632
169.722
168.667
169.443
173.005
176.062
174.584
175.267
171.745
171.655
172.057
172.274
171.993
171.226
171.684
174.533
169.325
173.301
167.578
171.939
170.963
172.32
171.326
169.006
173.549
171.254
174.874
173.05
177.914
176.131
171.352
171.767
167.796
169.608
166.724
179.29
167.799
171.249
169.974
174.947
166.931
172.394
172.792
172.384
169.044
172.426
174.655
175.149
176.73
171.724
169.276
173.16
171.725
169.731
173.493
172.438
170.569
173.326
172.364
168.658
172.102
171.003
176.303
171.842
173.958
171.413
172.744
173.481
167.971
171.25
176.093
168.709
176.63
171.233
172.935
169.337
169.896
169.357
174.81
168.79
171.851
169.8
171.788
169.258
164.681
169.04
171.912
175.501
167.501
171.358
173.648
171.41
177.817
171.863
167.664
172.702
171.43
173.355
170.882
170.009
171.472
168.8
171.202
175.114
173.928
170.011
171.973
174.682
174.382
171.919
168.406
175.271
173.873
170.478
172.271
171.003
171.591
172.682
171.215
172.23
172.348
173.853
170.78
173.481
175.227
172.396
172.876
172.16
174.849
169.759
175.869
173.154
170.207
175.839
169.159
169.441
169.494
171.724
174.348
174.634
170.163
175.667
171.667
170.36
172.192
175.493
171.723
170.624
167.184
173.869
171.253
168.125
174.617
173.791
172.638
168.988
177.914
169.177
167.894
172.891
170.107
170.653
168.437
169.387
175.245
170.271
177.55
172.148
172.971
171.182
175.023
175.848
174.456
175.732
170.65
173.142
177.094
173.894
170.677
172.425
172.77
172.776
170.108
170.093
171.093
175.647
170.337
172.127
170.035
169.525
169.684
173.345
175.848
171.071
169.205
171.664
175.515
175.573
174.218
171.768
174.279
175.22
173.751
172.666
175.595
166.83
172.012
175.177
173.516
175.89
172.766
174.491
170.727
171.132
166.209
173.769
173.278
173.03
171.308
172.322
174.925
170.92
171.587
173.621
169.383
174.21
171.992
171.577
168.636
171.655
176.055
173.233
175.443
170.469
166.599
168.198
166.652
173.416
169.454
171.93
172.31
179.598
169.965
171.248
171.408
169.679
171.026
170.821
169.208
171.352
178.114
172.864
173.18
173.975
176.623
176.089
169.61
170.023
170.026
171.73
170.971
171.151
173.218
176.005
173.294
173.238
173.069
172.207
172.948
172.856
174.736
173.676
170.947
174.437
168.101
175.029
177.116
173.161
167.817
170.708
169.713
170.192
171.058
172.938
170.004
174.409
172.069
168.27
174.72
173.984
173.83
176.562
177.164
171.612
168.811
172.943
176.116
171.43
172.412
171.207
172.982
171.126
174.198
167.213
170.982
167.847
176.909
170.042
176.9
172.877
173.97
172.161
171.859
170.904
172.535
175.271
170.594
172.634
177.74
168.739
169.926
173.553
172.435
172.078
172.003
168.629
172.586
174.962
174.34
172.782
170.357
173.619
175.22
171.069
169.317
168.214
174.904
175.586
177.743
168.959
174.237
169.74
172.401
173.469
176.535
173.109
173.905
170.256
173.51
171.271
171.569
175.076
173.89
168.995
174.624
175.832
170.841
170.904
169.442
169.681
170.841
178.407
175.643
178.213
171.607
170.909
171.065
172.088
169.658
171.705
173.491
170.814
173.473
172.22
173.267
174.942
171.565
174.461
175.009
173.567
173.559
169.978
172.141
175.175
170.068
173.338
169.805
172.838
167.929
166.665
173.257
169.09
173.594
169.359
171.623
176.097
174.391
175.114
170.104
171.751
168.883
170.068
165.954
172.326
172.379
172.754
169.02
169.021
168.687
168.595
176.346
168.809
173.134
170.563
173.54
171.415
169.31
168.032
171.215
173.132
172.762
173.559
171.498
171.832
171.195
168.808
170.34
172.323
170.358
172.476
169.154
172.239
172.152
171.46
174.813
176.609
174.159
172.612
169.121
171.392
170.319
175.781
170.953
173.537
168.838
171.368
171.594
171.524
173.181
173.562
173.925
173.53
169.681
173.235
170.941
174.631
173.098
173.533
168.434
173.306
170.124
173.165
170.749
176.013
172.482
174.096
171.533
174.848
175.273
170.227
176.599
168.677
170.723
170.602
171.344
171.096
172.102
170.039
174.079
170.153
171.595
173.441
171.65
169.391
170.859
173.007
174.605
169.227
172.202
167.458
170.28
169.066
175.92
173.301
172.856
174.156
171.684
170.927
172.013
171.229
170.397
175.719
172.495
172.628
175.385
167.503
168.344
173.171
171.613
171.109
170.513
170.399
169.647
172.672
174.35
170.842
176.894
174.561
171.149
171.567
175.065
172.545
171.657
173.173
166.637
168.98
168.503
166.655
170.263
172.748
174.295
178.562
166.744
175.104
171.858
169.171
170.641
170.588
166.583
169.819
173.555
171.054
175.836
170.236
172.359
171.806
172.819
171.079
168.9
171.847
171.282
170.716
177.228
169.013
172.014
171.43
176.881
173.179
171.549
172.606
174.077
169.869
175.071
175.357
173.515
171.805
172.848
176.069
171.832
175.327
175.233
171.803
174.202
177.429
175.112
170.102
170.673
174.257
175.163
173.985
171.94
170.812
172.738
171.624
174.849
169.772
176.139
172.592
173.875
176.796
174.73
170.876
169.498
173.258
171.593
166.339
170.444
170.138
173.612
171.788
177.006
172.407
171.899
170.906
177.126
169.775
165.784
168.34
174.21
173.088
169.936
172.821
175.921
174.802
169.357
172.447
176.609
173.062
174.432
167.854
169.33
166.471
173.942
175.11
170.514
172.747
167.509
169.972
166.143
177.16
173.599
171.67
166.564
175.472
168.274
168.355
166.962
171.464
179.018
172.887
172.139
169.751
174.252
174.305
169.717
169.492
168.985
172.566
171.542
170.387
173.276
168.423
173.481
174.641
173.407
170.189
167.623
169.107
174.214
174.33
173.467
172.685
169.307
169.866
179.195
176.088
169.679
170.456
167.115
174.461
170.489
169.9
173.775
170.688
172.359
169.114
169.973
174.424
171.425
172.679
168.479
169.49
172.446
172.876
169.121
166.913
174.078
176.822
175.564
172.604
170.21
175.561
170.244
173.545
172.025
172.04
176.461
171.338
173.52
169.463
172.128
171.868
167.486
169.998
169.395
173.256
173.174
170.752
169.498
171.582
173.835
170.953
167.003
172.331
168.101
173.569
170.023
175.187
171.908
169.459
172.875
171.998
170.795
173.116
173.565
173.977
176.004
171.51
171.726
173.586
174.926
170.367
171.723
170.829
170.501
171.568
173.128
173.254
176.396
175.261
172.073
170.503
171.233
173.243
172.08
168.916
169.778
174.262
172.532
169.011
173.372
171.071
170.68
173.22
171.11
169.41
177.322
169.959
168.905
173.442
173.135
176.197
172.324
171.363
172.844
171.856
173.38
174.317
173.398
169.93
170.653
168.521
174.285
171.29
173.833
171.958
171.63
174.161
172.135
167.88
169.285
172.435
172.243
171.485
174.827
170.88
176.02
168.638
173.024
172.335
172.691
172.164
167.163
170.707
171.771
167.629
174.649
176.74
170.941
172.879
172.989
173.435
171.318
172.392
171.777
173.71
174.118
167.297
174.333
174.606
169.072
170.242
171.419
172.749
173.832
168.529
168.875
174.353
172.272
170.192
169.969
172.018
169.95
172.94
169.033
175.029
173.707
168.713
177.419
171.249
177.91
170.96
173.648
169.475
170.427
174.168
171.956
172.672
177.963
164.527
172.834
172.325
169.355
170.113
177.224
172.153
172.436
171.083
172.74
169.865
173.022
171.461
172.558
169.733
166.121
170.719
171.648
170.704
171.042
170.498
170.541
174.592
175.52
172.71
168.881
172.631
176.606
171.089
172.106
175.525
170.565
171.616
170.976
170.546
168.269
166.562
173.935
173.294
168.546
168.659
168.642
172.511
177.042
177.057
170.145
178.218
172.235
172.019
171.569
172.816
177.727
172.443
169.804
172.721
171.896
173.265
170.671
174.165
168.405
171.559
176.027
171.518
171.728
167.807
174.181
170.936
171.237
173.834
173.871
170.599
172.92
169.062
170.561
172.608
174.713
173.032
171.319
175.187
170.13
174.221
169.488
173.932
170.242
172.87
175.549
173.123
172.796
169.379
173.033
172.137
174.726
170.894
172.255
167.822
171.972
168.274
172.444
179.768
172.778
173.763
171.206
167.312
171.254
169.891
172.431
175.788
173.839
171.248
177.26
173.107
169.013
170.493
172.576
169.433
164.833
169.348
170.562
172.879
174.365
170.074
173.191
172.226
174.203
171.596
171.26
168.274
169.966
169.129
169.155
174.027
167.792
173.098
173.663
169.249
172.894
173.438
172.69
170.982
173.351
169.831
169.989
173.96
174.476
171.698
166.538
171.171
170.11
171.982
173.003
174.178
168.265
171.973
167.499
175.479
174.209
171.431
167.051
167.423
169.525
176.073
169.099
169.272
173.793
169.833
174.166
170.427
174.328
173.138
173.715
174.186
172.498
170.345
172.685
169.665
169.534
173.406
175.931
171.684
169.242
171.824
173.442
171.278
173.182
171.327
170.144
168.557
171.543
169.641
172.559
171.169
174.439
173.58
171.454
168.757
167.596
175.022
168.917
173.207
172.79
174.045
170.936
173.151
169.866
175.282
172.608
174.229
173.301
171.338
169.684
168.133
178.433
169.66
174.49
176.421
172.692
172.621
168.798
171.811
176.475
169.39
175.066
171.353
170.102
173.434
178.39
171.262
167.822
170.659
169.154
177.288
172.205
174.106
173.34
171.444
174.874
170.188
172.117
167.351
177.365
168.059
174.694
176.706
171.68
168.58
174.042
171.988
172.753
173.941
171.202
170.097
168.096
169.913
169.003
172.533
175.385
171.94
173.041
175.502
170.643
171.659
173.476
173.371
169.915
177.267
173.064
165.1
173.812
172.494
169.857
171.722
168.514
167.97
174.432
170.072
174.288
171.537
168.032
168.902
173.921
171.46
175.61
173.691
177.525
168.378
173.577
168.238
170.029
171.154
168.67
165.674
173.599
169.435
169.984
172.277
170.744
170.488
175.058
169.23
176.008
166.275
171.463
170.105
173.249
170.658
169.86
176.261
173.276
168.387
174.285
174.39
176.275
167.035
169.487
171.421
171.823
171.957
173.366
172.357
172.664
174.609
174.18
174.97
172.341
175.584
174.349
169.685
169.379
173.155
173.3
171.441
167.496
168.021
169.943
173.854
170.275
170.384
171.107
175.756
177.095
170.792
172.68
