176.487
173.216
173.634
169.966
176.49
173.437
174.376
172.817
174.341
173.112
176.809
174.855
175.513
176.893
175.731
171.082
170.791
175.052
174.355
175.372
174.187
176.188
173.443
176.076
175.625
174.202
174.952
173.486
172.547
171.909
175.679
173.53
174.441
174.008
169.923
177.015
171.654
173.159
173.848
173.752
173.831
171.492
174.232
172.201
174.483
170.866
169.447
173.515
177.787
171.882
175.386
174.442
175.647
171.664
171.986
174.184
177.268
171.289
174.536
172.426
173.765
173.471
173.32
172.606
173.843
172.051
174.673
173.762
173.548
172.713
174.157
174.214
173.653
173.741
174.65
172.455
174.584
174.423
173.088
170.695
173.92
173.788
177.206
174.324
174.678
170.638
176.576
173.983
174.073
173.599
172.448
174.69
175.843
175.138
174.74
171.422
173.212
173.412
171.457
175.938
173.893
171.745
174.755
174.907
170.765
173.741
175.736
173.749
172.745
174.932
174.292
171.026
172.903
174.084
176.364
176.941
173.733
173.243
172.912
173.105
177.039
173.872
178.399
173.41
173.926
174.266
173.305
172.75
175.074
172.405
174.181
172.218
173.768
174.499
171.97
173.339
175.027
173.239
172.64
172.6
176.142
170.883
176.928
174.509
173.366
176.751
174.443
173.488
174.056
175.838
171.99
174.323
171.837
174.485
170.819
172.126
172.105
171.64
174.43
172.689
172.463
175.702
172.718
177.374
173.924
176.042
177.678
172.004
177.268
172.389
175.142
172.206
170.456
172.073
170.838
174.485
174.597
173.64
171.165
175.741
172.548
171.779
172.881
174.089
169.841
172.674
173.92
172.489
175.554
175.886
171.482
173.144
171.591
176.42
176.257
171.455
174.981
175.111
171.822
173.402
172.153
176.888
177.088
175.215
171.819
175.063
175.967
173.672
177.414
173.88
172.55
177.88
176.443
172.583
172.739
170.623
174.649
173.566
173.928
175.529
174.666
174.941
173.554
175.193
172.309
175.667
174.055
173.841
174.908
172.379
172.219
171.448
174.725
173.44
176.653
176.88
175.941
172.219
175.284
170.841
170.6
171.573
173.585
172.912
174.053
175.215
173.105
171.542
174.028
173.27
172.114
171.548
171.313
172.395
175.328
172.55
175.269
176.272
172.949
174.792
173.427
174.831
171.542
174.959
178.981
172.418
174.034
175.17
173.778
174.603
174.541
175.574
176.736
173.325
173.625
173.661
169.711
176.389
171.793
174.051
170.327
174.769
171.52
172.838
177.528
173.724
172.364
176.401
177.11
172.761
172.575
174.831
173.061
170.768
173.487
171.838
175.384
174.127
177.246
173.871
171.434
173.582
179.392
176.668
171.479
174.059
172.607
170
174.089
176.324
172.817
171.517
171.956
173.449
176.489
177.717
174.332
174.018
175.048
174.094
172.578
172.777
173.867
174.59
173.926
172.776
172.246
174.136
170.165
174.543
175.977
172.485
172.168
171.075
171.405
175.973
172.675
172.402
170.897
174.42
176.651
175.136
172.908
172.389
170.85
174.018
172.336
173.993
173.018
173.522
173.602
174.217
174.961
172.317
173.199
174.953
173.924
172.784
175.575
174.379
171.77
175.66
170.339
176.511
173.58
172.967
172.382
170.615
174.822
174.008
174.502
174.249
170.639
172.692
173.752
175.555
173.018
173.78
172.655
172.884
174.295
172.167
174.616
173.25
172.15
172.226
171.368
175.623
171.024
173.777
173.083
175.893
169.065
176.038
171.609
175.856
172.295
175.574
172.513
175.219
174.423
175.203
174.524
174.702
173.568
173.931
173.039
175.075
174.707
175.132
169.309
171.882
172.005
177.347
171.599
174.541
172.958
172.6
174.212
173.182
173.592
174.341
175.533
173.668
173.858
173.072
176.524
173.791
175.63
173.787
173.2
173.66
171.586
171.618
174.752
172.586
175.595
173.1
173.316
172.416
176.586
175.095
174.347
176.001
173.938
176.532
170.421
173.183
175.461
171.847
172.799
177.248
173.889
172.034
172.889
174.165
175.841
175.596
173.554
172.924
173.781
171.308
176.565
170.614
176.792
171.655
173.737
174.86
172.055
171.483
172.091
175.549
172.545
170.487
175.379
173.388
172.808
173.212
175.62
176.151
172.764
173.763
172.113
173.587
174.284
172.771
173.566
173.68
176.167
172.687
170.819
170.98
176.293
174.096
175.485
175.552
171.565
173.781
173.186
172.972
174.023
170.463
173.572
171.382
173.584
169.246
173.87
172.756
175.952
172.457
174.855
171.571
169.958
173.519
172.462
172.802
174.23
174.491
173.746
175.025
174.859
174.827
174.132
172.07
173.962
176.829
172.918
175.642
170.377
173.264
174.555
173.075
174.818
170.344
173.575
175.153
173.517
170.651
171.646
174.871
174.82
174.901
171.711
175.221
172.152
173.687
173.858
173.516
174.222
170.104
172.31
174.154
173.986
172.6
175.46
175.436
171.791
173.745
172.604
176.49
175.727
172.43
173.455
171.366
173.618
172.521
171.658
170.588
172.006
174.716
173.807
175.641
172.653
173.812
174.553
176.394
173.852
174.81
173.201
175.63
172.106
174.848
172.036
178.259
172.265
175.424
173.65
174.103
174.096
171.349
175.008
172.069
175.908
177.622
171.734
173.555
172.047
174.476
177.953
170.98
171.156
177.193
172.003
174.906
175.509
172.549
175.619
175.719
172.315
176.037
171.52
177.346
173.146
171.775
172.711
172.746
174.151
174.932
173.29
171.448
174.336
172.987
170.538
172.337
171.066
174.833
170.999
174.578
172.703
174.529
175.873
173.296
173.03
173.192
175.085
176.322
171.931
172.404
172.881
172.257
172.304
173.622
172.473
175.728
171.272
175.186
172.154
171.834
171.828
173.693
170.649
173.31
171.962
170.058
173.251
174.649
174.025
173.378
176.976
176.69
173.529
171.545
170.939
174.258
172.736
172.909
174.812
174.439
169.929
177.925
175.216
172.788
173.237
172.335
173.429
176.017
171.017
172.426
174.479
174.319
171.355
172.176
174.085
171.213
173.787
173.732
176.561
173.286
173.291
176.188
172.381
174.237
173.08
173.63
176.802
175.292
172.476
172.121
175.49
171.656
172.112
173.031
173.949
175.7
173.944
172.173
175.606
175.691
173.369
171.97
173.96
173.077
172.599
173.566
172.842
173.555
175.062
175.907
170.033
176.53
172.985
175.776
174.45
177.233
174.248
173.878
174.193
172.645
178.565
176.291
173.957
173.865
173.201
173.904
176.472
171.924
171.959
172.063
175.002
175.535
171.454
174.517
172.41
172.682
172.454
172.817
170.536
173.413
172.478
175.511
171.922
168.597
172.795
174.81
174.295
172.721
172.817
174.403
171.961
170.116
173.04
173.529
174.879
178.647
172.65
177.583
177.012
174.809
170.761
172.118
173.498
174.55
175.703
174.68
171.322
174.355
173.297
174.152
173.861
173.872
174.769
174.337
173.683
174.815
176.263
177.592
172.336
173.847
174.414
176.165
172.366
172.259
171.854
172.421
172.755
175.162
174.888
173.383
175.387
175.237
173.66
177.153
174.921
175.331
173.331
175.018
174.653
170.175
175.011
174.871
170.942
174.194
173.851
174.715
174.607
173.681
174.37
172.331
175.523
173.821
173.786
173.593
172.54
173.784
174.689
174.091
175.321
173.662
174.943
176.359
173.423
172.018
170.03
170.354
171.365
175.736
172.665
176.007
172.578
172.736
174.306
170.483
174.534
172.115
172.858
174.631
175.345
173.177
176.417
173.065
171.948
172.465
172.828
171.782
174.598
171.241
173.629
173.338
171.78
172.222
175.93
171.042
173.655
173.659
171.93
175.302
172.276
175.908
172.055
172.049
173.929
175.122
173.341
171.924
170.483
174.133
174.184
174.347
174.607
175.03
175.222
173.291
176.49
172.79
174.405
173.816
175.645
173.773
174.209
174.76
174.103
174.964
174.027
175.94
175.868
170.957
176.235
175.542
173.279
172.501
174.188
174.683
174.667
175.241
173.402
175.549
175.619
173.51
174.424
174.612
173.211
176.081
175.865
173.36
173.507
175.493
172.613
173.62
174.187
172.747
174.204
173.683
170.53
173.851
171.144
170.056
173.411
173.294
172.169
174.92
176.241
177.379
176.287
174.012
171.259
175.439
175.857
175.392
172.255
174.583
176.092
172.288
176.136
178.29
171.024
173.391
173.07
176.345
174.036
175.081
172.636
174.488
173.57
175.29
173.518
171.429
175.092
171.288
176.141
176.755
175.243
173.644
175.439
173.988
172.114
175.719
173.711
173.317
171.238
176.864
177.344
170.091
178.958
173.556
173.862
171.714
173.555
173.388
175.378
172.424
175.13
173.583
175.135
174.823
174.171
173.573
173.817
175.369
176.396
176.121
174.345
173.437
173.392
171.508
172.7
172.804
173.119
173.526
172.411
176.696
173.313
174.331
174.12
176.299
170.114
171.213
174.951
172.342
171.417
172.241
174.602
173.748
174.668
173.543
170.279
177.605
173.71
171.729
174.385
174.589
174.327
174.809
174.099
173.55
173.684
174.261
174.551
175.797
173.143
173.959
174.718
173.01
174.042
171.771
173.278
174.266
173.95
169.221
175.852
175.408
173.75
174.781
173.142
175.159
173.363
175.018
174.608
176.605
171.962
174.527
173.594
174.648
176.677
176.076
175.39
174.434
176.218
173.268
172.693
173.757
175.224
173.796
175.492
173.513
173.685
174.824
173.644
174.879
176.093
172.924
175.904
172.417
175.473
172.265
174.872
174.136
172.086
171.858
173.048
173.784
173.441
174.3
174.823
172.728
175.976
172.789
176.939
172.597
172.922
174.836
173.856
174.246
172.929
174.78
172.678
176.182
175.35
175.584
173.881
173.029
176.253
169.89
172.189
176.013
171.768
172.146
174.774
176.328
173.521
173.74
176.033
173.573
174.557
176.713
175.605
175.983
171.132
171.176
175.232
174.548
175.87
174.829
175.75
173.752
171.396
174.313
174.939
173.693
173.97
169.081
176.318
172.047
173.054
175.523
173.989
173.262
172.075
177.894
174.007
175.024
173.074
173.559
174.532
172.232
176.027
172.607
172.673
174.436
172.838
175.14
172.579
170.957
171.004
172.415
172.316
174.213
172.609
173.869
172.983
172.68
176.963
175.924
174.079
170.738
174.898
170.973
174.319
174.19
177.675
173.563
174.68
171.55
178.686
174.263
174.781
171.639
171.829
175.029
173.878
173.669
174.299
172.64
173.056
176.615
173.8
175.098
174.499
173.681
174.494
171.972
172.004
170.24
172.44
172.297
173.034
175.661
176.872
170.899
175.388
172.635
171.753
171.146
172.886
171.954
175.318
170.519
172.289
174.823
170.026
173.79
174.511
172.776
175.046
173.266
175.858
172.911
177.29
171.337
173.368
174.991
172.396
174.687
173.888
172.633
171.906
171.817
173.688
174.71
174.015
173.646
176.488
171.993
174.737
174.129
173.943
174.04
173.373
175.286
173.677
175.788
175.917
170.779
174.697
173.146
175.599
176.084
170.896
172.601
173.081
171.73
173.258
174.642
174.79
175.494
172.388
173.507
173.426
174.826
177.669
175.125
170.655
174.534
170.697
171.178
176.212
173.953
175.837
174.704
172.694
177.455
174.934
174.058
173.839
172.747
174.648
173.703
174.312
170.957
175.316
173.296
174.556
174.748
173.512
175.132
175.965
172.579
172.471
176.231
176.368
175.582
174.832
171.345
171.22
176.382
174.448
173.452
175.943
173.515
173.335
174.368
174.888
173.754
172.795
172.891
173.274
171.755
176.496
172.727
173.467
171.97
171.075
172.107
174.154
174.497
174.528
171.914
172.862
174.081
172.78
172.138
174.94
174.532
173.817
172.46
175.858
175.866
171.1
175.657
174.658
172.808
174.563
175.56
175.69
172.894
174.424
171.872
171.675
179.115
175.911
176.505
171
173.291
175.173
174.45
170.728
170.005
174.08
171.542
176.612
174.719
174.538
172.946
174.534
174.322
171.286
170.826
175.448
175.424
173.091
171.957
172.568
174.418
174.768
174.443
174.205
176.253
172.673
176.915
172.59
171.049
174.997
171.566
174.093
174.745
173.857
176.782
172.528
175.24
174.258
173.046
176.201
173.072
171.273
176.294
172.753
172.596
173.89
178.107
173.238
170.63
174.15
174.645
174.202
175.929
169.856
172.945
174.973
172.599
172.611
171.348
172.683
173.813
174.335
175.137
174.441
172.982
171.688
176.823
175.157
176.336
172.973
177.127
175.264
173.166
174.176
173.124
173.756
172.901
176.736
171.435
175.153
174.932
174.563
172.505
171.923
175.987
172.323
173.794
172.458
172.338
175.686
172.016
173.006
171.203
174.259
171.451
173.7
174.734
169.346
175.006
172.485
173.065
172.049
174.508
173.594
173.328
173.744
172.772
173.844
170.377
177.309
174.502
172.22
172.833
172.431
171.548
174.52
171
172.498
173.031
174.81
173.789
173.393
167.864
174.18
172.151
173.667
177.902
172.432
172.889
175.612
174.924
174.112
173.252
169.161
172.006
172.973
172.217
173.537
175.55
174.206
172.772
176.5
174.623
174.888
171.46
174.725
175.926
173.06
176.46
172.497
174.132
176.016
172.544
174.001
171.852
172.965
171.537
171.379
174.076
176.531
175.578
174.691
177.263
174.207
175.168
174.613
172.766
174.297
176.413
174.147
171.892
175.258
172.01
174.597
172.202
175.457
174.758
174.426
172.393
173.248
171.99
176.708
173.758
173.524
174.71
174.618
173.597
174.131
172.727
169.758
171.524
173.435
173.666
175.02
174.315
172.189
172.111
175.332
174.628
175.158
176.098
173.222
174.37
172.037
172.216
175.394
173.475
173.001
173.467
175.611
173.311
172.718
173.414
171.324
170.742
170.894
174.07
172.059
176.684
173.47
172.623
176.445
173.63
173.304
177.581
173.571
175.167
175.237
171.402
173.274
174.61
173.223
172.914
173.537
175.027
173.074
173.604
173.469
174.873
173.677
175.284
173.493
174.047
172.198
172.18
174.385
180.949
174.743
172.926
174.232
174.491
172.893
172.069
173.599
174.396
173.451
170.993
173.587
174.808
172.136
172.285
172.46
173.555
178.428
176.742
174.084
174.146
169.988
180.973
173.487
173.781
173.083
173.726
177.161
174.415
175.182
177.259
174.257
172.189
171.912
170.132
173.738
171.087
173.35
173.291
173.135
171.267
177.876
172.196
175.467
172.925
174.97
176.578
172.136
174.899
174.133
172.6
175.773
173.024
177.438
175.3
171.925
174.934
174.184
173.538
172.698
172.25
173.405
173.565
176.672
173.613
172.843
172.649
173.936
174.815
177.342
175.739
174.462
174.22
172.463
171.099
172.334
172.649
173.733
178.451
172.936
172.982
176.882
176.344
174.691
174.386
172.105
178.367
171.85
174.948
175.06
174.281
172.744
174.549
172.156
173.722
170.953
170.261
175.095
173.161
174.395
171.433
174.801
176.158
173.456
172.004
171.542
175.343
174.142
174.276
173.356
175.398
179.227
174.758
174.629
172.641
171.716
176.002
172.979
170.557
174.27
168.859
174.727
170.569
172.845
174.388
174.843
174.446
174.535
171.911
172.935
174.154
172.639
172.76
173.653
174.058
175.177
172.675
172.69
173.609
170.774
174.924
176.072
173.283
173.815
173.839
171.413
175.33
172.322
175.419
175.155
174.006
170.891
173.946
177.33
174.193
175.508
174.075
173.842
174.002
174.286
174.216
171.337
172.432
175.297
171.898
176.706
173.631
173.611
173.023
174.302
172.107
176.813
171.133
175.691
173.97
176.742
174.762
175.19
173.295
172.828
175.548
170.798
168.688
169.493
172.152
172.787
176.31
172.456
175.496
173.731
173.853
173.56
174.974
175.46
173.912
175.033
175.368
174.955
174.359
174.135
177.987
173.555
173.24
173.965
172.681
172.647
175.524
173.881
175.115
174.134
173.474
172.961
175.446
174.658
172.858
170.28
175.217
176.365
175.911
173.398
175.49
176.439
175.552
176.626
172.846
173.182
171.857
171.839
175.736
175.302
175.758
171.604
170.832
173.105
171.617
177.016
174.988
168.107
174.84
174.791
171.952
172.245
174.303
171.801
174.834
173.188
174.988
171.994
174.926
173.454
174.397
173.029
177.22
174.853
171.485
174.628
174.594
175.59
175.752
173.373
172.138
174.099
173.144
173.544
173.794
175.174
173.44
175.25
172.107
173.972
174.569
172.447
173.584
170.343
173.53
173.295
174.794
173.295
173.603
172.793
171.695
174.714
173.342
177.033
172.794
170.605
175.263
176.35
172.131
169.936
170.81
175.422
173.292
174.71
175.828
175.445
174.515
172.069
176.803
173.219
175.206
170.133
172.1
173.425
175.606
174.396
175.857
175.649
172.986
174.14
172.255
171.858
174.21
173.536
173.418
175.817
170.952
175.109
174.804
176.786
174.359
173.942
178.249
175.718
176.159
174.947
171.947
175.815
173.525
174.424
175.856
171.169
174.889
173.954
174.093
174.606
170.377
176.233
176.508
174.091
175.779
172.357
174.322
170.784
173.412
172.425
175.582
173.737
177.827
173.204
171.911
172.523
175.535
176.077
176.182
174.693
175.955
172.127
173.778
172.886
173.837
174.624
173.471
175.002
175.558
174.124
173.516
177.347
173.413
172.819
172.517
170.743
171.398
177.258
171.316
174.318
174.182
173.018
175.397
179.258
174.534
175.599
174.121
173.496
174.535
174.865
173.974
173.152
175.214
174.398
172.016
173.244
174.005
174.624
173.399
172.089
174.414
173.097
171.775
173.093
173.927
173.731
172.644
170.651
173.127
175.905
175.915
172.68
174.358
172.485
172.275
175.823
173.058
170.613
174.385
173.934
172.846
174.109
175.151
176.124
174.907
173.009
172.046
175.092
177.168
172.102
175.907
177.048
177.27
172.78
172.771
173.416
173.895
175.248
175.868
172.337
173.34
167.849
172.178
174.961
176.71
173.484
175.5
173.633
173.317
170.952
175.639
174.141
170.966
177.495
174.644
173.355
175.073
169.504
176.718
171.279
173.604
171.376
173.794
173.666
173.656
171.968
171.814
175.436
172.993
172.91
177.593
177.253
170.104
175.397
174.166
172.174
172.392
174.424
170.012
173.961
175.154
173.835
171.822
173.535
172.977
175.667
173.202
175.662
174.902
173.522
174.201
177.14
172.865
174.524
175.93
173.143
170.522
174.138
173.626
177.044
174.536
174.222
176.962
174.363
172.067
170.692
172.306
174.548
173.81
172.349
175.467
170.426
175.26
174.202
171.56
174.227
175.718
175.319
171.758
172.889
171.758
173.329
175.899
173.507
172.324
173.852
176.081
173.188
171.01
176.759
174.785
169.833
172.832
173.083
172.354
174.83
169.683
175.219
172.863
175.949
174.878
175.284
170.776
175.876
176.059
172.213
175.862
172.663
171.931
174.252
176.956
173.252
170.835
174.469
171.807
175.758
177.574
172.922
171.7
176.593
173.794
175.336
174.175
173.391
172.821
174.418
173.995
174.964
173.639
174.51
175.488
170.526
171.222
171.488
176.346
176.378
174.443
173.563
174.194
170.033
174.073
171.523
171.483
174.263
173.316
173.559
174.443
172.976
172.403
174.208
176.069
174.709
172.651
172.138
172.603
173.694
174.891
172.67
174.918
172.82
170.199
172.285
173.124
174.267
174.68
174.259
172.894
172.949
175.355
172.377
172.337
173.325
172.452
173.377
173.247
174.589
173.31
174.21
172.829
173.131
175.193
175.181
171.566
177.633
175.037
177.304
176.829
172.29
175.084
172.664
174.227
175.853
173.735
176.055
176.064
171.902
172.293
176.011
175.957
176.893
174.801
175.465
175.109
172.657
173.981
176.376
171.75
173.501
174.529
173.886
173.965
174.525
169.902
174.743
175.283
173.21
176.036
174.41
174.712
171.955
173.086
175.149
174.628
175.561
172.379
171.553
172.496
172.408
173.736
171.615
173.407
171.055
174.813
173.446
174.47
170.763
173.122
177.265
173.877
173.771
171.371
172.087
171.591
174.63
176.913
172.181
175.544
175.67
173.06
174.03
173.59
173.206
173.701
173.141
175.306
173.914
175.993
174.169
172.611
172.43
174.001
173.903
177.309
174.845
173.367
175.037
174.852
172.992
172.499
174.272
174.44
173.979
169.328
174.601
170.786
175.953
174.194
172.995
175.354
173.24
176.025
175.21
177.247
172.712
174.137
171.094
172.959
177.388
175.635
174.346
176.578
171.631
171.773
172.505
174.208
172.352
172.108
176.761
174.668
174.428
172.978
171.843
173.525
175.316
171.074
169.532
170.907
174.328
170.48
172.896
173.605
175.147
173.943
175.491
175.718
173.747
172.253
171.926
175.753
173.579
172.392
172.596
172.923
172.333
173.32
171.635
175.534
170.841
170.818
172.783
176.045
174.73
174.015
172.365
172.89
175.828
175.42
173.245
173.721
173.512
170.94
170.473
173.006
172.532
172.4
171.821
171.107
173.572
173.228
172.688
172.679
171.378
175.165
172.262
173.881
172.46
171.257
171.128
173.717
174.864
173.211
176.065
176.397
173.939
172.841
171.817
174.532
172.749
173.839
173.036
172.722
172.067
174.906
174.923
173.899
174.097
175.441
172.99
172.767
172.569
175.69
174.73
172.412
173.829
174.713
172.948
173.549
176.8
173.287
174.043
172.683
175.816
172.74
177.252
171.212
175.158
170.421
174.582
174.381
171.954
174.962
174.894
176.397
175.207
176.696
174.517
175.483
173.35
174.065
176.626
173.253
175.276
174.627
174.791
173.965
172.071
174.257
173.283
174.832
175.544
174.334
172.547
175.304
175.888
170.985
174.626
173.378
170.994
177.629
176.387
177.792
174.485
173.992
175.094
173.539
173.546
173.377
170.226
172.997
174.896
175.45
173.598
175.129
177.021
169.785
175.645
171.73
171.923
174.352
173.591
173.636
174.522
172.155
170.64
173.726
173.592
174.437
173.629
174.533
172.574
169.957
172.279
171.171
175.61
176.06
175.368
174.235
174.867
174.094
175.843
173.676
175.835
171.798
174.944
173
171.247
172.869
174.747
173.347
173.651
173.977
172.75
173.132
178.775
176.951
179.489
170.629
173.256
174.951
174.173
172.493
171.818
172.031
172.512
176.435
174.774
172.684
176.362
174.151
175.94
173.666
174.748
170.589
174.063
172.737
172.014
173.999
173.529
169.452
174.023
174.303
172.549
176.079
176.012
174.482
176.397
174.229
174.406
172.724
176.763
173.449
173.578
172.549
175.525
172.419
173.356
173.37
174.703
174.444
173.564
173.916
170.506
176.339
173.55
174.562
171.811
172.094
175.705
175.408
172.403
176.146
169.677
173.084
171.953
173.57
173.587
173.766
171.148
172.419
176.29
176.073
171.353
170.222
173.591
171.882
173.757
169.78
172.072
176.736
171.79
176.113
174.282
172.364
173.936
172.653
173.353
173.325
172.114
173.314
171.281
175.615
174.12
174.712
172.451
173.656
171.682
173.152
172.746
174.098
174.028
173.963
174.578
176.761
172.624
171.77
175.48
174.247
170.792
174.095
173.396
173.788
175.499
175.231
171.428
172.26
176.117
169.274
167.856
173.071
173.714
172.682
174.024
171.069
173.073
173.18
173.931
173.651
173.939
177.379
173.291
173.162
171.022
173.274
174.499
175.004
175.249
174.461
173.63
173.702
170.612
172.328
174.478
174.427
170.956
171.491
172.835
174.226
174.514
173.642
174.409
177.326
171.948
173.419
176.02
174.683
173.767
174.821
172.716
173.539
174.355
173.454
174.006
174.068
172.878
173.766
173.219
173.469
173.758
173.164
173.735
174.622
170.266
174.313
171.782
176.251
174.809
175.22
173.454
174.097
173.261
173.237
174.77
176.866
174.724
175.851
175.304
174.748
175.514
172.962
172.822
173.154
174.861
170.466
172.189
173.327
171.75
172.888
174.351
171.759
174.39
175.989
174.464
174.291
173.923
171.666
175.454
175.077
171.406
171.876
175.048
174.784
176.101
173.773
174.663
172.555
174.592
175.907
175.086
173.102
174.751
170.827
169.978
173.662
174.715
176.664
174.821
175.529
172.809
171.312
174.143
175.752
173.947
173.323
173.821
172.824
174.608
171.44
175.338
174.404
169.326
170.004
174.432
171.152
172.747
175.692
171.64
174.654
171.439
171.708
177.123
174.644
173.404
174.428
175.306
172.518
175.633
177.4
177.374
173.824
172.267
170.992
172.882
173.148
172.258
172.304
169.767
172.711
174.895
172.847
170.343
174.623
174.327
174.429
175.856
173.155
172.987
176.602
173.277
171.751
173.218
173.468
172.443
173.903
175.668
172.137
175.362
174.357
173.36
175.032
171.461
172.964
171.89
172.522
176.016
172.63
175.864
173.268
174.353
176.381
171.636
170.683
174.864
176.532
171.641
175.483
175.403
176.845
171.793
173.236
171.92
173.655
172.743
173.461
171.912
174.403
172.4
173.226
174.022
174.9
174.867
174.738
173.081
176.699
172.514
174.31
173.789
171.01
169.252
176.091
177.764
174.566
173.592
173.966
174.173
172.681
173.635
171.907
174.358
176.115
173.106
178.56
177.381
175.153
172.465
173.481
173.638
169.989
179.488
174.601
173.868
172.115
178.767
172.827
173.802
173.526
176.055
172.238
176.488
174.348
175.92
171.482
175.021
174.861
170.75
170.829
173.832
172.465
175.267
175.04
173.273
171.364
174.029
174.392
176.468
175.904
175.087
173.914
173.347
170.861
172.593
175.051
176.84
176.231
174.95
172.242
174.15
173.044
175.088
173.589
172.942
175.041
171.517
178.16
174.097
173.152
176.185
175.48
176.347
172.491
171.31
176.354
174.247
174.537
173.998
174.091
173.265
172.954
176.679
174.04
177.685
176.155
176.052
175.239
172.37
174.186
170.121
173.68
173.301
174.383
172.869
172.794
172.459
171.022
174.602
173.413
173.945
170.744
173.912
169.727
176.42
172.289
175.302
172.372
171.774
172.527
172.442
178.492
176.641
172.343
173.56
171.264
173.695
172.158
174.012
171.443
177.934
175.573
175.565
172.473
174.939
174.895
173.147
175.444
174.552
173.116
172.775
175.646
174.331
172.26
172.716
175.9
174.855
176.272
174.353
173.183
172.662
174.327
173.575
171.808
177.696
171.43
173.282
176.426
172.882
174.267
171.185
175.611
177.82
172.719
173.505
170.887
176.74
171.886
173.445
174.221
175.291
172.983
174.539
170.343
173.039
171.716
176.483
172.83
174.588
173.805
174.188
172.25
175.823
173.335
174.058
174.869
176.167
172.743
174.566
176.701
173.9
171.647
172.31
175.042
174.686
173.946
172.681
172.399
174.06
175.557
174.985
174.353
174.613
172.283
172.66
174.337
171.523
174.089
173.79
172.828
174.951
173.604
174.776
175.272
175.358
172.991
175.287
170.116
176.488
174.137
175.743
174.808
171.853
171.717
173.83
175.255
174.948
169.879
172.329
171.18
175.281
175.194
171.58
177.018
172.576
170.63
172.62
175.704
174.043
173.474
172.583
174.765
173.412
174.41
174.193
173.41
175.841
172.82
171.893
174.191
173.215
175.908
172.994
171.798
174.56
177.041
176.263
173.881
171.497
175.635
176.837
174.881
173.257
172.495
172.479
171.839
175.162
172.654
174.076
175.583
171.573
170.34
171.971
173.576
171.597
172.127
175.464
172.185
177.439
175.493
170.999
173.532
173.947
173.297
174.616
169.986
175.993
174.416
170.945
177.339
173.566
170.315
173.349
174.234
174.676
175.069
173.527
175.172
173.079
172.276
172.681
170.786
176.363
173.156
176.505
170.998
172.661
172.808
172.817
172.989
175.471
172.492
173.224
173.526
168.898
174.038
172.908
176.033
176.643
172.174
173.646
173.796
172.87
173.63
175.335
172.735
173.785
173.563
172.418
179.389
173.119
172.577
174.515
173.732
172.826
176.744
175.63
174.51
172.853
174.607
173.59
173.21
174.316
173.955
172.681
172.944
175.888
172.517
174.972
172.329
172.616
173.23
171.974
173.631
174.815
171.736
174.295
170.709
171.246
173.985
174.618
172.797
173.85
174.566
172.924
174.278
173.212
176.782
175.371
175.929
172.835
174.197
174.788
175.924
174.406
175.019
176.044
174.223
174.666
172.128
173.938
173.025
172.404
174.143
176.074
173.15
170.714
175.528
172.502
175.366
177.063
174.868
173.44
176.267
172.408
173.32
175.149
173.811
172.931
174.741
174.323
176.86
175.145
171.653
175.492
173.127
174.788
173.76
171.233
173.848
172.917
170.805
178.242
175.516
176.013
172.762
173.492
173.023
176.093
172.583
175.695
174.56
172.488
176.275
177.511
172.205
173.835
173.105
176.36
170.809
174.067
175.158
175.556
171.028
174.68
173.857
172.23
172.098
174.927
173.819
173.408
173.628
175.159
176.173
175.856
174.767
173.808
177.021
175.454
171.018
175.103
170.843
174.311
176.481
177.214
175.258
170.755
170.673
171.62
174.301
169.354
170.123
176.125
178.555
173.512
170.556
175.306
174.198
174.018
175.925
170.884
177.512
174.997
176.324
173.356
174.047
175.718
174.831
172.555
175.389
171.783
173.819
173.854
173.67
172.191
173.12
175.493
175.518
174.752
173.673
174.217
174.071
173.602
172.779
173.128
175.393
173.671
173.422
175.227
171.766
175.047
173.663
171.818
174.457
172.438
175.721
175.778
173.389
174.083
175.63
172.169
173.417
172.721
172.164
172.344
172.991
175.993
171.592
176.471
173.135
174.386
172.764
175.502
173.11
174.148
171.909
170.581
174.387
177.198
174.875
177.7
173.776
171.062
170.897
177.471
171.79
174.635
177.635
175.548
175.439
175.976
175.01
174.283
173.694
176.298
174.803
174.114
175.202
176.889
172.434
174.131
174.867
172.734
174.478
176.455
173.135
175.457
174.322
170.628
175.232
176.904
171.333
173.558
170.913
176.95
170.939
173.706
176.244
173.613
176.035
172.984
173.291
172.325
175.268
173.29
174.093
175.525
174.801
175.143
177.861
177.051
171.819
175.635
170.237
176.85
173.348
174.57
170.487
177.933
173.46
175.863
173.704
174.66
172.478
173.928
173.123
173.26
176.116
174.333
171.467
172.788
170.522
174.832
173.017
173.784
176.646
175.748
174.065
172.292
174.672
175.094
173.816
177.644
172.25
179.29
177.261
173.64
176.991
172.453
174.616
169.713
174.06
173.736
175.19
173.253
174.264
173.916
171.373
175.829
173.195
174.285
176.76
175.916
171.733
175.058
175.228
173.868
175.067
175.617
174.791
175.251
173.569
172.381
172.151
172.6
171.513
174.041
172.75
173.206
173.693
175.657
173.14
172.272
174.993
176.652
173.501
174.105
174.365
174.817
174.298
174.647
173.592
173.921
177.216
173.691
174.479
176.989
174.306
174.683
175.006
176.219
172.396
170.736
174.181
171.238
174.025
172.994
172.145
173.702
174.998
175.25
173.786
174.743
175.78
173.124
174.756
174.482
173.434
174.054
178.154
174.682
173.864
174.786
176.075
172.499
171.291
174.615
173.824
171.068
172.269
172.477
172.618
172.13
178.282
174.525
172.635
173.005
175.276
170.279
173.784
172.861
173.93
174.245
174.513
172.734
170.465
173.822
174.286
173.286
173.524
175.278
175.074
175.625
172.688
174.759
171.798
172.988
176.041
174.257
174.408
173.3
174.608
175.137
173.859
176.169
171.995
174.23
172.561
172.104
175.754
173.292
172.418
175.023
173.837
172.042
173.837
173.323
174.936
176.246
172.312
173.225
174.48
174.246
173.595
172.888
174.622
172.578
173.423
177.399
174.617
172.43
171.75
175.282
173.201
174.7
169.697
172.388
172.388
173.027
170.3
172.928
173.357
171.868
172.081
175.555
173.397
175.343
174.209
172.663
171.574
171.921
174.589
174.061
175.123
175.675
173.626
170.115
176.212
173.097
172.489
174.249
173.141
175.85
172.434
175.153
172.159
176.47
172.175
173.83
176.168
173.759
178.392
173.877
171.714
174.32
174.614
172.895
170.611
172.542
172.274
175.047
173.417
173.851
173.065
173.299
172.191
172.015
173.038
172.961
173.903
173.377
173.396
172.642
179.914
174.273
174.193
172.859
174.187
172.271
174.556
173.987
176.176
172.673
175.13
175.995
174.963
175.628
172.174
175.484
171.519
172.265
173.894
173.149
174.765
174.838
174.01
175.426
173.364
172.478
173.841
174.507
171.305
172.803
173.06
176.73
173.106
175.391
174.513
173.836
174.028
174.377
172.416
176.301
177.869
176.312
173.915
176.155
175.964
172.801
176.825
175.725
177.226
171.839
174.335
178.244
178.163
171.458
175.249
177.41
173.24
175.545
173.593
174.671
173.277
171.872
173.257
171.421
173.19
173.619
172.892
172.623
169.524
173.893
172.901
171.287
171.9
174.071
173.189
173.971
174.035
172.313
172.864
177.608
169.841
174.087
173.988
173.392
175.628
172.657
176.04
176.623
173.662
173.239
177.411
175.451
174.693
174.677
174.244
174.797
174.294
173.924
174.154
171.985
176.184
174.415
175.751
174.639
171.136
174.468
172.117
170.217
176.896
175.331
174.18
171.237
175.514
176.376
175.518
171.77
172.099
174.534
170.434
176.163
173.264
175.36
171.947
174.923
172.708
170.424
173.87
173.378
173.341
173.828
175.965
173.136
175.479
172.995
178.127
170.895
172.505
173.441
175.989
174.219
177.802
175.683
172.534
172.891
171.503
172.017
175.051
173.971
171.601
173.516
173.456
171.887
176.007
172.935
176.494
172.075
176.387
174.264
172.697
172.703
175.676
171.724
174.112
169.906
172.188
175.251
173.555
172.957
174.459
172.165
169.722
174.466
172.593
175.493
174.531
172.5
175.093
172.506
170.562
169.877
176.287
170.174
175.423
174.228
168.699
175.573
174.205
173.136
173.56
172.573
174.633
172.498
174.227
174.67
174.192
173.819
172.312
177.529
173.738
172.96
172.985
172.521
174.7
174.384
172.496
171.53
171.367
175.627
173.709
173.493
173.082
175.171
173.221
175.338
177.471
176.066
174.136
172.477
175.692
169.914
171.559
173.468
174.391
176.033
175.288
172.503
173.867
174.255
172.492
172.722
173.503
174.414
174.302
171.106
173.819
172.646
176.022
171.726
172.949
171.327
175.585
176.701
172.853
171.026
172.707
177.722
175.6
171.343
173.223
172.445
174.618
172.806
174.968
171.62
173.528
171.749
170.379
170.6
174.187
173.615
171.53
172.497
173.201
175.692
172.547
174.142
176.746
174.251
176.812
174.889
172.247
170.237
172.619
172.73
173.702
173.498
173.985
171.394
173.529
172.514
173.215
176.977
175.711
173.078
172.529
172.637
173.071
174.244
172.569
168.852
179.296
172.434
175.465
173.866
172.389
175.843
173.036
175.025
173.753
173.657
172.094
172.007
174.982
171.745
171.573
174.976
173.889
173.007
173.675
174.122
175.452
174.586
175.404
172.384
174.917
172.191
174.561
172.718
176.655
172.631
174.38
175.011
175.033
174.285
173.312
170.378
172.678
174.814
172.593
174.202
170.629
172.584
174.1
171.065
174.044
171.677
172.951
173.283
173.202
174.862
178.832
173.81
175.558
172.986
175.41
171.93
176.273
175.183
175.31
171.958
176.144
171.591
175.705
173.997
174.528
171.841
173.04
173.304
174.191
172.156
171.129
175.223
173.705
176.145
175.406
177.692
170.8
175.046
175.874
172.202
173.848
173.057
173.064
173.885
173.775
173.682
172.702
174.07
172.437
172.613
173.376
173.07
174.767
174.816
175.202
173.475
176.096
173.635
176.954
174.713
174.449
174.978
172.907
174.214
172.552
175.095
174.197
171.808
173.681
172.373
174.408
173.475
173.813
174.642
174.186
173.232
175.066
172.723
171.911
172.185
172.946
176.577
173.939
175.011
171.58
174.399
173.989
174.567
176.228
177.653
174.827
175.872
175.449
172.698
174.737
172.873
176.358
172.613
173.198
177.108
173.156
173.694
171.048
173.492
173.876
174.319
170.809
172.221
173.012
171.799
172.987
171.101
172.722
174.843
173.612
178.371
175.17
175.456
171.964
175.456
172.807
173.472
175.073
173.478
174.133
173.942
177.694
172.795
175.019
175.781
172.326
176.343
172.925
174.66
171.517
174.804
176.502
175.125
173.582
174.376
174.36
174.929
172.953
172.671
173.205
173.877
174.836
175.339
172.356
174.731
175.954
172.567
172.585
173.121
172.856
173.197
172.805
175.58
174.533
176.5
175.794
173.898
174.935
172.545
172.045
175.253
171.405
174.318
174.787
172.747
173.648
173.459
174.5
172.334
174.543
176.182
173.176
173.363
171.728
175.585
175.2
174.235
173.165
176.391
169.579
173.361
173.852
174.48
171.006
172.586
174.624
176.011
172.306
173.069
173.541
172.05
172.709
172.21
176.595
174.124
173.051
172.798
173.702
175.693
174.738
174.639
174.786
173.209
170.854
174.592
178.291
172.577
171.685
175.055
173.778
176.603
173.266
174.653
172.378
171.953
171.558
170.076
175.966
171.428
174.597
175.059
172.927
174.481
172.806
174.778
176.059
170.716
174.008
176.54
172.736
175.646
175.109
171.774
173.715
168.385
175.93
173.36
177.361
173.161
170.527
172.277
171.138
176.077
173.421
172.469
172.304
175.723
175.072
174.803
175.659
175.314
173.142
175.485
172.259
175.759
172.746
174.491
173.427
174.047
173.781
174.659
175.229
174.435
175.543
173.17
172.846
174.217
177.117
170.284
170.366
175.167
178.005
175.895
175.888
174.664
174.684
173.095
172.461
174.773
175.499
173.42
176.122
173.593
174.75
174.278
178.946
172.953
170.868
174.151
173.623
174.263
172.572
171.63
175.998
174.463
173.995
171.877
171.867
173.19
174.242
175.084
175.155
171.751
174.89
175.714
172.561
175.358
172.964
174.934
176.906
174.641
171.713
173.651
174.247
172.555
174.553
175.297
172.966
175.296
173.781
171.495
172.668
170.069
170.431
175.517
177.341
174.593
174.663
175.818
170.5
174.39
172.569
171.614
170.659
173.43
174.053
175.892
174.673
174.659
174.181
176.808
172.995
174.895
173.643
174.525
174.651
173.974
173.633
174.682
172.121
171.486
173.216
173.68
173.109
174.525
174.795
174.207
175.478
174.234
174.322
173.466
175.012
175.94
174.252
174.298
174.098
174.222
170.738
173.248
173.07
178.278
173.41
176.364
173.301
173.492
171.179
174.107
176.166
173.058
174.96
171.977
173.887
171.098
173.477
175.819
173.172
175.673
172.053
173.744
177.221
173.19
173.643
173.729
175.186
173.061
174.044
175.275
173.026
173.772
176.462
172.56
171.765
176.076
173.254
175.102
175.407
174.409
173.338
173.652
176.209
172.82
173.54
172.412
173.123
173.875
173.57
176.722
169.897
176.854
176.953
173.894
171.803
174.516
172.742
174.168
172.264
174.841
174.841
172.248
172.578
174.802
174.226
172.589
175.013
172.953
172.767
173.52
173.003
174.599
175.095
172.718
175.068
173.398
173.044
170.278
178.311
171.717
172.801
174.51
172.65
174.774
174.437
172.637
175.922
172.137
172.862
173.66
173.105
174.18
173.835
173.163
175.453
173.004
178.464
173.332
175.24
174.201
174.209
172.193
177.229
173.311
171.995
172.614
175.403
174.115
171.935
172.975
176.894
173.697
174.931
177.713
172.404
174.918
173.479
172.631
171.816
174.203
172.302
172.561
174.648
175.671
173.217
171.283
173.072
174.892
170.98
173.627
170.594
173.911
171.981
171.577
177.445
173.907
170.272
172.709
170.621
174.557
174.213
173.223
173.668
172.413
173.528
174.575
176.113
174.406
173.146
174.902
171.067
176.283
175.7
175.725
171.916
177.468
174.573
174.36
173.8
173.858
174.871
177.002
171.697
175.095
172.383
173.604
174.916
174.928
176.293
174.535
172.294
175.099
173.387
172.734
170.18
172.112
175.495
175.171
172.548
175.642
174.553
175.861
174.948
174.951
174.298
175.772
174.942
173.082
174.037
172.213
174.956
175.258
172.96
174.844
169.377
176.913
172.128
173.72
175.248
175.366
173.456
179.665
173.299
172.923
175.014
175.441
171.708
172.757
179.95
174.785
173.079
173.452
177.073
173.065
174.859
172.728
176.171
172.426
173.8
171.689
177.063
174.852
173.739
173.745
173.661
178.51
174.528
171.319
172.207
173.605
173.537
171.018
172.403
172.585
173.884
174.307
176.797
175.929
174.468
173.067
172.177
175.025
173.926
172.92
172.82
174.31
172.683
174.793
170.473
173.129
173.684
174.422
174.49
169.132
171.844
171.394
173.679
173.637
177.91
172.242
177.153
173.418
175.573
176.139
176.712
171.641
174.694
173.371
173.816
178.26
172.973
170.518
173.959
176.304
171.57
173.684
173.165
173.987
173.606
172.869
175.167
170.603
172.524
171.63
174.261
172.979
171.104
175.267
172.484
173.717
175.82
173.863
169.886
174.273
174.116
172.363
172.294
173.748
173.932
172.162
173.839
170.808
172.574
174.487
171.895
171.419
172.87
174.177
173.6
176.877
173.65
172.538
175.076
173.929
172.597
175.617
174.354
173.828
173.121
173.296
174.398
171.424
172.382
172.089
173.131
172.358
173.583
175.679
173.048
176.82
173.409
168.194
173.738
175.699
173.088
175.356
173.577
173.895
176.978
174.073
174.933
172.963
175.283
173.208
175.527
176.96
174.946
171.301
176.897
173.027
174.555
174.412
171.936
171.496
173.083
175.696
171.385
171.905
174.591
173.579
173.207
170.273
174.514
178.297
172.722
169.529
175.74
173.295
171.655
171.436
174.591
174.209
174.658
177.39
174.404
173.323
172.308
175.373
175.833
173.738
170.16
169.878
175.322
174.393
174.675
172.807
173.853
173.81
176.528
175.006
173.121
175.668
176.687
173.863
173.821
173.648
168.879
173.118
170.544
172.115
172.98
171.353
172.037
174.303
177.202
172.379
174.577
175.797
173.13
175.379
174.074
173.584
172.848
173.863
173.075
175.199
170.225
176.161
174.118
173.886
175.602
173.632
173.255
175.199
175.925
171.058
171.472
176.719
169.795
171.539
174.042
173.661
174.232
175.708
173.211
175.378
172.338
176.732
175.738
172.144
175.686
171.822
174.653
175.58
172.585
174.597
173.317
172.023
171.522
172.233
173.276
174.629
178.905
172.56
175.14
173.127
173.839
173.484
175.912
172.18
177.253
172.763
172.732
171.827
171.569
174.595
173.288
173.668
173.885
170.461
174.263
175.013
177.412
174.696
173.028
174.544
176.138
173.686
174.431
172.219
170.533
175.48
173.731
176.187
174.129
171.414
174.935
172.132
172.795
173.447
173.788
171.917
172.505
172.234
173.873
173.822
175.143
176.278
175.658
170.811
173.297
175.002
174.366
174.962
170.784
174.808
174.813
175.674
174.563
174.588
175.476
175.572
173.088
173.599
174.503
175.466
173.839
172.756
172.576
175.115
172.987
175.945
173.643
172.859
176.448
174.526
171.154
177.56
173.166
173.721
176.032
175.907
174.981
174.775
174.248
179.038
170.849
173.525
171.492
172.651
174.739
174.579
170.636
173.087
173.112
170.348
174.043
174.224
174.635
173.36
174.347
174.622
172.919
174.587
173.932
174.019
171.092
174.861
173.553
172.272
174.369
176.486
173.096
172.083
172.182
173.58
173.405
177.109
174.575
174.198
173.814
174.793
172.393
172.153
174.528
173.187
172.056
174.512
175.72
178.317
175.113
172.787
173.274
172.615
174.018
174.39
177.723
175.037
175.386
173.927
174.688
172.283
175.226
169.764
172.916
173.812
174.5
174.585
174.466
172.215
173.983
174.582
173.611
174.417
174.549
174.862
174.706
171.478
174.076
174.382
175.522
173.552
176.389
172.783
172.017
174.694
176.367
172.507
175.575
173.08
172.538
171.644
171.954
174.872
175.964
175.304
172.813
175.925
173.55
174.975
172.504
172.161
175.043
175.378
172.036
172.81
174.803
172.262
174.282
169.082
172.86
174.443
171.479
172.048
175.083
173.259
172.598
174.961
173.85
174.497
172.953
172.803
171.301
175.933
171.589
177.583
172.029
173.742
173.476
175.804
171.071
173.04
174.119
175.596
171.455
170.004
174.216
171.818
175.999
173.235
173.987
172.076
168.994
174.088
175.803
177.15
174.747
176.265
172.473
173.839
174.682
173.093
174.535
173.671
175.118
177.49
173.736
175.247
174.46
173.96
176.067
171.441
172.863
174.497
173.508
172.634
172.863
172.713
171.144
174.039
171.932
171.866
174.114
171.673
170.699
173.444
173.414
175.528
170.507
171.195
176.434
174.858
171.787
175.831
172.639
173.885
173.188
173.287
175.433
171.312
172.838
175.543
174.76
174.902
174.786
175.47
172.512
174.598
174.642
176.185
175.131
171.694
173.916
176.488
173.617
174.544
176
175.336
176.448
174.748
178.34
174.706
173.087
171.414
173.915
176.217
170.672
175.614
174.631
172.308
171.539
172.701
172.615
175.091
171.964
174.984
172.312
175.187
173.19
172.695
172.549
175.417
176.089
173.273
174.943
176.077
175.076
173.044
172.036
174.541
171.975
172.357
172.287
170.19
176.136
173.157
176.708
175.713
175.7
168.885
173.794
173.717
173.356
175.592
170.64
173.844
172.185
175.676
174.764
174.832
172.313
174.075
176.258
173.186
174.495
176.531
174.974
172.327
172.118
169.856
174.869
175.984
175.581
172.343
176.68
172.239
177.119
173.665
174.02
173.197
170.512
170.123
177.073
172.657
172.895
171.748
177.024
174.541
173.084
173.995
174.23
175.074
172.119
172.535
177.131
173.424
174.618
172.65
174.699
175.676
172.934
171.819
172.407
173.876
172.735
172.657
175.597
173.529
175.55
171.351
174.817
175.614
173.684
174.815
176.468
170.904
173.541
177.382
174.551
174.959
172.97
174.937
171.413
174.745
175.304
170.391
171.953
175.905
175.381
171.832
176.487
172.961
170.437
175.128
173.945
174.414
171.893
173.556
174.843
175.229
175.676
170.216
175.426
173.857
175.31
177.251
173.083
175.97
174.02
175.203
173.01
173.828
172.918
172.051
171.467
176.162
172.341
176.19
175.655
175.72
171.239
171.724
175.608
170.646
174.052
174.793
176.303
174.86
174.901
170.977
174.307
172.995
175.928
171.465
171.931
174.258
174.746
176.913
171.936
174.4
171.19
176.028
175.083
171.497
172.076
173.312
175.981
175.352
173.984
172.674
170.249
172.361
176.47
171.771
172.187
174.219
171.402
172.75
173.087
173.65
173.643
171.264
179.687
173.098
175.854
176.071
175.071
173.945
175.057
172.259
176.11
173.365
176.922
173.035
173.815
170.758
174.955
175.37
173.91
173.377
173.513
175.723
170.642
177.501
171.957
174.26
171.213
172.598
173.683
171.977
173.607
175.897
173.828
173.815
170.071
171.134
175.716
171.197
172.185
174.005
173.419
174.815
171.664
174.934
176.148
174.658
176.756
170.341
174.978
171.432
173.213
172.923
170.095
174.237
173.258
175.563
173.056
172.805
173.374
174.15
171.016
175.489
176.648
175.61
175.471
171.248
173.845
174.782
175.728
175.917
173.08
172.404
173.128
172.4
173.718
173.472
174.766
174.704
172.587
175.54
173.956
173.215
170.39
173.805
171.408
174.431
172.429
174.225
174.84
175.252
175.08
176.116
172.454
172.297
172.386
175.816
174.06
171.65
173.533
171.736
172.011
174.16
174.678
169.012
175.749
172.717
173.339
176.899
173.303
178.084
171.433
171.246
176.891
171.461
172.572
176.761
174.636
172.284
172.934
175.038
173.27
175.682
173.037
176.294
175.155
173.236
175.505
174.232
179.247
176.926
173.222
170.44
173.367
173.069
174.568
173.966
175.826
173.815
173.593
174.492
173.14
172.462
171.877
171.535
173.45
173.506
170.783
172.339
171.553
172.147
171.848
173.946
173.345
175.5
178.283
173.726
171.913
174.39
171.979
174.383
174.013
170.164
171.951
175.149
175.914
175.42
171.291
173.875
173.817
173.322
171.812
174.239
173.282
174.313
174.113
170.465
173.42
174.301
172.831
171.469
177.311
176.358
173.337
171.728
173.407
173.508
175.688
176.115
175.176
174.725
172.982
173.711
176.956
174.246
175.393
171.586
172.253
174.932
172.976
172.549
173.974
172.574
171.266
172.126
173.043
175.501
173.371
175.412
173.604
173.861
176.256
175.054
171.925
172.962
173.809
171.389
174.67
174.451
175.347
174.967
175.175
175.275
172.384
174.02
174.69
174.798
172.809
172.803
174.582
174.145
177.571
172.736
172.678
177.358
171.665
175.821
176.451
172.94
172.467
175.981
172.678
173.234
171.935
174.416
172.738
173.722
171.716
171.974
172.568
171.67
175.364
175.695
172.459
175.788
174.905
174.935
171.775
175.247
171.993
172.685
170.971
175.821
171.024
175.21
173.849
173.67
174.527
174.291
174.489
172.93
173.434
171.945
176.174
174.597
174.846
174.028
173.237
172.457
172.26
172.725
171.15
173.135
174.249
173.664
173.716
173.677
172.252
174.793
173.526
172.917
174.193
174.768
175.441
178.217
176.15
172.768
172.829
172.8
172.52
173.981
174.39
174.241
175.088
174.48
176.401
174.812
174.751
174.03
175.953
175.941
175.775
174.477
175.367
172.56
173.13
174.962
174.584
174.756
172.696
173.356
171.725
171.19
173.649
173.02
175.764
175.512
176.252
174.751
176.14
173.162
171.628
175.162
172.323
173.945
171.346
173.416
172.265
172.344
171.6
174.383
176.72
174.035
173.121
176.923
173.184
172.188
173.13
173.147
172.594
176.198
173.394
176.072
173.938
173.723
170.701
172.903
173.493
173.509
175.136
174.914
173.855
171.703
174.394
176.048
171.844
171.051
173.85
175.608
175.332
176.641
174.897
174.2
174.115
176.072
170.658
173.775
173.49
172.28
173.214
173.221
174.14
171.052
173.006
173.142
173.984
170.987
174.309
172.205
173.361
173.4
173.081
171.588
176.787
176.633
174.319
171.093
177.099
176.889
172.673
171.329
174.32
170.957
172.585
174.554
171.381
174.334
174.322
173.405
172.777
172.408
173.561
173.771
173.164
171.128
171.588
173.961
171.778
175.176
172.579
173.771
173.603
171.269
172.516
174.884
175.593
171.925
171.866
173.794
173.531
173.642
172.755
175.474
171.016
174.768
172.49
172.804
174.139
174.451
178.376
176.273
173.656
172.332
173.643
171.291
173.951
172.126
173.739
175.345
174.386
173.457
173.166
172.073
172.51
172.909
173.57
174.417
175.382
176.541
173.118
170.447
171.766
171.922
174.491
171.409
174.382
176.765
172.943
175.823
175.394
174.066
175.944
172.52
174.729
175.119
173.212
175.475
173.644
174.329
174.676
172.954
174.82
171.149
174.108
172.777
176.087
171.243
174.332
173.669
177.064
172.411
171.281
174.529
176.195
172.037
173.696
174.865
176.255
171.426
171.873
172.056
173.085
178.121
175.222
175.396
174.551
173.858
173.256
171.69
173.325
174.595
173.591
176.646
176.242
175.593
172.535
173.311
175.952
175.596
172.693
170.835
172.592
172.424
172.736
170.888
169.919
172.496
172.231
174.927
171.995
175.818
176.449
172.478
176.124
176.598
174.338
174.37
177.129
171.294
175.5
174.285
173.548
174.957
172.197
173.703
174.977
172.731
173.563
174.065
174.14
170.474
174.004
173.009
172.619
172.925
173.795
173.091
176.942
171.467
173.097
174.339
176.81
171.446
174.353
175.733
173.821
174.581
171.517
173.355
175.059
173.782
173.242
176.555
170.662
174.515
166.974
173.426
174.801
172.29
173.036
172.295
176.393
176.4
174.811
176.176
173.873
172.43
172.057
173.717
173.283
175.409
172.01
177.889
172.958
170.557
171.34
176.714
176.042
173.057
175.307
173.268
174.987
173.55
174.549
172.111
173.446
173.504
174.946
174.609
173.501
179.279
176.052
170.766
175.91
175.417
174.296
171.291
173.399
170.526
173.927
173.748
173.242
174.044
172.959
173.028
173.542
173.925
177.126
173.561
177.633
170.626
174.545
171.054
176.709
178.769
172.003
170.693
174.29
175.643
173.293
171.703
173.999
171.509
173.192
172.968
176.165
174.579
173.738
172.894
170.197
171.564
172.802
170.759
174.102
174.401
174.886
175.207
173.014
172.446
175.508
171.637
171.481
173.513
173.183
172.98
172.46
172.622
173.259
172.338
177.714
172.036
169.415
176.17
172.996
172.602
175.001
170.166
173.894
175.5
174.006
171.985
178.496
177.507
177.722
173.028
175.707
175.706
174.389
174.417
172.24
172.628
171.762
173.211
175.382
174.569
175.365
173.985
177.893
173.6
173.754
178.918
173.899
173.799
174.544
174.961
173.993
178.088
173.43
172.87
172.724
174.379
175.105
173.813
174.365
172.557
174.957
174.774
171.705
172.155
175.506
173.908
171.605
173.606
170.675
173.626
173.39
173.964
176.375
171.831
172.906
173.694
174.258
176.594
173.627
174.321
172.442
170.01
173.099
172.824
173.503
172.115
172.892
173.651
175.612
172.745
173.258
172.636
175.315
171.847
173.581
171.275
176.225
175.176
172.574
175.618
175.244
170.973
176.407
170.458
173.472
174.186
174.189
173.001
173.557
174.145
177.194
173.952
174.306
171.858
173.743
171.288
173.229
175.788
176.77
174.471
171.77
170.601
174.247
169.035
174.151
176.31
178.517
174.665
175.534
174.357
174.283
174.272
174.277
177.438
176.199
173.496
173.242
174.669
175.512
170.182
171.218
174.814
170.426
173.217
175.94
171.007
174.353
172.511
170.456
174.801
173.89
176.626
172.812
174.057
173.501
177.516
170.777
173.391
171.992
174.237
174.422
172.299
173.972
173.356
171.347
171.734
173.407
174.102
175.934
174.777
174.025
175.462
175.827
174.067
176.578
174.404
170.314
174.943
173.377
174.92
170.707
172.595
171.252
175.092
173.196
174.718
172.606
172.369
176.782
175.799
171.536
171.396
178.127
171.553
175.849
175.069
172.048
173.254
176.262
174.859
174.696
177.803
173.841
173.297
174.524
175.156
172.206
172.385
175.346
176.989
174.014
176.348
174.748
171.065
176.458
171.814
170.389
172.017
171.791
176.037
175.413
177.245
175.986
175.299
175.144
173.871
174.836
172.915
173.232
176.151
174.268
171.183
175.017
172.534
178.872
170.462
176.568
172.531
175.035
171.658
171.085
174.167
176.63
175.576
172.057
172.25
173.503
171.494
173.738
171.877
173.653
175.248
172.197
173.182
173.86
169.811
174.306
174.26
178.826
175.296
174.308
172.448
173.589
174.86
176.428
175.248
174.458
174.99
177.06
171.222
173.376
176.054
173.96
173.923
172.606
174.87
173.057
174.285
175.576
175.252
173.856
173.878
175.873
171.556
170.218
175.092
173.716
174.243
171.894
173.946
174.752
176.035
173.729
174.185
173.137
172.759
175.61
171.154
172.537
174.583
175.337
173.121
176.232
174.258
172.677
174.921
172.384
173.824
174.565
173.12
171.164
172.779
176.168
174.005
173.789
174.959
170.56
172.974
172.462
174.949
171.685
172.683
175.694
177.45
176.613
174.953
178.092
173.445
171.501
173.221
174.552
172.714
176.46
169.751
175.17
173.406
173.156
174.876
175.87
174.882
174.826
169.328
170.474
176.541
172.917
173.834
173.764
174.304
173.5
172.288
174.785
172.607
171.931
173.342
173.486
175.897
172.969
176.905
173.681
173.325
175.372
173.638
173.24
174.582
169.857
174.284
172.377
172.002
173.069
170.783
173.499
171.934
176.207
174.173
173.716
177.128
174.861
172.375
171.908
173.892
175.61
174.77
169.743
171.111
175.234
176.443
174.003
175.659
176.324
174.175
173.458
169.913
173.988
171.526
173.485
176.372
172.087
175.617
173.216
174.952
174.562
173.71
172.903
176.258
175.312
175.686
177.56
173.719
172.493
175.908
168.94
172.439
172.425
172.593
173.557
171.921
172.448
175.548
169.683
174.193
172.755
173.106
175.232
171.776
175.087
171.359
172.965
174.001
174.814
174.895
175.146
172.729
173.526
173.629
175.713
171.172
175.869
174.573
174.662
174
174.791
175.503
176.52
175.213
175.952
174.578
175.271
174.216
175.833
175.229
173.012
175.975
174.295
172.079
172.309
173.258
175.282
176.042
174.507
173.89
174.941
173.066
172.727
174.245
176.143
173.015
175.578
174.985
174.875
172.539
173.501
169.609
177.814
171.71
173.383
176.563
174.235
173.225
170.666
174.22
174.148
174.777
169.193
175.373
173.394
171.14
174.924
177.375
174.091
176.446
171.435
174.915
172.413
173.217
175.704
173.392
174.93
174.016
176.335
174.423
173.628
174.644
172.983
176.134
173.906
173.429
174.602
175.634
173.56
174.62
172.491
174.507
173.539
173.228
173.559
172.982
171.018
171.727
173.887
175.631
176.694
175.485
173.055
174.372
174.236
173.588
173.44
172.751
174.579
170.783
175.098
174.692
173.325
176.52
172.402
170.293
173.4
172.074
176.954
175.05
174.08
175.839
175.045
173.999
173.533
174.181
171.112
177.438
175.073
178.511
173.874
173.244
172.88
173.469
172.021
174.671
175.005
173.321
175.485
171.363
174.9
171.154
176.147
174.968
171.932
174.618
173.719
172.523
176.599
174.394
172.977
170.888
174.404
177.411
174.048
173.969
173.98
173.835
173.229
175.354
175.778
172.117
172.1
172.261
170.262
175.072
172.141
174.405
173.101
174.466
172.519
175.868
176.878
174.484
171.387
173.225
173.52
177.436
170.18
174.217
173.599
172.59
176.582
175.607
176.516
175.652
173.586
174.291
174.03
172.001
172.298
170.954
171.682
173.528
171.291
176.02
175.26
168.792
176.306
175.399
172.739
175.715
174.36
173.015
174.934
174.762
175.43
175.115
172.004
173.599
172.631
173.097
176.688
174.176
170.403
172.24
174.653
176.857
174.863
175.566
174.234
172.208
175.275
172.536
173.823
174.635
172.623
171.137
174.599
176.361
176.802
175.15
173.183
173.141
173.327
170.168
177.753
173.952
171.929
174.754
174.865
173.306
175.991
174.234
176.091
173.024
175.285
174.244
172.046
173.255
170.013
177.499
171
171.925
171.431
174.657
173.965
174.766
172.35
173.519
175.047
172.969
172.691
176.206
171.854
173.194
174.047
174.336
173.078
171.601
175.028
177.516
173.02
172.208
173.436
173.235
178.361
170.967
174.593
171.434
173.718
173.278
175.695
176.089
172.704
173.673
175.669
173.365
171.043
173.04
173.551
173.657
177.244
175.563
173.276
177.234
174.82
176.638
172.79
172.472
173.681
175.034
172.629
173.389
175.161
177.364
173.563
174.576
171.824
174.263
174.126
173.755
173.862
172.317
171.899
174.129
173.864
176.04
172.151
176.757
173.955
174.061
174.831
171.494
173.973
174.966
175.558
177.636
174.202
170.781
173.221
170.176
170.857
173.085
170.638
174.3
171.456
172.269
173.973
172.09
176.805
175.029
176.214
172.192
171.681
172.647
174.064
174.784
172.702
172.632
172.435
173.156
174.627
172.701
173.589
173.694
172.964
175.08
176.761
173.733
177.171
171.486
175.713
175.624
175.831
174.225
172.674
173.677
171.791
174.706
172.496
173.106
174.046
176.107
178.532
173.924
173.051
174.129
171.145
174.041
172.646
173.148
171.446
169.023
176.754
175.686
175.111
177.027
173.76
172.433
171.975
171.981
171.159
174.54
173.499
176.038
178.199
175.841
172.408
173.364
173.209
173.744
173.146
173.139
170.148
174.247
172.092
171.415
174.058
176.215
177.024
172.264
176.512
173.382
170.695
175.817
172.318
172.332
173.429
173.853
172.938
173.751
171.762
173.097
173.91
172.805
173.9
176.494
172.833
173.98
172.264
173.222
174.858
176.096
174.696
173.284
174.574
172.877
174.332
169.037
170.685
172.877
171.68
175.194
177.595
175.825
176.097
171.423
174.984
174.286
174.396
175.892
171.909
172.083
173.588
171.342
175.545
174.84
172.424
174.007
172.416
173.925
174.134
172.597
176.042
175.176
173.73
173.794
174.338
172.648
173.473
175.371
172.145
172.275
176.13
171.25
171.782
176.808
171.937
171.744
175.002
172.522
173.47
176.791
173.681
172.903
174.053
175.915
178.556
171.878
177.442
174.023
172.224
172.144
176.27
175.816
171.616
174.412
174.402
173.36
173.595
173.195
177.031
174.305
173.903
173.595
173.151
175.781
169.933
174.161
174.859
174.108
176.059
170.416
172.411
175.239
171.96
174.216
176.176
172.98
173.085
176.135
171.399
170.66
172.857
170.851
173.802
174.002
175.128
173.012
172.298
174.441
174.651
173.504
174.57
176.521
172.282
175.105
175.421
173.527
175.214
173.104
172.754
172.201
173.19
172.903
173.48
171.454
173.097
177.756
173.43
174.053
175.663
173.056
174.745
171.59
174.228
171.669
174.09
171.502
172.742
172.086
173.105
171.966
177.421
172
176.358
173.175
175.893
175.516
174.77
173.897
173.92
176.194
173.74
170.259
177.086
173.079
174.734
172.562
175.053
175.693
169.743
173.749
175.627
177.374
175.434
176.233
173.477
174.661
175.023
173.467
172.512
175.58
172.942
173.156
172.652
173.328
174.541
177.123
174.282
174.595
175.164
173.131
172.732
175.404
172.996
174.509
176.164
174.905
174.558
176.889
174.959
173.435
174.597
171.954
173.309
170.122
177.484
171.251
172.392
177.251
175.719
171.598
172.837
175.469
174.945
172.544
169.52
175.231
173.766
172.751
175.237
173.485
171.786
174.818
172.266
176.058
175.537
172.502
173.811
175.02
172.218
174.403
174.097
172.673
174.505
178.977
174.757
174.145
172.6
176.495
175.222
173.633
176.022
174.058
173.985
174.566
170.949
172.89
173.988
176.641
172.694
173.767
172.984
173.478
174.718
174.622
171.271
172.664
175.925
172.216
173.296
174.791
172.591
172.934
172.922
173.145
176.51
171.926
174.589
174.274
176.148
176.527
174.149
176.586
174.634
172.963
173.442
176.878
176.264
175.113
173.981
176.558
174.7
172.906
174.261
173.27
173.27
176.147
172.246
171.364
173.738
169.304
174.237
171.674
173.972
175.92
174.66
176.299
170.565
169.552
176.581
172.629
174.654
172.989
174.371
171.873
171.258
173.239
172.289
174.371
174.658
174.23
172.089
172.61
172.878
174.606
172.806
176.385
173.553
175.841
174.894
174.948
170.764
172.772
176.496
171.805
176.877
175.863
168.98
174.338
175.637
170.495
171.27
174.005
175.384
176.247
174.252
177.869
173.272
170.189
175.926
171.229
173.589
174.711
173.045
172.943
171.033
173.081
174.526
172.076
174.516
173.205
173.893
174.371
173.925
175.449
170.144
172.741
174.896
174.061
175.858
171.99
175.318
173.37
171.694
173.424
176.146
172.739
172.779
171.196
175.151
173.637
173.563
170.325
174.01
173.204
175.74
175.098
175.808
172.043
172.083
172.568
172.048
173.805
172.525
171.905
173.292
174.24
174.364
174.424
170.127
174.233
175.615
173.947
173.317
178.75
176.118
172.01
175.705
175.842
171.204
171.223
173.133
172.806
174.532
172.568
174.94
174.965
176.291
173.12
170.857
175.707
173.492
173.59
170.699
174.065
174.76
173.716
176.745
175.167
173.11
170.595
174.289
175.228
175.966
171.76
173.949
170.918
178.117
170.131
172.489
172.517
172.949
172.714
170.175
176.284
169.746
172.853
172.265
173.802
170.792
172.14
174.026
172.241
174.382
175.209
170.83
172.18
176.285
170.904
172.148
174.797
174.667
172.229
175.759
174.948
175.726
172.795
174.797
175.108
174.751
176.723
176.318
171.978
173.531
172.912
172.667
174.108
178.347
174.65
175.935
175.486
172.758
170.932
171.539
174.167
174.344
172.506
175.819
178.279
172.062
175.465
171.673
174.099
174.045
172.808
173.985
173.724
173.465
174.402
170.694
172.62
173.384
174.271
175.382
173.019
172.999
172.96
176.643
176.154
174.59
169.23
177.686
176.514
172.427
172.617
172.487
172.2
173.16
173.393
172.683
175.956
170.505
172.914
172.6
171.428
173.369
172.073
171.804
170.832
172.963
176.819
173.063
172.215
171.832
172.88
173.169
172.468
175.11
173.363
176.338
170.123
173.932
174.388
175.189
171.078
175.094
173.125
175.823
173.547
174.956
175.428
174.168
173.352
173.905
176.118
176.599
174.077
172.794
171.91
172.348
171.372
176.501
175.312
177.155
172.7
173.399
174.191
173.378
176.666
175.104
173.881
175.386
172.061
174.106
171.292
174.472
175.039
175.515
173.543
171.607
173.944
176.32
172.309
174.884
175.289
172.365
175.766
173.34
175.247
175.279
175.107
173.802
175.606
174.62
174.946
173.175
174.498
170.349
172.55
173.813
174.817
168.522
173.262
172.99
172.856
175.908
171.548
172.68
169.246
173.916
169.626
174.885
175.42
175.572
172.654
174.57
173.396
172.319
175.994
173.784
172.243
175.617
175.825
173.639
175.327
175.44
173.759
174.207
171.359
174.275
175.541
174.9
174.861
175.696
174.435
174.4
170.136
173.473
173.14
180.201
174.734
174.857
172.852
175.157
177.649
177.076
174.478
177.872
175.483
175.028
175.253
173.512
173.108
173.705
174.939
175.803
174.285
176.11
173.604
174.23
174.931
174.937
174.399
174.262
174.885
174.561
173.014
176.131
173.657
175.638
173.141
171.476
174.68
171.875
172.965
171.477
175.683
175.256
170.151
171.835
170.864
174.007
172.28
170.678
175.979
173.17
173.349
177.005
175.224
177.641
172.192
176.157
173.781
176.455
171.554
171.992
175.047
173.337
168.928
175.023
174.865
171.666
176.511
171.086
176.003
173.981
172.397
175.257
171.921
172.582
175.651
175.288
175.08
175.037
175.687
175.196
172.339
175.401
174.535
170.986
172.348
176.259
174.044
173.624
174.79
175.852
172.111
177.06
175.044
175.635
177.835
173.277
175.834
173.743
173.267
169.776
171.939
173.004
175.211
174.491
175.868
177.765
177.265
177.197
172.849
175.589
175.136
173.106
173.591
174.344
174.416
177.292
173.573
171.934
173.487
171.653
174.028
175.389
175.271
174.941
174.8
173.918
172.923
172.838
174.813
172.578
176.861
176.546
173.884
174.915
172.046
172.437
172.25
172.185
176.004
174.211
175.607
172.214
175.175
173.75
172.813
173.52
175.396
173.15
171.718
175.749
175.335
171.331
176.679
177.024
173.28
174.39
172.045
173.841
174.349
174.553
176.152
174.608
174.355
174.564
176.464
176.514
171.896
171.529
175.512
173.124
171.01
173.119
171.527
174.985
175.541
169.594
172.488
177.511
175.586
172.471
172.224
173.753
173.421
177.198
175.851
172.685
170.822
171.934
173.763
168.593
173.17
172.263
174.417
172.469
175.999
171.103
174.367
176.311
174.438
175.915
168.999
172.215
167.972
176.5
173.889
173.216
171.535
174.903
173.689
173.007
172.401
174.043
173.72
171.879
175.107
172.167
172.57
173.379
174.386
175.817
175.207
172.672
176.867
174.906
173.776
173.211
173.795
170.14
176.621
171.351
173.405
174.762
171.321
171.152
172.813
173.442
175.228
174.499
174.27
175.59
172.215
172.341
173.589
173.414
173.725
172.999
175.821
174.058
176.501
173.708
177.592
175.15
173.204
171.067
171.989
176.163
176.819
174.78
174.872
174.965
174.112
170.392
174.001
173.167
170.885
171.9
176.102
169.564
174.603
173.204
175.492
170.974
175.469
173.263
174.13
174.902
175.705
174.597
172.127
176.204
174.516
176.495
175.1
174.563
173.783
173.399
176.056
176.496
174.515
174.425
175.304
175.877
173.356
172.882
172.102
173.056
168.954
174.129
170.858
175.443
171.419
175.909
173.302
174.257
172.188
176.153
174.416
174.441
173.115
171.351
174.939
172.571
173.888
175.332
173.283
175.453
176.011
174.246
175.028
175.073
172.067
175.396
173.77
175.226
175.341
171.854
174.123
171.198
174.618
174.646
174.13
173.42
173.31
174.443
173.942
172.783
173.128
176.69
173.625
173.812
171.542
173.036
169.251
172.318
171.762
176.735
174.041
173.656
176.242
174.257
178.195
173.763
175.291
175.951
174.698
176.806
174.593
173.362
178.616
172.04
172.937
172.938
174.816
175.879
174.179
177.179
177.796
170.607
172.638
170.457
172.35
176.775
173.736
176.095
174.206
175.092
173.187
175.519
173.89
173.363
174.906
176.298
176.119
175.305
172.006
173.06
171.917
172.704
174.358
174.189
174.765
177.73
173.831
175.446
171.552
170.604
173.043
173.444
172.083
173.311
173.557
172.596
169.82
173.532
172.747
172.238
171.245
174.727
173.983
175.861
173.083
175.162
177.991
173.54
173.882
171.007
173.687
174.017
174.678
174.107
171.764
174.769
167.831
171.043
172.469
174.421
176.437
170.709
175.158
173.931
173.868
174.388
178.184
174.379
175.356
175.592
171.469
172.833
172.253
172.229
172.855
175.721
173.909
174.829
174.264
175.268
173.983
176.309
172.107
177.223
172.929
173.273
172.889
173.189
171.398
169.342
171.479
171.638
174.132
170.845
174.872
172.952
176.665
174.043
171.91
176.875
169.605
170.296
173.403
170.736
173.686
175.79
172.609
172.241
172.582
173.782
174.543
172.068
174.205
171.191
175.733
175.39
174.117
173.894
171.562
174.041
174.262
173.09
171.924
172.912
175.367
174.719
172.582
176.977
170.107
172.844
174.53
173.814
176.984
172.996
176.02
174.96
178.043
173.382
174.885
171.866
175.592
172.284
174.29
174.285
170.755
173.823
172.497
170.596
173.985
173.999
173.629
173.733
172.161
175.198
173.38
177.113
171.382
173.552
175.536
173.005
172.521
171.726
170.189
173.959
171.857
177.814
172.795
173.838
171.975
173.933
174.191
174.116
170.772
172.942
171.746
176.672
175.611
171.696
173.211
169.454
173.866
172.253
169.557
172.598
173.295
171.769
178.145
173.932
172.346
173.46
173.556
171.718
176
174.078
171.938
172.622
174.281
173.273
174.358
175.528
173.573
172.795
176.44
174.667
171.832
174.645
175.042
173.47
171.114
174.677
174.472
172.68
169.703
176.718
173.725
178.384
173.534
174.302
174.298
176.017
175.966
172.309
173.241
176.75
170.767
173.67
171.178
173.837
177.101
175.273
175.907
173.598
174.04
172.421
170.716
171.569
171.981
175.125
172.295
172.13
172.708
175.061
173.255
173.08
174.739
171.511
173.377
175.953
174.058
174.12
171.21
175.182
175.214
176.584
172.266
174.476
172.575
173.603
172.862
172.873
173.336
176.374
172.705
173.006
174.408
175.199
174.486
167.896
176.571
174.905
172.023
173.311
174.094
173.812
170.972
175.787
171.974
173.882
173.347
172.448
173.368
174.68
173.666
170.535
174.635
173.271
171.859
170.613
171.437
175.19
172.264
173.765
172.602
173.454
170.727
174.909
173.188
178.165
181.016
173.099
174.377
174.252
176.022
171.974
175.535
174.073
175.085
172.183
174.284
176.528
172.33
174.639
172.754
174.108
172.111
173.592
174.65
176.955
175.722
174.129
175.738
172.492
175.523
174.881
170.855
177.127
172.79
176.542
175.816
173.965
174.316
173.192
174.761
175.509
174.659
171.717
175.024
172.61
173.216
174.194
171.407
171.919
171.033
174.645
173.018
175.329
172.755
174.496
172.695
171.491
175.671
172.092
172.744
173.169
175.07
173.548
172.464
173.673
176.227
172.666
170.21
170.674
173.199
175.707
172.392
174.113
175.469
176.798
172.657
172.956
175.197
172.746
174.23
176.953
172.752
173.22
173.079
173.665
173.087
171.286
174.25
172.314
174.797
174.741
172.62
172.674
171.479
173.092
174.202
174.691
177.407
173.066
176.088
174.303
172.124
173.672
174.79
176.239
174.266
175.346
173.58
175.62
178.798
173.799
170.647
174.383
175.849
175.493
173.953
172.11
174.066
172.234
175.55
171.93
174.54
174.074
171.684
174.384
170.338
175.221
174.403
174.338
176.893
178.093
173.289
175.455
170.722
174.299
175.568
173.611
173.791
176.208
179.792
173.276
173.176
173.38
172.63
171.924
176.325
173.771
175.983
173.892
176.127
174.058
173.148
175.015
175.591
174.538
175.696
174.784
175.221
172.301
174.303
172.853
172.553
174.257
171.133
175.474
173.69
170.445
174.716
172.812
176.286
176.361
177.583
175.14
173.656
175.984
175.161
175.331
173.187
174.304
173.759
170.895
171.86
174.793
170.607
173.036
172.921
172.8
178.581
172.421
175.287
174.182
170.241
172.528
176.826
173.57
176.388
175.105
173.993
175.361
171.208
173.958
172.13
174.345
174.383
172.687
172.532
173.497
173.525
170.16
171.321
174.842
173.381
171.969
172.997
172.929
176.196
173.23
173.902
171.925
172.096
175.837
174.094
175.205
176.945
170.001
171.093
172.756
172.841
176.345
174.8
170.777
175.156
177.543
172.882
172.705
174.026
174.78
170.306
173.619
175.303
171.1
174.666
172.628
171.82
174.443
175.504
174.988
175.141
175.519
171.272
172.485
177.738
174.06
173.251
171.573
174.108
175.504
174.302
173.272
172.207
172.735
176.438
172.569
173.493
175.118
176.285
173.637
171.731
176.735
173.703
173.778
172.062
175.151
171.031
170.858
175.733
173.715
174.786
171.103
175.591
173.47
172.877
176.24
171.629
172.535
173.233
172.985
170.838
174.337
173.26
173.637
172.347
175.394
171.578
173.652
172.354
177.469
173.163
171.449
175.847
169.737
172.323
173.358
175.816
174.449
170.205
171.177
172.854
172.747
173.959
173.776
175.131
172.858
173.593
177.054
176.475
172.191
173.81
173.228
174.488
174.945
174.05
172.804
175.179
176.607
174.217
176.448
172.492
172.804
174.807
173.615
173.101
178.244
172.154
173.2
173.733
171.741
173.248
172.914
172.726
174.513
173.875
176.441
169.276
174.301
175.985
172.018
170.215
171.999
176.745
172.273
174.364
174.157
171.366
173.338
173.331
171.879
173.602
175.21
171.559
173.083
171.566
175.799
172.306
174.54
172.848
172.954
175.796
173.042
173.048
173.738
172.666
172.508
176.602
174.915
174.224
173.409
177.455
173.541
173.169
172.094
173.83
177.34
172.093
173.394
176.569
172.999
171.635
173.754
173.241
172.888
173.392
173.853
171.921
174.153
172.087
173.369
175.98
173.765
172.213
174.545
175.423
174.486
171.95
174.229
172.814
175.299
176.369
174.154
176.503
172.533
173.701
174.559
172.997
174.383
174.751
174.838
172.257
172.188
175.485
177.255
173.28
176.29
172.61
171.454
177.144
169.997
175.046
174.127
175.522
174.118
171.54
170.99
172.978
175.057
172.432
172.682
172.218
173.491
171.326
174.941
175.167
175.538
173.888
171.705
177.281
173.982
174.156
171.018
174.219
175.177
173.786
176.535
175.447
174.821
173.916
172.578
171.708
177.442
173.582
174.768
173.387
176.183
174.269
171.024
174.705
173.397
173.937
173.499
170.709
173.175
173.927
171.826
173.029
176.527
176.313
174.087
172.513
172.262
173.927
173.894
174.625
170.412
172.304
175.751
173.75
177.174
176.548
177.796
171.996
173.918
174.75
172.822
173.37
170.219
174.975
174.218
174.048
172.542
172.372
172.55
171.537
175.261
174.302
178.856
176.75
170.951
173.489
175.08
174.663
172.892
174.116
172.676
172.358
174.54
174.102
174.6
175.489
172.273
176.285
173.362
174.771
176.797
171.235
173.931
170.8
174.707
175.14
172.567
174.225
173.905
176.256
173.518
172.879
174.859
172.112
175.113
173.499
173.27
173.836
176.779
170.995
176.415
173.878
174.581
175.663
174.568
174.013
173.67
175.44
174.392
172.065
176.071
171.846
173.004
173.542
173.67
173.812
174.5
172.546
171.612
174.773
171.794
176.954
171.047
171.925
171.445
173.444
171.519
172.33
174.902
172.901
175.71
175.729
173.685
173.209
173.05
172.021
169.893
173.224
172.257
174.375
170.626
171.981
174.816
172.114
174.655
171.477
171.372
171.174
175.366
173.522
172.006
173.367
175.522
170.288
177.624
173.348
176.677
172.382
174.145
172.629
175.031
174.282
176.604
172.935
174.17
172.467
171.989
172.135
171.777
172.856
174.809
175.223
175.595
175.662
171.889
175.93
171.505
173.507
173.845
174.896
176.123
172.594
172.4
174.011
173.637
174.507
171.261
170.444
173.894
174.447
170.302
175.952
173.808
171.936
171.911
173.822
172.221
173.787
173.618
170.987
172.244
175.045
174.328
174.361
172.708
176.277
173.412
172.422
173.325
172.792
172.631
175.71
172.511
170.25
176.25
173.958
173.739
173.954
172.274
172.728
176.321
176.066
174.614
176.3
173.277
176.59
174.686
176.422
174.271
172.571
172.916
174.21
173.752
171.37
174.4
175.288
171.579
174.623
172.339
173.02
173.603
173.543
173.911
175.563
174.042
175.368
173.157
171.833
176.11
172.16
172.329
173.477
174.554
172.482
171.65
174.159
172.751
172.531
175.655
174.137
174.89
172.766
175.008
172.047
176.552
176.361
175.814
177.084
172.313
172.201
176.78
171.103
172.791
170.967
175.061
174.431
171.751
174.691
173.826
174.793
174.145
175.402
171.544
173.649
174.921
174.305
175.131
173.539
175.333
171.08
177.824
171.878
171.701
171.716
173.72
177.24
169.401
176.044
176.973
171.577
174.892
175.893
174.581
171.983
176.694
171.203
174.717
170.419
173.895
173.689
176.531
173.091
170.924
175.498
173.852
176.354
177.041
173.713
172.59
172.188
173.82
175.537
173.659
172.342
175.174
174.484
172.183
174.701
177.564
173.614
173.76
175.466
173.419
174.333
176.181
176.681
172.619
172.87
175.103
174.098
172.096
173.796
173.976
174.704
175.53
173.197
172.395
175.097
176.729
175.54
171.336
175.466
174.433
176.222
172.583
174.539
173.268
173.264
172.104
176.55
174.812
171.436
171.846
173.988
171.837
174.921
172.158
173.115
173.881
176.49
173.97
178.646
173.382
176.193
173.689
172.041
171.662
171.832
178.228
172.173
175.219
176.859
176.998
173.688
173.73
174.429
171.992
175.611
172.149
172.567
173.762
174.102
175.154
174.154
174.4
174.898
174.1
170.792
171.321
173.893
173.156
172.933
174.891
174.203
175.022
175.226
174.658
174.903
173.25
173.014
172.946
170.98
176.57
176.805
175.236
172.797
173.442
173.073
174.723
177.457
169.694
171.132
173.274
172.859
171.999
175.437
178.833
172.974
174.558
172.568
175.135
172.473
174.623
176.026
175.427
172.621
173.798
172.758
174.03
176.625
171.461
174.131
175.867
173.41
174.871
172.876
172.158
170.51
173.536
176.152
173.184
172.605
175.042
175.796
174.006
168.557
171.912
172.893
174.942
173.772
171.519
174.03
174.403
174.187
170.447
175.083
173.848
171.911
179.335
172.873
176.253
172.654
173.87
177.916
173.966
176.484
175.823
171.32
175.379
171.836
172.369
171.59
173.431
175.22
173.569
175.166
175.756
173.243
173.189
174.502
173.547
172.86
175.926
172.637
173.238
173.557
173.592
177.19
175.061
173.42
173.46
175.653
174.791
174.191
172.317
176.573
172.776
173.666
173.395
174.666
172.903
174.998
171.993
175.362
177.119
173.872
173.044
177.774
171.441
169.535
171.477
176.422
173.894
175.25
174.036
175.718
172.412
171.95
171.603
173.922
173.034
174.801
172.73
172.97
171.254
173.491
175.913
172.71
176.958
173.59
173.04
175.411
173.77
173.585
173.964
171.738
171.497
173.799
173.791
175.642
174.966
172.865
173.954
177.947
173.776
177.34
174.601
175.384
173.616
171.12
174.096
173.932
173.514
171.353
176.531
172.83
170.966
172.769
173.859
177.286
171.989
172.197
171.083
171.495
173.197
175.669
174.81
171.515
170.954
173.826
174.354
176.772
171.697
174.252
170.164
175.938
175.546
173.507
176.357
176.376
174.36
173.595
170.548
174.473
176.026
170.479
173.633
174.266
173.393
174.929
177.242
173.325
173.175
172.056
173.938
173.046
175.001
172.743
174.474
172.71
174.056
175.896
171.283
175.335
174.78
175.014
172.402
173.562
176.75
175.826
169.619
174.793
173.863
171.224
169.939
176.368
175.417
171.02
173.467
174.162
171.461
171.402
174.273
170.11
171.824
177.108
173.255
174.535
177.38
173.31
172.194
169.159
175.221
175.232
173.572
175.407
175.33
175.893
174.088
174.723
174.753
175.96
172.254
175.457
174.288
175.547
174.107
174.429
173.241
170.868
172.574
172.037
175.487
172.863
171.438
174.18
171.459
175.65
171.853
173.982
172.771
172.739
174.968
176.307
177.136
173.978
175.651
174.236
173.555
176.934
171.522
171.082
174.174
175.979
175.534
176.752
174.969
176.705
172.095
172.741
173.969
173.286
172.395
173.163
173.383
174.302
171.484
172.257
175.978
174.241
172.907
173.065
175.89
175.952
171.423
176.086
175.911
175.518
173.741
172.578
171.835
171.372
173.49
171.583
175.544
172.135
173.568
179.756
173.969
174.436
174.806
170.954
173.369
170.156
176.694
174.912
173.351
172.667
172.705
171.235
172.798
175.85
171.648
172.004
174.38
174.989
177.216
176.507
169.557
172.698
174.6
171.369
174.982
172.695
173.253
173.911
176.941
177.121
174.901
177.336
174.132
173.969
172.199
175.704
173.413
175.855
176.494
172.107
173.195
173.247
172.559
177.252
175.842
174.086
175.667
176.345
173.743
171.033
171.228
174.378
172.674
174.097
174.17
172.191
171.844
174.393
172.545
176.228
175.35
174.861
170.535
172.212
173.268
173.08
172.427
174.029
173.244
173.953
177.85
173.636
172.343
174.453
172.574
174.687
174.839
174.835
171.638
174.507
174.116
175.404
175.272
178.549
172.42
172.236
171.774
175.293
171.531
172.616
175.364
171.999
177.414
171.067
171.036
173.826
170.207
172.209
177.348
171.233
171.594
172.686
171.921
173.985
172.131
175.568
171.163
174.594
175.149
171.57
172.641
170.252
174.873
172.262
172.653
168.885
175.29
174.303
174.322
174.68
172.915
174.955
174.667
174.413
175.86
173.11
172.851
170.374
172.965
171.796
173.038
172.888
173.777
174.934
173.837
176.189
174.254
176.115
172.259
173.439
173.778
174.238
175.002
177.866
175.797
171.173
172.932
177.238
172.173
171.879
173.951
172.968
173.633
173.601
172.612
172.969
172.753
172.53
176.533
171.266
174.216
171.18
170.45
173.579
169.4
175.923
174.661
175.935
176.225
173.926
173.237
174.673
175.285
173.418
171.69
171.782
171.086
174.389
173.09
174.596
174.164
172.729
172.178
172.484
173.376
173.077
172.691
171.942
176.515
172.244
171.63
175.15
173.167
172.451
174.051
175.479
172.8
172.113
173.719
173.683
175.797
173.234
170.181
175.026
171.634
172.924
177.076
174.258
174.355
172.831
174.123
174.353
173.131
173.178
175.774
173.762
173.474
174.972
174.979
172.289
173.415
174.929
172.466
175.125
175.078
172.633
176.306
170.164
171.802
170.776
174.61
172.84
171.593
172.895
170.272
175.524
175.427
172.08
171.684
171.077
174.442
176.229
178.413
175.365
171.185
175.396
175.638
170.879
176.745
175.018
172.229
172.83
173.466
170.732
175.83
175.501
172.571
169.882
172.208
170.836
171.141
173.993
169.079
173.777
172.65
174.147
175.538
173.034
172.968
176.124
174.256
174
174.271
172.521
175.269
174.382
175.663
172.855
173.059
169.649
173.092
175.202
174.625
173.404
173.853
174.92
172.185
174.02
172.12
174.11
174.415
169.33
173.572
173.755
174.811
173.621
173.526
172.222
173.475
174.166
173.01
174.803
174.3
172.421
173.873
173.141
168.751
175.381
171.681
173.523
173.017
175.592
177.463
173.965
177.202
177.043
170.314
176.113
175.076
171.597
172.881
175.498
172.538
175.594
175.029
174.972
169.332
173.098
174.069
174.489
178.371
171.459
175.774
174.65
173.845
174.808
175.507
174.894
170.933
173.051
173.655
169.695
173.79
172.779
176.237
174.795
174.405
172.16
169.149
173.27
176.925
173.722
174.551
175.244
170.777
174.673
174.182
172.369
173.938
176.854
170.503
172.835
174.127
174.058
174.33
172.605
172.578
171.452
175.472
173.221
172.016
176.813
173.432
174.448
173.763
175.679
171.272
172.93
170.747
172.7
175.669
173.523
171.495
175.158
171.384
173.077
174.459
167.673
173.161
169.929
173.103
173.588
171.838
173.773
170.954
173.338
172.645
175.714
173.153
173.161
173.142
172.649
173.513
174.779
173.436
177.057
172.727
174.597
169.854
177.677
175.492
172.331
175.106
173.976
173.654
169.88
174.381
175.56
175.452
172.597
177.88
175.618
176.885
171.714
173.424
174.362
175.05
168.923
172.949
173.651
172.724
173.028
172.842
173.41
174.439
176.038
178.457
174.37
173.548
175.949
174.484
173.385
171.419
174.741
173.235
174.905
175.14
173.722
172.518
172.501
176.607
173.766
172.002
173.821
174.057
172.63
175.479
175.502
173.387
174.586
174.814
175.375
174.381
176.196
173.107
174.953
171.581
174.67
174.1
177.136
174.327
175.52
173.909
174.217
173.354
171.781
173.806
172.502
171.588
173.44
176.373
175.14
176.058
173.167
173.174
173.402
175.138
175.065
171.761
173.69
174.569
172.676
173.061
172.604
175.902
174.088
175.779
175.378
175.28
172.749
176.049
172.706
174.566
173.67
177.911
171.248
171.387
169.74
175.501
172.148
170.602
175.419
172.798
176.972
172.902
173.281
172.508
173.184
176.318
173.649
172.046
174.588
173.812
173.856
172.376
175.505
174.098
173.229
175.875
174.909
174.282
172.103
173.026
172.885
177.68
174.867
173.24
173.289
174.514
173.504
175.277
173.465
173.103
172.973
170.792
174.004
174.294
171.877
174.99
176.643
174.458
172.297
175.485
171.857
175.73
174.593
172.436
172.262
171.312
176.067
175.642
172.552
175.727
175.363
172.934
174.607
169.523
172.193
171.34
171.703
172.288
175.443
173.452
171.583
173.172
171.97
172.784
175.148
171.437
171.999
173.359
175.385
175.087
175.293
172.129
176.06
175.032
178.839
172.927
175.98
172.668
174.799
173.724
175.963
176.772
171.501
174.309
172.864
171.067
173.654
172.574
174.716
173.68
174.363
173.806
172.324
171.387
172.235
171.76
171.982
172.17
173.724
176.806
176.349
174.728
174.913
172.338
176.316
174.567
174.527
173.209
173.336
174.526
176.432
174.811
175.511
174.417
173.538
174.284
173.011
171.962
177.128
174.956
173.428
177.758
175.749
171.424
175.815
173.516
172.308
175.13
172.573
173.589
172.53
177.828
174.028
172.321
169.83
175.678
171.142
171.944
174.035
173.251
173.315
170.001
175.564
171.775
172.633
174.107
171.814
178.258
175.439
176.607
175.612
172.907
173.681
174.434
174.129
174.197
173.344
172.531
172.697
172.335
172.425
173.374
174.452
173.916
176.788
172.542
174.997
172.816
174.805
177.024
178.295
176.675
174.092
170.824
173.977
176.213
177.369
174.287
175.012
175.692
173.01
172.877
174.894
171.743
174.291
174.409
176.019
173.278
171.863
173.178
169.795
171.745
172.453
171.947
173.53
173.056
175.235
169.101
176.272
176.404
173.385
171.203
175.094
174.201
173.468
173.222
172.613
175.108
172.925
171.51
173.701
172.067
171.979
174.09
172.354
174.519
169.613
174.458
171.909
175.955
171.934
174.478
176.847
173.675
174.128
174.092
173.148
175.392
173.322
173.989
174.452
175.782
171.955
172.348
172.988
172.329
172.524
171.348
176.565
170.128
176.258
174.753
173.777
173.562
173.097
174.704
173.559
170.647
172.994
173.917
174.452
170.872
175.149
172.852
176.711
174.95
172.163
169.465
171.88
171.777
173.332
171.877
171.818
171.597
177.117
172.179
172.431
175.31
174.492
169.683
169.111
173.178
174.607
174.735
176.685
175.39
172.535
172.969
173.991
173.899
175.639
174.997
