175.775
178.29
172.036
177.012
174.169
178.432
179.163
177.393
173.465
176.803
173.998
176.287
178.23
176.019
175.534
176.233
172.545
173.643
173.349
174.566
176.753
178.014
175.605
172.908
172.872
173.398
175.121
176.11
171.316
175.289
177.406
174.156
174.663
173.249
172.751
176.066
175.374
172.891
175.251
177.24
176.943
176.011
174.335
175.431
174.592
174.198
175.899
173.645
175.078
174.161
175.273
175.919
172.648
175.089
174.489
173.532
175.828
175.393
173.763
172.804
173.824
173.482
175.72
178.425
176.816
174.863
175.906
173.938
175.083
175.608
172.846
174.814
175.752
175.973
178.019
177.143
175.726
175.173
174.141
175.275
174.518
175.025
175.031
177.903
175.091
175.391
172.664
173.907
179.171
174.954
172.693
173.996
174.257
172.873
176.308
176.176
173.958
177.092
177.1
174.904
177.239
176.85
173.376
171.56
173.885
174.301
175.576
177.617
178.802
173.906
175.675
175.489
176.631
173.166
178.567
174.789
174.471
178.193
174.842
170.261
174.089
174.148
173.947
178.125
177.519
172.87
174.994
176.691
178.059
178.1
174.393
178.338
173.017
175.833
174.28
173.833
173.095
175.866
174.143
175.362
177.998
172.992
174.161
174.622
174.683
174.246
175.808
178.142
174.075
173.505
175.791
173.895
174.351
174.207
175.383
174.717
173.659
175.121
175.605
175.654
175.239
174.185
173.213
176.198
178.09
176.84
176.922
177.459
174.106
171.409
177.139
174.921
177.634
176.088
177.696
175.399
177.681
172.896
172.708
174.623
173.448
172.594
176.362
174.95
171.879
171.75
177.775
172.943
176.805
174.472
174.534
173.938
172.261
175.954
172.528
171.682
177.447
173.654
177.201
175.033
173.937
174.471
177.594
176.743
173.754
177.229
171.855
173.272
173.957
174.36
175.583
173.252
176.697
179.411
176.359
173.568
175.077
175.32
175.165
172.127
174.27
173.593
175.923
176.522
173.919
174.364
173.71
174.062
171.439
174.356
175.702
175.454
178.135
176.246
179.647
174.181
175.467
176.115
174.829
174.658
172.667
173.699
171.891
173.47
176.337
176.384
175.772
172.029
173.148
172.52
175.113
173.082
174.403
175.302
177.006
173.854
174.842
176.354
173.492
176.04
171.537
171.447
175.888
174.447
175.57
175.096
177.859
175.308
173.186
175.642
174.382
175.992
174.262
176.459
172.551
176.892
178.266
178.819
176.756
174.022
177.81
174.399
177.473
174.298
177.852
176.124
172.545
176.215
174.547
175.646
174.829
174.655
174.711
175.085
175.374
175.272
173.729
174.187
176.985
173.135
175.415
175.45
173.945
174.022
172.703
175.848
172.792
175.532
171.024
173.81
175.247
178.814
178.415
179.282
174.607
172.206
176.411
177.076
173.873
177.453
176.86
172.224
174.825
176.851
173.084
174.241
173.92
176.251
173.051
176.686
176.524
180.104
176.779
176.831
173.469
176.23
174.827
175.822
176.29
178.021
174.384
175.969
176.046
172.331
178.561
177.53
175.363
175.429
174.835
174.789
174.294
175.235
172.24
174.599
176.707
178.147
173.84
173.03
176.189
173.473
171.688
172.6
174.741
173.833
171.496
175.446
175.291
173.718
173.567
176.361
173.785
172.135
171.418
178.972
175.112
177.494
171.026
177.869
173.664
177.349
176.912
172.559
174.337
175.672
177.597
172.8
176.25
175.111
173.065
175.836
175.498
174.622
174.842
176.239
176.88
175.708
171.485
174.249
173.837
174.16
175.558
176.071
176.735
178.815
175.139
176.372
176.32
180.014
176.497
173.969
173.678
177.183
174.091
174.193
176.74
175.765
175.28
175.777
173.155
175.542
175.71
176.884
173.519
177.147
175.096
175.423
173.526
172.048
173.466
176.131
175.706
176.761
178.243
175.911
173.11
176.082
174.469
175.775
174.587
173.376
175.45
175.542
176.408
176.789
171.759
173.888
172.515
175.042
172.583
176.506
179.641
174.369
175.991
176.429
173.35
176.595
174.191
176.695
176.32
174.286
177.601
175.35
174.636
175.692
175.474
178.017
176.345
173.635
176.96
176.024
174.287
175.971
172.002
175.557
175.061
175.839
174.581
173.666
175.967
174.302
173.864
177.052
175.672
174.636
177.754
177.854
172.518
177.431
174.241
170.332
173.195
177.129
173.975
174.06
173.427
170.938
172.516
174.597
175.297
176.836
174.849
177.635
172.952
171.778
173.831
172.39
173.225
175.431
174.124
176.462
175.124
174.12
176.002
174.462
173.826
179.055
176.096
170.86
175.862
175.003
174.124
177.739
176.871
176.912
175.673
174.181
171.971
173.787
175.821
172.871
173.642
177.832
176.235
175.29
174.161
176.532
175.284
177.57
176.688
172.646
172.854
176.817
173.258
173.605
178.74
175.058
177
175.062
171.499
173.215
175.682
177.799
175.828
176.07
176.622
177.927
174.398
176.373
175.494
175.421
176.227
175.127
174.417
175.539
175.803
172.983
175.058
173.461
173.761
173.157
178.158
174.478
175.822
176.642
174.614
176.172
175.722
174.914
175.378
174.637
176.366
176.366
177.567
176.808
178.333
175.615
175.231
176.875
173.931
173.391
175.042
178.867
177.452
175.325
175.931
169.786
173.354
179.325
173.443
177.294
178.02
178.349
176.604
174.631
172
174.379
173.734
174.096
175.21
172.274
175.842
179.047
175.786
172.322
172.495
175.779
173.518
177.205
173.166
174.33
174.627
175.017
175.603
173.67
175.152
176.614
172.022
175.04
177.591
174.385
171.638
175.308
175.774
175.047
171.39
173.86
171.3
176.852
174.295
176.782
176.625
172.841
174.934
176.191
174.199
174.932
173.637
178.34
175.893
174.738
171.941
177.437
172.918
176.85
175.443
173.832
172.022
167.91
174.449
173.648
178.091
173.868
174.981
175.485
172.322
174.704
171.715
173.125
175.71
175.049
177.367
176.84
175.528
173.282
171.805
173.273
174.97
174.448
171.146
175.171
176.421
174.71
171.568
175.455
174.653
176.797
176.977
176.657
173.639
174.798
173.17
180.499
175.734
176.993
174.409
177.3
175.173
176.871
172.773
175.68
176.344
174.95
174.598
179.06
176.906
174.628
172.527
176.821
173.075
176.867
173.629
172.978
174.569
177.565
178.131
177.859
174.596
177.479
171.081
172.762
173.054
173.58
177.501
170.206
175.561
176.239
177.053
176.375
173.663
173.502
174.491
173.383
177.753
175.085
174.119
179.699
173.097
177.204
172.766
174.718
176.745
175.587
173.707
175.459
175.147
177.081
176.85
172.225
173.485
174.789
177.019
174.3
174.866
175.512
175.161
174.988
174.742
174.942
173.613
172.927
176.139
172.679
176.01
172.312
174.579
173.893
173.241
174.731
176.479
176.846
174.762
175.36
172.554
175.004
179.476
173.477
172.342
173.507
176.195
175.283
174.564
175.238
173.771
173.445
173.375
175.801
170.585
174.905
175.035
176.053
175.848
174.452
174.039
173.569
178.253
175.812
174.753
175.83
174.01
171.646
172.699
175.021
177.084
174.542
171.73
176.579
171.105
173.204
172.242
172.43
176.086
176.415
174.021
172.626
173.878
174.554
176.814
174.435
174.206
177.791
173.574
174.057
173.116
173.738
173.614
175.194
174.84
172.297
175.204
177.496
177.857
174.747
173.643
174.104
173.053
179.132
171.302
176.549
173.222
173.691
173.585
175.439
176.32
174.736
172.985
177.13
176.289
178.943
172.788
176.026
173.964
176.393
175.712
174.424
173.159
175.842
178.819
178.817
174.725
176.271
175.793
173.036
174.004
174.498
173.66
178.442
177.633
174.607
177.825
176.405
174.12
174.079
172.708
177.512
178.357
178.064
173.436
174.444
174.823
174.245
171.812
175.993
173.814
176.024
176.783
173.652
173.04
176.912
174.872
174.79
176.499
178.097
175.731
175.714
176.31
175.531
175.368
174.51
174.597
175.407
174.012
171.987
177.271
175.421
177.687
178.94
174.331
173.331
175.478
176.743
171.926
175.409
172.87
175.164
171.181
173.559
175.151
174.637
175.166
174.769
176.077
177.015
174.411
171.168
174.484
174.008
175.325
174.15
175.313
175.351
177.293
174.418
174.707
174.175
172.347
176.821
174.373
175.165
176.416
171.729
176.119
175.535
176.7
175.844
176.216
177.042
175.584
177.172
175.357
173.902
175.902
174.694
175.212
173.271
175.518
177.581
174.658
174.949
175.299
176.712
175.587
176.268
175.888
174.937
174.202
176.237
173.946
173.63
177.055
176.181
177.36
174.355
175.571
172.051
174.041
174.871
177.534
175.171
176.232
175.793
175.51
173.521
172.897
177.304
175.426
175.783
175.955
176.265
176.438
177.326
177.161
174.741
174.784
174.43
172.089
174.761
176.524
174.801
173.974
174.019
177.401
173.711
175.712
176.705
173.575
177.309
173.938
175.7
174.895
175.136
176.234
177.153
177.707
172.813
175.068
175.831
174.285
173.473
176.69
175.732
175.624
176.722
174.675
174.88
172.623
176.28
175.061
174.594
175.906
172.843
176.546
177.817
173.077
174.137
173.88
172.85
175.539
177.37
175.776
175.949
174.196
175.954
173.365
173.879
174.252
173.898
174.156
175.209
172.165
172.957
173.279
174.724
176.578
173.783
176.877
171.581
171.864
172.467
177.747
174.693
176.148
176.184
173.649
173.082
174.233
174.682
173.493
176.543
174.381
176.183
175.088
173.6
175.339
173.111
177.824
171.565
172.261
174.081
175.024
178.738
177.719
174.792
175.834
172.988
177.544
175.126
174.728
175.68
175.203
176.037
176.623
176.423
175.816
172.443
174.699
176.203
173.695
172.434
174.054
174.827
177.652
179.647
177.43
175.789
174.571
173.77
176.879
171.721
173.693
176.097
174.49
174.888
176.082
177.246
172.61
172.87
175.8
172.336
175.216
180.825
175.794
172.525
175.154
175.112
173.715
177.104
176.388
174.204
178.051
177.962
175.324
174.535
176.451
172.67
173.783
174.502
177.639
178.486
176.814
171.976
172.894
176.481
173.138
176.712
174.098
174.545
173.736
174.627
175.299
174.711
174.73
175.055
176.055
178.063
175.688
172.794
173.639
172.047
175.909
173.727
172.396
173.157
173.008
177.498
178.23
176.752
176.044
173.426
173.848
176.823
173.364
174.212
175.348
173.622
177.552
171.911
175.117
174.581
176.619
171.693
173.925
177.405
172.134
176.387
171.523
176.205
173.876
175.082
177.242
171.962
173.595
173.917
173.279
174.427
177.646
175.595
173.861
173.531
176.605
174.105
172.801
174.493
171.508
175.075
173.726
179.076
176.996
179.077
171.471
172.902
174.79
178.111
174.005
171.703
172.15
176.829
174.506
175.843
174.686
173.753
175.851
172.394
177.533
175.54
174.121
172.281
173.596
175.709
172.629
175.417
173.663
175.76
174.897
175.915
172.695
172.802
172.988
170.699
174.695
175.561
173.306
175.015
174.372
175.579
177.542
172.737
177.384
174.247
174.652
175.663
174.673
174.591
173.499
173.2
176.352
173.988
177.565
174.841
177.231
177.511
174.48
176.226
173.302
175.459
172.584
174.286
173.388
173.001
174.281
172.229
176.191
174.601
174.119
173.694
176.379
176.131
176.762
172.236
176.659
175.664
176.942
174.228
172.05
173.757
174.84
172.206
174.515
174.508
170.058
176.62
175.17
172.209
176.499
173.484
176.865
175.418
174.972
177.356
171.944
177.419
179.173
176.826
173.021
171.198
172.814
177.317
174.804
177.175
175.147
176.288
175.867
175.841
173.346
173.46
176.088
174.432
175.977
173.431
177.328
172.151
175.97
174.895
173.526
174.956
175.333
175.283
172.947
175.001
176.709
176.253
174.119
172.553
177.841
173.008
173.605
173.716
175.005
173.056
174.764
173.025
175.804
176.966
172.935
173.19
175.343
173.188
176.124
171.971
174.195
177.052
173.238
173.229
175.791
175.107
172.508
172.632
176.199
175.677
176.443
175.691
172.355
174.506
173.56
172.731
175.741
174.806
177.686
174.308
174.932
175.84
175.536
172.322
172.69
175.428
173.603
174.834
171.782
175.237
172.88
177.367
173.139
175.707
175.437
177.51
181.022
174.258
176.034
171.438
173.492
173.707
173.813
175.594
175.419
172.332
175.814
174.429
175.17
175.697
175.718
172.591
176.764
171.113
175.806
173.524
176.483
177.333
173.14
177.527
174.47
178.349
175.29
173.018
177.598
177.623
175.608
174.026
175.187
174.866
173.89
175.204
175.201
170.546
173.678
174.162
174.283
174.205
173.708
175.899
174.454
173.513
174.866
173.805
178.123
177.37
174.476
173.055
172.905
175.745
173.64
178.402
177.935
173.625
173.444
175.525
174.957
175.341
175.655
171.954
176.066
179.764
179.62
174.908
176.825
175.989
173.433
175.014
175.174
174.585
173.566
175.728
176.445
176.65
176.959
176.302
180.229
173.186
174.342
174.032
175.466
171.911
173.522
175.22
175.476
176.74
174.513
172.591
176.071
175.668
173.119
176.239
173.543
175.475
173.949
175.908
174.652
174.727
176.116
171.205
177.267
176.291
172.339
176.744
174.886
173.899
175.095
174.692
174.443
176.27
175.979
170.57
175.765
175.933
176.664
174.614
175.393
178.059
173.552
174.371
177.83
172.736
172.861
174.814
174.177
174.3
172.874
176.752
174.781
172.176
174.605
173.882
173.865
176.157
176.515
175.375
174.904
170.803
177.281
173.372
176.406
178.064
177.637
173.322
170.958
175.107
174.283
174.466
175.477
175.384
175.032
177.583
175.179
176.034
174.864
175.02
174.831
174.532
176.511
170.109
177.793
175.476
176.826
174.761
175.229
176.005
173.764
173.893
175.521
176.804
174.757
173.53
173.111
175.431
178.374
172.067
176.822
175.704
176.022
175.204
176.376
175.382
174.572
175.743
174.888
174.358
173.514
174.682
174.202
173.144
175.972
175.981
172.918
173.799
176.131
176.388
175.173
174.186
177.496
174.199
181.268
176.071
174.495
175.728
174.171
173.711
173.225
179.41
174.542
175.829
173.93
176.341
175.191
174.235
177.7
176.425
171.367
173.64
174.854
175.618
176.155
174.718
173.429
176.511
171.512
174.774
173.021
174.53
177.38
176.118
175.957
174.02
176.57
178.434
174.592
175.369
176.198
174.561
174.662
174.954
177.583
174.325
172.26
175.754
173.785
174.562
174.35
171.507
174.469
175.509
177.508
175.331
174.093
174.344
176.273
174.726
178.585
175.499
174.903
174.929
174.692
172.213
174.7
174.275
173.51
173.27
172.938
172.655
174.871
171.876
176.336
171.557
174.768
173.985
173.62
175.168
173.074
174.036
173.968
173.429
175.419
179.187
176.233
174.776
177.725
175.719
175.957
177.554
172.35
177.057
177.379
172.976
173.098
176.633
174.516
176.687
174.42
175.515
177.745
176.966
175.808
172.885
175.082
173.034
175.514
177.123
174.029
173.054
176.532
175.716
173.142
173.884
174.124
177.483
175.066
170.777
175.25
170.775
171.443
174.876
175.686
174.962
175.301
177.541
174.158
178.272
176.229
172.953
172.037
174.91
176.912
174.845
176.237
176.268
173.675
170.988
175.518
176.493
175.56
175.262
175.618
176.003
173.552
177.506
173.712
176.32
175.023
174.325
174.253
174.142
173.272
176.183
175.245
170.441
175.024
175.156
176.203
173.341
173.7
173.077
177.702
174.061
178.633
175.838
173.065
176.429
172.641
178.292
176.293
173.591
171.683
173.915
174.047
175.121
176.126
177.511
175.04
172.269
175.192
174.105
177.454
174.581
173.969
179.224
175.938
172.771
175.411
175.702
175.39
174.648
175.181
176.29
176.994
173.386
175.319
176.302
175.537
174.38
174.616
174.717
175.386
176.294
175.534
174.638
174.238
175.955
176.185
173.836
173.809
174.798
176.234
173.979
174.52
171.588
177.433
175.082
173.107
174.108
173.135
176.761
179.078
174.297
173.845
173.725
174.521
174.457
175.707
177.019
174.978
175.017
174.086
174.136
177.172
175.842
176.497
176.222
179.111
174.387
175.026
175.585
176.011
173.005
175.024
174.286
175.615
175.015
171.949
176.212
173.646
172.641
177.288
173.202
175.576
172.205
176.027
174.694
172.671
169.452
178.263
172.828
175.398
174.916
175.901
174.578
178.263
175.333
173.41
173.528
173.103
176.271
174.067
175.538
174.286
174.778
181.517
173.334
174.667
176.05
176.209
173.715
173.811
173.783
174.167
176.169
176.141
172.634
174.54
176.028
175.859
173.162
176.738
173.939
179.246
174.85
176.636
175.12
177.198
173.101
174.117
175.045
172.924
173.812
176.961
174.57
175.493
174.208
172.173
175.998
177.715
175.944
174.607
176.812
176.974
178.652
174.713
174.9
176.344
174.181
173.787
172.892
171.001
173.425
176.559
174.948
176.647
173.906
172.707
174.951
170.742
172.394
173.985
175.13
174.038
173.653
175.109
172.247
170.693
176.348
173.736
175.671
173.204
176.102
177.568
174.875
174.99
171.138
173.559
176.811
171.753
174.429
174.239
177.788
172.664
173.641
175.991
175.645
175.283
175.796
175.56
174.093
174.112
175.295
176.263
176.421
173.55
176.972
174.401
174.533
172.997
174.742
174.615
170.678
174.565
175.222
177.254
177.4
171.338
174.503
175.433
173.704
173.927
174.318
174.909
174.688
175.394
175.418
175.244
173.596
174.783
174.842
178.284
174.896
174.77
176.662
172.831
175.195
175.872
176.068
172.515
178.151
173.734
175.547
173.32
172.772
173.65
175.808
177.19
173.902
177.306
173.596
175.235
174.381
173.119
173.343
175.988
173.372
175.936
174.842
177.194
175.569
173.346
176.67
174.491
175.645
172.913
178.178
173.84
171.808
174.619
175.139
176.37
175.206
175.76
175.048
175.07
177.063
174.83
175.397
173.633
175.106
173.27
174.398
173.923
178.881
175.684
175.742
175.021
176.264
177.877
171.585
174.419
174.431
173.441
176.936
173.131
177.327
173.198
178.367
177.963
174.466
172.598
176.841
175.322
174.89
179.396
176.033
174.912
178.763
175.171
177.309
173.031
172.405
171.87
175.117
172.453
175.532
172.029
171.459
177.427
177.21
175.585
177.759
175.7
175.333
173.914
173.174
175.32
174.708
176.722
174.829
177.73
173.169
174.101
173.524
178.335
172.537
172.873
171.622
173.14
175.059
175.415
173.351
175.345
173.375
171.841
172.561
175.008
174.634
171.542
176.778
175.891
175.892
176.39
178.593
180.007
176.769
173.495
173.431
176.48
174.632
173.781
175.537
175.124
174.024
172.613
175.652
175.835
177.196
175.794
174.187
176.025
175.857
175.616
175.968
177.241
175.251
173.075
175.326
173.337
170.22
173
177.311
174.13
176.026
173.58
174.316
171.489
177.58
174.628
176.092
179.117
171.799
175.749
173.55
175.759
172.95
174.122
176.113
173.362
173.004
175.647
178.487
173.521
178.341
173.6
174.863
174.685
174.461
178.581
172.954
178.352
175.729
175.593
173.693
174.616
173.156
174.965
173.571
177.728
178.734
171.185
176.648
172.298
176.383
175.84
175.894
174.518
174.577
177.199
171.566
174.022
175.247
173.8
171.967
176.909
173.695
174.097
173.392
175.891
173.632
173.476
174.515
174.163
172.8
175.373
177.565
178.207
174.683
172.152
175.553
172.828
173.684
176.318
173.012
176.842
174.625
172.054
176.304
175.647
174.331
176.395
171.927
175.902
175.282
175.624
174.325
176.587
178.322
176.78
176.129
174.122
174.677
173.23
172.928
176.86
173.906
175.356
176.291
175.993
174.494
175.975
176.462
174.839
175.647
175.555
181.877
176.91
175.19
175.025
174.766
175.679
177.066
179.271
171.857
174.887
173.01
176.557
175.57
174.145
177.255
172.992
174.3
178.041
173.164
174.976
178.349
176.33
174.735
173.305
176.202
175.567
175.643
175.615
175.025
176.29
172.401
173.37
172.011
176.912
175.952
175.828
176.786
174.974
179.062
174.244
176.637
171.463
173.401
173.801
174.853
174.581
175.338
171.316
176.631
173.93
173.825
179.512
175.04
174.576
176.919
176.664
173.11
175.308
173.961
173.505
175.225
172.855
176.033
175.284
171.819
174.745
175.405
174.844
176.499
180.891
174.893
177.202
174.615
176.474
177.685
174.108
176.401
175.08
176.388
174.061
173.355
172.478
174.243
174.828
178.384
176.794
173.857
175.253
177.354
176.623
176.601
175.474
176.328
175.203
176.162
176.761
176.916
174.239
173.778
174.852
175.363
180.18
173.757
175.216
175.318
176.824
174.959
173.787
174.315
178.348
176.601
173.3
174.064
173.41
175.757
173.843
179.163
173.448
175.663
175.167
174.247
175.327
174.496
171.362
172.233
173.671
177.322
175.431
173.747
175.174
175.101
175.109
173.778
174.12
175.256
172.251
178.31
175.925
176.914
174.243
175.416
174.65
179.843
176.097
176.518
180.124
171.651
175.134
175.456
175.912
174.848
173.467
173.524
171.584
174.816
178.918
173.621
174.277
176.699
176.233
174.156
173.429
173.774
173.454
175.988
174.344
175.34
173.6
173.739
174.228
172.796
181.798
170.911
174.975
174.448
172.593
174.482
179.025
172.829
174.288
174.386
174.677
171.792
176.207
174.231
175.143
174.382
171.448
175.543
174.809
173.772
176.602
174.773
175.383
172.496
173.783
176.814
175.26
170.933
174.305
176.608
174.644
177.285
178.72
175.6
175.769
172.82
175.952
174.044
177.631
175.965
174.314
171.212
175.36
175.46
173.25
175.746
175.442
172.877
173.635
175.4
176.492
176.937
175.581
177.11
176.427
175.691
178.365
173.918
175.929
175.746
176.066
174.985
175.085
175.01
174.695
173.681
176.212
174.813
173.833
173.997
174.751
173.962
173.633
173.595
176.249
174
175.219
174.936
175.118
175.4
171.592
174.959
172.758
173.093
176.067
176.399
175.433
173.113
175.647
177.055
176.384
175.957
174.382
172.174
172.594
171.068
174.628
174.777
174.508
174.393
174.942
176.489
173.878
175.442
175.79
175.792
173.457
173.447
178.75
171.853
173.78
175.805
174.153
173.166
178.981
174.541
174.702
174.878
173.662
173.323
176.508
174.483
173.441
174.355
174.711
174.093
174.684
174.251
174.82
177.64
172.831
169.93
174.082
176.945
171.166
177.367
178.139
175.931
173.189
176.618
176.763
175.845
175.556
176.494
173.103
176.419
175.644
174.399
177.618
173.984
174.72
176.015
173.401
176.397
176.603
172.835
173.441
174.075
174.854
176.895
174.624
175.768
175.398
177.099
175.757
172.704
173.707
175.169
173.317
176.287
174.622
173.934
177.299
176.91
175.687
179.594
175.646
175.701
173.481
175.616
180.331
176.485
174.71
171.783
175.628
174.401
173.406
173.125
172.26
177.372
173.26
173.574
171.787
174.467
176.636
178.404
175.766
176.005
177.141
171.762
175.577
171.473
174.128
176.695
174.337
174.505
176.097
172.041
175.839
176.42
173.535
171.903
174.989
173.659
176.109
174.995
176.167
175.752
174.427
172.158
178.149
176.489
175.476
176.44
173.858
173.351
174.322
176.263
177.123
169.899
174.816
176.393
175.893
176.563
176.615
171.99
177.159
172.806
173.436
175.035
176.724
174.114
170.708
174.1
175.274
174.55
173.927
174.263
174.052
172.168
174.612
172.577
175.71
174.718
173.646
176.741
177.255
175.407
176.013
176.655
174.511
176.435
173.902
174.293
171.791
178.406
177.361
175.812
174.612
175.785
173.811
172.156
174.701
176.792
172.313
176.886
174.761
176.057
176.339
172.577
176.093
173.261
177.039
176.705
172.533
174.352
171.285
173.957
174.681
175.399
175.145
174.447
174.53
176.408
178.587
173.339
172.636
173.567
177.258
174.067
173.561
175.442
177.666
172.838
177.397
173.865
171.47
175.764
176.687
175.761
175.559
173.794
176.789
175.882
175.594
174.025
173.048
175.794
177.021
177.254
175.483
176.922
175.254
177.111
177.795
176.628
173.8
177.26
176.447
173.776
173.768
174.97
175.991
176.544
179.055
176.924
174.194
174.716
178.165
176.869
179.398
176.777
175.945
172.92
174.094
178.607
174.459
174.539
178.203
174.905
171.917
175.481
174.742
173.095
174.414
175.257
177.544
173.323
173.897
178.216
175.607
174.781
175.017
177.452
172.15
174.415
176.293
178.33
176.979
175.424
176.61
176.839
176.274
174.808
175.755
178.373
171.412
174.336
175.242
173.696
176.954
174.565
173.202
174.065
173.187
177.637
175.228
178.113
173.257
174.821
175.367
173.202
174.188
176.795
176.258
174.372
175.959
174.458
179.741
174.144
174.053
176.312
175.586
175.718
174.408
172.899
174.596
176.096
175.926
175.168
174.618
172.155
176.578
176.281
176.319
172.669
177.896
173.483
174.766
178.095
175.457
173.633
176.434
176.625
172.636
175.572
177.32
173.67
177.323
174.699
176.371
175.891
173.812
174.332
173.197
173.613
176.424
174.762
179.079
176.524
175.235
176.574
178.231
176.541
173.088
174.609
174.328
169.738
176.271
172.421
176.611
173.238
176.012
174.754
174.098
173.248
176.356
173.684
177.511
175.312
173.68
174.189
176.131
175.327
178.814
175.105
175.575
176.356
172.762
174.763
175.505
173.581
173.389
174.404
174.495
178.462
175.456
174.028
174.93
176.454
173.332
173.962
174.253
175.588
175.829
173.993
175.025
173.775
174.832
174.541
176.71
174.96
176.499
173.716
177.383
176.565
174.105
173.329
176.468
177.251
175.115
175.885
173.879
176.774
176.609
179.111
174.192
171.917
174.571
173.723
175.684
176.21
174.013
175.499
173.016
173.862
175.273
178.646
177.296
175.923
174.061
172.897
174.06
173.375
172.956
176.261
176.235
175.729
172.042
175.202
172.934
174.494
174.957
172.812
176.47
173.302
175.095
175.848
178.863
174.789
174.751
174.322
175.653
173.964
173.896
175.707
172.925
177.516
174.346
173.439
174.754
176.473
171.79
176.807
174.689
174.854
176.343
177.067
176.649
174.773
173.713
176.276
175.521
177.848
176.233
176.846
177.236
175.043
171.63
175.536
175.541
175
175.178
175.602
177.887
174.868
177.627
175.396
175.325
172.382
177.722
175.462
173.195
172.082
174.89
175.528
173.311
177.008
174.464
175.444
172.729
173.854
174.292
175.728
176.276
173.386
178.586
175.655
173.8
173.893
172.958
174.946
175.79
174
176.466
175.792
174.61
176.895
176.387
176.316
173.501
173.758
173.21
176.546
176.874
176.223
176.512
177.792
173.78
174.921
173.314
173.897
176.079
174.703
175.267
175.24
173.023
176.398
174.047
174.531
176.074
174.868
177.713
172.444
175.827
170.955
177.203
174.931
176.444
177.097
173.281
174.666
175.438
172.423
178.668
176.914
174.328
174.396
173.84
174.857
178.351
175.735
173.43
174.419
174.086
173.872
175.462
173.517
176.056
173.821
177.951
174.643
175.6
175.202
173.378
174.727
175.152
171.124
174.447
178.037
173.284
176.51
175.783
177.68
171.768
172.21
176.088
176.485
177.777
175.147
173.721
174.459
173.822
177.772
175.919
178.719
174.102
176.524
175.283
171.559
176.492
173.425
171.726
173.906
174.377
176.175
174.536
175.868
174.325
173.603
172.488
173.361
174.415
178.054
174.735
174.963
174.64
173.857
173.182
176.537
175.259
174.024
175.007
174.728
172.418
175.515
176.436
175.845
174.166
174.692
174.735
173.712
174.829
174.244
176.77
173.939
173.286
173.133
175.391
172.946
176.327
174.681
173.71
174.698
173.712
174.143
177.469
175.542
175.915
173.056
173.82
178.176
174.407
176.435
175.038
176.402
176.825
176.582
175.841
173.577
176.06
175.2
175.824
176.612
172.112
172.548
174.795
175.038
174.947
174.334
173.979
178.297
178.269
174.458
176.733
173.927
174.775
176.083
173.566
177.906
175.796
177.296
174.142
174.368
176.465
174.463
172.696
171.532
177.472
177.894
174.678
177.412
177.213
175.156
174.695
175.306
175.814
176.855
175.649
173.261
175.374
177.199
172.866
177.184
175.503
174.636
171.611
175.713
177.63
173.633
177.769
174.078
177.235
175.869
176.668
174.965
172.031
174.857
175.428
174.963
174.398
174.181
175.145
173.859
176.055
178.05
176.879
175.654
174.692
174.546
178.255
175.053
174.007
172.38
171.117
171.56
173.7
171.213
178.961
175.461
176.245
176.835
177.391
178.17
173.707
175.216
177.291
173.031
173.93
173.897
173.136
173.649
173.613
171.626
176.644
174.785
176.044
175.371
178.255
175.426
174.371
173.948
176.237
176.79
176.134
176.623
178.826
179.565
176.859
172.905
176.24
174.237
176.988
174.416
172.713
173.935
175.253
177.074
175.288
173.664
172.51
174.323
170.889
175.683
175.605
173.439
177.852
176.962
172.745
173.988
174.688
174.433
174.474
172.793
175.704
173.617
173.795
174.485
174.512
173.456
173.773
175.647
175.448
174.74
179.269
175.074
177.872
177.257
174.761
173.217
175.029
174.984
173.087
178.281
177.013
173.261
176.171
173.508
175.637
181.519
176.781
171.83
177.946
176.133
176.393
173.917
175.421
176.792
176.486
173.803
172.809
175.587
178.017
175.481
174.341
178.858
175.547
176.981
176.344
173.845
174.261
175.971
177.591
174.737
177.909
175.486
173.19
178.024
172.873
173.841
175.391
173.12
174.456
173.21
176.687
173.831
175.969
174.913
172.045
175.957
177.649
174.731
171.664
171.267
176.023
175.084
172.058
172.979
171.123
178.903
175.912
178.118
177.121
174.048
177.382
172.47
175.996
175.296
174.191
176.496
174.237
176.635
175.873
174.992
176.866
173.567
173.959
176.673
178.246
173.686
175.935
177.248
175.042
176.776
174.476
176.342
172.809
173.733
173.752
178.196
175.602
176.701
172.976
174.119
177.117
175.063
176.64
174.132
172.723
176.016
170.69
176.178
174.281
173.715
179.182
173.323
172.385
173.753
174.255
176.287
174.851
171.793
173.911
177.745
175.18
175.499
172.574
175.187
176.35
175.635
176.008
174.192
176.49
179.525
175.085
175.074
172.515
174.494
176.962
176.144
177.09
175.717
178.472
175.557
174.825
173.209
175.959
175.428
175.945
175.083
173.307
173.916
173.065
173.253
175.117
174.768
173.563
173.771
173.475
170.763
174.886
173.657
178.756
179.499
176.896
173.81
175.087
176.366
172.259
173.715
179.21
173.274
178.29
176.031
175.44
175.12
176.202
173.917
172.936
173.427
174.409
176.3
175.856
174.202
173.889
173.866
175.212
175.846
175.671
177.732
173.84
177.225
173.151
172.268
177.531
175.145
172.781
172.899
173.942
173.819
173.954
172.072
173.746
176.46
174.958
173.674
177.891
174.726
170.446
174.647
176.181
175.054
175.958
172.939
172.731
176.097
176.603
172.561
177.921
173.581
174.463
174.952
176.788
174.37
174.21
174.221
174.608
176.418
172.157
176.56
177.983
178.453
175.998
177.885
174.974
178.276
176.517
173.705
177.219
176.638
174.909
176.795
177.31
174.983
172.515
179.765
175.69
175.829
177.543
175.751
176.548
173.781
174.648
175.3
173.208
172.544
172.406
174.472
176.274
175.594
173.559
175.771
173.598
170.714
175.263
174.993
173.714
173.822
177.713
175.228
174.554
175.619
175.261
178.197
174.674
172.82
179.185
177.043
175.663
175.252
176.183
178.555
177.422
174.566
179.133
173.175
173.464
175.894
174.645
175.145
175.936
175.753
175.745
176.746
172.192
175.179
175.655
176.142
176.605
175.723
177.753
174.936
173.333
174.328
176.098
176.378
171.332
177.413
174.382
173.168
176.851
175.112
171.106
176.416
177.188
177.502
174.913
176.274
173.909
173.672
173.947
174.941
175.809
173.881
175.268
174.383
174.511
175.781
176.894
171.829
176.55
174.929
176.132
173.358
174.128
178.976
170.974
176.446
173.028
175.721
174.349
179.14
177.964
174.19
175.852
177.417
177.052
174.146
176.13
174.837
175.047
176.545
174.159
175.606
179.791
172.85
173.631
176.456
173.012
175.76
175.454
175.516
170.763
175.809
174.627
171.868
173.881
173.651
176.972
175.943
174.534
172.473
178.853
179.573
171.756
175.985
173.279
174.483
175.808
174.904
178.147
175.365
176.759
175.203
175.108
176.157
174.708
173.493
176.682
173.09
176.637
171.911
175.617
175.661
173.997
178.398
174.946
175.571
174.292
173.13
172.743
177.33
174.339
175.298
173.535
177.261
175.081
175.497
173.852
174.116
174.96
173.255
176.652
175.336
178.638
174.927
175.741
176.207
174.075
175.467
176.758
176.686
176.296
175.487
173.207
177.053
176.714
174.334
174.859
171.519
176.167
174.019
177.914
174.144
172.229
176.113
178.742
176.043
174.226
176.67
175.49
172.721
175.724
172.389
172.645
175.393
175.356
175.332
174.949
172.789
172.88
175.293
176.587
175.305
176.804
173.58
176.266
174.227
177.757
172.525
172.706
173.231
174.18
173.464
175.491
173.391
175.513
180.12
175.574
175.191
174.43
174.828
174.622
174.167
178.195
176.614
176.232
175.457
174.91
176.574
174.32
174.514
175.77
175.469
174.88
174.367
171.968
172.671
174.79
174.852
170.679
174.492
172.759
173.982
173.223
174.903
173.665
176.18
173.594
179.698
174.429
175.726
174.966
175.98
175.067
175.569
176.72
175.964
174.766
175.69
175.994
177.334
177.764
174.916
176.399
175.286
174.737
172.409
175.305
177.626
173.614
177.324
175.437
177.794
174.135
174.349
175.864
177.682
175.12
175.939
176.61
175.35
174.684
171.015
173.22
173.394
176.649
174.427
171.309
172.555
172.547
172.879
173.416
175.587
174.521
172.814
173.134
175.412
172.833
175.065
174.762
174.082
175.491
171.63
172.889
178.672
177.604
175.299
173.857
176.021
179.615
174.213
174.429
173.936
173.04
176.255
173.351
178.325
174.023
176.17
173.884
176.28
176.786
172.624
174.808
172.303
173.083
180.091
178.153
177.11
176.178
173.812
172.471
176.419
175.003
178.622
174.022
174.994
173.985
179.098
171.122
178.747
174.23
172.581
175.569
175.218
174.835
171.87
178.468
175.775
173.836
172.718
176.22
175.765
176.067
176.658
172.611
175.73
175.214
173.277
171.612
174.821
174.526
176.087
174.815
172.462
172.903
176.334
176.531
174.174
173.702
175.015
172.414
174.729
172.81
175.959
177.47
174.911
177.162
173.444
174.236
176.689
176.756
172.927
175.917
175.316
175.148
172.348
172.07
176.391
175.8
174.472
174.92
172.472
176.093
177.555
177.146
178.067
176.184
176.67
175.811
173.051
174.143
173.296
173.672
173.926
174.505
175.533
176.036
175.989
173.465
174.664
175.448
179.698
177.67
174.558
168.857
175.289
174.628
177.687
174.176
175.536
178.383
177.162
179.247
178.225
173.488
175.162
174.609
177.691
176.514
177.019
175.965
177.459
175.844
177.518
172.633
173.351
176.251
174.766
174.795
172.972
172.921
175.377
175.577
175.746
176.058
174.311
173.652
176.359
177.402
179.255
173.103
173.126
178.567
177.647
176.011
177.105
175.211
171.638
172.201
177.036
176.545
176.16
178.882
174.391
173.255
174.055
176.309
175.249
175.947
172.292
174.27
175.4
177.64
176.688
177.564
174.314
175.634
174.243
180.822
175.347
172.501
170.804
175.676
178.118
176.471
176.578
173.329
174.684
176.856
171.151
178.381
170.262
177.241
173.55
174.855
178.43
174.58
174.508
172.855
174.165
175.803
174.719
174.972
175.882
173.828
173.5
174.172
175.848
177.118
175.288
179.953
173.363
178.086
174.151
176.008
175.927
179.264
173.423
173.14
173.022
175.934
177.749
175.336
174.67
174.194
175.359
176.132
176.077
177.049
174.45
173.869
177.108
175.772
171.694
172.84
172.985
175.24
174.191
173.436
176.964
175.171
175.433
175.128
175.369
174.444
173.448
174.016
175.81
174.565
174.244
180.406
174.349
175.258
174.65
175.442
171.188
177.536
179.266
174.321
172.931
174.759
174.824
173.395
175.689
175.583
172.209
175.396
172.05
174.51
170.217
177.086
176.787
175.288
176.495
174.488
173.292
178.935
178.171
176.956
170.896
176.129
175.979
174.833
175.315
174.142
175.334
178.739
176.893
174.944
173.472
173.88
176.527
175.27
177.336
173.356
176.263
173.806
177.704
171.701
172.984
176.766
172.765
169.861
175.142
173.589
176.633
172.428
175.766
173.855
175.319
173.211
174.787
173.731
173.618
174.073
171.496
174.638
174.398
175.356
174.651
174.052
176.872
174.095
175.667
175.574
176.878
176.253
174.069
177.942
173.355
175.813
175.742
176.761
175.916
176.227
176.558
171.619
175.306
178.318
173.558
176.837
171.923
176.254
173.623
173.599
174.141
174.2
176.568
178.661
175.089
173.329
176.652
177.115
179.412
172.301
176.135
174.562
171.821
175.827
173.065
177.438
172.94
171.858
175.159
175.898
174.331
175.268
174.81
177.734
173.6
176.592
174.263
175.699
175.554
172.897
174.837
177.738
175.111
174.6
178.051
177.225
176.301
175.254
175.446
176.413
171.229
174.044
175.187
177.12
172.162
175.47
173.581
174.938
172.791
175.921
174.98
174.244
175.04
176.036
176.424
176.752
180.257
177.764
176.811
177.74
176.006
175.216
174.426
173.788
171.224
175
174.824
174.432
175.476
176.799
175.535
171.783
179.064
174.414
174.345
175.84
175.311
175.3
173.731
174.296
174.096
176.247
176.786
176.027
179.26
172.18
174.208
176.492
175.12
176.25
173.436
175.002
174.803
173.812
175.961
172.49
172.48
176.071
175.583
179.108
173.398
173.244
174.135
175.272
175.557
176.448
174.092
174.408
176.441
175.62
174.238
176.429
172.319
175.585
177.027
178.549
178.137
173.119
175.032
176.29
176.318
170.208
174.353
174.431
172.548
176.68
174.203
173.857
175.123
173.446
173.929
174.847
174.383
176.908
171.801
175.151
174.295
177.131
172.946
175.129
177.3
175.063
174.681
176.076
174.515
174.878
175.727
175.241
172.121
174.677
177.278
174.607
175.482
175.378
175.912
176.118
172.249
173.381
176.016
174.025
174.11
176.687
176.059
175.735
173.647
175.055
175.227
176.465
174.799
173.641
174.44
171.82
174.996
178.273
172.278
176.022
174.176
176.564
177.26
175.83
173.725
172.104
175.693
175.21
175.21
172.72
177.909
174.009
173.574
176.231
175.217
175.265
173.027
174.424
172.567
175.212
172.918
175.128
178.064
179.795
177.161
175.799
172.778
173.302
173.856
172.732
175.378
175.53
174.916
173.978
169.059
173.108
176.522
174.777
176.752
176.488
177.411
172.905
172.289
176.899
173.755
176.219
177.903
174.475
174.639
174.696
174.892
171.955
173.394
176.175
175.37
174.391
172.535
177.753
174.584
172.673
177.85
173.824
176.628
175.986
175.187
177.177
176.644
175.326
175.674
172.55
175.581
176.296
175.107
172.869
176.323
176.21
174.77
175.919
174.033
177.796
175.472
174.066
175.828
173.12
176.936
179.414
172.335
174.112
176.746
175.364
174.516
172.394
175.901
173.525
175.655
172.851
175.794
175.505
173.751
176.144
176.256
172.955
173.585
173.99
177.129
176.307
174.82
172.996
180.363
173.325
173.598
173.159
175.955
172.378
172.374
175.702
178.324
175.963
174.081
171.366
175.165
176.154
175.019
176.095
175.683
172.559
175.926
174.355
172.714
176.394
175.957
176.538
174.82
174.001
173.548
175.12
177.791
174.414
175.175
174.461
173.686
172.129
171.517
177.8
178.462
172.194
172.866
171.801
176.173
178.125
173.417
176.538
176.788
173.538
175.454
173.33
172.343
175.124
175.115
174.314
176.515
174.999
172.595
173.799
176.797
177.074
175.854
173.24
172.49
175.897
175.857
175.138
174.007
172.656
174.468
172.139
174.352
176.473
173.895
174.826
175.385
176.4
173.675
177.845
173.957
176.365
174.387
176.042
174.195
178.273
176.123
174.532
174.348
176.489
174.771
173.582
174.999
174.839
172.942
179.484
175.426
172.863
179.009
175.634
172.839
176.366
177.365
176.936
173.831
171.455
173.874
174.072
175.714
175.205
175.613
180.161
172.641
174.787
175.286
173.776
174.182
173.531
174.946
177.01
177.544
172.094
175.499
174.017
175.684
170.552
173.973
172.158
173.924
173.723
177.878
176.928
176.421
173.589
176.613
177.694
174.632
173.526
175.231
179.992
176.193
176.936
174.868
175.322
175.407
173.63
173.311
174.472
171.303
172.446
169.787
175.237
175.267
173.698
177.554
178.454
176.678
175.519
177.514
174.266
173.121
174.958
174.074
174.864
175.214
175.894
176.998
170.269
174.28
173.465
174.467
174.229
177.161
174.883
180.563
174.259
175.483
174.129
174.199
175.516
174.517
175.454
176.172
174.239
177.348
174.106
178.036
172.679
177.636
177.211
175.001
173.276
174.818
177.082
173.723
172.496
175.87
173.03
175.267
178.185
176.909
174.75
174.23
175.555
173.954
173.619
173.44
173.84
174.374
173.102
174.746
176.164
176.174
174.296
171.982
173.452
177.657
175.818
171.819
175.016
174.449
178.558
175
172.847
174.899
179.088
175.456
176.886
175.451
175.613
173.506
171.722
175.493
172.814
175.846
176.126
174.636
173.383
174.106
178.294
176.423
176.71
174.302
174.299
172.975
176.16
176.655
174.277
175.086
176.857
176.189
176.957
172.04
176.96
173.803
176.079
173.255
175.815
176.056
174.428
176.748
178.26
176.372
177.045
175.809
175.684
178.536
178.014
174.042
174.037
174.962
175.988
174.14
175.605
177.966
173.791
174.375
174.042
174.327
175.856
171.816
174.652
178.467
174.28
175.854
174.277
178.312
176.699
176.501
175.5
173.247
173.236
175.894
172.63
175.115
175.597
176.448
175.093
176.032
174.303
176.252
176.943
173.755
172.942
177.126
175.693
172.68
168.785
175.605
173.626
172.797
178.552
174.684
172.7
174.869
172.832
173.593
176.976
175.646
176.693
174.706
174.251
174.122
171.861
174.33
179.001
173.616
174.767
172.754
174.967
174.612
173.993
173.483
174.19
174.49
174.881
177.106
176.964
177.171
176.687
175.923
178.07
175.99
175.387
174.641
173.263
176.339
171.14
175.461
176.658
172.418
174.195
175.538
175.83
176.375
178.231
172.454
176.452
172.983
171.342
174.439
178.657
174.898
175.399
177.801
176.121
173.757
173.264
173.899
174.472
171.517
176.117
173.88
177.434
175.394
174.988
177.709
177.42
176.705
177.659
174.783
172.962
175.425
172.276
172.139
173.463
173.878
175.425
176.975
175.406
173.558
177.714
175.119
174.272
174.8
175.922
172.692
178.267
171.847
176.515
173.514
173.72
173.817
171.838
172.45
172.648
175.162
173.295
172.757
173.949
172.897
177.554
174.422
177.332
174.85
176.69
172.482
170.699
177.846
175.905
175.02
175.235
174.755
173.898
174.758
175.187
177.75
174.791
172.461
173.716
179.923
176.216
176.375
178.131
174.334
176.084
173.387
175.146
177.029
173.752
178.352
175.351
175.518
177.614
174.059
175.957
176.291
172.192
175.476
174.954
176.59
177.255
175.989
174.746
173.678
173.959
177.469
172.554
178.349
174.466
177.479
175.708
172.618
175.006
173.115
173.735
177.324
174.53
174.585
176.06
177.981
174.386
174.807
177.48
174.373
176.983
174.83
174.435
174.342
177.722
176.128
176.835
173.88
177.114
175.623
176.894
173.172
175.333
177.765
173.7
176.68
175.14
172.617
174.683
173.761
173.069
177.115
174.088
174.344
176.77
177.175
173.04
177.312
172.367
176.423
173.235
173.832
177.74
173.611
172.093
175.448
175.214
173.746
176.279
177.696
174.436
172.131
175.244
174.661
174.817
173.015
175.091
173.514
173.768
174.904
176.06
174.024
177.706
174.79
172.923
175.376
172.855
175.458
175.133
175.399
174.933
174.716
176.887
173.772
171.613
177.289
177.702
178.198
172.867
176.816
175.767
173.105
176.678
172.264
174.913
172.652
172.933
174.203
177.515
175.273
175.707
172.302
178.797
174.994
174.47
177.159
175.197
177.068
174.364
175.691
174.243
172.459
174.974
173.232
176.656
174.42
176.561
174.318
175.921
176.183
176.808
174.824
175.435
175.189
174.332
178.36
174.324
174.954
174.713
173.97
174.965
176.517
174.123
175.918
172.805
171.856
173.065
177.75
174.513
172.385
171.972
173.221
173.746
171.809
169.946
173.399
174.324
172.435
176.133
172.792
173.182
177.933
174.897
171.361
174.465
176.712
176.618
173.712
173.477
174.169
176.692
175.739
176.101
175.958
175.092
174.354
176.322
176.089
176.621
176.996
176.32
178.995
179.558
176.595
174.104
176.424
176.855
175.46
172.938
177.346
179.154
174.607
177.456
176.625
176.532
176.114
171.827
177.012
177.124
175.638
176.759
174.308
174.882
173.588
174.067
175.937
174.935
173.094
175.003
177.088
174.656
175.287
175.858
176.435
175.515
178.442
176.455
174.827
177.324
174.086
176.843
179.256
175.25
172.221
173.891
175.333
177.559
175.479
175.599
172.23
172.745
175.268
175.087
174.28
177.101
173.121
172.478
173.836
176.024
174.796
174.248
171.427
177.492
174.996
175.584
176.154
177.097
174.751
178.147
175.403
171.592
176.474
177.707
175.55
175.455
176.042
176.848
174.1
171.883
173.138
172.7
176.996
176.341
177.942
175.849
173.031
172.575
173.58
178.74
176.225
173.184
175.96
173.434
171.769
177.503
176.09
172.902
175.307
175.157
171.358
174.552
175.387
175.993
173.374
176.344
174.975
178.189
176.878
174.918
174.131
174.662
174.737
176.778
174.809
176.503
175.935
176.069
174.887
179.107
176.259
178.366
175.482
174.003
173.227
175.314
174.417
172.612
173.914
172.363
171.601
177.16
172.385
174.533
172.676
170.76
175.918
173.214
174.449
175.411
174.699
174.069
173.786
174.014
175.833
173.268
173.968
173.978
175.193
173.156
177.093
177.132
174.882
176.044
175.985
178.357
174.392
174.317
171.372
173.053
181.327
170.553
174.456
174.728
174.48
174.832
175.585
170.902
177.245
175.196
171.679
172.478
174.31
173.392
175.354
172.964
175.009
175.441
176.749
174.652
173.92
174.188
174.2
172.471
178.43
171.632
174.324
175.938
176.139
172.452
175.838
175.786
176.601
176.606
175.058
175.5
174.578
177.783
178.177
174.572
172.097
173.338
173.73
176.226
172.76
174.186
176.299
176.952
175.441
178.059
174.407
172.886
173.774
175.417
175.878
178.648
176.728
171.94
175.622
178.549
174.537
175.244
174.812
174.039
175.07
176.223
175.237
173.339
177.888
179.945
173.616
175.011
175.855
171.472
173.917
173.77
173.647
174.914
177.328
172.261
179.979
176.332
172.995
175.21
172.59
176.477
173.134
176.798
174.564
172.77
174.644
175.308
172.903
172.863
176.195
173.205
175.023
174.827
175.982
173.473
173.724
177.098
175.995
174.925
173.202
174.475
175.908
173.992
176.23
176.256
174.28
179.606
176.092
176.44
178.023
176.221
171.172
176.648
175.458
173.22
178.173
175.584
174.347
172.342
175.559
174.393
174.483
174.241
177.352
174.253
176.901
174.229
174.793
179.133
174.204
175.53
177.853
172.183
173.221
174.408
173.708
176.162
177.331
173.711
173.007
177.423
177.371
176.359
170.94
176.574
173.816
174.201
175.17
174.936
174.342
174.669
174.799
174.906
174.217
177.92
176.612
174.788
175.692
175.922
177.018
173.3
174.679
176.969
174.78
174.133
170.666
177.124
173.834
178.608
172.535
175.609
176.529
174.957
175.863
173.26
175.797
176.089
174.671
177.285
175.156
176.585
175.091
174.983
176.653
177.44
172.572
174.695
174.391
172.985
174.647
176.136
175.428
174.218
175.902
176.633
174.506
171.612
175.354
175.359
177.873
174.913
176.442
174.235
174.708
173.508
174.794
174.73
176.255
174.91
173.153
174.254
173.251
175.953
176.825
173.279
175.649
177.54
173.208
178.736
174.261
175.201
174.443
174.05
175.631
172.211
177.184
173.906
176.901
175.929
178.508
172.18
174.061
173.211
174.854
175.492
175.885
177.519
176.396
174.421
176.271
174.326
176.441
174.666
176.367
173.771
176.389
174.814
171.901
173.699
174.952
176.335
176.601
174.681
174.934
175.879
176.11
172.649
172.603
175.385
174.859
174.09
174.5
176.401
176.668
173.777
173.048
173.293
177.276
177.31
175.038
173.452
174.025
173.505
174.985
177.229
174.594
176.749
175.582
173.623
172.901
175.865
174.534
175.068
176.173
174.177
177.206
175.98
173.958
175.68
175.072
174.645
177.428
176.356
173.636
176.779
175.177
176.341
176.97
175.906
178.681
175.907
173.681
178.203
177.746
177.88
173.143
175.944
173.794
174.164
174.465
175.515
174.543
174.612
177.729
174.65
174.834
177.972
174.479
172.284
175.838
177.962
172.596
174.401
177.451
176.508
173.447
177.416
174.26
174.632
175.463
173.128
173.721
176.755
175.778
177.16
174.998
173.716
176.719
176.05
172.476
175.394
175.231
171.856
173.86
174.799
175.917
174.641
174.812
175.835
175.733
173.093
174.568
174.166
173.639
172.915
172.497
171.866
173.634
176.002
175.663
174.903
173.114
177.748
174.321
176.14
171.94
174.61
173.441
177.605
175.4
177.466
175.41
175.331
174.927
174.557
175.019
171.162
174.522
171.632
175.472
174.151
174.013
177.644
176.258
173.541
176.423
174.227
173.451
173.178
171.941
176.44
176.983
172.31
175.646
174.624
172.524
174
172.182
175.798
176.869
175.266
176.413
172.959
175.67
175.904
178.27
175.37
172.371
175.417
171.604
177.914
174.761
172.984
173.425
177.855
170.637
179.978
173.741
175.496
176.749
173.778
175.301
173.431
175.641
174.023
173.218
175.434
176.319
172.915
175.701
177.437
177.042
173.582
176.614
176.086
172.788
175.846
176.472
176.059
175.658
178.726
175.489
175.422
173.572
177.991
174.716
176.895
174.918
173.932
170.574
174.791
176.825
175.014
173.409
173.628
177.396
173.122
174.792
176.77
174.831
173.261
177.966
172.788
177.441
176.854
175.305
176.371
174.675
174.667
174.611
176.916
174.731
176.68
173.022
177.771
171.525
175.581
172.891
174.975
174.777
178.847
176.914
172.588
176.558
176.505
176.551
175.567
173.497
178.391
176.982
174.105
175.795
176.868
173.056
175.132
175.924
172.994
173.317
174.983
175.544
176.173
174.722
173.03
172.829
174.718
171.518
174.673
170.866
171.832
177.141
177.476
175.158
176.228
175.525
175.773
176.436
173.832
174.075
177.302
174.665
174.098
171.297
175.805
179.481
177.059
173.963
174.725
172.191
174.284
178.287
174.248
173.545
172.412
178.631
176.403
174.141
174.866
174.432
178.515
175.473
175.655
177.218
175.049
176.208
175.02
175.347
176.668
174.038
170.877
177.681
178.15
175.777
173.329
175.001
172.768
175.187
173.175
173.03
178.237
171.775
176.584
175.748
173.793
176.217
173.327
173.879
175.081
176.243
174.794
174.597
177.318
176.624
174.887
173.183
173.734
177.378
173.41
170.152
173.265
176.027
174.338
175.671
175.979
173.353
173.675
173.901
175.003
177.838
174.89
174.554
173.535
177.126
176.516
176.199
180.095
177.749
175.819
175.682
177.036
174.654
176.5
175.076
176.594
174.147
176.398
176.349
175.474
175.863
173.705
177.193
173.958
177.777
175.245
173.132
175.57
179.56
179.686
171.191
175.271
175.798
176.671
174.704
180.021
173.667
174.827
174.161
173.889
175.212
174.008
172.416
173.185
177.389
176.442
175.187
172.879
173.329
177.343
174.711
175.592
173.801
176.061
173.116
178.095
174.772
177.313
175.833
174.45
174.5
172.619
174.407
172.636
175.738
176.483
171.735
176.418
177.071
175.784
174.538
174.888
176.168
174.107
174.393
174.099
175.878
176.128
171.995
175.821
174.994
175.962
173.155
175.205
174.438
175.513
176.4
175.897
174.877
172.264
174.818
171.043
173.371
176.111
178.218
176.17
173.413
177.616
173.314
175.798
173.078
172.672
173.621
176.481
175.205
172.73
174.135
175.894
177.171
173.34
176.991
173.912
174.631
173.938
178.702
172.232
172.625
175.914
173.827
179.502
176.736
173.337
171.139
174.566
173.835
172.985
174.962
175.956
175.889
177.616
176.495
175.004
174.455
175.872
179.169
174.607
176.303
171.069
175.132
173.755
173.215
173.141
174.219
174.846
171.836
175.814
176.363
176.8
171.654
172.878
177.826
177.366
173.81
171.03
173.445
173.498
177.123
173.726
173.653
174.18
172.424
171.751
173.342
175.672
171.929
172.698
171.721
174.399
173.924
174.92
177.447
178.41
173.824
174.725
178.171
173.697
172.13
178.009
173.804
174.746
174.868
176.008
172.905
176.195
177.607
173.814
177.665
174.445
172.183
176.682
178.288
174.906
176.752
175.324
176.125
176.615
176.187
175.785
175.545
176.056
176.273
172.127
176.2
177.519
177
175.014
171.886
177.136
175.176
176.537
175.615
176.526
175.712
173.336
176.157
173.603
172.848
173.994
178.261
177.361
172.807
175.666
174.295
170.712
173.235
173.429
178.707
172.284
172.822
176.45
173.56
175.174
174.711
177.255
177.547
175.473
173.186
173.869
176.665
177.127
172.731
176.101
175.444
176.663
174.894
176.07
176.614
177.049
176.915
177.977
174.414
174.153
175.75
173.711
174.363
173.75
176.115
173.336
171.651
173.198
176.592
172.55
173.955
175.527
179.964
172.875
173.967
174.439
171.249
175.604
177.923
174.599
172.815
174.247
174.598
176.161
173.951
176.385
178.053
174.7
177.139
171.191
173.789
178.988
176.481
175.432
176.898
172.257
175.718
175.84
177.747
175.193
171.712
175.297
174.041
174.388
170.339
175.945
173.371
176.414
173.484
171.498
174.112
173.487
175.667
178.274
172.382
176.691
172.205
176.723
176.407
174.443
176.666
174.021
177.562
175.895
174.345
175.564
175.777
175.834
174.554
176.978
176.592
177.565
172.244
176.57
177.721
177.835
176.952
176.499
174.718
174.93
175.103
175.135
176.409
176.881
172.837
174.264
174.018
173.979
175.838
174.991
176.026
174.206
174.652
172.755
172.951
175.079
176.104
173.755
176.71
173.202
175.598
179.735
175.984
173.79
176.07
175.176
172.409
173.386
178.788
174.647
174.061
174.27
175.593
174.292
173.981
177.625
177.868
176.82
175.55
174.887
176.789
173.408
176.746
177.296
174.128
177.104
174.339
174.245
173.692
172.831
175.242
174.567
175.175
173.259
174.346
176.817
177.2
174.167
174.567
179.196
176.026
174.228
175.5
174.08
176.25
173.938
173.809
176.202
179.499
176.578
175.58
175.267
177.025
179.861
174.532
176.044
176.619
178.383
172.198
175.063
175.09
173.698
174.143
172.548
175.467
177.656
178.611
176.215
174.902
175.983
168.538
180.642
175.115
172.8
177.785
172.157
175.076
175.893
176.066
172.364
173.49
179.807
172.516
174.253
176.977
175.637
178.994
174.544
174.713
180.653
172.694
175.197
175.503
175.741
172.646
173.831
174.226
176.426
173.733
174.36
175.731
174.897
175.408
176.853
173.093
175.159
178.251
176.052
175.806
175.099
173.576
174.193
177.438
177.412
174.024
173.773
174.588
175.244
173.988
174.855
171.157
176.286
175.055
172.59
172.314
171.919
176.242
175.107
176.422
174.778
171.485
176.28
174.843
177.064
173.393
175.789
175.007
174.532
173.771
173.638
175.104
174.38
180.888
175.421
172.832
175.552
173.866
174.824
175.09
174.755
179.209
175.875
174.864
173.745
174.142
172.811
178.749
176.144
174.809
172.788
177.383
175.565
174.193
174.965
176.341
177.233
174.31
176.65
176.012
172.726
178.286
176.058
173.391
174.818
175.422
176.767
172.949
174.863
174.967
173.795
175.769
175.677
177.234
175.915
174.176
174.423
174.692
175.677
177.72
175.063
175.833
177.747
174.982
175.113
173.303
174.908
174.311
175.557
175.559
171.112
174.744
171.864
173.38
176.914
172.207
174.071
175.232
176.069
174.309
175.275
173.895
173.654
176.143
170.393
173.769
173.888
177.787
173.11
174.429
172.425
176.793
172.82
174.896
177.558
175.026
176.263
176.184
175.536
174.936
174.661
178.145
177.009
180.178
177.054
174.49
174.87
173.979
173.161
174.806
175.311
174.901
174.937
174.739
175.915
177.488
174.445
174.743
171.953
172.085
173.833
175.068
175.11
177.38
175.204
175.318
176.023
175.642
177.631
176.256
174.832
173.451
175.743
172.983
176.604
175.037
173.769
179.037
173.56
174.681
177.935
174.092
174.45
173.958
173.53
176.328
173.517
173.802
175.481
177.93
171.539
174.306
174.693
174.735
174.234
178.508
175.576
177.234
175.279
179.316
172.929
173.876
174.019
174.859
174.965
171.924
174.299
177.518
178.522
174.773
172.876
171.048
177.559
175.636
178.267
175.683
176.228
174.841
174.056
176.014
178.21
175.838
174.08
173.408
175.961
175.667
176.709
174.392
175.766
174.1
173.529
172.923
176.679
177.082
173.652
171.834
175.505
172.953
171.738
173.432
175.796
174.797
172.748
178.33
175.956
172.788
172.471
173.425
174.478
174.602
175.525
176.659
174.184
174.2
177.457
176.459
176.238
171.846
175.433
172.985
172.943
174.827
173.068
174.202
178.047
173.755
172.987
177.899
177.901
175.499
180.565
174.167
176.72
174.979
175.722
173.519
174.031
173.662
174.108
174.743
175.676
170.972
176.379
177.267
177.187
172.141
175.153
174.252
176.345
174.348
174.488
177.177
176.05
175.408
175.671
172.623
176.151
173.938
176.946
176.722
172.867
174.406
175.62
177.541
174.587
174.621
174.878
173.786
171.976
174.437
175.369
173.78
176.436
171.631
175.302
175.266
176.105
176.554
175.872
177.894
175.121
175.569
176.195
172.59
174.383
175.277
176.336
177.047
176.75
177.114
174.65
178.668
173.853
173.685
176.108
177.194
173.301
176.134
174.15
175.345
172.821
176.017
174.885
176.393
175.351
172.622
175.208
175.165
175.022
175.675
177.35
173.481
172.328
175.954
176.823
173.357
177.424
178.51
175.976
171.857
172.49
175.88
173.12
178.423
170.727
177.009
174.337
177.817
175.754
176.35
172.531
176.598
174.151
175.182
176.226
176.975
173.43
174.927
176.522
179.501
175.76
174.665
177.112
176.866
175.814
174.392
174.116
172.965
173.22
174.17
176.069
177.149
177.025
177.615
175.757
172.528
176.573
173.4
173.878
176.507
173.037
177.069
176.948
175.585
175.886
174.951
175.733
174.83
172.018
178.111
175.019
172.276
175.198
177.36
175.872
174.679
173.97
173.872
173.862
173.354
172.515
173.33
177.873
175.842
174.009
176.148
173.458
175.685
174.598
176.229
173.12
176.039
171.608
178.318
172.868
177.448
175.88
177.228
174.197
173.52
172.407
176.912
178.365
174.301
178.115
177.476
176.3
176.536
174.551
176.517
176.367
176.155
176.786
171.754
172.428
175.571
175.264
174.893
174.603
176.591
175.573
173.119
173.301
172.324
174.491
178.165
174.5
174.628
174.166
178.172
173.316
176.641
175.152
172.332
174.179
177.174
175.814
175.736
174.078
172.638
174.144
176.395
175.112
176.572
173.475
174.993
173.463
175.205
178.793
172.457
174.734
173.414
176.302
177.436
178.865
178.79
174.929
173.917
176.986
173.851
176.177
176.906
174.431
176.658
174.934
173.362
175.446
175.489
174.311
178.734
176.095
176.45
175.646
177.943
177.158
173.612
173.811
173.677
176.308
171.18
177.589
172.996
175.837
172.534
175.431
175.757
172.249
175.155
175.367
173.619
175.958
176.198
175.956
174.772
174.011
175.243
174.833
175.157
177.135
173.943
175.998
177.272
172.779
175.461
174.435
176.138
177.845
177.042
175.99
173.937
170.234
175.492
176.488
174.193
175.772
177.22
177.639
176.494
177.791
177.597
172.065
175.263
174.714
173.852
176.497
178.017
176.376
173.277
171.65
177.438
175.633
174.808
173.852
174.367
175.896
173.074
173.698
174.223
175.937
173.714
176.03
176.129
173.018
175.03
176.664
176.323
173.973
174.852
175.288
175.188
178.181
172.54
175.974
176.49
174.001
175.606
178.336
175.915
175.847
174.656
174.758
177.838
171.622
174.979
175.556
171.99
173.702
174.746
176.385
176.848
175.969
174.368
173.391
176.263
176.36
172.362
176.277
172.302
174.741
176.351
174.718
174.184
173.395
174.824
173.797
175.825
174.953
174.181
174.566
177.083
177.95
175.349
175.824
176.703
174.26
173.088
172.297
174.741
173.56
177.506
176.014
177.065
173.606
172.833
175.723
173.25
176.258
174.773
174.597
174.612
175.06
170.965
174.961
175.399
177.147
175.389
174.904
176.256
174.636
177.643
174.937
174.403
174.811
175.865
174.493
171.768
177.962
174.874
174.812
173.494
178.136
176.341
172.488
174.71
177.954
176.987
175.857
175.687
176.386
173.511
175.442
177.968
175.318
176.947
175.2
175.912
171.665
174.368
173.167
174.331
176.468
174.618
172.999
175.085
175.343
173.82
178.346
172.831
175.281
175.669
177.483
177.456
172.995
176.641
171.962
177.112
176.088
172.904
173.619
174.423
174.236
173.243
172.58
176.356
174.884
173.785
175.222
177.15
175.028
174.192
175.777
176.524
174.044
174.343
173.694
174.214
171.664
171.103
173.936
175.055
176.21
169.892
177.545
173.073
174.167
174.48
174.16
176.916
173.011
176.425
171.202
176.916
173.531
173.098
172.8
171.318
176.521
179.134
177.655
174.645
178.686
174.912
172.106
177.058
175.632
176.833
170.289
176.531
174.16
174.558
172.481
178.781
174.692
176.894
175.442
173.698
175.335
178.178
173.006
175.16
174.181
176.091
177.923
176.348
173.675
176.613
175.184
172.501
172.785
178.672
173.794
175.119
175.001
177.88
179.131
173.459
174.308
173.115
173.709
175.695
177.53
176.522
177.52
178.329
175.901
173.71
175.144
173.672
175.354
174.029
177.138
176.415
171.215
174.34
175.574
175.83
176.371
173.698
174.214
175.262
175.096
173.643
176.38
178.021
173.025
175.524
175.881
176.295
175.382
174.586
176.673
176.095
176.225
177.515
178.193
174.842
177.696
172.276
176.577
170.813
175.685
172.623
173.379
174.727
171.947
175.56
178.235
175.686
176.177
176.744
176.946
171.218
176.951
173.921
175.946
177.472
173.077
177.083
179.136
172.882
180.155
175.924
176.044
174.68
173.528
176.711
173.98
175.74
171.936
175.086
174.93
176.53
173.043
178.429
171.714
174.954
178.442
174.218
175.728
173.589
174.204
174.001
175.499
175.15
174.886
176.73
175.119
173.973
176.985
177.243
175.405
176.583
175.782
175.463
173.344
173.508
178.395
175.202
173.612
173.244
175.11
175.166
173.339
174.23
174.594
175.876
174.183
173.029
175.638
173.102
174.939
174.547
177.485
173.385
170.868
172.391
174.201
176.917
173.729
173.104
175.409
175.323
174.12
175.582
173.01
173.972
174.534
176.568
172.189
178.997
177.033
173.788
174.529
174.115
174.304
173.327
171.979
178.66
174.644
174.295
175.137
175.555
174.069
177.216
174.444
172.026
170.867
175.736
174.668
175.896
175.151
175.461
172.048
177.742
173.218
173.855
177.052
178.73
176.958
174.903
174.818
173.589
170.909
176.199
175.865
174.532
174.121
175.036
172.185
175.694
173.586
174.587
175.316
176.426
177.463
174.886
171.818
174.953
175.653
168.862
176.402
175.152
179.449
172.192
174.818
176.134
177.005
173.737
174.365
173.567
176.453
176.898
174.637
175.674
174.969
176.038
175.35
176.379
176.734
171.181
176.327
172.728
174.598
178.227
173.878
174.765
172.74
178.444
177.151
175.714
175.035
173.833
172.825
175.081
176.083
176.299
175.075
175.47
175.973
176.026
178.809
177.116
173.972
177.339
175.622
173.337
175.685
177.226
175.27
175.796
176.975
175.366
174.548
176.627
176.619
175.884
173.261
171.692
170.863
175.365
175.704
178.597
175.341
172.303
176.978
174.41
175.854
170.681
177.459
175.33
174.327
173.59
176.417
176.163
171.933
176.526
173.97
175.58
174.473
172.712
173.999
172.8
168.916
174.698
175.694
175.352
176.585
174.322
176.685
175.689
174.851
175.3
175.593
177.752
175.74
171.675
175.909
174.082
175.564
174.888
175.282
175.348
176.452
173.496
173.286
174.436
176.115
174.44
172.121
174.644
176.143
172.109
174.597
174.666
173.183
174.721
176.872
175.506
173.158
173.55
174.813
175.331
173.579
174.109
174.348
172.297
177.949
175.902
172.003
172.188
176.429
175.784
176.714
173.904
172.977
175.065
179.358
176.026
174.024
170.068
177.192
175.944
173.517
172.635
179.307
177.541
176.217
171.055
174.73
177.136
175.635
175.729
177.687
173.268
177.735
173.045
173.005
176.281
174.803
176.409
173.838
174.132
178.584
175.704
176.355
175.561
174.792
177.256
173.148
176.591
176.174
175.649
174.584
168.854
174.021
174.659
173.7
176.397
173.656
174.592
172.056
175.897
177.777
175.16
174.703
175.969
177.054
170.253
173.65
172.93
177.204
174.501
174.724
178.172
176.024
173.321
176.94
173.133
173.476
174
172.802
175.327
174.743
174.779
173.511
177.604
175.677
177.866
176.742
174.344
170.75
176.943
175.609
176.118
177.375
173.056
172.37
172.66
174.304
176.025
173.689
175.272
173.63
173.312
175.252
176.359
173.902
175.761
176.205
174.846
175.988
178.75
174.855
173.178
174.598
174.66
173.991
178.809
175.729
175.745
173.999
177.074
172.62
177.113
172.553
175.045
175.465
175.543
175.28
174.507
170.544
176.441
176.773
177.495
175.478
177.579
175.472
173.673
176.052
173.976
171.836
174.552
175.51
177.232
177.108
173.614
175.606
173.857
175.205
175.817
176.652
177.492
178.858
173.1
176.662
176.069
177.758
175.297
175.956
176.705
177.807
178.321
177.481
178.733
178.947
176.148
173.738
173.409
174.488
175.578
174.911
170.898
173.309
177.072
175.967
175.952
174.942
177.004
177.105
173.282
176.218
173.872
174.389
173.993
174.901
175.274
171.598
174.552
176.476
174.63
172.388
177.192
176.099
172.064
172.259
175.808
171.985
175.193
173.596
176.777
174.68
176.067
178.981
172.975
173.306
177.169
176.772
177.405
176.514
176.889
175.124
175.505
172.683
173.613
175.493
175.869
175.954
174.18
176.572
171.699
173.825
170.318
174.502
177.818
175.187
172.542
175.061
172.815
175.599
179.175
175.417
176.237
170.459
177.736
172.971
174.701
174.894
171.938
174.098
174.817
178.381
172.012
173.651
175.604
178.979
176.719
174.302
175.593
175.536
176.691
173.135
174.172
175.559
169.647
173.913
172.617
173.672
173.814
176.171
174.619
175.916
176.866
172.701
176.272
174.499
174.627
177.082
172.839
174.694
175.583
172.232
174.971
177.653
174.911
176.841
175.184
174.009
174.505
176
175.546
173.68
173.821
176.641
172.835
171.349
173.417
173.927
175.955
174.656
176.715
174.022
173.553
176.022
173.209
175.842
174.463
175.673
173.734
176.496
175.869
174.526
176.698
177.617
175.82
173.951
172.858
173.702
175.049
175.492
174.066
175.606
177.749
174.919
175.495
172.526
174.377
172.398
173.095
174.589
175.374
178.324
175.796
177.031
173.725
173.293
173.408
173.889
173.843
173.723
174.665
174.169
172.59
175.718
175.262
176.954
171.8
177.05
174.436
173.076
176.068
172.734
175.677
172.743
173.566
175.443
174.475
173.348
174.642
173.287
176.034
173.49
173.559
172.395
174.621
174.725
175.468
171.625
172.601
177.435
177.074
173.564
175.937
172.179
174.991
173.123
173.328
176.638
178.256
174.96
172.902
171.982
178.235
178.279
175.15
172.235
175.522
175.717
177.509
171.967
175.847
176.681
174.542
175.735
174.502
175.54
177.187
174.859
177.631
176.431
175.782
177.491
174.544
173.568
174.381
173.618
177.254
177.966
174.179
173.25
172.776
174.463
178.033
179.877
174.765
170
174.906
175.056
175.609
176.586
174.371
177.934
176.145
176.57
176.12
174.237
172.584
176.705
175.857
177.839
175.427
174.484
176.663
178.019
176.387
175.598
175.125
178.284
178.321
177.767
176.503
171.09
175.935
174.592
174.52
172.965
174.21
174.495
176.164
175.393
178.297
173.709
175.117
173.103
175.199
175.421
176.762
174.96
175.657
172.174
174.24
174.152
175.021
175.051
175.573
175.993
176.09
176.358
177.701
174.5
175.466
174.681
174.394
174.086
175.658
173.642
175.438
174.419
171.44
173.248
176.472
175.69
174.953
175.799
173.97
175.173
172.842
172.894
176.997
174.28
176.32
172.3
177.134
177.792
179.251
174.064
175.779
173.599
177.076
178.066
177.441
174.244
175.621
176.591
176.503
175.554
173.943
172.537
175.769
174.911
174.153
176.318
173.306
173.679
175.669
175.75
174.713
176.794
176.813
175.05
172.75
177.597
173.529
174.027
173.421
173.247
175.661
173.485
176.036
178.268
173.463
175.69
176.932
174.192
172.497
177.394
173.433
173.582
175.804
175.548
177.118
176.608
173.045
174.309
178.417
174.497
174.08
176.707
175.226
174.62
174.675
172.927
176.738
174.444
176.253
173.561
175.853
173.444
176.573
177.737
171.68
176.496
175.551
176.558
175.624
176.315
178.362
173.777
171.189
172.711
176.674
172.887
175.064
178.746
176.633
173.497
173.331
173.842
174.033
177.777
173.331
175.912
174.282
177.527
177.088
174.97
175.831
173.802
174.718
174.511
175.638
174.843
173.7
174.899
175.239
174.081
176.424
174.065
171.867
175.645
175.187
176.824
177.076
175.586
176.343
178.414
175.347
177.17
173.266
174.595
176.559
176.219
171.913
175.527
176.715
174.031
177.596
176.765
173.665
174.627
172.57
174.385
174.576
174.052
177.44
176.593
172.942
174.254
173.017
177.842
171.443
177.899
174.637
177.642
172.856
175.171
175.857
173.468
174.377
175.176
177.155
177.69
172.469
175.775
177.392
172.181
172.181
174.792
174.562
176.259
172.564
175.459
173.135
174.277
174.775
175.271
175.033
177.526
174.272
174.795
173.904
173.729
172.122
175.638
175.983
175.899
177.823
175.634
177.751
176.351
176.332
174.067
174.736
176.172
175.364
175.279
176.165
172.122
174.803
174.164
174.011
177.101
178.014
173.096
174.654
172.781
174.381
177.418
174.091
174.194
173.276
175.666
175.423
175.071
175.045
173.348
172.494
172.718
175.544
173.05
173.602
173.891
178.412
174.592
176.5
174.461
173.296
176.832
171.701
172.814
173.82
176.414
175.431
177.229
177.094
174.329
176.356
173.142
175.009
174.531
178.438
175.201
175.484
173.312
172.828
175.996
179.105
172.429
175.392
174.352
176.523
175.974
177.056
175.559
173.38
177.3
172.28
174.686
176.158
177.565
174.223
172.773
173.787
175.675
175.379
177.987
173.277
173.23
178.417
175.212
175.618
175.257
177.519
173.804
173.381
173.009
175.934
174.708
177.104
173.885
174.518
174.146
171.727
173.261
177.354
174.154
177.233
174.651
177.416
174.877
177.138
171.298
174.993
172.796
173.135
177.295
178.403
176.581
173.414
178.337
174.412
173.033
172.842
170.343
172.031
173.137
175.085
174.871
175.037
176.092
174.538
175.097
174.471
174.65
173.931
175.672
174.457
177.128
176.897
176.576
176.61
173.549
172.412
174.45
176.266
178.104
172.195
176.592
176.731
174.317
173.763
172.33
175.207
177.017
176.038
175.56
174.735
176.036
170.567
176.63
173.836
173.89
176.312
173.35
175.716
174.875
174.484
177.827
174.121
173.557
175.632
177.857
176.665
176.143
175.312
172.032
178.994
176.713
176.72
173.4
176.991
173.175
176.411
175.499
175.258
175.734
176.686
172.903
176.905
174.04
174.422
176.452
174.179
175.088
177.523
173.401
173.023
176.914
174.702
170.616
175.125
177.091
175.827
176.251
172.528
176.478
175.313
173.872
177.993
176.029
173.198
175.88
173.235
172.806
175.916
176.485
173.169
173.623
173.83
175.965
174.221
177.178
175.756
172.825
175.654
173.41
176.696
173.584
175.184
177.707
179.597
174.053
175.771
176.285
173.864
175.269
173.344
172.496
178.144
174.338
174.847
170.701
175.504
173.144
172.928
175.203
174.29
176.893
173.04
173.809
176.654
172.987
175.474
176.098
173.877
174.703
172.927
174.559
174.261
176.95
175.637
176.059
174.402
175.709
176.907
174.025
178.493
174.831
172.956
177.55
177.32
175.774
179.378
173.202
175.863
172.993
176.704
175.092
173.376
176.928
175.54
173.267
172.442
171.773
177.299
174.986
172.542
173.725
173.714
175.652
179.213
174.733
175.108
170.158
177.011
173.603
174.356
174.004
176.353
177.345
177.771
176.546
174.665
176.346
176.102
172.898
174.515
175.158
175.176
176.245
174.285
177.923
172.251
175.5
174.044
173.706
175.215
174.001
174.195
174.829
175.891
175.365
176.164
172.588
173.046
176.407
171.672
176.585
177.034
175.843
176.058
175.557
173.526
175.005
176.044
175.967
168.204
173.502
175.243
174.101
174.662
177.173
170.852
172.632
173.307
175.777
173.634
172.453
173.129
175.114
174.997
177.47
173.612
171.902
175.819
174.205
177.593
179.309
176.305
171.467
174.749
174.541
174.493
175.301
173.69
175.254
173.336
174.343
171.114
171.09
173.374
174.869
174.756
177.233
173.073
175.466
176.685
175.746
174.513
173.992
175.614
176.908
176.449
176.184
175.894
173.237
175.863
175.429
177.7
177.638
175.665
177.116
177.042
175.423
176.103
177.3
175.939
174.041
175.911
175.085
174.513
177.02
176.122
176.044
175.771
172.838
175.828
175.148
175.984
176.659
175.331
175.09
172.537
174.16
173.691
173.803
173.329
172.827
174.249
179.007
174.093
175.685
172.506
176.163
176.202
173.404
174.99
177.614
173.358
173.647
172.731
176.153
175.236
178.697
173.103
178.543
175.636
173.532
176.123
178.094
172.704
173.041
173.743
177.405
175.753
177.86
174.717
175.461
175.648
174.959
177.671
176.775
175.785
176.614
176.917
175.796
173.445
173.891
173.335
171.507
177.612
177.019
176.413
171.918
172.454
174.499
173.642
173.459
170.693
175.863
176.236
173.305
173.848
173.308
174.341
174.554
177.6
175.198
178.11
176.797
177.417
175.188
176.762
172.326
175.22
175.544
174.802
175.838
177.739
177.987
175.136
172.675
172.173
175.019
173.761
177.34
174.659
178.547
173.255
169.995
175.075
178.059
171
172.657
178.711
175.143
176.149
171.605
176.083
176.823
175.465
178.291
170.782
174.141
175.193
175.527
179.215
177.501
173.014
175.479
175.398
176.56
175.553
175.654
176.847
172.852
173.344
174.722
176.588
175.095
177.364
173.832
176.176
174.969
178.484
174.311
174.833
174.782
177.663
176.25
177.094
174.639
175.089
174.982
174.588
175.312
176.909
172.915
175.419
175.741
175.518
173.728
173.111
175.139
176.922
176.458
173.352
170.932
174.246
174.516
176.803
174.264
173.864
173.663
176.175
171.347
174.444
175.516
174.421
175.723
174.538
174.153
174.627
177.815
175.05
175.276
177.089
172.302
176.134
174.015
172.251
174.28
175.684
175.295
177.533
176.338
174.474
174.559
174.754
176.197
176.133
176.286
177.535
172.915
175.792
177.285
175.232
174.776
176.923
174.502
176.854
172.643
175.275
175.386
179.216
174.369
174.304
175.694
173.488
175.249
174.802
177.036
175.636
172.484
175.025
174.175
175.225
172.937
177.226
173.827
174.875
172.34
175.574
173.674
173.352
179.414
174.433
176.251
176.032
178.927
173.388
174.974
176.147
176.199
176.497
175.54
175.932
175.972
175.39
178.91
174.679
177.658
174.522
173.235
171.759
175.393
175.408
172.493
174.881
179.173
178.85
177.126
176.422
174.847
172.58
174.784
175.32
176.361
174.465
175.149
177.272
176.01
175.5
173.963
174.493
174.091
173.05
179.018
176.853
177.225
176.883
176.481
174.075
175.301
178.25
173.424
173.263
175.401
171.342
171.508
175.107
175.422
172.57
176.165
174.962
173.441
174.163
173.744
173.351
174.627
174.139
176.768
178.182
173.968
177.469
176.682
171.23
175.675
175.97
173.42
176.226
178.276
175.011
172.284
173.559
175.277
172.408
171.017
176.382
173.092
177.01
177.604
173.946
175.567
176.434
174.942
172.974
174.519
174.935
177.871
172.205
176.985
173.535
171.577
176.093
174.364
174.92
174.088
175.266
176.442
176.874
174.343
175.088
172.11
178.862
174.54
172.903
175.738
172.79
171.877
175.446
176.877
175.941
171.682
178.219
177.087
174.405
174.953
174.093
176.334
174.4
175.76
172.876
175.662
176.059
175.856
180.042
173.103
177.06
173.648
175.99
174.874
175.681
173.895
173.741
174.555
172.922
175.057
175.627
173.966
177.111
178.88
174.319
175.406
173.552
175.596
176.06
174.076
175.04
173.964
175.906
174.018
177.161
172.513
174.029
172.954
176.818
176.999
176.306
176.717
177.205
177.363
173.677
173.677
177.643
177.48
172.295
174.77
176.192
174.637
174.082
174.712
174.566
175.789
173.154
174.532
175.884
175.083
177.07
176.501
177.636
178.042
171.85
174.985
172.213
176.696
175.743
173.237
174.137
177.178
174.502
176.223
173.54
176.251
174.424
175.722
177.546
177.994
175.238
177.82
173.636
171.917
176.445
174.582
179.964
175.785
174.496
177.897
176.23
173.379
176.945
175.331
175.377
174.58
175.19
175.047
176.166
175.714
175.759
177.444
174.348
175.534
175.963
173.596
179.075
174.424
173.232
174.171
176.599
172.606
175.341
176.71
175.793
175.191
174.392
175.792
172.258
174.847
176.794
175.832
177.076
172.291
172.059
175.115
170.686
174.647
178.422
173.559
175.353
175.284
174.296
178.018
176.407
177.132
175.978
171.469
174.633
172.213
175.292
173.543
173.508
175.329
175.124
174.774
173.898
177.597
178.932
176.061
175.078
174.725
174.368
175.415
176.674
172.491
174.529
174.552
173.709
173.443
175.552
174.944
174.097
173.585
170.51
176.426
175.848
173.299
176.287
177.572
175.85
178.057
177.991
172.856
175.054
175.32
174.296
174.93
173.04
171.483
176.526
174.466
177.51
176.162
176.895
175.919
176.863
175.959
174.872
177.047
177.301
174.65
172.996
176.361
176.298
172.071
174.913
176.232
174.345
173.469
176.474
174.51
176.787
173.106
172.139
177.658
172.377
173.274
176.175
174.375
177.158
175.957
174.053
175.648
174.069
175.899
175.71
172.66
174.124
171.882
171.842
175.578
174.793
172.769
176.314
175.424
175.995
176.233
176.152
175.439
175.813
173.683
177.293
175.788
175.35
175.561
174.451
176.103
172.607
175.393
174.346
177.408
175.398
173.142
173.445
172.772
169.904
176.324
174.225
176.406
178.133
171.709
179.346
177.547
174.432
177.563
174.766
174.879
174.143
176.962
176.698
176.187
175.776
173.326
176.888
176.24
176.906
175.957
172.924
178.803
177.465
175.43
171.822
171.072
177.074
177.107
174.78
178.89
176.875
177.681
175.761
172.237
171.737
172.833
172.862
175.328
176.179
176.964
176.719
176.165
178.373
170.76
177.396
172.986
174.512
173.539
175.186
176.128
173.179
176.444
176.006
175.305
175.126
176.162
173.334
176.514
175.67
176.913
175.851
176.173
176.773
174.112
177.847
176.667
175.709
174.316
174.561
174.872
177.625
176.051
171.903
176.662
178.687
172.231
176.817
173.552
173.778
175.322
175.511
174.914
173.354
174.286
173.899
173.041
175.393
176.718
174.066
176.121
174.677
173.146
177.382
177.75
176.012
175.442
175.032
175.981
171.882
175.416
172.122
174.02
174.813
173.588
174.915
174.642
179.903
173.463
175.53
174.083
175.603
171.038
174.063
174.886
174.553
175.409
177.849
174.098
173.061
178.265
176.223
173.549
170.611
173.483
175.165
175.398
174.451
176.779
174.166
175.634
176.572
176.502
175.489
175.582
178.618
175.301
173.778
173.309
174.678
174.893
173.781
174.3
175.605
174.828
174.192
176.903
172.428
175.568
176.322
174.53
175.243
176.306
177.186
178.157
176.005
177.681
174.463
177.973
175.92
176.812
178.043
173.138
173.569
178.303
174.755
180.911
175.363
179.816
173.9
176.761
174.749
175.808
175.415
174.774
173.836
171.379
176.927
176.009
175.831
175.576
172.101
172.239
174.505
173.058
177.144
174.93
176.894
175.741
175.962
177.197
171.654
174.231
176.781
176.342
175.309
177.35
175.01
170.312
178.343
174.035
174.782
175.196
177.011
173.711
175.115
175.24
170.592
171.782
179.396
174.455
171.766
174.528
174.414
171.98
174.295
174.184
173.549
176.084
174.365
175.937
174.198
174.715
177.814
173.75
173.683
168.58
174.208
175.361
173.765
173.445
173.547
175.182
174.001
175.928
173.219
175.606
171.826
177.713
175.152
173.498
171.605
171.645
174.439
178.664
174.323
172.771
178.687
174.496
176.498
176.885
174.144
176.284
171.108
174.353
175.914
177.353
177.113
174.555
175.431
174.83
175.534
178.091
171.42
173.561
177.245
171.441
175.19
176.043
174.147
175.122
178.7
173.605
175.254
173.993
176.725
174.518
176.02
171.684
173.794
171.556
175.896
173.099
177.179
174.951
173.017
173.168
175.918
174.913
174.834
176.066
173.969
172.165
173.255
173.444
175.843
173.615
175.245
176.831
174.203
175.408
173.648
175.958
174.043
172.818
174.495
172.985
175.71
174.775
175.834
174.761
172.262
172.304
175.822
175.821
173.819
176.626
176.542
174.548
172.658
177.958
173.557
172.067
174.286
174.447
173.42
176.42
173.735
175.693
172.692
175.112
174.523
176.78
174.293
174.539
177.006
176.415
172.86
176.149
172.31
172.753
177.363
174.772
175.591
176.125
175.546
175.606
176.621
176.354
175
174.181
173.621
177.529
175.349
175.366
177.802
177.457
175.243
177.579
175.321
170.543
174.411
173.79
177.94
174.826
175.878
177.803
176.119
175.6
177.558
176.465
175.368
175.367
174.205
174.701
175.981
175.739
175.785
172.994
173.323
176.759
173.977
177.772
176.38
174.162
176.572
176.146
175.696
172.562
175.874
174.05
173.652
174.978
175.33
177.96
178.826
173.861
175.861
171.299
175.719
177.267
178.797
176.156
173.602
176.39
174.874
174.415
173.898
173.643
174.75
172.183
173.272
174.129
175.265
173.306
177.036
174.309
178.333
175.942
176.3
177.836
174.628
173.846
178.499
172.781
176.389
172.975
175.727
174.853
175.792
174.762
174.711
175.504
177.115
177.189
176.192
176.168
174.909
173.49
173.731
176.527
175.255
172.286
173.829
171.573
177.701
174.553
171.89
174.789
173.071
175.483
175.538
173.992
173.127
177.391
178.023
176.639
173.561
175.592
172.644
173.338
173.568
174.749
175.648
175.664
172.912
172.846
175.253
178.162
175.326
173.824
176.612
174.013
175.437
177.979
174.499
173.374
172.134
174.334
175.277
176.11
175.193
171.867
179.338
177.334
174.183
173.52
177.026
174.032
173.115
178.362
176.714
175.711
173.939
174.85
174.542
173.211
174.089
171.758
174.351
175.695
177.929
175.387
175.116
174.163
171.196
174.971
172.58
175.826
175.291
177.698
176.084
175.274
176.607
174.895
176.268
175.941
174.358
174.337
173.227
172.108
175.524
176.413
172.572
175.569
173.041
173.451
175.753
177.365
175.713
177.725
177.419
172.083
174.219
174.055
174.785
175.832
175.496
176.245
175.06
174.161
169.611
174.219
175.371
177.731
174.38
175.609
173.348
178.405
173.285
175.329
174.324
175.085
178.567
175.598
175.821
176.082
174.974
176.668
171.87
174.927
175.464
174.114
174.939
176.098
176.226
172.971
176.852
176.012
175.168
174.735
175.909
172.691
174.776
174.394
173.227
175.732
175.967
173.444
176.932
175.958
174.594
174.844
170.85
176.549
175.914
174.808
174.731
173.574
174.277
173.95
176.12
176.595
173.796
177.103
175.056
175.331
175.784
177.277
175.059
174.836
170.294
170.913
174.286
174.888
176.267
174.809
174.999
176.893
177.374
177.373
175.251
173.666
176.805
175.171
175.994
174.662
176.306
174.739
176.346
172.646
176.772
176.548
174.807
176.781
173.863
176.213
174.498
172.764
174.635
173.872
173.901
176.361
177.831
173.663
175.188
178.147
171.442
173.124
172.58
174.261
174.269
174.693
177.618
174.408
177.68
173.206
178.304
174.825
175.487
173.049
174.776
173.593
173.807
175.34
176.035
169.937
177.038
173.411
176.692
172.777
174.396
173.447
175.024
172.564
174.188
173.152
172.841
174.323
170.852
173.566
175.383
176.775
175.748
174.773
174.615
175.958
177.312
178.187
171.385
174.945
174.58
177.577
175.62
174.6
173.877
176.474
172.649
176.487
170.091
175.488
175.81
176.987
176.459
176.145
173.039
173.971
173.979
175.326
172.789
176.709
171.06
178.196
172.6
171.841
175.354
175.761
172.09
175.426
172.409
175.668
174.037
172.297
176.325
180.553
175.745
173.335
174.977
172.401
174.947
174.057
173.704
171.881
175.954
177.383
177.275
176.697
175.062
172.979
176.232
171.019
172.838
174.993
173.578
173.519
174.156
176.577
174.246
174.1
178.498
178.011
175.512
175.282
173.913
174.651
173.323
174.028
176.1
174.911
173.987
173.401
175.115
177.923
172.848
179.096
177.23
178.007
177.027
170.787
175.735
171.925
177.253
176.493
176.268
174.336
176.197
172.887
174.532
176.496
177.733
174.706
175.875
172.806
174.547
174.751
175.969
175.575
179.043
176.245
174.371
175.845
174.171
176.081
174.201
173.208
174.638
177.91
174.843
175.734
170.935
175.456
176.786
174.061
174.813
176.892
173.391
175.213
173.453
173.209
174.94
172.182
178.713
175.984
177.845
176.187
178.072
175.486
176.141
176.505
171.47
175.196
175.512
175.831
173.127
174.045
176.581
174.466
171.893
176.676
172.956
175.925
178.428
172.555
173.642
174.98
176.148
170.703
175.871
174.069
177.453
172.452
176.235
175.45
174.026
171.922
176.467
175.165
174.897
177.252
175.225
173.476
175.551
174.832
175.613
176.842
178.377
176.131
170.666
173.94
171.697
174.747
177.423
175.072
177.697
173.002
176.781
174.596
176.078
174.849
173.136
176.475
175.451
175.139
174.368
174.892
173.905
173.917
175.145
176.111
175.897
172.085
173.596
174.636
174.303
176.085
177.442
175.534
172.941
177.178
174.393
174.234
175.988
170.228
176.257
172.476
174.702
176.479
175.896
176.299
175.127
176.918
175.139
175.179
173.559
177.425
171.974
174.74
175.947
174.655
178.719
173.113
174.628
172.677
177.335
173.551
175.635
177.775
176.135
175.588
175.927
174.469
174.735
175.197
174.903
172.583
175.35
175.071
174.798
171.735
173.627
174.106
178.341
176.307
175.768
178.357
175.378
172.735
175.484
171.649
174.616
172.307
176.885
176.325
174.648
174.032
171.402
174.458
174.971
175.344
175.479
176.834
175.238
175.723
171.931
172.417
176.844
176.061
175.008
172.731
176.317
174.86
178.296
173.45
171.604
174.577
172.276
173.102
174.752
174.549
175.379
175.136
175.829
174.57
171.521
173.929
174.194
175.453
172.686
176.296
176.661
176.872
177.491
174.266
175.2
175.741
173.427
176.461
174.739
